5.022756065141773668e-02 4.992581296224595649e-02 3.257996197915880021e-02 5.808417832677666148e-02 3.290425070628390236e-02 3.205505460594347544e-02 3.795069846286931725e-02 3.776654217014424608e-02
5.906885707386768519e-02 5.973764874476594766e-02 3.357358957181610232e-02 4.590431175176738765e-02 3.868081008098705337e-02 4.016953624940050593e-02 3.868756152612938537e-02 3.864433613326344330e-02
5.486437966350201506e-02 5.154040367065104711e-02 3.605263717593500117e-02 5.301463408279953604e-02 3.609670578080616254e-02 3.443106986059733809e-02 4.462177979142616102e-02 4.118564371965573179e-02
5.797501135177091092e-02 6.040590282885105466e-02 3.955719195922266507e-02 5.723590079400486808e-02 4.126230735874923672e-02 4.104357984180283248e-02 4.385711247585689920e-02 4.363374517064562419e-02
5.738344962682231237e-02 5.442468856470165234e-02 3.749150586443518451e-02 4.919701042093605620e-02 3.834004499370102098e-02 3.905118353885807247e-02 4.491177522209101325e-02 4.408223669789259475e-02
5.217721991947608245e-02 5.192229552643123913e-02 3.402615299369747548e-02 5.480887461612179296e-02 3.789860644947911500e-02 3.752064802867066673e-02 3.597716521715758897e-02 3.825871120824606703e-02
5.414344168478182201e-02 5.263022965963283506e-02 3.652522096642812910e-02 5.173007663684331403e-02 3.934316262819304022e-02 3.210661767956725365e-02 3.323468935904885790e-02 3.065108457575736051e-02
5.351079203338907769e-02 5.456503768699087070e-02 3.642825145419013866e-02 1.575110118299411638e-02 3.799141680249731173e-02 3.155931754840240328e-02 3.878580345948169639e-02 3.864387688825156320e-02
5.672917018589705707e-02 5.595239659857130510e-02 3.620773301866363897e-02 5.379731373437775244e-02 3.866226837518818571e-02 -1.000000000000000000e+00 3.899869430918345009e-02 -1.000000000000000000e+00
4.942344327308247770e-02 4.465888249410950722e-02 3.255378877367554047e-02 4.602117107023521309e-02 4.177472522794753451e-02 4.248706233954595984e-02 3.680083888256318464e-02 3.681834918065775286e-02
