3.624999999999999750e-02 4.100418410041840878e-02 2.891566265060240698e-02 3.703703703703703498e-02 2.943548387096773730e-02 3.024193548387096170e-02 3.694779116465864155e-02 3.654618473895582947e-02
4.728260869565217156e-02 4.098360655737705305e-02 2.771739130434782220e-02 2.954545454545454142e-02 2.680412371134020116e-02 3.092783505154639290e-02 3.563829787234042146e-02 3.404255319148936226e-02
4.388888888888888701e-02 3.854748603351955405e-02 2.809523809523809673e-02 3.137254901960784270e-02 3.582887700534759245e-02 3.315508021390374538e-02 3.791208791208790924e-02 3.076923076923077094e-02
4.333333333333333481e-02 4.295302013422817866e-02 2.690058479532163663e-02 3.818181818181818482e-02 3.588235294117646940e-02 3.647058823529411575e-02 3.372781065088757690e-02 3.705882352941176211e-02
3.729729729729729798e-02 4.086021505376344343e-02 3.116279069767441401e-02 2.692307692307692110e-02 3.248730964467004545e-02 3.553299492385786351e-02 3.894736842105263330e-02 3.421052631578947595e-02
3.816425120772946877e-02 3.495145631067960584e-02 2.444444444444444572e-02 3.196347031963470142e-02 3.684210526315789130e-02 3.014354066985646188e-02 3.201970443349753948e-02 3.152709359605911088e-02
4.488636363636363397e-02 4.034090909090909394e-02 2.900000000000000494e-02 2.835051546391751873e-02 3.255813953488372048e-02 3.473053892215568345e-02 2.910052910052909891e-02 3.670212765957446555e-02
4.530386740331492079e-02 4.530386740331492079e-02 2.600000000000000228e-02 2.716763005780346504e-02 3.333333333333333287e-02 3.020833333333333010e-02 3.686868686868687017e-02 3.888888888888889644e-02
3.837209302325581689e-02 4.244186046511628368e-02 2.461538461538461536e-02 2.910052910052909891e-02 3.385416666666667129e-02 -1.000000000000000000e+00 3.487179487179487003e-02 -1.000000000000000000e+00
3.535911602209944327e-02 2.677595628415300674e-02 3.114754098360655865e-02 2.954545454545454142e-02 3.651685393258426865e-02 3.314606741573033338e-02 2.931937172774869496e-02 2.984293193717277998e-02
