3.437500000000000000e-01 3.255230125523012608e-01 2.634538152610441664e-01 2.683127572016461015e-01 2.931451612903225867e-01 3.028225806451613211e-01 3.184738955823293027e-01 2.947791164658634666e-01
3.407608695652174502e-01 3.448087431693989124e-01 2.695652173913043459e-01 2.829545454545454586e-01 2.783505154639175361e-01 2.762886597938144506e-01 2.904255319148935643e-01 2.968085106382978844e-01
3.533333333333333326e-01 3.329608938547485852e-01 2.633333333333333082e-01 2.720588235294117974e-01 3.064171122994652774e-01 2.802139037433154511e-01 3.049450549450549164e-01 3.049450549450549164e-01
3.273333333333333095e-01 3.677852348993287945e-01 2.526315789473684292e-01 2.612121212121211733e-01 2.988235294117647101e-01 2.988235294117647101e-01 2.952662721893490883e-01 3.341176470588235192e-01
3.324324324324324231e-01 3.467741935483871774e-01 2.530232558139534627e-01 2.552884615384615197e-01 2.959390862944162315e-01 2.994923857868020400e-01 3.142105263157894401e-01 2.973684210526316152e-01
3.516908212560386771e-01 3.412621359223301232e-01 2.746666666666666701e-01 2.593607305936072582e-01 2.995215311004784664e-01 2.990430622009569439e-01 2.847290640394088412e-01 3.009852216748768461e-01
3.437500000000000000e-01 3.159090909090909727e-01 2.574999999999999512e-01 2.530927835051546282e-01 2.982558139534883801e-01 3.011976047904192377e-01 3.201058201058201158e-01 3.106382978723404298e-01
3.408839779005524706e-01 3.436464088397789829e-01 2.565000000000000613e-01 2.572254335260115710e-01 3.082051282051282426e-01 2.781250000000000666e-01 3.212121212121211711e-01 3.217171717171717349e-01
3.453488372093023728e-01 3.366279069767442733e-01 2.482051282051282171e-01 2.492063492063492092e-01 2.859374999999999556e-01 -1.000000000000000000e+00 3.205128205128204844e-01 -1.000000000000000000e+00
2.900552486187845114e-01 2.885245901639344468e-01 2.786885245901639108e-01 2.886363636363636354e-01 2.707865168539326239e-01 2.803370786516853341e-01 2.801047120418848069e-01 2.712041884816754345e-01
