5.866666666666666696e-01 5.682008368200837101e-01 4.554216867469880192e-01 4.629629629629629650e-01 4.919354838709676936e-01 4.991935483870967860e-01 5.373493975903613773e-01 5.144578313253012070e-01
5.771739130434782039e-01 5.825136612021858395e-01 4.836956521739130821e-01 4.954545454545454253e-01 4.876288659793814873e-01 4.845360824742267480e-01 4.978723404255319673e-01 5.180851063829787773e-01
5.855555555555554959e-01 5.659217877094973037e-01 4.519047619047619202e-01 4.735294117647059764e-01 5.080213903743314718e-01 4.893048128342246672e-01 5.274725274725274859e-01 5.269230769230769384e-01
5.533333333333334547e-01 5.919463087248322264e-01 4.473684210526315264e-01 4.460606060606061019e-01 4.882352941176471006e-01 5.158823529411764586e-01 5.165680473372780135e-01 5.352941176470588092e-01
5.621621621621620823e-01 5.736559139784945804e-01 4.474418604651163589e-01 4.629807692307692513e-01 5.162436548223350297e-01 5.060913705583757194e-01 5.215789473684211419e-01 5.142105263157894512e-01
5.806763285024154619e-01 5.674757281553397537e-01 4.724444444444443891e-01 4.648401826484017674e-01 5.052631578947368585e-01 5.162679425837320979e-01 5.054187192118226868e-01 5.206896551724138344e-01
5.755681818181817011e-01 5.647727272727272041e-01 4.455000000000000071e-01 4.417525773195876693e-01 5.069767441860465462e-01 5.197604790419161347e-01 5.386243386243385611e-01 5.250000000000000222e-01
5.850828729281768448e-01 5.602209944751381787e-01 4.554999999999999605e-01 4.485549132947976858e-01 5.056410256410256432e-01 5.145833333333332815e-01 5.287878787878786957e-01 5.398989898989898784e-01
5.732558139534883468e-01 5.441860465116279411e-01 4.538461538461538991e-01 4.481481481481480733e-01 4.895833333333333148e-01 -1.000000000000000000e+00 5.451282051282050345e-01 -1.000000000000000000e+00
4.983425414364640593e-01 4.890710382513662191e-01 4.896174863387978138e-01 5.039772727272726627e-01 4.634831460674157522e-01 4.910112359550562466e-01 4.602094240837696359e-01 4.717277486910995132e-01
