1.912499999999999756e-01 1.878661087866108637e-01 1.369477911646586055e-01 1.481481481481481677e-01 1.641129032258064613e-01 1.633064516129032195e-01 1.751004016064256763e-01 1.638554216867469937e-01
1.831521739130435034e-01 1.939890710382513594e-01 1.423913043478260976e-01 1.454545454545454475e-01 1.396907216494845394e-01 1.443298969072164817e-01 1.505319148936170026e-01 1.537234042553191349e-01
1.916666666666666796e-01 1.776536312849162080e-01 1.319047619047619135e-01 1.401960784313725505e-01 1.791443850267379623e-01 1.508021390374331416e-01 1.626373626373626702e-01 1.593406593406593297e-01
1.839999999999999969e-01 1.946308724832214732e-01 1.263157894736842146e-01 1.478787878787878596e-01 1.641176470588235348e-01 1.676470588235294268e-01 1.591715976331361249e-01 1.829411764705882182e-01
1.897297297297297347e-01 1.887096774193548487e-01 1.395348837209302029e-01 1.437499999999999889e-01 1.573604060913705860e-01 1.634517766497461944e-01 1.684210526315789713e-01 1.594736842105262953e-01
1.830917874396135736e-01 1.927184466019417342e-01 1.515555555555555545e-01 1.388127853881278573e-01 1.626794258373205626e-01 1.535885167464114687e-01 1.517241379310344807e-01 1.669950738916256006e-01
1.897727272727272596e-01 1.778409090909090773e-01 1.359999999999999820e-01 1.309278350515464262e-01 1.575581395348837344e-01 1.664670658682634863e-01 1.661375661375660839e-01 1.675531914893617080e-01
1.972375690607734711e-01 1.895027624309392200e-01 1.315000000000000335e-01 1.323699421965318090e-01 1.589743589743589647e-01 1.468750000000000056e-01 1.707070707070707238e-01 1.722222222222222210e-01
1.854651162790698082e-01 1.808139534883720922e-01 1.394871794871795356e-01 1.280423280423280408e-01 1.536458333333333148e-01 -1.000000000000000000e+00 1.738461538461538447e-01 -1.000000000000000000e+00
1.447513812154695989e-01 1.551912568306010876e-01 1.431693989071038120e-01 1.545454545454545692e-01 1.471910112359550715e-01 1.449438202247191054e-01 1.607329842931937147e-01 1.429319371727748866e-01
