161018/0009/0687.jpg 64.19300000 0.33800000 1.41800000
140409/0031/0240.jpg 64.52300000 2.81300000 1.35100000
160305/0011/0927.jpg 64.81900000 5.40300000 1.50300000
161223/0011/0378.jpg 64.97200000 7.68400000 1.66000000
170303/0012/0763.jpg 65.05500000 9.84700000 1.84100000
171004/0008/0965.jpg 65.09700000 11.90000000 1.32500000
170904/0010/0064.jpg 65.88900000 13.80900000 1.16200000
150910/0013/0113.jpg 67.10800000 15.82200000 1.25300000
160719/0013/0387.jpg 67.54200000 17.61000000 1.30500000
141222/0031/0871.jpg 67.95200000 19.06800000 1.36000000
160816/0011/0234.jpg 67.91900000 20.51300000 1.79100000
141029/0016/0131.jpg 69.61100000 28.62100000 1.13700000
161018/0010/0386.jpg 69.62000000 30.44700000 1.61500000
141029/0016/0733.jpg 71.41400000 47.25300000 1.57200000
170424/0011/0442.jpg 71.67900000 49.73400000 1.24300000
170223/0011/0697.jpg 73.02200000 52.01700000 0.83800000
170217/0016/0341.jpg 75.37900000 54.19000000 0.98800000
151118/0011/0463.jpg 76.77200000 56.39700000 1.61100000
150111/0021/0579.jpg 76.67700000 58.37900000 1.83700000
161018/0011/0061.jpg 76.61500000 60.32600000 1.68100000
160801/0011/0985.jpg 77.40000000 62.58000000 0.88300000
160829/0011/0799.jpg 78.56200000 64.53800000 0.93100000
140416/0015/0251.jpg 79.19300000 66.56100000 1.77700000
160927/0012/0302.jpg 78.82300000 72.09200000 1.13800000
161010/0014/0490.jpg 79.96100000 73.91200000 1.01700000
141222/0033/0450.jpg 81.10300000 76.19000000 1.03400000
150827/0016/0370.jpg 82.27000000 77.80600000 1.21600000
160927/0012/0485.jpg 82.80100000 79.44500000 1.45700000
170626/0012/0816.jpg 83.08200000 81.54300000 1.56200000
160816/0013/0083.jpg 83.31300000 83.96700000 1.40900000
150625/0017/0073.jpg 83.41200000 86.30300000 1.60400000
160211/0018/0773.jpg 83.45100000 88.96300000 1.65800000
160601/0012/0597.jpg 83.76700000 91.51000000 1.51500000
161114/0028/0498.jpg 83.81400000 93.70600000 1.17400000
151118/0012/0278.jpg 84.88900000 95.53800000 1.09100000
160927/0012/0864.jpg 86.21800000 97.76300000 1.05100000
140416/0016/0086.jpg 87.77700000 99.48300000 1.14900000
140424/0021/0754.jpg 88.98700000 101.37400000 1.05600000
141029/0018/0469.jpg 89.95600000 103.57200000 1.26500000
160912/0013/0178.jpg 90.47600000 105.51300000 1.51800000
170626/0013/0398.jpg 90.41500000 107.66000000 1.81600000
141121/0019/0203.jpg 89.66700000 109.69400000 2.00300000
140812/0019/0580.jpg 89.22100000 111.51200000 1.74900000
160418/0014/0595.jpg 89.07000000 113.29600000 1.53200000
161010/0015/0460.jpg 89.18600000 114.93900000 1.21800000
150910/0016/0783.jpg 90.23300000 116.75300000 1.27800000
150522/0021/0359.jpg 91.28700000 118.69000000 1.13300000
140904/0020/0674.jpg 92.25800000 120.20000000 1.27300000
170223/0013/0256.jpg 92.78800000 122.02300000 0.96300000
140117/0028/0428.jpg 94.09700000 123.27700000 0.77000000
141128/0020/0067.jpg 95.77200000 124.92300000 0.79900000
170424/0013/0282.jpg 97.75800000 126.18000000 0.80900000
150522/0021/0635.jpg 98.85500000 127.57500000 1.31300000
150320/0018/0229.jpg 98.70400000 129.41500000 1.85300000
140528/0021/0054.jpg 98.30200000 131.43100000 1.86900000
161216/0017/0132.jpg 97.93500000 132.88200000 1.68300000
170419/0016/0165.jpg 97.61100000 134.36200000 1.60200000
161010/0016/0073.jpg 97.87400000 136.19400000 1.39800000
160606/0014/0960.jpg 98.18500000 138.28200000 1.34800000
170223/0014/0143.jpg 95.96500000 151.91900000 2.33600000
151111/0014/0426.jpg 95.19900000 153.10500000 2.17000000
160725/0019/0279.jpg 94.33300000 154.61400000 2.23100000
161223/0015/0948.jpg 93.39800000 156.22000000 2.12800000
160620/0014/0947.jpg 92.58500000 158.04400000 2.11000000
171004/0012/0265.jpg 91.40900000 159.83700000 2.21000000
160418/0016/0159.jpg 91.10200000 161.85600000 1.87500000
160321/0020/0377.jpg 90.79700000 163.84700000 1.69700000
170419/0017/0292.jpg 89.97500000 169.24900000 1.58800000
160816/0015/0499.jpg 89.70400000 171.34700000 1.55500000
170626/0015/0483.jpg 89.42200000 175.93100000 2.01200000
160801/0014/0869.jpg 88.96200000 177.70400000 2.13700000
160816/0015/0677.jpg 88.04700000 179.30100000 2.23900000
170725/0022/0442.jpg 86.20600000 182.60900000 2.07800000
170904/0014/0214.jpg 85.51400000 184.58300000 2.15400000
140122/0018/0137.jpg 84.02400000 186.34000000 2.21800000
160715/0016/0354.jpg 82.88100000 188.00900000 2.02100000
170424/0014/0991.jpg 82.22400000 189.55000000 1.92200000
160725/0020/0335.jpg 81.73300000 191.39000000 1.92800000
160923/0015/0597.jpg 81.37500000 193.00400000 1.93800000
150929/0030/0407.jpg 80.91200000 194.11200000 2.14000000
160715/0016/0590.jpg 79.90600000 194.86200000 2.59100000
150827/0020/0168.jpg 78.71000000 196.17500000 2.49900000
160715/0016/0744.jpg 77.69000000 197.39300000 2.01500000
160725/0020/0638.jpg 76.85900000 198.99400000 1.97700000
171004/0013/0226.jpg 76.21000000 201.21400000 1.99200000
150730/0021/0535.jpg 75.50700000 203.09300000 1.98100000
170424/0015/0498.jpg 74.70200000 204.93800000 2.13800000
170626/0016/0330.jpg 73.76700000 206.39500000 2.33000000
160912/0015/0938.jpg 72.90200000 207.93000000 1.95400000
160829/0015/0642.jpg 72.99300000 209.87600000 1.67800000
140106/0022/0925.jpg 73.38200000 212.22500000 1.52600000
150708/0019/0531.jpg 73.72000000 214.16200000 1.50700000
160616/0016/0690.jpg 74.04300000 216.07400000 1.62800000
160725/0021/0173.jpg 74.27700000 218.05600000 1.70800000
170626/0016/0693.jpg 74.42100000 219.73000000 1.94000000
170217/0023/0250.jpg 73.80600000 220.88700000 2.42100000
160418/0017/0719.jpg 72.44000000 222.89000000 2.37900000
141107/0025/0133.jpg 71.26700000 224.02800000 2.31500000
140502/0023/0472.jpg 69.89700000 225.49100000 1.83200000
161003/0015/0806.jpg 70.34000000 227.27200000 1.67000000
140613/0021/0884.jpg 70.50400000 228.89400000 1.64900000
140416/0019/0482.jpg 70.55500000 230.40900000 1.63500000
160927/0016/0304.jpg 70.17400000 232.58500000 1.52900000
141010/0030/0592.jpg 70.21500000 234.90000000 1.64100000
170424/0016/0378.jpg 70.44400000 237.20000000 1.67200000
150522/0024/0972.jpg 70.42100000 238.83300000 1.82500000
161123/0018/0031.jpg 69.87800000 240.20600000 2.17400000
170320/0016/0261.jpg 68.64900000 241.24300000 2.07900000
151027/0017/0580.jpg 68.03600000 242.57000000 1.76400000
150226/0024/0224.jpg 68.08800000 244.19100000 1.51400000
161123/0018/0223.jpg 67.65800000 246.30000000 1.47000000
161010/0019/0116.jpg 67.76000000 248.55700000 1.85000000
140117/0031/0508.jpg 67.15900000 250.13800000 2.12700000
170307/0018/0984.jpg 66.61400000 250.75700000 2.39100000
160725/0022/0371.jpg 65.39500000 251.91900000 2.39900000
140812/0024/0720.jpg 65.02400000 251.62500000 2.25100000
140625/0030/0036.jpg 64.67100000 252.36400000 1.82000000
170411/0022/0192.jpg 64.12200000 253.93600000 1.82600000
170320/0016/0650.jpg 63.92600000 256.20000000 1.61800000
170411/0022/0356.jpg 64.48400000 260.78800000 1.48300000
170411/0022/0413.jpg 65.05000000 263.06700000 1.09900000
160715/0018/0738.jpg 67.53800000 264.54200000 0.54300000
150522/0025/0752.jpg 69.71500000 266.42300000 0.55600000
160912/0017/0545.jpg 71.35400000 267.43600000 1.13900000
141010/0031/0706.jpg 71.67500000 268.62800000 2.10700000
160906/0017/0812.jpg 71.16300000 270.06800000 1.99300000
161216/0021/0639.jpg 70.88000000 271.42400000 1.63800000
150910/0021/0532.jpg 70.88600000 273.04000000 1.49600000
161216/0021/0766.jpg 71.18200000 275.27600000 1.37100000
151027/0018/0595.jpg 71.57900000 277.78300000 1.52400000
160816/0018/0556.jpg 71.55800000 279.78600000 1.82100000
160906/0018/0133.jpg 70.88200000 281.25600000 2.09800000
161003/0017/0426.jpg 70.45900000 282.82400000 1.97600000
150820/0020/0096.jpg 69.89900000 284.34800000 1.69400000
170904/0016/0881.jpg 69.50500000 286.60800000 1.86600000
161114/0034/0168.jpg 69.11500000 289.10400000 1.76800000
150827/0023/0206.jpg 69.28900000 291.94100000 1.56100000
150730/0023/0924.jpg 69.35900000 294.91600000 1.65900000
160927/0018/0174.jpg 67.85500000 301.50900000 2.64400000
151111/0018/0391.jpg 66.89500000 302.65600000 3.04000000
150910/0022/0408.jpg 65.75700000 302.93900000 2.80400000
160801/0018/0226.jpg 64.16800000 303.03800000 2.55700000
161123/0020/0633.jpg 47.17200000 308.26500000 -2.10300000
140828/0029/0186.jpg 46.14300000 307.01800000 -1.98200000
170411/0024/0309.jpg 45.90200000 305.28200000 -1.86200000
150910/0023/0226.jpg 45.66500000 303.89000000 -2.21800000
150827/0024/0522.jpg 44.57800000 302.56200000 -2.34700000
140409/0041/0387.jpg 42.98200000 301.24100000 -2.68600000
160801/0019/0081.jpg 41.07700000 300.06800000 -2.54100000
160201/0023/0890.jpg 39.53000000 298.89600000 -2.51300000
161223/0021/0451.jpg 37.30600000 297.90700000 -2.57400000
140106/0026/0731.jpg 35.25800000 296.72100000 -2.76800000
160912/0019/0479.jpg 32.67700000 296.04200000 -2.95900000
161003/0019/0031.jpg 29.87500000 295.29800000 -2.93000000
160719/0022/0723.jpg 27.01000000 295.03700000 3.00800000
161018/0018/0075.jpg 24.34100000 295.46900000 -3.07800000
170403/0020/0026.jpg 22.27300000 294.99200000 -2.63000000
160725/0025/0193.jpg 21.18800000 293.47400000 -1.94700000
140718/0025/0237.jpg 20.52800000 291.24100000 -1.71800000
170424/0019/0678.jpg 19.86000000 288.83600000 -1.63500000
160927/0019/0790.jpg 19.69300000 286.82000000 -2.16400000
161127/0021/0116.jpg 18.37400000 285.26700000 -2.48400000
161216/0024/0349.jpg 16.17100000 284.33800000 -2.72100000
150708/0024/0575.jpg 13.97600000 283.38300000 -2.73600000
150320/0026/0827.jpg 11.87700000 282.83200000 -2.90100000
160321/0026/0435.jpg 9.29500000 282.48700000 -2.92100000
150806/0022/0540.jpg 1.14700000 276.61300000 -3.11100000
