slice25/query/img_10654_c0_1283348700654883us.jpg 0.211387 0.220081 0.685651 -0.660880 -66.379317 -1071.549241 27.435536
slice25/query/img_10655_c0_1283348700788136us.jpg 0.206120 0.219516 0.689796 -0.658414 -67.999414 -1071.828141 27.405572
slice25/query/img_10656_c0_1283348700854869us.jpg 0.204206 0.218002 0.691564 -0.657658 -68.787010 -1071.973621 27.374167
slice25/query/img_10657_c0_1283348700921460us.jpg 0.203512 0.215332 0.692040 -0.658252 -69.567051 -1072.120727 27.336458
slice25/query/img_10658_c0_1283348700988075us.jpg 0.203693 0.212607 0.691887 -0.659241 -70.368298 -1072.268543 27.292379
slice25/query/img_10659_c0_1283348701121427us.jpg 0.202371 0.208241 0.691379 -0.661571 -71.977833 -1072.577024 27.217158
slice25/query/img_10660_c0_1283348701188038us.jpg 0.200600 0.207047 0.691726 -0.662123 -72.781580 -1072.736112 27.189123
slice25/query/img_10661_c0_1283348701254778us.jpg 0.198509 0.206157 0.692359 -0.662369 -73.583127 -1072.898755 27.164277
slice25/query/img_10662_c0_1283348701388005us.jpg 0.194197 0.204672 0.693950 -0.662443 -75.186563 -1073.234207 27.106286
slice25/query/img_10663_c0_1283348701454743us.jpg 0.192422 0.203433 0.694935 -0.662310 -75.983649 -1073.407837 27.075587
slice25/query/img_10664_c0_1283348701521355us.jpg 0.191284 0.201763 0.695762 -0.662282 -76.777960 -1073.584329 27.039835
slice25/query/img_10665_c0_1283348701654710us.jpg 0.189306 0.198146 0.696960 -0.662683 -78.353131 -1073.943328 26.958706
slice25/query/img_10666_c0_1283348701721320us.jpg 0.188074 0.196545 0.697336 -0.663115 -79.132817 -1074.126441 26.917808
slice25/query/img_10667_c0_1283348701787934us.jpg 0.186317 0.195075 0.697794 -0.663562 -79.917848 -1074.313316 26.881100
slice25/query/img_10668_c0_1283348701921307us.jpg 0.181850 0.193234 0.698590 -0.664502 -81.519772 -1074.704033 26.820948
slice25/query/img_10669_c0_1283348701987899us.jpg 0.178852 0.192981 0.699354 -0.664586 -82.322313 -1074.909045 26.796600
slice25/query/img_10670_c0_1283348702054635us.jpg 0.175577 0.192880 0.700554 -0.664224 -83.124795 -1075.116672 26.770727
slice25/query/img_10671_c0_1283348702187863us.jpg 0.170967 0.189292 0.702682 -0.664212 -84.731315 -1075.539740 26.702730
slice25/query/img_10672_c0_1283348702321302us.jpg 0.170269 0.181978 0.702474 -0.666651 -86.336089 -1075.982315 26.604324
slice25/query/img_10673_c0_1283348702387849us.jpg 0.170123 0.178024 0.702127 -0.668120 -87.139132 -1076.212192 26.556663
slice25/query/img_10674_c0_1283348702454565us.jpg 0.169466 0.175162 0.701855 -0.669327 -87.938673 -1076.445137 26.518612
slice25/query/img_10675_c0_1283348702587797us.jpg 0.166226 0.170494 0.702012 -0.671178 -89.543220 -1076.927450 26.460850
slice25/query/img_10676_c0_1283348702654531us.jpg 0.163264 0.169502 0.702347 -0.671806 -90.346824 -1077.172997 26.440380
slice25/query/img_10677_c0_1283348702721142us.jpg 0.159325 0.169648 0.702799 -0.672241 -91.149107 -1077.421320 26.424190
slice25/query/img_10678_c0_1283348702854499us.jpg 0.151333 0.168624 0.704175 -0.672906 -92.748659 -1077.931530 26.385843
slice25/query/img_10679_c0_1283348702921114us.jpg 0.148797 0.166477 0.704966 -0.673177 -93.542268 -1078.194232 26.351010
slice25/query/img_10680_c0_1283348702987720us.jpg 0.147541 0.163267 0.705754 -0.673414 -94.330086 -1078.463091 26.311785
slice25/query/img_10681_c0_1283348703121075us.jpg 0.148618 0.154552 0.707162 -0.673757 -95.893168 -1079.029370 26.221786
slice25/query/img_10682_c0_1283348703187688us.jpg 0.151205 0.148333 0.707571 -0.674149 -96.661582 -1079.321799 26.176259
slice25/query/img_10683_c0_1283348703254427us.jpg 0.153072 0.142636 0.708091 -0.674412 -97.423505 -1079.616081 26.140581
slice25/query/img_10684_c0_1283348703387679us.jpg 0.150850 0.139102 0.708273 -0.675459 -98.959565 -1080.209477 26.111605
slice25/query/img_10685_c0_1283348703454391us.jpg 0.146653 0.140108 0.708398 -0.676044 -99.732233 -1080.504237 26.115213
slice25/query/img_10686_c0_1283348703521005us.jpg 0.141541 0.141605 0.708430 -0.676787 -100.506267 -1080.797025 26.119291
slice25/query/img_10687_c0_1283348703587619us.jpg 0.136490 0.142548 0.708117 -0.677953 -101.270430 -1081.087641 26.119818
slice25/query/img_10688_c0_1283348703720971us.jpg 0.130407 0.141901 0.706076 -0.681407 -102.787743 -1081.681061 26.081163
slice25/query/img_10689_c0_1283348703787583us.jpg 0.129021 0.139527 0.705696 -0.682553 -103.539739 -1081.994105 26.053618
slice25/query/img_10690_c0_1283348703854323us.jpg 0.128581 0.136537 0.705996 -0.682931 -104.287898 -1082.313999 26.020894
slice25/query/img_10691_c0_1283348703920936us.jpg 0.128882 0.132995 0.706918 -0.682619 -105.034099 -1082.642370 25.985673
slice25/query/img_10692_c0_1283348704054285us.jpg 0.128518 0.126832 0.709206 -0.681486 -106.538003 -1083.314743 25.917385
slice25/query/img_10693_c0_1283348704120900us.jpg 0.127420 0.124595 0.710536 -0.680720 -107.290778 -1083.656922 25.892060
slice25/query/img_10694_c0_1283348704187513us.jpg 0.125476 0.123178 0.711447 -0.680387 -108.043518 -1084.003200 25.870349
slice25/query/img_10695_c0_1283348704320865us.jpg 0.120068 0.121568 0.711822 -0.681260 -109.547216 -1084.689935 25.835215
slice25/query/img_10696_c0_1283348704387477us.jpg 0.117249 0.120684 0.711429 -0.682317 -110.300934 -1085.041998 25.815634
slice25/query/img_10697_c0_1283348704454217us.jpg 0.114414 0.119820 0.711115 -0.683277 -111.053407 -1085.394904 25.794849
slice25/query/img_10698_c0_1283348704520828us.jpg 0.111748 0.118663 0.711101 -0.683935 -111.802310 -1085.752073 25.770616
slice25/query/img_10699_c0_1283348704654184us.jpg 0.107793 0.114850 0.711267 -0.685047 -113.291177 -1086.488650 25.714246
slice25/query/img_10700_c0_1283348704720793us.jpg 0.106565 0.112166 0.711417 -0.685528 -114.031113 -1086.865119 25.683334
slice25/query/img_10701_c0_1283348704787408us.jpg 0.105125 0.109650 0.711433 -0.686140 -114.769336 -1087.243089 25.652313
slice25/query/img_10702_c0_1283348704854146us.jpg 0.103722 0.107205 0.711271 -0.686908 -115.503068 -1087.624572 25.623436
slice25/query/img_10703_c0_1283348704987376us.jpg 0.101230 0.101923 0.710712 -0.688660 -116.960704 -1088.403962 25.569746
slice25/query/img_10704_c0_1283348705054110us.jpg 0.098721 0.100351 0.710577 -0.689394 -117.692619 -1088.802536 25.548739
slice25/query/img_10705_c0_1283348705120724us.jpg 0.095572 0.099450 0.710494 -0.690053 -118.424476 -1089.205939 25.529840
slice25/query/img_10706_c0_1283348705254077us.jpg 0.089781 0.096423 0.710776 -0.690970 -119.883102 -1090.028652 25.482708
slice25/query/img_10707_c0_1283348705320710us.jpg 0.087413 0.094072 0.711227 -0.691134 -120.607364 -1090.451134 25.454149
slice25/query/img_10708_c0_1283348705387303us.jpg 0.085577 0.091236 0.711731 -0.691225 -121.322837 -1090.876077 25.426335
slice25/query/img_10709_c0_1283348705454041us.jpg 0.084057 0.088400 0.712132 -0.691367 -122.036024 -1091.305660 25.396922
slice25/query/img_10710_c0_1283348705587268us.jpg 0.081462 0.083078 0.712871 -0.691576 -123.460198 -1092.188148 25.337842
slice25/query/img_10711_c0_1283348705654005us.jpg 0.080268 0.079836 0.713445 -0.691506 -124.167410 -1092.635393 25.309096
slice25/query/img_10712_c0_1283348705720618us.jpg 0.078857 0.076682 0.713922 -0.691532 -124.872009 -1093.084252 25.282003
slice25/query/img_10713_c0_1283348705853972us.jpg 0.074429 0.072511 0.714200 -0.692185 -126.280784 -1093.995246 25.235877
slice25/query/img_10714_c0_1283348705920584us.jpg 0.071939 0.071188 0.714071 -0.692719 -126.985880 -1094.459281 25.216474
slice25/query/img_10715_c0_1283348705987197us.jpg 0.068656 0.070245 0.714415 -0.692793 -127.683371 -1094.924263 25.196947
slice25/query/img_10716_c0_1283348706120571us.jpg 0.062462 0.068458 0.715993 -0.691929 -129.089353 -1095.884491 25.152753
slice25/query/img_10717_c0_1283348706187182us.jpg 0.060218 0.066939 0.716445 -0.691809 -129.783359 -1096.367938 25.122798
slice25/query/img_10718_c0_1283348706253900us.jpg 0.058198 0.065314 0.716486 -0.692095 -130.474612 -1096.857178 25.091885
slice25/query/img_10719_c0_1283348706320512us.jpg 0.056791 0.063614 0.716121 -0.692747 -131.162032 -1097.349928 25.060535
slice25/query/img_10720_c0_1283348706453888us.jpg 0.055098 0.059502 0.714976 -0.694430 -132.520527 -1098.341752 24.993507
slice25/query/img_10721_c0_1283348706520478us.jpg 0.054065 0.057730 0.714754 -0.694889 -133.200256 -1098.840976 24.963040
slice25/query/img_10722_c0_1283348706587091us.jpg 0.052885 0.056036 0.714850 -0.695020 -133.881302 -1099.342965 24.934279
slice25/query/img_10723_c0_1283348706720462us.jpg 0.050373 0.053593 0.714964 -0.695282 -135.232767 -1100.341611 24.881097
slice25/query/img_10724_c0_1283348706787056us.jpg 0.049241 0.052895 0.715119 -0.695257 -135.906609 -1100.846734 24.858444
slice25/query/img_10725_c0_1283348706853794us.jpg 0.047940 0.052202 0.715761 -0.694740 -136.580284 -1101.354633 24.836420
slice25/query/img_10726_c0_1283348706920409us.jpg 0.046832 0.051566 0.716666 -0.693929 -137.251420 -1101.863417 24.814420
slice25/query/img_10727_c0_1283348707053782us.jpg 0.045718 0.050091 0.718061 -0.692668 -138.597683 -1102.895146 24.762350
slice25/query/img_10728_c0_1283348707120374us.jpg 0.045441 0.049361 0.718335 -0.692455 -139.269942 -1103.414635 24.734214
slice25/query/img_10729_c0_1283348707186987us.jpg 0.045548 0.048566 0.718008 -0.692843 -139.939196 -1103.931875 24.703726
slice25/query/img_10730_c0_1283348707320359us.jpg 0.045481 0.046611 0.717339 -0.693674 -141.281509 -1104.970088 24.644857
slice25/query/img_10731_c0_1283348707386951us.jpg 0.044633 0.046310 0.717471 -0.693613 -141.955565 -1105.492229 24.621627
slice25/query/img_10732_c0_1283348707453690us.jpg 0.043577 0.046547 0.717774 -0.693351 -142.630106 -1106.014633 24.601070
slice25/query/img_10733_c0_1283348707586919us.jpg 0.042067 0.047231 0.718612 -0.692529 -143.973396 -1107.063126 24.555614
slice25/query/img_10734_c0_1283348707653655us.jpg 0.042029 0.046984 0.718740 -0.692415 -144.648951 -1107.593450 24.526810
slice25/query/img_10735_c0_1283348707720267us.jpg 0.042524 0.046678 0.718499 -0.692656 -145.316184 -1108.121821 24.495561
slice25/query/img_10736_c0_1283348707853621us.jpg 0.043349 0.046072 0.717553 -0.693625 -146.655161 -1109.175997 24.435704
slice25/query/img_10737_c0_1283348707920232us.jpg 0.043288 0.046150 0.717317 -0.693867 -147.328052 -1109.703463 24.410452
slice25/query/img_10738_c0_1283348707986845us.jpg 0.042836 0.047043 0.716935 -0.694231 -148.002623 -1110.231982 24.388247
slice25/query/img_10739_c0_1283348708120201us.jpg 0.042227 0.048596 0.715918 -0.695209 -149.350940 -1111.284248 24.342736
slice25/query/img_10740_c0_1283348708186809us.jpg 0.042030 0.049566 0.715817 -0.695257 -150.030968 -1111.813202 24.319627
slice25/query/img_10741_c0_1283348708253549us.jpg 0.042419 0.050171 0.715833 -0.695174 -150.704866 -1112.341373 24.295804
slice25/query/img_10742_c0_1283348708320162us.jpg 0.042952 0.050245 0.716182 -0.694777 -151.380255 -1112.871286 24.270615
slice25/query/img_10743_c0_1283348708453514us.jpg 0.045101 0.050235 0.716039 -0.694788 -152.737711 -1113.924723 24.210808
slice25/query/img_10744_c0_1283348708520124us.jpg 0.045852 0.050663 0.716204 -0.694538 -153.419559 -1114.450158 24.183234
slice25/query/img_10745_c0_1283348708586738us.jpg 0.046736 0.051125 0.716412 -0.694230 -154.096449 -1114.973721 24.158271
slice25/query/img_10746_c0_1283348708720092us.jpg 0.047575 0.052473 0.716562 -0.693918 -155.458752 -1116.012439 24.112862
slice25/query/img_10747_c0_1283348708786706us.jpg 0.047824 0.053327 0.716239 -0.694169 -156.142740 -1116.530692 24.090569
slice25/query/img_10748_c0_1283348708853444us.jpg 0.048125 0.054185 0.715788 -0.694547 -156.828094 -1117.046499 24.069263
slice25/query/img_10749_c0_1283348708986677us.jpg 0.049040 0.055885 0.715065 -0.695092 -158.199856 -1118.070055 24.026107
slice25/query/img_10750_c0_1283348709053407us.jpg 0.049257 0.056954 0.715411 -0.694634 -158.887691 -1118.584216 24.002548
slice25/query/img_10751_c0_1283348709120023us.jpg 0.049711 0.057805 0.715804 -0.694127 -159.571476 -1119.095674 23.979907
slice25/query/img_10752_c0_1283348709253375us.jpg 0.050943 0.059409 0.715444 -0.694273 -160.950255 -1120.118674 23.930895
slice25/query/img_10753_c0_1283348709319986us.jpg 0.051729 0.060295 0.714643 -0.694963 -161.642926 -1120.627625 23.907510
slice25/query/img_10754_c0_1283348709386601us.jpg 0.052657 0.060824 0.713626 -0.695892 -162.333896 -1121.132103 23.883493
slice25/query/img_10755_c0_1283348709453339us.jpg 0.053103 0.061604 0.712938 -0.696494 -163.024918 -1121.633456 23.861183
slice25/query/img_10756_c0_1283348709586589us.jpg 0.053746 0.063557 0.711877 -0.697354 -164.422702 -1122.637492 23.824185
slice25/query/img_10757_c0_1283348709653303us.jpg 0.053955 0.064778 0.711289 -0.697825 -165.125786 -1123.141530 23.804397
slice25/query/img_10758_c0_1283348709719916us.jpg 0.054160 0.066184 0.710706 -0.698272 -165.826588 -1123.640712 23.786277
slice25/query/img_10759_c0_1283348709853270us.jpg 0.055402 0.067859 0.709761 -0.698975 -167.239481 -1124.642284 23.748081
slice25/query/img_10760_c0_1283348709919882us.jpg 0.056024 0.069053 0.709181 -0.699396 -167.947637 -1125.141139 23.724792
slice25/query/img_10761_c0_1283348709986495us.jpg 0.056508 0.070538 0.708372 -0.700029 -168.656090 -1125.638998 23.704003
slice25/query/img_10762_c0_1283348710053233us.jpg 0.057225 0.071359 0.707824 -0.700442 -169.362872 -1126.135508 23.682668
slice25/query/img_10763_c0_1283348710186462us.jpg 0.058468 0.072292 0.707581 -0.700489 -170.785818 -1127.125441 23.635881
slice25/query/img_10764_c0_1283348710253198us.jpg 0.059025 0.072884 0.707728 -0.700232 -171.495686 -1127.618310 23.614140
slice25/query/img_10765_c0_1283348710319812us.jpg 0.059671 0.073776 0.707794 -0.700017 -172.206341 -1128.112064 23.593120
slice25/query/img_10766_c0_1283348710453164us.jpg 0.061406 0.075269 0.707682 -0.699821 -173.631154 -1129.095005 23.548046
slice25/query/img_10767_c0_1283348710519776us.jpg 0.062626 0.075784 0.707131 -0.700214 -174.345276 -1129.580790 23.526312
slice25/query/img_10768_c0_1283348710586390us.jpg 0.063580 0.076285 0.706539 -0.700672 -175.058417 -1130.063665 23.503260
slice25/query/img_10769_c0_1283348710719763us.jpg 0.065034 0.077866 0.705126 -0.701786 -176.495313 -1131.025447 23.464910
slice25/query/img_10770_c0_1283348710786355us.jpg 0.065586 0.078973 0.704784 -0.701955 -177.212902 -1131.504257 23.450347
slice25/query/img_10771_c0_1283348710853093us.jpg 0.066116 0.080229 0.704511 -0.702037 -177.933284 -1131.983583 23.435164
slice25/query/img_10772_c0_1283348710986339us.jpg 0.068129 0.082641 0.704458 -0.701618 -179.377980 -1132.944990 23.400636
slice25/query/img_10773_c0_1283348711053057us.jpg 0.069544 0.083484 0.704508 -0.701330 -180.104171 -1133.420940 23.381389
slice25/query/img_10774_c0_1283348711119676us.jpg 0.071206 0.084299 0.704597 -0.700975 -180.828965 -1133.894445 23.361320
slice25/query/img_10775_c0_1283348711186285us.jpg 0.072902 0.085103 0.704609 -0.700692 -181.555887 -1134.365386 23.341217
slice25/query/img_10776_c0_1283348711319636us.jpg 0.076611 0.087035 0.703934 -0.700738 -183.014655 -1135.302608 23.301664
slice25/query/img_10777_c0_1283348711386249us.jpg 0.078343 0.088405 0.703555 -0.700755 -183.747620 -1135.767228 23.284449
slice25/query/img_10778_c0_1283348711452987us.jpg 0.079776 0.090079 0.703517 -0.700418 -184.485513 -1136.229857 23.269061
slice25/query/img_10779_c0_1283348711519601us.jpg 0.081222 0.091892 0.703725 -0.699807 -185.223450 -1136.688818 23.255355
slice25/query/img_10780_c0_1283348711652953us.jpg 0.084693 0.095601 0.703896 -0.698726 -186.712782 -1137.599914 23.222702
slice25/query/img_10781_c0_1283348711719566us.jpg 0.086919 0.097374 0.703915 -0.698188 -187.461262 -1138.051337 23.205450
slice25/query/img_10782_c0_1283348711786178us.jpg 0.089453 0.099140 0.703836 -0.697700 -188.209486 -1138.498725 23.186494
slice25/query/img_10783_c0_1283348711919555us.jpg 0.095034 0.102661 0.703869 -0.696418 -189.715493 -1139.380233 23.147099
slice25/query/img_10784_c0_1283348711986143us.jpg 0.097532 0.105181 0.703764 -0.695803 -190.474822 -1139.814829 23.129310
slice25/query/img_10785_c0_1283348712052879us.jpg 0.100130 0.108005 0.703391 -0.695378 -191.237060 -1140.241767 23.112491
slice25/query/img_10786_c0_1283348712186110us.jpg 0.105382 0.113581 0.702363 -0.694752 -192.769955 -1141.078982 23.084422
slice25/query/img_10787_c0_1283348712252845us.jpg 0.107640 0.116421 0.701822 -0.694483 -193.546147 -1141.490082 23.068430
slice25/query/img_10788_c0_1283348712319460us.jpg 0.109884 0.119258 0.701203 -0.694275 -194.323236 -1141.894430 23.052302
slice25/query/img_10789_c0_1283348712452812us.jpg 0.114713 0.125008 0.699499 -0.694201 -195.887187 -1142.683781 23.020894
slice25/query/img_10790_c0_1283348712519427us.jpg 0.117053 0.127924 0.698614 -0.694170 -196.675435 -1143.068643 23.003501
slice25/query/img_10791_c0_1283348712586039us.jpg 0.119459 0.130658 0.698037 -0.693832 -197.464048 -1143.449619 22.986223
slice25/query/img_10792_c0_1283348712719390us.jpg 0.124559 0.136013 0.697236 -0.692710 -199.048850 -1144.189738 22.952048
slice25/query/img_10793_c0_1283348712786003us.jpg 0.127308 0.138528 0.696781 -0.692169 -199.843504 -1144.552797 22.935648
slice25/query/img_10794_c0_1283348712852750us.jpg 0.130093 0.140907 0.696347 -0.691608 -200.636181 -1144.908370 22.918886
slice25/query/img_10795_c0_1283348712986053us.jpg 0.135672 0.144631 0.695440 -0.690679 -202.243221 -1145.597857 22.881490
slice25/query/img_10796_c0_1283348713052705us.jpg 0.138228 0.146791 0.694679 -0.690483 -203.052090 -1145.938154 22.863786
slice25/query/img_10797_c0_1283348713119318us.jpg 0.140590 0.148933 0.693804 -0.690427 -203.860102 -1146.272298 22.847079
slice25/query/img_10798_c0_1283348713252690us.jpg 0.144363 0.153447 0.691919 -0.690552 -205.488953 -1146.917809 22.821105
slice25/query/img_10799_c0_1283348713319283us.jpg 0.145646 0.155833 0.690962 -0.690706 -206.303823 -1147.233957 22.808942
slice25/query/img_10800_c0_1283348713385896us.jpg 0.146938 0.157976 0.690031 -0.690876 -207.119608 -1147.543877 22.797982
slice25/query/img_10801_c0_1283348713519275us.jpg 0.149402 0.161748 0.688394 -0.691108 -208.773126 -1148.153561 22.772597
slice25/query/img_10802_c0_1283348713585861us.jpg 0.150642 0.163541 0.687801 -0.691007 -209.597654 -1148.454002 22.758228
slice25/query/img_10803_c0_1283348713652601us.jpg 0.152065 0.165055 0.687261 -0.690873 -210.423600 -1148.751878 22.744532
slice25/query/img_10804_c0_1283348713785829us.jpg 0.155777 0.167772 0.686398 -0.690249 -212.075682 -1149.343014 22.714293
slice25/query/img_10805_c0_1283348713852566us.jpg 0.157697 0.168767 0.686183 -0.689784 -212.903561 -1149.631768 22.699835
slice25/query/img_10806_c0_1283348713919180us.jpg 0.159389 0.170025 0.685878 -0.689389 -213.734141 -1149.915692 22.684852
slice25/query/img_10807_c0_1283348714052533us.jpg 0.162392 0.173068 0.685144 -0.688660 -215.402363 -1150.475096 22.659165
slice25/query/img_10808_c0_1283348714119149us.jpg 0.163542 0.174531 0.684794 -0.688368 -216.239269 -1150.747808 22.646969
slice25/query/img_10809_c0_1283348714185758us.jpg 0.164623 0.176099 0.684307 -0.688195 -217.076204 -1151.016879 22.633874
slice25/query/img_10810_c0_1283348714252496us.jpg 0.165852 0.177628 0.683678 -0.688132 -217.914046 -1151.281639 22.621672
slice25/query/img_10811_c0_1283348714385723us.jpg 0.168999 0.180373 0.681883 -0.688434 -219.596233 -1151.801560 22.593807
slice25/query/img_10812_c0_1283348714452461us.jpg 0.170924 0.181504 0.681182 -0.688355 -220.435757 -1152.058689 22.579731
slice25/query/img_10813_c0_1283348714519074us.jpg 0.172750 0.182548 0.680744 -0.688056 -221.274982 -1152.311605 22.567737
slice25/query/img_10814_c0_1283348714652429us.jpg 0.176231 0.185211 0.679663 -0.687530 -222.969795 -1152.809263 22.546476
slice25/query/img_10815_c0_1283348714719038us.jpg 0.178064 0.185950 0.679003 -0.687510 -223.812941 -1153.051274 22.535631
slice25/query/img_10816_c0_1283348714785652us.jpg 0.178862 0.187311 0.678671 -0.687261 -224.662409 -1153.290273 22.528726
slice25/query/img_10817_c0_1283348714852391us.jpg 0.180104 0.189125 0.678629 -0.686481 -225.510439 -1153.526399 22.523862
slice25/query/img_10818_c0_1283348714985617us.jpg 0.184063 0.191675 0.677790 -0.685552 -227.205706 -1153.983785 22.504155
slice25/query/img_10819_c0_1283348715052356us.jpg 0.186612 0.192522 0.676796 -0.685609 -228.054915 -1154.209375 22.494886
slice25/query/img_10820_c0_1283348715118970us.jpg 0.189014 0.193548 0.675677 -0.685765 -228.904473 -1154.431343 22.487745
slice25/query/img_10821_c0_1283348715252322us.jpg 0.192619 0.196123 0.674323 -0.685363 -230.614569 -1154.863846 22.479949
slice25/query/img_10822_c0_1283348715318933us.jpg 0.194386 0.197368 0.673885 -0.684937 -231.472394 -1155.074975 22.479406
slice25/query/img_10823_c0_1283348715385546us.jpg 0.196445 0.198371 0.673258 -0.684676 -232.327017 -1155.282001 22.479594
slice25/query/img_10824_c0_1283348715518922us.jpg 0.200705 0.200321 0.671928 -0.684180 -234.045202 -1155.688696 22.481535
slice25/query/img_10825_c0_1283348715585511us.jpg 0.202865 0.201306 0.671236 -0.683932 -234.908785 -1155.885030 22.483702
slice25/query/img_10826_c0_1283348715652250us.jpg 0.204745 0.202061 0.671064 -0.683318 -235.768116 -1156.075208 22.485305
slice25/query/img_10827_c0_1283348715785500us.jpg 0.208754 0.203059 0.670810 -0.682057 -237.491026 -1156.448288 22.496610
slice25/query/img_10828_c0_1283348715852219us.jpg 0.211213 0.203153 0.670560 -0.681518 -238.349314 -1156.629706 22.501938
slice25/query/img_10829_c0_1283348715918828us.jpg 0.213690 0.203439 0.670165 -0.681050 -239.205966 -1156.808886 22.508530
slice25/query/img_10830_c0_1283348715985441us.jpg 0.216036 0.203837 0.669695 -0.680653 -240.060928 -1156.981964 22.517102
slice25/query/img_10831_c0_1283348716118795us.jpg 0.220050 0.203945 0.669892 -0.679138 -241.772986 -1157.319423 22.543678
slice25/query/img_10832_c0_1283348716185407us.jpg 0.221497 0.204420 0.669868 -0.678549 -242.629175 -1157.482215 22.561763
slice25/query/img_10833_c0_1283348716252145us.jpg 0.222728 0.205053 0.669226 -0.678588 -243.484689 -1157.640083 22.580650
slice25/query/img_10834_c0_1283348716386210us.jpg 0.224891 0.206306 0.667950 -0.678752 -245.191074 -1157.945592 22.623330
slice25/query/img_10835_c0_1283348716452131us.jpg 0.225908 0.206101 0.668036 -0.678393 -246.044275 -1158.093279 22.643473
slice25/query/img_10836_c0_1283348716518723us.jpg 0.226846 0.205686 0.668042 -0.678199 -246.896287 -1158.240908 22.664965
slice25/query/img_10837_c0_1283348716585337us.jpg 0.228410 0.205487 0.666953 -0.678806 -247.740446 -1158.387398 22.685615
slice25/query/img_10838_c0_1283348716718712us.jpg 0.231122 0.205091 0.665376 -0.679555 -249.443331 -1158.677500 22.731735
slice25/query/img_10839_c0_1283348716785301us.jpg 0.231627 0.204291 0.665586 -0.679419 -250.293082 -1158.819936 22.757640
slice25/query/img_10840_c0_1283348716852039us.jpg 0.231304 0.204206 0.665996 -0.679152 -251.141698 -1158.959810 22.786149
slice25/query/img_10841_c0_1283348716985754us.jpg 0.229689 0.206056 0.666264 -0.678878 -252.856860 -1159.237414 22.853201
slice25/query/img_10842_c0_1283348717052005us.jpg 0.229392 0.207235 0.665614 -0.679258 -253.715041 -1159.375867 22.885922
slice25/query/img_10843_c0_1283348717185231us.jpg 0.229526 0.207904 0.664645 -0.679957 -255.427119 -1159.649258 22.937096
slice25/query/img_10844_c0_1283348717251968us.jpg 0.230425 0.206940 0.664529 -0.680060 -256.278445 -1159.784793 22.960949
slice25/query/img_10845_c0_1283348717318580us.jpg 0.231072 0.206394 0.663960 -0.680562 -257.129516 -1159.920324 22.985913
slice25/query/img_10846_c0_1283348717451957us.jpg 0.232157 0.206091 0.662621 -0.681589 -258.831023 -1160.201078 23.046448
slice25/query/img_10847_c0_1283348717518547us.jpg 0.231787 0.206902 0.663250 -0.680856 -259.704884 -1160.346535 23.079298
slice25/query/img_10848_c0_1283348717585162us.jpg 0.231438 0.207740 0.664500 -0.679500 -260.575303 -1160.490359 23.111769
slice25/query/img_10849_c0_1283348717718513us.jpg 0.230823 0.210031 0.666882 -0.676666 -262.319195 -1160.784401 23.170160
slice25/query/img_10850_c0_1283348717785126us.jpg 0.230815 0.210350 0.667744 -0.675718 -263.182447 -1160.924090 23.196391
slice25/query/img_10851_c0_1283348717851864us.jpg 0.231023 0.210466 0.667869 -0.675488 -264.048098 -1161.062909 23.218744
slice25/query/img_10852_c0_1283348717985090us.jpg 0.231976 0.210127 0.666185 -0.676928 -265.779441 -1161.344210 23.276452
slice25/query/img_10853_c0_1283348718051827us.jpg 0.232316 0.209757 0.664912 -0.678176 -266.644128 -1161.474070 23.300175
slice25/query/img_10854_c0_1283348718118442us.jpg 0.232696 0.209291 0.663941 -0.679141 -267.506547 -1161.603725 23.328705
slice25/query/img_10855_c0_1283348718251815us.jpg 0.232438 0.209711 0.663472 -0.679557 -269.242575 -1161.880889 23.395937
slice25/query/img_10856_c0_1283348718318407us.jpg 0.231725 0.210432 0.664005 -0.679057 -270.115536 -1162.010320 23.422982
slice25/query/img_10857_c0_1283348718385021us.jpg 0.231508 0.210540 0.664565 -0.678550 -270.987054 -1162.144415 23.448943
slice25/query/img_10858_c0_1283348718518374us.jpg 0.231588 0.209735 0.665243 -0.678108 -272.718322 -1162.404002 23.504960
slice25/query/img_10859_c0_1283348718584985us.jpg 0.231972 0.209338 0.665039 -0.678299 -273.577150 -1162.539041 23.534895
slice25/query/img_10860_c0_1283348718651724us.jpg 0.231961 0.209159 0.664858 -0.678536 -274.440587 -1162.671437 23.562747
slice25/query/img_10861_c0_1283348718784974us.jpg 0.231312 0.209111 0.665012 -0.678622 -276.175603 -1162.932854 23.625552
slice25/query/img_10862_c0_1283348718851689us.jpg 0.231038 0.209227 0.664789 -0.678897 -277.041325 -1163.065483 23.653731
slice25/query/img_10863_c0_1283348718918301us.jpg 0.231005 0.208985 0.664620 -0.679148 -277.905365 -1163.201384 23.683545
slice25/query/img_10864_c0_1283348718984915us.jpg 0.231322 0.208460 0.664522 -0.679297 -278.768623 -1163.336412 23.709439
slice25/query/img_10865_c0_1283348719118269us.jpg 0.232345 0.207520 0.664483 -0.679274 -280.510586 -1163.608187 23.764123
slice25/query/img_10866_c0_1283348719184880us.jpg 0.232640 0.207566 0.664662 -0.678984 -281.378782 -1163.744966 23.795652
slice25/query/img_10867_c0_1283348719251619us.jpg 0.232454 0.207912 0.665143 -0.678470 -282.243299 -1163.881929 23.825968
slice25/query/img_10868_c0_1283348719318234us.jpg 0.232426 0.208149 0.665417 -0.678138 -283.106554 -1164.019110 23.857249
slice25/query/img_10869_c0_1283348719451584us.jpg 0.232669 0.208161 0.665619 -0.677853 -284.857256 -1164.299769 23.921143
slice25/query/img_10870_c0_1283348719518196us.jpg 0.232716 0.208449 0.665591 -0.677777 -285.727919 -1164.437706 23.953426
slice25/query/img_10871_c0_1283348719584810us.jpg 0.232774 0.208904 0.665305 -0.677897 -286.602396 -1164.574142 23.982565
slice25/query/img_10872_c0_1283348719718186us.jpg 0.233226 0.209039 0.664955 -0.678044 -288.342991 -1164.846002 24.047689
slice25/query/img_10873_c0_1283348719784775us.jpg 0.233333 0.209298 0.664841 -0.678039 -289.206354 -1164.980449 24.078053
slice25/query/img_10874_c0_1283348719851512us.jpg 0.233308 0.209512 0.664609 -0.678209 -290.073885 -1165.115320 24.107455
slice25/query/img_10875_c0_1283348719918126us.jpg 0.233184 0.209806 0.664459 -0.678308 -290.941720 -1165.244398 24.135961
slice25/query/img_10876_c0_1283348720051478us.jpg 0.234361 0.209169 0.663980 -0.678567 -292.674175 -1165.511508 24.201981
slice25/query/img_10877_c0_1283348720118092us.jpg 0.234871 0.209026 0.664136 -0.678282 -293.537815 -1165.648754 24.231840
slice25/query/img_10878_c0_1283348720184705us.jpg 0.235147 0.209036 0.664633 -0.677697 -294.411045 -1165.784847 24.261267
slice25/query/img_10879_c0_1283348720318057us.jpg 0.235086 0.210056 0.666575 -0.675492 -296.147270 -1166.055207 24.353408
slice25/query/img_10880_c0_1283348720384676us.jpg 0.235146 0.210483 0.666726 -0.675188 -297.010890 -1166.188284 24.383307
slice25/query/img_10881_c0_1283348720451408us.jpg 0.235258 0.210638 0.666278 -0.675544 -297.870938 -1166.317575 24.409449
slice25/query/img_10882_c0_1283348720584661us.jpg 0.236104 0.209815 0.664886 -0.676874 -299.593119 -1166.573279 24.467111
slice25/query/img_10883_c0_1283348720651394us.jpg 0.236628 0.209430 0.664255 -0.677430 -300.448095 -1166.699887 24.496038
slice25/query/img_10884_c0_1283348720717987us.jpg 0.236399 0.209892 0.664159 -0.677461 -301.304868 -1166.828520 24.528056
slice25/query/img_10885_c0_1283348720784599us.jpg 0.236234 0.210678 0.664254 -0.677182 -302.158586 -1166.959323 24.561055
slice25/query/img_10886_c0_1283348720917954us.jpg 0.236243 0.211556 0.665193 -0.675982 -303.873446 -1167.222653 24.632981
slice25/query/img_10887_c0_1283348720984564us.jpg 0.236310 0.211733 0.665466 -0.675634 -304.733665 -1167.355799 24.661439
slice25/query/img_10888_c0_1283348721051302us.jpg 0.236711 0.211624 0.665697 -0.675301 -305.592973 -1167.489039 24.688205
slice25/query/img_10889_c0_1283348721184531us.jpg 0.238458 0.210271 0.665491 -0.675312 -307.292894 -1167.749053 24.740682
slice25/query/img_10890_c0_1283348721251267us.jpg 0.238683 0.210424 0.665185 -0.675486 -308.148134 -1167.876238 24.770069
slice25/query/img_10891_c0_1283348721317880us.jpg 0.238484 0.210969 0.664708 -0.675855 -309.004305 -1168.002162 24.800499
slice25/query/img_10892_c0_1283348721384495us.jpg 0.237997 0.211612 0.664551 -0.675981 -309.861861 -1168.131053 24.833117
slice25/query/img_10893_c0_1283348721517848us.jpg 0.237413 0.212496 0.664632 -0.675829 -311.568841 -1168.385814 24.892032
slice25/query/img_10894_c0_1283348721584458us.jpg 0.237524 0.212369 0.664344 -0.676114 -312.419070 -1168.510150 24.921785
slice25/query/img_10895_c0_1283348721651198us.jpg 0.237985 0.212306 0.663983 -0.676326 -313.266194 -1168.635456 24.949684
slice25/query/img_10896_c0_1283348721717810us.jpg 0.238478 0.212186 0.663881 -0.676290 -314.115593 -1168.760662 24.979806
slice25/query/img_10897_c0_1283348721851165us.jpg 0.238105 0.212883 0.664203 -0.675885 -315.816565 -1169.003523 25.030262
slice25/query/img_10898_c0_1283348721917775us.jpg 0.237966 0.213028 0.664696 -0.675404 -316.670267 -1169.128968 25.060206
slice25/query/img_10899_c0_1283348721984389us.jpg 0.237473 0.213668 0.665217 -0.674862 -317.517931 -1169.253397 25.091139
slice25/query/img_10900_c0_1283348722051128us.jpg 0.236438 0.214711 0.666061 -0.674061 -318.367766 -1169.380941 25.120672
slice25/query/img_10901_c0_1283348722184426us.jpg 0.234868 0.217068 0.666267 -0.673652 -320.059616 -1169.626093 25.177474
slice25/query/img_10902_c0_1283348722251090us.jpg 0.235608 0.216342 0.665676 -0.674210 -320.896867 -1169.748891 25.196497
