slice25/query/img_05460_c0_1311875339317826us.jpg 0.219413 0.221023 0.681300 -0.662448 -64.793550 -1070.670714 27.341754
slice25/query/img_05461_c0_1311875339584448us.jpg 0.204734 0.215266 0.687138 -0.663012 -68.905866 -1071.329796 27.315964
slice25/query/img_05462_c0_1311875339917797us.jpg 0.193665 0.202267 0.691062 -0.666345 -74.061016 -1072.338606 27.146090
slice25/query/img_05463_c0_1311875340184458us.jpg 0.183910 0.193766 0.695138 -0.667395 -78.120386 -1073.279592 26.989401
slice25/query/img_05464_c0_1311875340451096us.jpg 0.174825 0.186609 0.699102 -0.667734 -82.182613 -1074.308454 26.805463
slice25/query/img_05465_c0_1311875340717802us.jpg 0.167279 0.181455 0.701864 -0.668191 -86.205219 -1075.536504 26.612810
slice25/query/img_05466_c0_1311875340984423us.jpg 0.167793 0.171394 0.699736 -0.672933 -90.227329 -1076.796706 26.386925
slice25/query/img_05467_c0_1311875341317802us.jpg 0.154666 0.166973 0.703743 -0.673011 -95.240012 -1078.488604 26.284961
slice25/query/img_05468_c0_1311875341584458us.jpg 0.159991 0.150724 0.706011 -0.673226 -99.142846 -1079.924911 26.145568
slice25/query/img_05469_c0_1311875341917841us.jpg 0.144113 0.148335 0.706601 -0.676715 -104.072062 -1081.714743 26.092778
slice25/query/img_05470_c0_1311875342184465us.jpg 0.136299 0.138924 0.708078 -0.678784 -108.057673 -1083.275751 25.969183
slice25/query/img_05471_c0_1311875342451092us.jpg 0.123894 0.129600 0.709014 -0.682022 -111.894055 -1084.918482 25.832339
slice25/query/img_05472_c0_1311875342784470us.jpg 0.102447 0.115129 0.711637 -0.685437 -116.650256 -1087.218464 25.695417
slice25/query/img_05473_c0_1311875343051107us.jpg 0.090719 0.097963 0.713244 -0.688081 -120.320646 -1089.231143 25.504266
slice25/query/img_05474_c0_1311875343317817us.jpg 0.078938 0.084386 0.715336 -0.689161 -123.849176 -1091.559033 25.508759
slice25/query/img_05475_c0_1311875343584439us.jpg 0.068073 0.071836 0.717250 -0.689753 -127.455443 -1093.927739 25.384978
slice25/query/img_05476_c0_1311875343851101us.jpg 0.058615 0.062672 0.720377 -0.688254 -130.954195 -1096.436486 25.241546
slice25/query/img_05477_c0_1311875344184447us.jpg 0.052737 0.054350 0.721820 -0.687925 -135.275950 -1099.523153 25.077459
slice25/query/img_05478_c0_1311875344451085us.jpg 0.050497 0.051874 0.722468 -0.687604 -138.666000 -1102.064709 24.951566
slice25/query/img_05479_c0_1311875344717862us.jpg 0.047633 0.050231 0.722010 -0.688411 -142.103614 -1104.669872 24.822187
slice25/query/img_05480_c0_1311875345051113us.jpg 0.045483 0.049801 0.721363 -0.689265 -146.316235 -1107.975227 24.652751
slice25/query/img_05481_c0_1311875345317829us.jpg 0.043244 0.050645 0.719891 -0.690885 -149.689705 -1110.628436 24.534251
slice25/query/img_05482_c0_1311875345584487us.jpg 0.043235 0.050104 0.720945 -0.689825 -153.020675 -1113.291254 24.365051
slice25/query/img_05483_c0_1311875345851092us.jpg 0.043153 0.049956 0.721599 -0.689157 -156.317486 -1115.909344 24.204631
slice25/query/img_05484_c0_1311875346117876us.jpg 0.043328 0.050534 0.719147 -0.691662 -159.632562 -1118.512509 24.067585
slice25/query/img_05485_c0_1311875346517829us.jpg 0.046661 0.054267 0.718060 -0.692291 -164.632111 -1122.393840 23.850367
slice25/query/img_05486_c0_1311875346784488us.jpg 0.049802 0.059976 0.715342 -0.694412 -167.983845 -1124.945552 23.735557
slice25/query/img_05487_c0_1311875347117839us.jpg 0.057474 0.067404 0.714164 -0.694351 -172.269721 -1128.063157 23.582477
slice25/query/img_05488_c0_1311875347384465us.jpg 0.069323 0.073684 0.715046 -0.691719 -175.749553 -1130.388519 23.519990
slice25/query/img_05489_c0_1311875347651100us.jpg 0.078928 0.084330 0.712494 -0.692106 -179.213049 -1132.845756 23.387542
slice25/query/img_05490_c0_1311875347917839us.jpg 0.088056 0.094334 0.710206 -0.692065 -182.766939 -1135.177882 23.260718
slice25/query/img_05491_c0_1311875348251127us.jpg 0.098443 0.106152 0.707631 -0.691591 -187.273308 -1137.881902 23.135782
slice25/query/img_05492_c0_1311875348517892us.jpg 0.107404 0.114404 0.705877 -0.690734 -190.907329 -1139.879836 23.050968
slice25/query/img_05493_c0_1311875348784506us.jpg 0.116258 0.122785 0.705688 -0.688049 -194.582479 -1141.808377 22.911002
slice25/query/img_05494_c0_1311875349051104us.jpg 0.124713 0.131164 0.703129 -0.687643 -198.362475 -1143.608302 22.781013
slice25/query/img_05495_c0_1311875349317851us.jpg 0.132105 0.139983 0.700910 -0.686789 -202.161559 -1145.274738 22.778668
slice25/query/img_05496_c0_1311875349584504us.jpg 0.141319 0.147865 0.699547 -0.684689 -205.981113 -1146.944549 22.688530
slice25/query/img_05497_c0_1311875349917905us.jpg 0.154179 0.159436 0.697662 -0.681231 -210.738049 -1148.748303 22.680247
slice25/query/img_05498_c0_1311875350184484us.jpg 0.163395 0.169084 0.692833 -0.681685 -214.672948 -1150.292312 22.568646
slice25/query/img_05499_c0_1311875350451141us.jpg 0.171276 0.178708 0.687725 -0.682468 -218.640308 -1151.651323 22.467256
slice25/query/img_05504_c0_1311875351851146us.jpg 0.216173 0.214949 0.663748 -0.683011 -240.256396 -1156.987844 22.431375
slice25/query/img_05505_c0_1311875352117896us.jpg 0.223213 0.212814 0.662098 -0.683017 -244.308490 -1157.705820 22.501570
slice25/query/img_05506_c0_1311875352384522us.jpg 0.230894 0.208424 0.667078 -0.676945 -248.270399 -1158.310850 22.615248
slice25/query/img_05507_c0_1311875352717901us.jpg 0.231185 0.211774 0.664374 -0.678463 -253.399104 -1159.331178 22.815253
slice25/query/img_05508_c0_1311875352984533us.jpg 0.235517 0.214657 0.661985 -0.678402 -257.387566 -1160.101696 22.954112
slice25/query/img_05509_c0_1311875353251126us.jpg 0.236942 0.215456 0.664220 -0.675462 -261.500340 -1160.730866 23.095165
slice25/query/img_05510_c0_1311875353517884us.jpg 0.233926 0.216537 0.666129 -0.674287 -265.609638 -1161.314791 23.243893
slice25/query/img_05511_c0_1311875353784534us.jpg 0.235588 0.214801 0.663900 -0.676458 -269.659534 -1161.904541 23.376828
slice25/query/img_05512_c0_1311875354051123us.jpg 0.234846 0.215441 0.662922 -0.677471 -273.707441 -1162.515811 23.514758
slice25/query/img_05513_c0_1311875354317905us.jpg 0.235538 0.214819 0.664466 -0.675914 -277.765712 -1163.101457 23.662796
slice25/query/img_05514_c0_1311875354651136us.jpg 0.236655 0.215228 0.662092 -0.677721 -282.916990 -1163.949582 23.800552
slice25/query/img_05515_c0_1311875354918075us.jpg 0.236568 0.216371 0.662054 -0.677424 -287.100519 -1164.635172 23.937511
slice25/query/img_05516_c0_1311875355184543us.jpg 0.235338 0.216883 0.660382 -0.679318 -291.275384 -1165.218040 24.088216
slice25/query/img_05517_c0_1311875355451143us.jpg 0.235998 0.217083 0.660603 -0.678810 -295.428832 -1165.851409 24.230896
slice25/query/img_05518_c0_1311875355784517us.jpg 0.236161 0.215756 0.660766 -0.679018 -300.670451 -1166.620436 24.406861
slice25/query/img_05519_c0_1311875356051135us.jpg 0.235335 0.216477 0.660597 -0.679240 -304.888526 -1167.246160 24.536656
slice25/query/img_05520_c0_1311875356317885us.jpg 0.237784 0.214594 0.662559 -0.677070 -309.119689 -1167.890468 24.679414
slice25/query/img_05521_c0_1311875356651142us.jpg 0.237806 0.216769 0.660443 -0.678435 -314.414680 -1168.645368 24.840643
slice25/query/img_05522_c0_1311875356917895us.jpg 0.236878 0.219827 0.661639 -0.676608 -318.697017 -1169.285764 24.951617
