slice25/query/img_07999_c0_1284563951980537us.jpg 0.214149 0.221306 0.681211 -0.664166 -65.388606 -1073.165200 27.346407
slice25/query/img_08000_c0_1284563952047272us.jpg 0.210913 0.219387 0.683499 -0.663486 -66.479509 -1073.345798 27.325269
slice25/query/img_08001_c0_1284563952113888us.jpg 0.207196 0.218924 0.686416 -0.661797 -67.571616 -1073.538156 27.306749
slice25/query/img_08002_c0_1284563952247264us.jpg 0.201804 0.214877 0.690590 -0.660446 -69.751414 -1073.942920 27.241148
slice25/query/img_08003_c0_1284563952313853us.jpg 0.200050 0.211687 0.691257 -0.661311 -70.832165 -1074.150678 27.196724
slice25/query/img_08004_c0_1284563952380466us.jpg 0.198244 0.208501 0.691332 -0.662787 -71.912911 -1074.364630 27.156093
slice25/query/img_08005_c0_1284563952447206us.jpg 0.196041 0.205670 0.691148 -0.664516 -72.987166 -1074.582802 27.113590
slice25/query/img_08006_c0_1284563952580454us.jpg 0.190344 0.202053 0.691438 -0.666976 -75.150465 -1075.042849 27.033793
slice25/query/img_08007_c0_1284563952647167us.jpg 0.187516 0.200378 0.692316 -0.667371 -76.230465 -1075.291992 26.998680
slice25/query/img_08008_c0_1284563952713782us.jpg 0.184844 0.198513 0.693612 -0.667329 -77.305624 -1075.550734 26.965168
slice25/query/img_08009_c0_1284563952847158us.jpg 0.180193 0.194255 0.696780 -0.666553 -79.478192 -1076.095579 26.885544
slice25/query/img_08010_c0_1284563952913747us.jpg 0.177716 0.192291 0.698102 -0.666405 -80.560003 -1076.377744 26.850965
slice25/query/img_08011_c0_1284563952980362us.jpg 0.174676 0.190896 0.699416 -0.666231 -81.643140 -1076.666991 26.816238
slice25/query/img_08012_c0_1284563953113718us.jpg 0.167257 0.189135 0.701283 -0.666674 -83.844361 -1077.252119 26.726276
slice25/query/img_08013_c0_1284563953180324us.jpg 0.164582 0.187123 0.701142 -0.668055 -84.935782 -1077.556326 26.669523
slice25/query/img_08014_c0_1284563953247063us.jpg 0.162463 0.184003 0.700781 -0.669817 -86.018687 -1077.866952 26.611832
slice25/query/img_08015_c0_1284563953380315us.jpg 0.160695 0.175520 0.699925 -0.673405 -88.195971 -1078.520813 26.484381
slice25/query/img_08016_c0_1284563953447048us.jpg 0.159634 0.171191 0.700272 -0.674411 -89.273456 -1078.862260 26.435207
slice25/query/img_08017_c0_1284563953513641us.jpg 0.157876 0.168024 0.701712 -0.674124 -90.346555 -1079.217055 26.393653
slice25/query/img_08018_c0_1284563953580254us.jpg 0.155915 0.165728 0.703596 -0.673184 -91.417609 -1079.580567 26.360287
slice25/query/img_08019_c0_1284563953713608us.jpg 0.149785 0.162769 0.707464 -0.671242 -93.562960 -1080.330839 26.293390
slice25/query/img_08020_c0_1284563953780219us.jpg 0.146696 0.160751 0.708847 -0.670950 -94.627599 -1080.710977 26.259385
slice25/query/img_08021_c0_1284563953846956us.jpg 0.144168 0.158543 0.708238 -0.672665 -95.687196 -1081.092032 26.218973
slice25/query/img_08022_c0_1284563953980186us.jpg 0.141940 0.150717 0.706276 -0.676987 -97.799483 -1081.874160 26.123267
slice25/query/img_08023_c0_1284563954046927us.jpg 0.140804 0.145402 0.707504 -0.677105 -98.845920 -1082.279543 26.077242
slice25/query/img_08024_c0_1284563954113536us.jpg 0.139762 0.140901 0.710299 -0.675343 -99.891893 -1082.704752 26.036508
slice25/query/img_08025_c0_1284563954180150us.jpg 0.138916 0.137162 0.713981 -0.672399 -100.928255 -1083.144631 26.001765
slice25/query/img_08026_c0_1284563954313508us.jpg 0.136643 0.130452 0.721825 -0.665792 -103.000595 -1084.049329 25.927813
slice25/query/img_08027_c0_1284563954380114us.jpg 0.134696 0.127212 0.724734 -0.663653 -104.035929 -1084.507431 25.891205
slice25/query/img_08028_c0_1284563954446853us.jpg 0.132334 0.124045 0.726263 -0.663056 -105.068874 -1084.966455 25.852940
slice25/query/img_08029_c0_1284563954580103us.jpg 0.125749 0.119373 0.725141 -0.666414 -107.153402 -1085.892767 25.768325
slice25/query/img_08030_c0_1284563954646817us.jpg 0.122217 0.117740 0.722864 -0.669827 -108.192788 -1086.362901 25.731088
slice25/query/img_08031_c0_1284563954713430us.jpg 0.118636 0.116061 0.720601 -0.673194 -109.225378 -1086.841750 25.693853
slice25/query/img_08032_c0_1284563954780045us.jpg 0.115132 0.113961 0.719225 -0.675627 -110.257757 -1087.329774 25.658433
slice25/query/img_08033_c0_1284563954913398us.jpg 0.109107 0.109657 0.719030 -0.677545 -112.297049 -1088.338428 25.587985
slice25/query/img_08034_c0_1284563954980009us.jpg 0.106211 0.107627 0.719641 -0.677682 -113.312068 -1088.857929 25.557105
slice25/query/img_08035_c0_1284563955046748us.jpg 0.103340 0.105622 0.720579 -0.677444 -114.322971 -1089.386892 25.523128
slice25/query/img_08036_c0_1284563955113367us.jpg 0.100449 0.103499 0.721322 -0.677416 -115.323910 -1089.920510 25.489375
slice25/query/img_08037_c0_1284563955246736us.jpg 0.094833 0.098881 0.721161 -0.679085 -117.315746 -1091.005216 25.411325
slice25/query/img_08038_c0_1284563955313345us.jpg 0.092000 0.096428 0.720376 -0.680658 -118.313240 -1091.555225 25.374104
slice25/query/img_08039_c0_1284563955379936us.jpg 0.088885 0.094412 0.719349 -0.682439 -119.301141 -1092.110459 25.339757
slice25/query/img_08040_c0_1284563955446678us.jpg 0.085628 0.092436 0.718083 -0.684456 -120.288858 -1092.667774 25.304462
slice25/query/img_08041_c0_1284563955579928us.jpg 0.083060 0.085028 0.715279 -0.688656 -122.240675 -1093.809777 25.234773
slice25/query/img_08042_c0_1284563955646646us.jpg 0.079538 0.082641 0.714227 -0.690452 -123.210197 -1094.397195 25.204851
slice25/query/img_08043_c0_1284563955713255us.jpg 0.076126 0.080066 0.713434 -0.691958 -124.174040 -1094.995626 25.180232
slice25/query/img_08044_c0_1284563955779867us.jpg 0.072650 0.077635 0.712950 -0.693107 -125.128886 -1095.599287 25.152313
slice25/query/img_08045_c0_1284563955913243us.jpg 0.065327 0.073259 0.715806 -0.691366 -127.034418 -1096.848924 25.094473
slice25/query/img_08046_c0_1284563955979855us.jpg 0.061996 0.070346 0.718419 -0.689262 -127.971917 -1097.492452 25.063568
slice25/query/img_08047_c0_1284563956046569us.jpg 0.059457 0.066784 0.720195 -0.687986 -128.901207 -1098.142255 25.023884
slice25/query/img_08048_c0_1284563956113184us.jpg 0.057499 0.062852 0.721037 -0.687640 -129.817933 -1098.798245 24.979894
slice25/query/img_08049_c0_1284563956246539us.jpg 0.053096 0.054892 0.720522 -0.689214 -131.632307 -1100.124577 24.888182
slice25/query/img_08050_c0_1284563956313152us.jpg 0.050274 0.051991 0.719605 -0.690607 -132.535314 -1100.790612 24.852668
slice25/query/img_08051_c0_1284563956379761us.jpg 0.047304 0.049785 0.718916 -0.691696 -133.433652 -1101.463452 24.822469
slice25/query/img_08052_c0_1284563956446501us.jpg 0.044016 0.048046 0.718526 -0.692442 -134.323032 -1102.144943 24.789167
slice25/query/img_08053_c0_1284563956579750us.jpg 0.039323 0.044488 0.719749 -0.691691 -136.088339 -1103.530311 24.723613
slice25/query/img_08054_c0_1284563956646465us.jpg 0.038328 0.042843 0.721145 -0.690395 -136.964698 -1104.237439 24.689943
slice25/query/img_08055_c0_1284563956713079us.jpg 0.038255 0.041104 0.722743 -0.688832 -137.832329 -1104.949829 24.649426
slice25/query/img_08056_c0_1284563956846432us.jpg 0.040685 0.037973 0.725384 -0.686091 -139.561706 -1106.377622 24.564956
slice25/query/img_08057_c0_1284563956913066us.jpg 0.042220 0.037009 0.726292 -0.685090 -140.427256 -1107.096551 24.523292
slice25/query/img_08058_c0_1284563956979657us.jpg 0.043512 0.036635 0.727043 -0.684232 -141.296517 -1107.814566 24.482536
slice25/query/img_08059_c0_1284563957046395us.jpg 0.044498 0.036744 0.727236 -0.683957 -142.162525 -1108.523797 24.444004
slice25/query/img_08060_c0_1284563957179647us.jpg 0.045178 0.038262 0.726314 -0.684808 -143.916973 -1109.948960 24.373570
slice25/query/img_08061_c0_1284563957246362us.jpg 0.045311 0.039442 0.725472 -0.685625 -144.796926 -1110.653543 24.344472
slice25/query/img_08062_c0_1284563957312973us.jpg 0.045441 0.040676 0.724754 -0.686303 -145.677358 -1111.353706 24.314462
slice25/query/img_08063_c0_1284563957446324us.jpg 0.045859 0.042672 0.724339 -0.686592 -147.440435 -1112.747878 24.255887
slice25/query/img_08064_c0_1284563957512938us.jpg 0.046349 0.043465 0.724388 -0.686458 -148.321368 -1113.448191 24.222699
slice25/query/img_08065_c0_1284563957579551us.jpg 0.047216 0.044128 0.724377 -0.686368 -149.198404 -1114.144444 24.190848
slice25/query/img_08066_c0_1284563957712900us.jpg 0.049145 0.045864 0.724165 -0.686343 -150.957548 -1115.529279 24.127260
slice25/query/img_08067_c0_1284563957779516us.jpg 0.049929 0.046749 0.723969 -0.686433 -151.840706 -1116.214282 24.095086
slice25/query/img_08068_c0_1284563957912865us.jpg 0.051734 0.048860 0.723373 -0.686780 -153.606754 -1117.577447 24.035926
slice25/query/img_08069_c0_1284563957979480us.jpg 0.052524 0.050536 0.722882 -0.687117 -154.491355 -1118.249873 24.009946
slice25/query/img_08070_c0_1284563958113552us.jpg 0.053999 0.053428 0.722158 -0.687545 -156.274916 -1119.593890 23.958957
slice25/query/img_08071_c0_1284563958179443us.jpg 0.055412 0.054570 0.721539 -0.687992 -157.165209 -1120.259891 23.931387
slice25/query/img_08072_c0_1284563958246183us.jpg 0.056832 0.055706 0.721111 -0.688233 -158.056218 -1120.922308 23.902981
slice25/query/img_08073_c0_1284563958379415us.jpg 0.059312 0.058402 0.720523 -0.688417 -159.843511 -1122.245688 23.853601
slice25/query/img_08074_c0_1284563958446149us.jpg 0.060333 0.059888 0.720189 -0.688550 -160.743580 -1122.901333 23.828903
slice25/query/img_08075_c0_1284563958512760us.jpg 0.061093 0.061480 0.719770 -0.688781 -161.643615 -1123.551575 23.805029
slice25/query/img_08076_c0_1284563958646116us.jpg 0.062488 0.064807 0.719087 -0.689065 -163.456201 -1124.843429 23.754298
slice25/query/img_08077_c0_1284563958712725us.jpg 0.063437 0.066387 0.718797 -0.689129 -164.365813 -1125.484334 23.728596
slice25/query/img_08078_c0_1284563958779339us.jpg 0.064926 0.067689 0.718619 -0.689050 -165.275208 -1126.123500 23.701635
slice25/query/img_08079_c0_1284563958912693us.jpg 0.068765 0.070170 0.718403 -0.688654 -167.096107 -1127.391648 23.643531
slice25/query/img_08080_c0_1284563958979303us.jpg 0.070817 0.071616 0.718330 -0.688373 -168.010325 -1128.021186 23.615580
slice25/query/img_08081_c0_1284563959046043us.jpg 0.072551 0.073173 0.718301 -0.688060 -168.927927 -1128.645155 23.588675
slice25/query/img_08082_c0_1284563959179290us.jpg 0.075803 0.076810 0.717951 -0.687677 -170.774086 -1129.879823 23.538681
slice25/query/img_08083_c0_1284563959246007us.jpg 0.076983 0.079624 0.717233 -0.687976 -171.703271 -1130.479740 23.516033
slice25/query/img_08084_c0_1284563959312622us.jpg 0.078190 0.082648 0.716145 -0.688616 -172.632948 -1131.073040 23.494598
slice25/query/img_08085_c0_1284563959445995us.jpg 0.082430 0.087422 0.713672 -0.690098 -174.485542 -1132.246347 23.445082
slice25/query/img_08086_c0_1284563959512585us.jpg 0.084832 0.089360 0.712659 -0.690605 -175.425207 -1132.828869 23.421619
slice25/query/img_08087_c0_1284563959579200us.jpg 0.086820 0.091837 0.711889 -0.690828 -176.359295 -1133.404745 23.399462
slice25/query/img_08088_c0_1284563959712775us.jpg 0.091818 0.096363 0.711241 -0.690232 -178.257981 -1134.541574 23.354531
slice25/query/img_08089_c0_1284563959779185us.jpg 0.094170 0.098870 0.710963 -0.689847 -179.201889 -1135.099045 23.333667
slice25/query/img_08090_c0_1284563959845902us.jpg 0.096350 0.101770 0.710546 -0.689553 -180.149302 -1135.652913 23.317560
slice25/query/img_08091_c0_1284563959912515us.jpg 0.098287 0.104570 0.709906 -0.689520 -181.106202 -1136.199864 23.296636
slice25/query/img_08092_c0_1284563960045868us.jpg 0.102882 0.109446 0.708494 -0.689546 -183.020838 -1137.265224 23.254336
slice25/query/img_08093_c0_1284563960112486us.jpg 0.105103 0.112196 0.707892 -0.689387 -183.986524 -1137.791263 23.235741
slice25/query/img_08094_c0_1284563960179094us.jpg 0.107579 0.115031 0.707258 -0.689188 -184.954894 -1138.310433 23.215966
slice25/query/img_08095_c0_1284563960245832us.jpg 0.110062 0.117833 0.706845 -0.688747 -185.922700 -1138.823386 23.198587
slice25/query/img_08096_c0_1284563960379080us.jpg 0.115360 0.122878 0.706114 -0.687747 -187.881073 -1139.831879 23.157658
slice25/query/img_08097_c0_1284563960445798us.jpg 0.118088 0.125389 0.705572 -0.687387 -188.868870 -1140.325139 23.136603
slice25/query/img_08098_c0_1284563960512410us.jpg 0.120483 0.128311 0.704692 -0.687335 -189.862343 -1140.810591 23.117072
slice25/query/img_08099_c0_1284563960579024us.jpg 0.122983 0.131073 0.703672 -0.687416 -190.858788 -1141.288910 23.099335
slice25/query/img_08100_c0_1284563960712375us.jpg 0.127497 0.136858 0.701549 -0.687636 -192.882739 -1142.228392 23.061621
slice25/query/img_08101_c0_1284563960778988us.jpg 0.129367 0.140099 0.700455 -0.687749 -193.900793 -1142.687325 23.043687
slice25/query/img_08102_c0_1284563960845727us.jpg 0.131166 0.143090 0.699656 -0.687606 -194.917583 -1143.137380 23.025861
slice25/query/img_08103_c0_1284563960978955us.jpg 0.135338 0.148965 0.698054 -0.687178 -196.955081 -1144.011325 22.992776
slice25/query/img_08104_c0_1284563961045692us.jpg 0.137693 0.151676 0.697189 -0.686996 -197.975589 -1144.437507 22.971044
slice25/query/img_08105_c0_1284563961112304us.jpg 0.140102 0.154152 0.696341 -0.686817 -198.996949 -1144.856619 22.948635
slice25/query/img_08106_c0_1284563961178917us.jpg 0.142354 0.156343 0.695635 -0.686574 -200.024517 -1145.271088 22.926465
slice25/query/img_08107_c0_1284563961312270us.jpg 0.146807 0.160306 0.694696 -0.685672 -202.081711 -1146.076736 22.880291
slice25/query/img_08108_c0_1284563961378882us.jpg 0.148884 0.162158 0.693889 -0.685607 -203.115730 -1146.467247 22.858345
slice25/query/img_08109_c0_1284563961445620us.jpg 0.150854 0.163765 0.692985 -0.685709 -204.153318 -1146.852177 22.837146
slice25/query/img_08110_c0_1284563961579520us.jpg 0.154320 0.167193 0.691246 -0.685865 -206.233624 -1147.602665 22.796435
slice25/query/img_08111_c0_1284563961645590us.jpg 0.155693 0.168850 0.690372 -0.686029 -207.281597 -1147.973891 22.779534
slice25/query/img_08112_c0_1284563961712198us.jpg 0.156805 0.170652 0.689546 -0.686160 -208.333895 -1148.338736 22.760487
slice25/query/img_08113_c0_1284563961778812us.jpg 0.157538 0.172489 0.688941 -0.686141 -209.386794 -1148.696667 22.743899
slice25/query/img_08114_c0_1284563961912165us.jpg 0.160030 0.175616 0.687931 -0.685785 -211.508486 -1149.405594 22.711260
slice25/query/img_08115_c0_1284563961978795us.jpg 0.161695 0.176984 0.687561 -0.685413 -212.534766 -1149.747646 22.695473
slice25/query/img_08116_c0_1284563962045515us.jpg 0.163344 0.178323 0.687114 -0.685123 -213.563966 -1150.087312 22.677253
slice25/query/img_08117_c0_1284563962178769us.jpg 0.166823 0.180756 0.686313 -0.684451 -215.694027 -1150.767717 22.639406
slice25/query/img_08118_c0_1284563962245481us.jpg 0.167939 0.182195 0.685941 -0.684169 -216.761639 -1151.102188 22.620144
slice25/query/img_08119_c0_1284563962312092us.jpg 0.169090 0.183593 0.685582 -0.683871 -217.830678 -1151.433063 22.601746
slice25/query/img_08120_c0_1284563962445448us.jpg 0.173133 0.186371 0.684049 -0.683643 -219.970003 -1152.082729 22.567350
slice25/query/img_08121_c0_1284563962512057us.jpg 0.174808 0.187721 0.683128 -0.683768 -221.045339 -1152.398141 22.549243
slice25/query/img_08122_c0_1284563962578671us.jpg 0.176441 0.189095 0.682334 -0.683762 -222.122337 -1152.709545 22.532831
slice25/query/img_08123_c0_1284563962712048us.jpg 0.180948 0.191406 0.681067 -0.683205 -224.262693 -1153.315004 22.503059
slice25/query/img_08124_c0_1284563962778645us.jpg 0.182355 0.193068 0.680857 -0.682573 -225.339648 -1153.611158 22.492177
slice25/query/img_08125_c0_1284563962845375us.jpg 0.184699 0.194976 0.680781 -0.681475 -226.415289 -1153.901585 22.476817
slice25/query/img_08126_c0_1284563962978610us.jpg 0.191616 0.197441 0.679760 -0.679873 -228.555733 -1154.467691 22.451772
slice25/query/img_08127_c0_1284563963045339us.jpg 0.194937 0.198831 0.678836 -0.679447 -229.630090 -1154.738965 22.442800
slice25/query/img_08128_c0_1284563963111953us.jpg 0.197579 0.200255 0.678141 -0.678959 -230.708643 -1155.003242 22.438045
slice25/query/img_08129_c0_1284563963245327us.jpg 0.202199 0.203409 0.675630 -0.679164 -232.861787 -1155.500494 22.439287
slice25/query/img_08130_c0_1284563963311915us.jpg 0.204121 0.204776 0.674238 -0.679562 -233.941721 -1155.740401 22.442303
slice25/query/img_08131_c0_1284563963378529us.jpg 0.206238 0.206072 0.672912 -0.679845 -235.020535 -1155.975603 22.449029
slice25/query/img_08132_c0_1284563963511883us.jpg 0.210601 0.207760 0.672144 -0.678753 -237.196866 -1156.438134 22.464955
slice25/query/img_08133_c0_1284563963578495us.jpg 0.213562 0.207641 0.672146 -0.677862 -238.283189 -1156.662889 22.469070
slice25/query/img_08134_c0_1284563963645231us.jpg 0.216756 0.207773 0.672165 -0.676788 -239.369645 -1156.885354 22.476112
slice25/query/img_08135_c0_1284563963778468us.jpg 0.223020 0.207893 0.672399 -0.674479 -241.539561 -1157.313161 22.501583
slice25/query/img_08136_c0_1284563963845201us.jpg 0.225526 0.208154 0.672622 -0.673342 -242.630219 -1157.518681 22.519109
slice25/query/img_08137_c0_1284563963911810us.jpg 0.227622 0.208991 0.672165 -0.672834 -243.719953 -1157.716814 22.541976
slice25/query/img_08138_c0_1284563964045187us.jpg 0.229923 0.210613 0.670916 -0.672792 -245.895603 -1158.087084 22.599383
slice25/query/img_08139_c0_1284563964111776us.jpg 0.231193 0.210986 0.670433 -0.672721 -246.983357 -1158.265887 22.631606
slice25/query/img_08140_c0_1284563964178389us.jpg 0.232987 0.211963 0.669053 -0.673169 -248.074020 -1158.443213 22.662267
slice25/query/img_08141_c0_1284563964245127us.jpg 0.234503 0.212596 0.667806 -0.673681 -249.163374 -1158.617559 22.697553
slice25/query/img_08142_c0_1284563964378377us.jpg 0.235833 0.212797 0.667348 -0.673608 -251.336467 -1158.949851 22.766445
slice25/query/img_08143_c0_1284563964445092us.jpg 0.235653 0.212997 0.667580 -0.673377 -252.429350 -1159.112365 22.804387
slice25/query/img_08144_c0_1284563964511705us.jpg 0.235104 0.214151 0.667150 -0.673629 -253.520090 -1159.273734 22.845721
slice25/query/img_08145_c0_1284563964645081us.jpg 0.234038 0.216148 0.664795 -0.675687 -255.699295 -1159.594317 22.924346
slice25/query/img_08146_c0_1284563964711691us.jpg 0.234050 0.216090 0.663871 -0.676610 -256.784111 -1159.752925 22.958250
slice25/query/img_08147_c0_1284563964778282us.jpg 0.234572 0.215403 0.662915 -0.677585 -257.867650 -1159.912704 22.988087
slice25/query/img_08148_c0_1284563964845023us.jpg 0.234559 0.215078 0.662388 -0.678207 -258.947524 -1160.074946 23.023698
slice25/query/img_08149_c0_1284563964978251us.jpg 0.233925 0.214950 0.663700 -0.677184 -261.162573 -1160.427179 23.109172
slice25/query/img_08150_c0_1284563965044987us.jpg 0.232666 0.215668 0.664846 -0.676265 -262.251533 -1160.593743 23.146922
slice25/query/img_08151_c0_1284563965111600us.jpg 0.231713 0.216053 0.665844 -0.675487 -263.339143 -1160.759524 23.180752
slice25/query/img_08152_c0_1284563965244975us.jpg 0.231011 0.214840 0.667039 -0.674935 -265.528136 -1161.107386 23.240699
slice25/query/img_08153_c0_1284563965311566us.jpg 0.231233 0.213773 0.666895 -0.675339 -266.624069 -1161.277723 23.269746
slice25/query/img_08154_c0_1284563965378177us.jpg 0.231497 0.212681 0.666412 -0.676071 -267.715627 -1161.439827 23.301246
slice25/query/img_08155_c0_1284563965444916us.jpg 0.231620 0.211741 0.665941 -0.676787 -268.815846 -1161.604933 23.332180
slice25/query/img_08156_c0_1284563965578144us.jpg 0.231032 0.211638 0.665647 -0.677309 -271.004534 -1161.951975 23.412125
slice25/query/img_08157_c0_1284563965644880us.jpg 0.230787 0.211466 0.665706 -0.677388 -272.097154 -1162.125567 23.448628
slice25/query/img_08158_c0_1284563965711494us.jpg 0.230839 0.211133 0.665963 -0.677222 -273.192912 -1162.298008 23.483450
slice25/query/img_08159_c0_1284563965844848us.jpg 0.230632 0.210855 0.666407 -0.676943 -275.393163 -1162.640742 23.553635
slice25/query/img_08160_c0_1284563965911480us.jpg 0.230304 0.211315 0.666674 -0.676648 -276.489215 -1162.813119 23.589545
slice25/query/img_08161_c0_1284563965978072us.jpg 0.230522 0.211408 0.666647 -0.676571 -277.583109 -1162.985952 23.624325
slice25/query/img_08162_c0_1284563966044809us.jpg 0.231305 0.211165 0.666313 -0.676708 -278.669106 -1163.159968 23.656432
slice25/query/img_08163_c0_1284563966178059us.jpg 0.232964 0.210487 0.666004 -0.676655 -280.864479 -1163.505815 23.720771
slice25/query/img_08164_c0_1284563966244775us.jpg 0.233732 0.210679 0.666136 -0.676200 -281.967053 -1163.681272 23.758395
slice25/query/img_08165_c0_1284563966311389us.jpg 0.234127 0.211208 0.666310 -0.675727 -283.061087 -1163.856066 23.798543
slice25/query/img_08166_c0_1284563966444743us.jpg 0.235301 0.212095 0.666592 -0.674762 -285.289207 -1164.204862 23.874020
slice25/query/img_08167_c0_1284563966511359us.jpg 0.235748 0.212924 0.666312 -0.674622 -286.399155 -1164.373717 23.910894
slice25/query/img_08168_c0_1284563966577966us.jpg 0.235951 0.214054 0.665776 -0.674723 -287.507280 -1164.541438 23.948379
slice25/query/img_08169_c0_1284563966644707us.jpg 0.236106 0.214939 0.665234 -0.674921 -288.626333 -1164.699142 23.989952
slice25/query/img_08170_c0_1284563966777933us.jpg 0.235987 0.216630 0.663510 -0.676118 -290.862851 -1165.019451 24.060773
slice25/query/img_08171_c0_1284563966844668us.jpg 0.236470 0.216733 0.662756 -0.676656 -291.977008 -1165.173691 24.096449
slice25/query/img_08172_c0_1284563966911283us.jpg 0.237129 0.216323 0.661990 -0.677306 -293.092679 -1165.320185 24.128216
slice25/query/img_08173_c0_1284563967044657us.jpg 0.237412 0.216145 0.662393 -0.676869 -295.372178 -1165.652308 24.222834
slice25/query/img_08174_c0_1284563967111248us.jpg 0.237013 0.216636 0.663137 -0.676123 -296.499285 -1165.810764 24.266600
slice25/query/img_08175_c0_1284563967177860us.jpg 0.236258 0.217219 0.663517 -0.675828 -297.625355 -1165.966048 24.303772
slice25/query/img_08176_c0_1284563967244606us.jpg 0.236147 0.217210 0.663350 -0.676034 -298.736490 -1166.122714 24.339412
slice25/query/img_08177_c0_1284563967377827us.jpg 0.236105 0.215718 0.663275 -0.676599 -300.986500 -1166.431349 24.426885
slice25/query/img_08178_c0_1284563967444563us.jpg 0.235551 0.215464 0.663006 -0.677137 -302.098557 -1166.586682 24.463916
slice25/query/img_08179_c0_1284563967511176us.jpg 0.235035 0.215286 0.662772 -0.677601 -303.209041 -1166.739941 24.502443
slice25/query/img_08180_c0_1284563967644551us.jpg 0.233966 0.215230 0.662932 -0.677833 -305.453670 -1167.066519 24.582039
slice25/query/img_08181_c0_1284563967711143us.jpg 0.233987 0.214822 0.663165 -0.677728 -306.571573 -1167.229356 24.617264
slice25/query/img_08182_c0_1284563967777756us.jpg 0.234234 0.214084 0.663925 -0.677130 -307.685374 -1167.395254 24.651873
slice25/query/img_08183_c0_1284563967911132us.jpg 0.234028 0.213852 0.665298 -0.675926 -309.913793 -1167.725892 24.732436
slice25/query/img_08184_c0_1284563967977720us.jpg 0.234057 0.213673 0.665466 -0.675808 -311.031151 -1167.897186 24.771057
slice25/query/img_08185_c0_1284563968111070us.jpg 0.233822 0.213482 0.664860 -0.676546 -313.254125 -1168.216100 24.847457
slice25/query/img_08186_c0_1284563968311065us.jpg 0.232804 0.214180 0.663805 -0.677711 -316.655936 -1168.747378 24.979865
