slice25/query/img_08139_c0_1285950374014048us.jpg 0.217193 0.218882 0.683261 -0.661870 -65.912876 -1070.919127 27.378141
slice25/query/img_08140_c0_1285950374080766us.jpg 0.214184 0.217861 0.683278 -0.663169 -67.001061 -1071.083857 27.357104
slice25/query/img_08141_c0_1285950374147375us.jpg 0.208941 0.217101 0.684867 -0.663451 -68.076370 -1071.260942 27.347310
slice25/query/img_08142_c0_1285950374280733us.jpg 0.202568 0.213624 0.688789 -0.662496 -70.234873 -1071.663317 27.301120
slice25/query/img_08143_c0_1285950374347344us.jpg 0.199964 0.210833 0.690339 -0.662567 -71.305656 -1071.867097 27.261564
slice25/query/img_08144_c0_1285950374413957us.jpg 0.197930 0.207746 0.691472 -0.662972 -72.371194 -1072.077498 27.218819
slice25/query/img_08145_c0_1285950374480692us.jpg 0.195568 0.204536 0.692294 -0.663813 -73.438652 -1072.297177 27.175140
slice25/query/img_08146_c0_1285950374547309us.jpg 0.193382 0.201384 0.692855 -0.664830 -74.495582 -1072.525322 27.133280
slice25/query/img_08147_c0_1285950374682000us.jpg 0.188311 0.196108 0.694161 -0.666499 -76.599338 -1072.999584 27.052162
slice25/query/img_08148_c0_1285950374747276us.jpg 0.185906 0.193819 0.694937 -0.667035 -77.640826 -1073.246711 27.008980
slice25/query/img_08149_c0_1285950374813883us.jpg 0.183777 0.191371 0.695984 -0.667240 -78.680707 -1073.502060 26.967207
slice25/query/img_08150_c0_1285950374880621us.jpg 0.181623 0.189484 0.697270 -0.667026 -79.717398 -1073.767356 26.927425
slice25/query/img_08151_c0_1285950375013871us.jpg 0.177248 0.185721 0.700153 -0.666241 -81.815420 -1074.298630 26.829634
slice25/query/img_08152_c0_1285950375080586us.jpg 0.173858 0.185178 0.701788 -0.665564 -82.859095 -1074.590751 26.799982
slice25/query/img_08153_c0_1285950375147200us.jpg 0.170478 0.184686 0.703305 -0.664974 -83.923952 -1074.889248 26.760114
slice25/query/img_08154_c0_1285950375213814us.jpg 0.167934 0.183558 0.704023 -0.665174 -84.975270 -1075.187099 26.719431
slice25/query/img_08155_c0_1285950375347185us.jpg 0.166256 0.177067 0.703514 -0.667888 -87.090130 -1075.799131 26.600937
slice25/query/img_08156_c0_1285950375413799us.jpg 0.166241 0.173706 0.702605 -0.669728 -88.135623 -1076.116128 26.546835
slice25/query/img_08157_c0_1285950375480516us.jpg 0.165074 0.171361 0.701688 -0.671580 -89.177653 -1076.438752 26.502450
slice25/query/img_08158_c0_1285950375547130us.jpg 0.163581 0.170144 0.701054 -0.672916 -90.220577 -1076.762844 26.465218
slice25/query/img_08159_c0_1285950375613743us.jpg 0.160606 0.169513 0.701534 -0.673291 -91.265165 -1077.092936 26.436205
slice25/query/img_08160_c0_1285950375813743us.jpg 0.150721 0.166091 0.705240 -0.672557 -94.399976 -1078.118918 26.332048
slice25/query/img_08161_c0_1285950375947060us.jpg 0.148288 0.158020 0.706514 -0.673705 -96.462813 -1078.842111 26.227025
slice25/query/img_08162_c0_1285950376013673us.jpg 0.149786 0.153829 0.706127 -0.674748 -97.465738 -1079.217862 26.179557
slice25/query/img_08163_c0_1285950376147028us.jpg 0.148207 0.147756 0.706224 -0.676351 -99.495278 -1079.985621 26.107664
slice25/query/img_08164_c0_1285950376213640us.jpg 0.144440 0.147454 0.706827 -0.676602 -100.516277 -1080.374408 26.097342
slice25/query/img_08165_c0_1285950376280377us.jpg 0.139674 0.147533 0.707055 -0.677347 -101.532801 -1080.766903 26.095475
slice25/query/img_08166_c0_1285950376346990us.jpg 0.133938 0.148786 0.706594 -0.678710 -102.550504 -1081.163242 26.093499
slice25/query/img_08167_c0_1285950376413605us.jpg 0.129243 0.148771 0.706153 -0.680081 -103.561055 -1081.567322 26.081058
slice25/query/img_08168_c0_1285950376546956us.jpg 0.123150 0.144507 0.705912 -0.682378 -105.606924 -1082.401284 26.020117
slice25/query/img_08169_c0_1285950376613569us.jpg 0.121724 0.140816 0.706595 -0.682699 -106.613908 -1082.839141 25.980478
slice25/query/img_08170_c0_1285950376680309us.jpg 0.120577 0.136936 0.707620 -0.682630 -107.614868 -1083.287960 25.934652
slice25/query/img_08171_c0_1285950376814582us.jpg 0.118817 0.129448 0.710202 -0.681718 -109.603899 -1084.214110 25.857976
slice25/query/img_08172_c0_1285950376880293us.jpg 0.116329 0.126911 0.711420 -0.681354 -110.602385 -1084.685502 25.824380
slice25/query/img_08173_c0_1285950376946885us.jpg 0.113333 0.124893 0.712414 -0.681193 -111.600206 -1085.156138 25.795441
slice25/query/img_08174_c0_1285950377013498us.jpg 0.109622 0.123462 0.712999 -0.681448 -112.592808 -1085.631586 25.766474
slice25/query/img_08175_c0_1285950377080235us.jpg 0.108134 0.120618 0.712587 -0.682626 -113.574828 -1086.110979 25.739789
slice25/query/img_08176_c0_1285950377213469us.jpg 0.101704 0.115100 0.710835 -0.686383 -115.523485 -1087.085664 25.668564
slice25/query/img_08177_c0_1285950377280223us.jpg 0.098485 0.112903 0.710025 -0.688054 -116.487796 -1087.580129 25.631347
slice25/query/img_08178_c0_1285950377346815us.jpg 0.095960 0.110351 0.708985 -0.689894 -117.443881 -1088.081258 25.594225
slice25/query/img_08179_c0_1285950377413428us.jpg 0.092428 0.108295 0.708652 -0.691044 -118.394540 -1088.589637 25.557859
slice25/query/img_08180_c0_1285950377480167us.jpg 0.088735 0.106039 0.708927 -0.691596 -119.333477 -1089.102056 25.524255
slice25/query/img_08181_c0_1285950377613417us.jpg 0.083122 0.099521 0.710357 -0.691795 -121.207637 -1090.164773 25.448233
slice25/query/img_08182_c0_1285950377680136us.jpg 0.080798 0.096153 0.711546 -0.691324 -122.133922 -1090.712942 25.408183
slice25/query/img_08183_c0_1285950377746746us.jpg 0.078865 0.092919 0.712796 -0.690702 -123.053493 -1091.270075 25.370197
slice25/query/img_08184_c0_1285950377880227us.jpg 0.075041 0.086416 0.713948 -0.690782 -124.880261 -1092.408786 25.296669
slice25/query/img_08185_c0_1285950377946731us.jpg 0.072720 0.083156 0.713900 -0.691480 -125.790897 -1092.982287 25.260155
slice25/query/img_08186_c0_1285950378013325us.jpg 0.069166 0.080568 0.713685 -0.692372 -126.703347 -1093.562908 25.226425
slice25/query/img_08187_c0_1285950378080062us.jpg 0.064831 0.078640 0.713080 -0.693635 -127.614341 -1094.150924 25.200583
slice25/query/img_08188_c0_1285950378213291us.jpg 0.055785 0.076267 0.712377 -0.695407 -129.438540 -1095.365267 25.138385
slice25/query/img_08189_c0_1285950378280026us.jpg 0.051785 0.074161 0.712621 -0.695694 -130.337798 -1095.991783 25.107410
slice25/query/img_08190_c0_1285950378346640us.jpg 0.049205 0.071740 0.713317 -0.695421 -131.226969 -1096.621109 25.067912
slice25/query/img_08191_c0_1285950378413254us.jpg 0.047192 0.069010 0.713985 -0.695152 -132.106637 -1097.259414 25.025949
slice25/query/img_08192_c0_1285950378546628us.jpg 0.045627 0.062423 0.715366 -0.694459 -133.875496 -1098.569880 24.909980
slice25/query/img_08193_c0_1285950378613219us.jpg 0.045925 0.059260 0.715942 -0.694123 -134.741139 -1099.235209 24.866570
slice25/query/img_08194_c0_1285950378679957us.jpg 0.045968 0.057152 0.716441 -0.693782 -135.607732 -1099.901779 24.828118
slice25/query/img_08195_c0_1285950378813185us.jpg 0.044935 0.054629 0.717730 -0.692719 -137.332173 -1101.232305 24.760510
slice25/query/img_08196_c0_1285950378879922us.jpg 0.044091 0.053943 0.718683 -0.691839 -138.197289 -1101.901826 24.736232
slice25/query/img_08197_c0_1285950378946535us.jpg 0.043535 0.053440 0.719510 -0.691053 -139.060518 -1102.576538 24.710789
slice25/query/img_08198_c0_1285950379013145us.jpg 0.043325 0.053023 0.719993 -0.690595 -139.921085 -1103.251384 24.681066
slice25/query/img_08199_c0_1285950379146520us.jpg 0.043750 0.051760 0.719760 -0.690907 -141.651034 -1104.591258 24.615471
slice25/query/img_08200_c0_1285950379213111us.jpg 0.043658 0.051062 0.719987 -0.690729 -142.511676 -1105.264243 24.583368
slice25/query/img_08201_c0_1285950379279849us.jpg 0.043159 0.050721 0.720484 -0.690267 -143.371675 -1105.935527 24.551327
slice25/query/img_08202_c0_1285950379413100us.jpg 0.042450 0.050903 0.721228 -0.689519 -145.083771 -1107.271856 24.486612
slice25/query/img_08203_c0_1285950379479814us.jpg 0.042601 0.051083 0.721093 -0.689638 -145.929500 -1107.938296 24.453924
slice25/query/img_08204_c0_1285950379546427us.jpg 0.043071 0.051123 0.720834 -0.689877 -146.780896 -1108.608820 24.422596
slice25/query/img_08205_c0_1285950379679784us.jpg 0.043306 0.051318 0.720484 -0.690213 -148.482674 -1109.942161 24.363309
slice25/query/img_08206_c0_1285950379746415us.jpg 0.043313 0.051754 0.719947 -0.690740 -149.343104 -1110.611190 24.331393
slice25/query/img_08207_c0_1285950379813009us.jpg 0.043442 0.051815 0.719325 -0.691375 -150.199779 -1111.276353 24.297480
slice25/query/img_08208_c0_1285950379879746us.jpg 0.044192 0.050987 0.719231 -0.691487 -151.052315 -1111.942776 24.263696
slice25/query/img_08209_c0_1285950380012995us.jpg 0.044256 0.054741 0.719641 -0.690768 -152.772208 -1113.273417 24.201721
slice25/query/img_08210_c0_1285950380079710us.jpg 0.044565 0.055248 0.719548 -0.690805 -153.631281 -1113.935378 24.169588
slice25/query/img_08211_c0_1285950380279697us.jpg 0.046192 0.055514 0.718334 -0.691939 -156.217148 -1115.891883 24.058639
slice25/query/img_08212_c0_1285950380479662us.jpg 0.047648 0.057020 0.717716 -0.692359 -158.805045 -1117.858430 23.976697
slice25/query/img_08213_c0_1285950380679635us.jpg 0.049228 0.057603 0.718805 -0.691070 -161.400915 -1119.805146 23.891272
slice25/query/img_08215_c0_1285950381412755us.jpg 0.051771 0.069917 0.709850 -0.698960 -170.877746 -1126.889729 23.547148
slice25/query/img_08216_c0_1285950381612702us.jpg 0.053992 0.072612 0.709231 -0.699145 -173.494154 -1128.724247 23.459624
slice25/query/img_08217_c0_1285950381746044us.jpg 0.058089 0.074008 0.708984 -0.698920 -175.205251 -1129.966101 23.411553
slice25/query/img_08218_c0_1285950381879394us.jpg 0.063329 0.075598 0.708957 -0.698322 -176.989867 -1131.209435 23.351532
slice25/query/img_08219_c0_1285950381946006us.jpg 0.065479 0.077506 0.708921 -0.697952 -177.874946 -1131.823826 23.324982
slice25/query/img_08220_c0_1285950382079382us.jpg 0.069850 0.082538 0.708814 -0.697059 -179.664596 -1133.038901 23.287802
slice25/query/img_08221_c0_1285950382145977us.jpg 0.072434 0.085046 0.708563 -0.696749 -180.566683 -1133.638397 23.266713
slice25/query/img_08222_c0_1285950382212586us.jpg 0.074959 0.087612 0.708278 -0.696453 -181.472485 -1134.232770 23.243358
slice25/query/img_08223_c0_1285950382279325us.jpg 0.077863 0.089896 0.707917 -0.696211 -182.378937 -1134.821715 23.220412
slice25/query/img_08224_c0_1285950382412555us.jpg 0.083925 0.094493 0.706877 -0.695954 -184.215425 -1135.980837 23.176938
slice25/query/img_08225_c0_1285950382479288us.jpg 0.086632 0.096962 0.706799 -0.695362 -185.140300 -1136.552623 23.156440
slice25/query/img_08226_c0_1285950382545903us.jpg 0.089264 0.099492 0.706797 -0.694674 -186.071052 -1137.116583 23.137764
slice25/query/img_08227_c0_1285950382679278us.jpg 0.094463 0.105051 0.706457 -0.693512 -187.949823 -1138.228583 23.100886
slice25/query/img_08228_c0_1285950382745869us.jpg 0.097119 0.107746 0.706027 -0.693170 -188.893605 -1138.773599 23.080060
slice25/query/img_08229_c0_1285950382812480us.jpg 0.100030 0.110219 0.705668 -0.692732 -189.839289 -1139.307213 23.059518
slice25/query/img_08230_c0_1285950382945834us.jpg 0.105353 0.115884 0.704727 -0.691976 -191.756473 -1140.350960 23.017229
slice25/query/img_08231_c0_1285950383012448us.jpg 0.107796 0.119028 0.703997 -0.691810 -192.715161 -1140.862540 22.997568
slice25/query/img_08232_c0_1285950383079184us.jpg 0.110341 0.121915 0.703401 -0.691512 -193.679687 -1141.364941 22.977430
slice25/query/img_08233_c0_1285950383212415us.jpg 0.115218 0.127707 0.701937 -0.691158 -195.619659 -1142.343758 22.942349
slice25/query/img_08234_c0_1285950383279148us.jpg 0.117736 0.130724 0.700894 -0.691228 -196.592565 -1142.821403 22.923847
slice25/query/img_08235_c0_1285950383345763us.jpg 0.120102 0.133773 0.699909 -0.691237 -197.569500 -1143.293042 22.903805
slice25/query/img_08236_c0_1285950383479114us.jpg 0.125309 0.139444 0.698751 -0.690362 -199.520837 -1144.206642 22.867035
slice25/query/img_08237_c0_1285950383545748us.jpg 0.128003 0.141961 0.698087 -0.690027 -200.503332 -1144.653101 22.842948
slice25/query/img_08238_c0_1285950383612341us.jpg 0.131046 0.144190 0.697537 -0.689549 -201.486945 -1145.090689 22.821984
slice25/query/img_08239_c0_1285950383679080us.jpg 0.134176 0.146330 0.696935 -0.689106 -202.476398 -1145.524564 22.802670
slice25/query/img_08240_c0_1285950383812330us.jpg 0.140091 0.151218 0.695704 -0.688116 -204.465843 -1146.371072 22.764903
slice25/query/img_08241_c0_1285950383879047us.jpg 0.142914 0.153802 0.695099 -0.687574 -205.465370 -1146.780567 22.748564
slice25/query/img_08242_c0_1285950383945657us.jpg 0.145073 0.156773 0.694353 -0.687204 -206.468173 -1147.179530 22.734179
slice25/query/img_08243_c0_1285950384012270us.jpg 0.147034 0.159809 0.693295 -0.687156 -207.478954 -1147.572086 22.720212
slice25/query/img_08244_c0_1285950384145620us.jpg 0.150797 0.165490 0.691203 -0.687104 -209.510343 -1148.333933 22.694681
slice25/query/img_08245_c0_1285950384212233us.jpg 0.152785 0.168086 0.690231 -0.687012 -210.532551 -1148.705127 22.678910
slice25/query/img_08246_c0_1285950384278972us.jpg 0.155276 0.170368 0.689291 -0.686835 -211.559623 -1149.068922 22.660630
slice25/query/img_08247_c0_1285950384345586us.jpg 0.157630 0.172476 0.688561 -0.686505 -212.588059 -1149.425968 22.641150
slice25/query/img_08248_c0_1285950384478997us.jpg 0.162812 0.176079 0.687659 -0.685283 -214.653739 -1150.128003 22.607559
slice25/query/img_08249_c0_1285950384545569us.jpg 0.165007 0.178161 0.687193 -0.684687 -215.694545 -1150.469598 22.590657
slice25/query/img_08250_c0_1285950384612166us.jpg 0.166596 0.180315 0.686528 -0.684406 -216.739623 -1150.803859 22.572699
slice25/query/img_08251_c0_1285950384678903us.jpg 0.168301 0.182535 0.685944 -0.683986 -217.787182 -1151.130919 22.556447
slice25/query/img_08252_c0_1285950384745517us.jpg 0.170220 0.184443 0.685129 -0.683816 -218.835979 -1151.454456 22.539968
slice25/query/img_08253_c0_1285950384878867us.jpg 0.174621 0.187820 0.683016 -0.683901 -220.938737 -1152.081877 22.510020
slice25/query/img_08254_c0_1285950384945482us.jpg 0.176905 0.189499 0.681912 -0.683953 -221.990166 -1152.386681 22.497360
slice25/query/img_08255_c0_1285950385078853us.jpg 0.180614 0.192709 0.679579 -0.684408 -224.113539 -1152.982107 22.474952
slice25/query/img_08256_c0_1285950385145447us.jpg 0.181901 0.194401 0.679276 -0.683889 -225.188325 -1153.270147 22.462342
slice25/query/img_08257_c0_1285950385212059us.jpg 0.183381 0.196049 0.678957 -0.683341 -226.260561 -1153.553280 22.450497
slice25/query/img_08258_c0_1285950385278797us.jpg 0.185331 0.197178 0.678081 -0.683359 -227.336107 -1153.831401 22.436358
slice25/query/img_08259_c0_1285950385412033us.jpg 0.191019 0.198895 0.677008 -0.682358 -229.478751 -1154.372580 22.424291
slice25/query/img_08260_c0_1285950385478784us.jpg 0.193631 0.199811 0.676765 -0.681595 -230.551641 -1154.635285 22.420799
slice25/query/img_08261_c0_1285950385545373us.jpg 0.196204 0.200682 0.676336 -0.681029 -231.628792 -1154.893000 22.421000
slice25/query/img_08262_c0_1285950385678748us.jpg 0.200904 0.203002 0.675183 -0.680114 -233.766650 -1155.389154 22.429955
slice25/query/img_08263_c0_1285950385745341us.jpg 0.203584 0.203859 0.674197 -0.680040 -234.839242 -1155.634352 22.443790
slice25/query/img_08264_c0_1285950385878716us.jpg 0.208184 0.205497 0.672860 -0.679478 -237.001095 -1156.105932 22.459979
slice25/query/img_08265_c0_1285950385945307us.jpg 0.211051 0.205674 0.672507 -0.678889 -238.084812 -1156.336993 22.465112
slice25/query/img_08266_c0_1285950386011923us.jpg 0.214623 0.205669 0.672360 -0.677915 -239.167322 -1156.567623 22.472512
slice25/query/img_08267_c0_1285950386145294us.jpg 0.220149 0.207020 0.672201 -0.675887 -241.342183 -1157.011143 22.499117
slice25/query/img_08268_c0_1285950386211884us.jpg 0.222885 0.206699 0.672318 -0.674972 -242.425706 -1157.224492 22.516656
slice25/query/img_08269_c0_1285950386345253us.jpg 0.226175 0.207894 0.670851 -0.674970 -244.616282 -1157.617095 22.566774
slice25/query/img_08270_c0_1285950386478594us.jpg 0.228073 0.209107 0.669698 -0.675101 -246.788835 -1157.996808 22.628303
slice25/query/img_08271_c0_1285950386545201us.jpg 0.229740 0.209592 0.668976 -0.675102 -247.873274 -1158.180921 22.657819
slice25/query/img_08272_c0_1285950386611815us.jpg 0.231101 0.210089 0.668262 -0.675189 -248.955006 -1158.363245 22.693237
slice25/query/img_08273_c0_1285950386678554us.jpg 0.232074 0.210317 0.668077 -0.674968 -250.038105 -1158.545008 22.731221
slice25/query/img_08274_c0_1285950386811802us.jpg 0.231899 0.210289 0.669171 -0.673952 -252.207317 -1158.906442 22.810342
slice25/query/img_08275_c0_1285950386878518us.jpg 0.231298 0.211207 0.668920 -0.674121 -253.298879 -1159.079583 22.850883
slice25/query/img_08276_c0_1285950386945131us.jpg 0.230445 0.212846 0.667509 -0.675295 -254.401209 -1159.252775 22.888365
slice25/query/img_08277_c0_1285950387078484us.jpg 0.230176 0.213773 0.664714 -0.677847 -256.600675 -1159.596657 22.955217
slice25/query/img_08278_c0_1285950387145114us.jpg 0.230779 0.212966 0.663885 -0.678707 -257.697369 -1159.763571 22.991569
slice25/query/img_08279_c0_1285950387211710us.jpg 0.231285 0.212478 0.663443 -0.679120 -258.790788 -1159.937198 23.023762
slice25/query/img_08280_c0_1285950387278448us.jpg 0.231235 0.212187 0.663755 -0.678922 -259.889293 -1160.117995 23.058164
slice25/query/img_08281_c0_1285950387411675us.jpg 0.229694 0.212932 0.666181 -0.676834 -262.096853 -1160.469169 23.127688
slice25/query/img_08282_c0_1285950387478414us.jpg 0.228658 0.213296 0.667370 -0.675898 -263.198391 -1160.651286 23.162265
slice25/query/img_08283_c0_1285950387545026us.jpg 0.228285 0.213251 0.668249 -0.675169 -264.304097 -1160.833281 23.197895
slice25/query/img_08284_c0_1285950387611641us.jpg 0.227753 0.212852 0.668611 -0.675116 -265.413139 -1161.008353 23.224450
slice25/query/img_08285_c0_1285950387745014us.jpg 0.228409 0.211081 0.668162 -0.675894 -267.616738 -1161.361758 23.295795
slice25/query/img_08286_c0_1285950387811603us.jpg 0.228702 0.210304 0.667702 -0.676492 -268.714696 -1161.534088 23.326566
slice25/query/img_08287_c0_1285950387944978us.jpg 0.228608 0.210804 0.667314 -0.676751 -270.910992 -1161.897526 23.395475
slice25/query/img_08288_c0_1285950388011591us.jpg 0.228510 0.211060 0.667418 -0.676602 -272.008139 -1162.075476 23.430641
slice25/query/img_08289_c0_1285950388078307us.jpg 0.228814 0.211103 0.667658 -0.676248 -273.104431 -1162.252846 23.467097
slice25/query/img_08290_c0_1285950388144921us.jpg 0.229048 0.211265 0.667719 -0.676059 -274.197125 -1162.428973 23.502789
slice25/query/img_08291_c0_1285950388278274us.jpg 0.229615 0.211967 0.668314 -0.675058 -276.382201 -1162.778492 23.582144
slice25/query/img_08292_c0_1285950388344887us.jpg 0.230172 0.212294 0.668143 -0.674935 -277.472541 -1162.950192 23.620065
slice25/query/img_08293_c0_1285950388411499us.jpg 0.230989 0.212193 0.667821 -0.675007 -278.569530 -1163.120597 23.651835
slice25/query/img_08294_c0_1285950388478237us.jpg 0.231851 0.211734 0.667521 -0.675152 -279.664573 -1163.289298 23.686785
slice25/query/img_08295_c0_1285950388611465us.jpg 0.234606 0.211333 0.667165 -0.674677 -281.852136 -1163.622728 23.754359
slice25/query/img_08296_c0_1285950388678202us.jpg 0.235066 0.211656 0.667183 -0.674398 -282.939905 -1163.796023 23.792105
slice25/query/img_08297_c0_1285950388744814us.jpg 0.235437 0.211872 0.667162 -0.674221 -284.038287 -1163.964466 23.830561
slice25/query/img_08298_c0_1285950388878185us.jpg 0.235984 0.212979 0.667098 -0.673744 -286.255471 -1164.301479 23.933793
slice25/query/img_08299_c0_1285950388944780us.jpg 0.235751 0.213862 0.666340 -0.674296 -287.362851 -1164.462803 23.972199
slice25/query/img_08300_c0_1285950389011393us.jpg 0.235553 0.214594 0.665583 -0.674880 -288.479047 -1164.621692 24.012436
slice25/query/img_08301_c0_1285950389144744us.jpg 0.233693 0.216241 0.663360 -0.677186 -290.690531 -1164.972445 24.069152
slice25/query/img_08302_c0_1285950389211356us.jpg 0.233881 0.215755 0.662708 -0.677914 -291.791180 -1165.128494 24.101023
slice25/query/img_08303_c0_1285950389278094us.jpg 0.234357 0.215048 0.662242 -0.678429 -292.885707 -1165.284864 24.137091
slice25/query/img_08304_c0_1285950389411323us.jpg 0.235721 0.215266 0.662495 -0.677641 -295.075310 -1165.637138 24.220805
slice25/query/img_08305_c0_1285950389478059us.jpg 0.235419 0.216021 0.663667 -0.676358 -296.173731 -1165.798319 24.255344
slice25/query/img_08306_c0_1285950389544673us.jpg 0.235683 0.216659 0.664661 -0.675084 -297.254210 -1165.960479 24.290728
slice25/query/img_08307_c0_1285950389678027us.jpg 0.235881 0.217355 0.664600 -0.674851 -299.463910 -1166.326014 24.378164
slice25/query/img_08308_c0_1285950389744661us.jpg 0.235720 0.217240 0.663718 -0.675812 -300.560664 -1166.481651 24.414917
slice25/query/img_08309_c0_1285950389811254us.jpg 0.235767 0.217045 0.663356 -0.676213 -301.660442 -1166.638145 24.457060
slice25/query/img_08310_c0_1285950389944626us.jpg 0.233822 0.218803 0.660558 -0.679055 -303.733036 -1166.953312 24.526026
slice25/query/img_08311_c0_1285950390011218us.jpg 0.234055 0.218931 0.660863 -0.678637 -304.871177 -1167.113411 24.563205
slice25/query/img_08312_c0_1285950390077955us.jpg 0.234098 0.219343 0.660775 -0.678575 -306.001047 -1167.275296 24.597396
slice25/query/img_08313_c0_1285950390144570us.jpg 0.237161 0.216619 0.663766 -0.675459 -307.139595 -1167.440408 24.628615
slice25/query/img_08314_c0_1285950390277944us.jpg 0.236146 0.217579 0.663584 -0.675685 -309.378629 -1167.826609 24.693105
slice25/query/img_08315_c0_1285950390344554us.jpg 0.236174 0.217677 0.663699 -0.675531 -310.509208 -1167.986878 24.726467
slice25/query/img_08316_c0_1285950390411149us.jpg 0.236166 0.217809 0.663654 -0.675535 -311.634388 -1168.147852 24.762870
slice25/query/img_08317_c0_1285950390477887us.jpg 0.238095 0.216232 0.665123 -0.673918 -312.739652 -1168.310725 24.804033
slice25/query/img_08318_c0_1285950390611113us.jpg 0.237980 0.217548 0.663598 -0.675038 -315.098287 -1168.726522 24.964289
slice25/query/img_08319_c0_1285950390677853us.jpg 0.237352 0.218473 0.663187 -0.675364 -316.163667 -1168.876676 25.006131
slice25/query/img_08320_c0_1285950390744464us.jpg 0.238048 0.218611 0.664113 -0.674163 -317.230013 -1169.026612 25.044913
slice25/query/img_08321_c0_1285950390877838us.jpg 0.237541 0.219876 0.666346 -0.671723 -319.443285 -1169.327437 25.139426
