slice25/query/img_06312_c0_1287504383668428us.jpg 0.212368 0.218741 0.683248 -0.663494 -66.062434 -1070.906020 27.380810
slice25/query/img_06313_c0_1287504383735058us.jpg 0.209215 0.218208 0.683637 -0.664270 -67.120150 -1071.083886 27.362666
slice25/query/img_06314_c0_1287504383868391us.jpg 0.200924 0.216456 0.687885 -0.663017 -69.225237 -1071.472944 27.328798
slice25/query/img_06315_c0_1287504383935023us.jpg 0.198803 0.214252 0.689899 -0.662279 -70.277443 -1071.679288 27.294999
slice25/query/img_06316_c0_1287504384001741us.jpg 0.196832 0.211646 0.691380 -0.662161 -71.318165 -1071.890407 27.258161
slice25/query/img_06317_c0_1287504384134966us.jpg 0.193667 0.205984 0.692870 -0.663321 -73.394612 -1072.327376 27.171559
slice25/query/img_06318_c0_1287504384201705us.jpg 0.191544 0.203518 0.693187 -0.664367 -74.425324 -1072.553582 27.129229
slice25/query/img_06319_c0_1287504384334956us.jpg 0.186421 0.199352 0.694124 -0.666107 -76.484187 -1073.017343 27.049386
slice25/query/img_06320_c0_1287504384401670us.jpg 0.183777 0.197590 0.694790 -0.666672 -77.507857 -1073.260231 27.011626
slice25/query/img_06321_c0_1287504384534919us.jpg 0.178708 0.193952 0.696701 -0.667123 -79.545963 -1073.769711 26.931928
slice25/query/img_06322_c0_1287504384601653us.jpg 0.176146 0.192086 0.697907 -0.667084 -80.560039 -1074.036275 26.894371
slice25/query/img_06323_c0_1287504384668247us.jpg 0.173512 0.190470 0.699151 -0.666936 -81.560763 -1074.299091 26.846971
slice25/query/img_06324_c0_1287504384868213us.jpg 0.163484 0.187034 0.702920 -0.666480 -84.654700 -1075.118408 26.729947
slice25/query/img_06325_c0_1287504385001592us.jpg 0.160980 0.179951 0.702702 -0.669263 -86.751066 -1075.740942 26.615585
slice25/query/img_06326_c0_1287504385068186us.jpg 0.160717 0.175948 0.702233 -0.670881 -87.782036 -1076.064460 26.565486
slice25/query/img_06327_c0_1287504385201524us.jpg 0.159349 0.170568 0.701250 -0.673619 -89.839972 -1076.732365 26.483994
slice25/query/img_06328_c0_1287504385268140us.jpg 0.157039 0.169246 0.701537 -0.674197 -90.873029 -1077.072646 26.455764
slice25/query/img_06329_c0_1287504385401490us.jpg 0.149018 0.168191 0.703916 -0.673801 -92.950308 -1077.764661 26.403812
slice25/query/img_06330_c0_1287504385468101us.jpg 0.145891 0.167313 0.704882 -0.673694 -93.970933 -1078.116923 26.371285
slice25/query/img_06331_c0_1287504385601461us.jpg 0.144046 0.160644 0.706576 -0.673940 -96.000631 -1078.848475 26.285901
slice25/query/img_06332_c0_1287504385734698us.jpg 0.149353 0.147419 0.706796 -0.675574 -97.998069 -1079.609429 26.180541
slice25/query/img_06333_c0_1287504385801417us.jpg 0.150057 0.143887 0.706886 -0.676085 -99.003306 -1079.999359 26.149812
slice25/query/img_06334_c0_1287504385934642us.jpg 0.143237 0.142981 0.707430 -0.677187 -101.024235 -1080.778823 26.135102
slice25/query/img_06335_c0_1287504386001381us.jpg 0.137908 0.144331 0.707176 -0.678271 -102.043552 -1081.173532 26.127647
slice25/query/img_06336_c0_1287504386134625us.jpg 0.128857 0.144725 0.705825 -0.681367 -104.050777 -1081.965769 26.087089
slice25/query/img_06337_c0_1287504386267958us.jpg 0.123992 0.140547 0.706412 -0.682536 -106.064715 -1082.798662 25.983655
slice25/query/img_06338_c0_1287504386401310us.jpg 0.123320 0.132766 0.708935 -0.681598 -108.068383 -1083.693813 25.881581
slice25/query/img_06339_c0_1287504386467921us.jpg 0.122947 0.129293 0.710354 -0.680856 -109.060093 -1084.155624 25.842045
slice25/query/img_06340_c0_1287504386601292us.jpg 0.119403 0.124562 0.712206 -0.680433 -111.046527 -1085.084860 25.779899
slice25/query/img_06341_c0_1287504386667886us.jpg 0.115597 0.123645 0.712764 -0.680674 -112.030411 -1085.552813 25.756533
slice25/query/img_06342_c0_1287504386801240us.jpg 0.108454 0.121078 0.711968 -0.683140 -113.995453 -1086.495921 25.701415
slice25/query/img_06343_c0_1287504386867850us.jpg 0.104914 0.118623 0.710967 -0.685162 -114.969297 -1086.973458 25.671246
slice25/query/img_06344_c0_1287504387001202us.jpg 0.098698 0.113734 0.708357 -0.689604 -116.887780 -1087.945710 25.597068
slice25/query/img_06345_c0_1287504387067834us.jpg 0.095338 0.111202 0.707604 -0.691260 -117.845207 -1088.445409 25.560117
slice25/query/img_06346_c0_1287504387134427us.jpg 0.091826 0.108789 0.707602 -0.692122 -118.789350 -1088.952681 25.529067
slice25/query/img_06347_c0_1287504387267799us.jpg 0.084421 0.102309 0.708452 -0.693183 -120.693708 -1090.009896 25.454180
slice25/query/img_06348_c0_1287504387334392us.jpg 0.081563 0.098446 0.709349 -0.693166 -121.628446 -1090.552099 25.415294
slice25/query/img_06349_c0_1287504387467741us.jpg 0.076603 0.090800 0.711517 -0.692554 -123.476172 -1091.665149 25.338464
slice25/query/img_06350_c0_1287504387534354us.jpg 0.074308 0.087157 0.712170 -0.692601 -124.383857 -1092.231794 25.302246
slice25/query/img_06351_c0_1287504387667707us.jpg 0.069226 0.079506 0.712386 -0.693825 -126.208799 -1093.399648 25.222576
slice25/query/img_06352_c0_1287504387734337us.jpg 0.065830 0.077475 0.712335 -0.694437 -127.118678 -1093.998177 25.191574
slice25/query/img_06353_c0_1287504387934279us.jpg 0.053148 0.071205 0.712610 -0.695911 -129.848212 -1095.861178 25.060982
slice25/query/img_06354_c0_1287504388067761us.jpg 0.047579 0.066496 0.713290 -0.696084 -131.646249 -1097.135782 24.981526
slice25/query/img_06355_c0_1287504388134245us.jpg 0.046498 0.064021 0.713749 -0.695918 -132.530560 -1097.783564 24.942907
slice25/query/img_06356_c0_1287504388267619us.jpg 0.045946 0.058198 0.715167 -0.695009 -134.302788 -1099.103533 24.841356
slice25/query/img_06357_c0_1287504388334216us.jpg 0.046374 0.055720 0.715853 -0.694478 -135.176121 -1099.775224 24.802440
slice25/query/img_06358_c0_1287504388467560us.jpg 0.045928 0.052690 0.717043 -0.693516 -136.924011 -1101.116370 24.727163
slice25/query/img_06359_c0_1287504388534173us.jpg 0.045111 0.052140 0.717921 -0.692702 -137.797886 -1101.789351 24.702705
slice25/query/img_06360_c0_1287504388667526us.jpg 0.043335 0.051620 0.719430 -0.691287 -139.572613 -1103.166213 24.641734
slice25/query/img_06361_c0_1287504388734137us.jpg 0.043182 0.051277 0.719512 -0.691237 -140.448972 -1103.845777 24.606640
slice25/query/img_06362_c0_1287504388800876us.jpg 0.043534 0.050598 0.719290 -0.691496 -141.316798 -1104.518233 24.572828
slice25/query/img_06363_c0_1287504388934121us.jpg 0.043268 0.049733 0.719765 -0.691081 -143.060982 -1105.869583 24.508885
slice25/query/img_06364_c0_1287504389000841us.jpg 0.042886 0.049881 0.720298 -0.690539 -143.927555 -1106.545770 24.477897
slice25/query/img_06365_c0_1287504389134086us.jpg 0.043183 0.050372 0.720486 -0.690288 -145.659451 -1107.899034 24.416208
slice25/query/img_06366_c0_1287504389200803us.jpg 0.043841 0.050468 0.720195 -0.690544 -146.526228 -1108.574618 24.383739
slice25/query/img_06367_c0_1287504389334030us.jpg 0.044557 0.050850 0.720056 -0.690614 -148.249606 -1109.918144 24.323416
slice25/query/img_06368_c0_1287504389400767us.jpg 0.044631 0.051426 0.719627 -0.691014 -149.117457 -1110.584310 24.295853
slice25/query/img_06369_c0_1287504389533996us.jpg 0.045791 0.051108 0.718904 -0.691713 -150.855691 -1111.921972 24.237754
slice25/query/img_06370_c0_1287504389667347us.jpg 0.045951 0.054173 0.718901 -0.691473 -152.596752 -1113.266426 24.179600
slice25/query/img_06371_c0_1287504389733977us.jpg 0.046300 0.055026 0.718820 -0.691466 -153.472515 -1113.934352 24.148793
slice25/query/img_06372_c0_1287504389800697us.jpg 0.046953 0.054987 0.718840 -0.691405 -154.342708 -1114.601707 24.115222
slice25/query/img_06373_c0_1287504389933922us.jpg 0.047865 0.055234 0.717947 -0.692250 -156.082667 -1115.931915 24.051061
slice25/query/img_06374_c0_1287504390067290us.jpg 0.048494 0.056932 0.716496 -0.693571 -157.832286 -1117.241567 23.996309
slice25/query/img_06375_c0_1287504390133886us.jpg 0.048606 0.057822 0.716426 -0.693562 -158.706420 -1117.898676 23.970546
slice25/query/img_06376_c0_1287504390267235us.jpg 0.048122 0.059623 0.717645 -0.692182 -160.456090 -1119.204485 23.920780
slice25/query/img_06377_c0_1287504390333849us.jpg 0.048174 0.060287 0.717752 -0.692009 -161.329264 -1119.852822 23.892780
slice25/query/img_06378_c0_1287504390467205us.jpg 0.049630 0.061123 0.716104 -0.693539 -163.070026 -1121.132409 23.827126
slice25/query/img_06380_c0_1287504390733778us.jpg 0.049380 0.064297 0.712269 -0.697209 -166.573592 -1123.673151 23.719556
slice25/query/img_06381_c0_1287504390800517us.jpg 0.049224 0.065555 0.711388 -0.698002 -167.451901 -1124.307323 23.693942
slice25/query/img_06382_c0_1287504390933744us.jpg 0.048519 0.068015 0.710168 -0.699058 -169.216654 -1125.576527 23.642808
slice25/query/img_06383_c0_1287504391000503us.jpg 0.048740 0.068700 0.709746 -0.699403 -170.096366 -1126.210953 23.615179
slice25/query/img_06384_c0_1287504391133730us.jpg 0.049999 0.069731 0.709272 -0.699694 -171.859082 -1127.483527 23.557155
slice25/query/img_06385_c0_1287504391200464us.jpg 0.051128 0.070180 0.709564 -0.699271 -172.740828 -1128.123034 23.527550
slice25/query/img_06386_c0_1287504391267056us.jpg 0.052803 0.070568 0.709849 -0.698818 -173.621686 -1128.760608 23.496344
slice25/query/img_06387_c0_1287504391400427us.jpg 0.057921 0.071286 0.710342 -0.697838 -175.379208 -1130.035296 23.436144
slice25/query/img_06388_c0_1287504391467020us.jpg 0.060138 0.072290 0.710151 -0.697741 -176.264013 -1130.668945 23.413708
slice25/query/img_06389_c0_1287504391600372us.jpg 0.063989 0.075632 0.709791 -0.697411 -178.062623 -1131.914998 23.364977
slice25/query/img_06390_c0_1287504391666984us.jpg 0.065526 0.078360 0.709445 -0.697319 -178.948131 -1132.530959 23.343082
slice25/query/img_06391_c0_1287504391800336us.jpg 0.069613 0.083326 0.708693 -0.697112 -180.766057 -1133.754404 23.310128
slice25/query/img_06392_c0_1287504391933584us.jpg 0.075320 0.087694 0.708520 -0.696158 -182.585260 -1134.951813 23.262439
slice25/query/img_06393_c0_1287504392000298us.jpg 0.078522 0.089621 0.708205 -0.695879 -183.497285 -1135.542319 23.235995
slice25/query/img_06394_c0_1287504392133526us.jpg 0.084402 0.094087 0.708251 -0.694554 -185.346162 -1136.701388 23.191335
slice25/query/img_06395_c0_1287504392200262us.jpg 0.087066 0.096789 0.708167 -0.693938 -186.277464 -1137.272430 23.172265
slice25/query/img_06396_c0_1287504392333493us.jpg 0.091885 0.102386 0.707632 -0.693059 -188.153303 -1138.395866 23.135260
slice25/query/img_06397_c0_1287504392466868us.jpg 0.097057 0.107351 0.706765 -0.692487 -190.049065 -1139.487622 23.089993
slice25/query/img_06398_c0_1287504392533452us.jpg 0.099571 0.110029 0.706364 -0.692120 -190.999888 -1140.021512 23.071062
slice25/query/img_06399_c0_1287504392666801us.jpg 0.104843 0.115590 0.705187 -0.691634 -192.901493 -1141.061157 23.035484
slice25/query/img_06400_c0_1287504392800156us.jpg 0.109765 0.121036 0.704006 -0.691143 -194.829249 -1142.069371 22.993237
slice25/query/img_06401_c0_1287504392866766us.jpg 0.112165 0.123801 0.703175 -0.691113 -195.803001 -1142.554604 22.969532
slice25/query/img_06402_c0_1287504393000141us.jpg 0.116885 0.129899 0.701467 -0.690947 -197.706496 -1143.502168 22.925904
slice25/query/img_06403_c0_1287504393134263us.jpg 0.121832 0.135186 0.700342 -0.690220 -199.680157 -1144.431429 22.882035
slice25/query/img_06404_c0_1287504393200102us.jpg 0.124746 0.137576 0.699814 -0.689762 -200.652177 -1144.877946 22.856544
slice25/query/img_06405_c0_1287504393266696us.jpg 0.127703 0.139848 0.699324 -0.689260 -201.609756 -1145.314111 22.834429
slice25/query/img_06406_c0_1287504393400047us.jpg 0.134003 0.143990 0.698444 -0.688103 -203.572463 -1146.189767 22.795631
slice25/query/img_06407_c0_1287504393466660us.jpg 0.136964 0.146383 0.697813 -0.687655 -204.563447 -1146.617483 22.775433
slice25/query/img_06408_c0_1287504393600013us.jpg 0.142093 0.152099 0.696269 -0.686939 -206.542797 -1147.440394 22.745251
slice25/query/img_06409_c0_1287504393666624us.jpg 0.144295 0.154978 0.695313 -0.686805 -207.542510 -1147.840458 22.731416
slice25/query/img_06410_c0_1287504393733237us.jpg 0.146376 0.158115 0.694369 -0.686605 -208.545494 -1148.233090 22.718417
slice25/query/img_06411_c0_1287504393933207us.jpg 0.153223 0.166612 0.691849 -0.685644 -211.573815 -1149.357956 22.674825
slice25/query/img_06412_c0_1287504394066583us.jpg 0.159204 0.170813 0.690668 -0.684437 -213.604210 -1150.081213 22.634012
slice25/query/img_06413_c0_1287504394133164us.jpg 0.162204 0.173158 0.690018 -0.683800 -214.618389 -1150.430252 22.616802
slice25/query/img_06414_c0_1287504394266516us.jpg 0.166723 0.178204 0.688759 -0.682684 -216.665457 -1151.111579 22.587294
slice25/query/img_06415_c0_1287504394333128us.jpg 0.168763 0.180456 0.687951 -0.682406 -217.694877 -1151.440071 22.571653
slice25/query/img_06416_c0_1287504394466494us.jpg 0.173158 0.185281 0.685561 -0.682417 -219.758919 -1152.072355 22.543217
slice25/query/img_06417_c0_1287504394599827us.jpg 0.177483 0.189330 0.683197 -0.682565 -221.848954 -1152.682660 22.511702
slice25/query/img_06418_c0_1287504394666442us.jpg 0.179815 0.191255 0.682064 -0.682552 -222.885494 -1152.977472 22.498175
slice25/query/img_06419_c0_1287504394799818us.jpg 0.183506 0.195072 0.680593 -0.681957 -224.969865 -1153.558524 22.479081
slice25/query/img_06420_c0_1287504394866409us.jpg 0.184945 0.197343 0.679828 -0.681678 -226.024606 -1153.836047 22.466196
slice25/query/img_06421_c0_1287504394999970us.jpg 0.189945 0.200800 0.678390 -0.680726 -228.120865 -1154.380679 22.447628
slice25/query/img_06422_c0_1287504395066371us.jpg 0.193086 0.201673 0.677215 -0.680753 -229.163255 -1154.637909 22.435415
slice25/query/img_06423_c0_1287504395199729us.jpg 0.198772 0.202976 0.675685 -0.680250 -231.294117 -1155.142459 22.413449
slice25/query/img_06424_c0_1287504395332973us.jpg 0.203716 0.204709 0.673807 -0.680130 -233.392892 -1155.608853 22.415758
slice25/query/img_06425_c0_1287504395399689us.jpg 0.206119 0.205434 0.673025 -0.679963 -234.462379 -1155.842669 22.424343
slice25/query/img_06426_c0_1287504395532931us.jpg 0.210917 0.207375 0.672489 -0.678430 -236.568996 -1156.294771 22.443310
slice25/query/img_06427_c0_1287504395599650us.jpg 0.213251 0.208053 0.672687 -0.677296 -237.631021 -1156.514415 22.461379
slice25/query/img_06428_c0_1287504395732877us.jpg 0.219686 0.208435 0.672381 -0.675424 -239.727162 -1156.944962 22.484431
slice25/query/img_06429_c0_1287504395799614us.jpg 0.222559 0.209037 0.672198 -0.674478 -240.781322 -1157.147533 22.501705
slice25/query/img_06430_c0_1287504395932868us.jpg 0.227175 0.209567 0.671812 -0.673158 -242.898892 -1157.533842 22.542074
slice25/query/img_06431_c0_1287504395999577us.jpg 0.228782 0.210469 0.670912 -0.673231 -243.943149 -1157.721099 22.569803
slice25/query/img_06432_c0_1287504396132828us.jpg 0.230466 0.211913 0.669492 -0.673616 -246.039706 -1158.074336 22.628219
slice25/query/img_06433_c0_1287504396199565us.jpg 0.230993 0.212026 0.668983 -0.673906 -247.096952 -1158.242691 22.658551
slice25/query/img_06434_c0_1287504396266158us.jpg 0.232382 0.212323 0.667749 -0.674558 -248.158614 -1158.410302 22.686285
slice25/query/img_06435_c0_1287504396399506us.jpg 0.234261 0.212394 0.666637 -0.674985 -250.264316 -1158.749155 22.751063
slice25/query/img_06436_c0_1287504396466121us.jpg 0.234364 0.212168 0.667209 -0.674456 -251.326956 -1158.917096 22.785211
slice25/query/img_06437_c0_1287504396599493us.jpg 0.233681 0.213382 0.667378 -0.674142 -253.467549 -1159.247927 22.861732
slice25/query/img_06438_c0_1287504396666084us.jpg 0.233065 0.214721 0.666319 -0.674977 -254.539177 -1159.410037 22.901701
slice25/query/img_06439_c0_1287504396799805us.jpg 0.232670 0.215149 0.664549 -0.676720 -256.671540 -1159.730399 22.971520
slice25/query/img_06440_c0_1287504396866068us.jpg 0.233317 0.214168 0.663877 -0.677468 -257.737116 -1159.890399 23.003675
slice25/query/img_06441_c0_1287504396932663us.jpg 0.233491 0.213653 0.663338 -0.678098 -258.804239 -1160.051630 23.035765
slice25/query/img_06442_c0_1287504397066034us.jpg 0.232844 0.213698 0.664311 -0.677353 -260.938609 -1160.383043 23.100172
slice25/query/img_06443_c0_1287504397132625us.jpg 0.231788 0.214853 0.665316 -0.676363 -262.004486 -1160.562292 23.133346
slice25/query/img_06444_c0_1287504397265999us.jpg 0.231265 0.214700 0.667634 -0.674303 -264.169961 -1160.897056 23.190544
slice25/query/img_06445_c0_1287504397332588us.jpg 0.231431 0.214169 0.668334 -0.673722 -265.235800 -1161.065326 23.220049
slice25/query/img_06446_c0_1287504397399334us.jpg 0.231936 0.213393 0.668350 -0.673778 -266.298972 -1161.237684 23.252132
slice25/query/img_06447_c0_1287504397532551us.jpg 0.232974 0.211647 0.667263 -0.675047 -268.433382 -1161.572850 23.319012
slice25/query/img_06448_c0_1287504397599290us.jpg 0.233042 0.211750 0.666752 -0.675496 -269.499877 -1161.741119 23.358535
slice25/query/img_06449_c0_1287504397732516us.jpg 0.232439 0.212401 0.666227 -0.676017 -271.640754 -1162.067073 23.434782
slice25/query/img_06450_c0_1287504397799255us.jpg 0.232421 0.212623 0.666169 -0.676011 -272.704916 -1162.235712 23.469914
slice25/query/img_06451_c0_1287504397932485us.jpg 0.232653 0.212714 0.666429 -0.675646 -274.835642 -1162.563867 23.541461
slice25/query/img_06452_c0_1287504397999221us.jpg 0.232166 0.213093 0.666796 -0.675332 -275.908082 -1162.728342 23.577117
slice25/query/img_06453_c0_1287504398065833us.jpg 0.232116 0.212914 0.666811 -0.675391 -276.974193 -1162.888203 23.610833
slice25/query/img_06454_c0_1287504398199182us.jpg 0.232944 0.212281 0.666462 -0.675650 -279.098009 -1163.210176 23.671780
slice25/query/img_06455_c0_1287504398265797us.jpg 0.233607 0.211855 0.665909 -0.676100 -280.161946 -1163.366644 23.701023
slice25/query/img_06456_c0_1287504398399173us.jpg 0.234055 0.211967 0.665676 -0.676139 -282.282137 -1163.682419 23.765481
slice25/query/img_06457_c0_1287504398465760us.jpg 0.234282 0.212251 0.665740 -0.675908 -283.336388 -1163.843600 23.800365
slice25/query/img_06458_c0_1287504398599129us.jpg 0.234693 0.212575 0.666307 -0.675105 -285.483485 -1164.182572 23.898548
slice25/query/img_06459_c0_1287504398665742us.jpg 0.234744 0.213052 0.666170 -0.675071 -286.550304 -1164.345933 23.932894
slice25/query/img_06460_c0_1287504398732335us.jpg 0.234787 0.213643 0.665625 -0.675407 -287.614798 -1164.506560 23.968430
slice25/query/img_06461_c0_1287504398865710us.jpg 0.233799 0.215110 0.665030 -0.675870 -289.779915 -1164.817879 24.067307
slice25/query/img_06462_c0_1287504398932302us.jpg 0.234058 0.214974 0.663911 -0.676924 -290.863874 -1164.999287 24.087585
slice25/query/img_06463_c0_1287504399065652us.jpg 0.234392 0.213792 0.662886 -0.678185 -293.031583 -1165.320314 24.166249
slice25/query/img_06464_c0_1287504399132264us.jpg 0.234639 0.213641 0.662761 -0.678269 -294.113020 -1165.482260 24.200249
slice25/query/img_06465_c0_1287504399199004us.jpg 0.234673 0.213666 0.663322 -0.677701 -295.197227 -1165.652024 24.234649
slice25/query/img_06466_c0_1287504399332251us.jpg 0.234861 0.214901 0.665476 -0.675130 -297.343583 -1165.985050 24.316551
slice25/query/img_06467_c0_1287504399398967us.jpg 0.234696 0.215278 0.666101 -0.674450 -298.420311 -1166.144001 24.361766
slice25/query/img_06468_c0_1287504399532193us.jpg 0.235482 0.214538 0.665349 -0.675153 -300.580302 -1166.476726 24.427413
slice25/query/img_06469_c0_1287504399598931us.jpg 0.234914 0.214615 0.664530 -0.676132 -301.652603 -1166.629213 24.458927
slice25/query/img_06470_c0_1287504399665544us.jpg 0.234213 0.214644 0.663673 -0.677207 -302.721636 -1166.774752 24.491562
slice25/query/img_06471_c0_1287504399798893us.jpg 0.233221 0.214847 0.663302 -0.677849 -304.884238 -1167.086424 24.579533
slice25/query/img_06472_c0_1287504399865508us.jpg 0.233104 0.215050 0.663374 -0.677754 -305.961275 -1167.254791 24.620225
slice25/query/img_06473_c0_1287504399998858us.jpg 0.234293 0.213195 0.665008 -0.676328 -308.123183 -1167.591545 24.701036
slice25/query/img_06474_c0_1287504400065472us.jpg 0.234474 0.213094 0.665650 -0.675665 -309.194135 -1167.750892 24.733934
slice25/query/img_06475_c0_1287504400198823us.jpg 0.234479 0.213076 0.666063 -0.675262 -311.360571 -1168.085657 24.808792
slice25/query/img_06476_c0_1287504400265461us.jpg 0.234304 0.213391 0.665716 -0.675565 -312.441717 -1168.249116 24.844635
slice25/query/img_06477_c0_1287504400332048us.jpg 0.234607 0.213312 0.665252 -0.675942 -313.523204 -1168.411082 24.876255
slice25/query/img_06478_c0_1287504400465424us.jpg 0.233995 0.214338 0.664551 -0.676519 -315.707427 -1168.737905 24.958943
slice25/query/img_06479_c0_1287504400532014us.jpg 0.233979 0.214600 0.664744 -0.676251 -316.791112 -1168.899778 24.997180
slice25/query/img_06480_c0_1287504400665388us.jpg 0.232883 0.215839 0.666364 -0.674639 -318.971153 -1169.212842 25.074709
slice25/query/img_06481_c0_1287504400731974us.jpg 0.232477 0.216832 0.667180 -0.673653 -320.072199 -1169.378111 25.112944
