slice25/query/img_08087_c0_1288106952495716us.jpg 0.213826 0.215563 0.684215 -0.663070 -65.633131 -1070.944144 27.387402
slice25/query/img_08088_c0_1288106952562331us.jpg 0.210950 0.214591 0.684074 -0.664450 -66.670659 -1071.114235 27.363208
slice25/query/img_08089_c0_1288106952695701us.jpg 0.202884 0.214536 0.687489 -0.663454 -68.750362 -1071.496847 27.338765
slice25/query/img_08090_c0_1288106952762310us.jpg 0.199997 0.213026 0.689336 -0.662901 -69.785709 -1071.694652 27.307550
slice25/query/img_08091_c0_1288106952828901us.jpg 0.198149 0.210949 0.690968 -0.662420 -70.819468 -1071.900484 27.269308
slice25/query/img_08092_c0_1288106952895636us.jpg 0.197074 0.208447 0.692004 -0.662452 -71.842106 -1072.111855 27.224848
slice25/query/img_08093_c0_1288106953028882us.jpg 0.194378 0.202526 0.692909 -0.664137 -73.879360 -1072.549682 27.137433
slice25/query/img_08094_c0_1288106953095595us.jpg 0.192581 0.200190 0.693363 -0.664894 -74.890855 -1072.775882 27.096144
slice25/query/img_08095_c0_1288106953162206us.jpg 0.190366 0.198165 0.693832 -0.665649 -75.902959 -1073.007338 27.058465
slice25/query/img_08096_c0_1288106953228817us.jpg 0.187834 0.196514 0.694439 -0.666224 -76.917705 -1073.245702 27.022847
slice25/query/img_08097_c0_1288106953362185us.jpg 0.183144 0.193465 0.696099 -0.666691 -78.940241 -1073.743677 26.942173
slice25/query/img_08098_c0_1288106953428776us.jpg 0.180931 0.192085 0.697258 -0.666483 -79.942526 -1074.000672 26.898670
slice25/query/img_08099_c0_1288106953562126us.jpg 0.176705 0.189507 0.699482 -0.666024 -81.979901 -1074.528096 26.813171
slice25/query/img_08100_c0_1288106953628741us.jpg 0.173841 0.189216 0.700844 -0.665428 -83.007198 -1074.809241 26.780960
slice25/query/img_08101_c0_1288106953695471us.jpg 0.171136 0.188616 0.702335 -0.664727 -84.034325 -1075.092427 26.742915
slice25/query/img_08102_c0_1288106953828724us.jpg 0.169161 0.184463 0.703086 -0.665603 -86.084148 -1075.671803 26.635005
slice25/query/img_08103_c0_1288106953895433us.jpg 0.169147 0.181237 0.702887 -0.666703 -87.107796 -1075.969291 26.576095
slice25/query/img_08104_c0_1288106953962041us.jpg 0.169572 0.178134 0.702107 -0.668251 -88.129878 -1076.270232 26.525647
slice25/query/img_08105_c0_1288106954028652us.jpg 0.169010 0.175745 0.701056 -0.670126 -89.148148 -1076.575134 26.484799
slice25/query/img_08106_c0_1288106954162006us.jpg 0.164154 0.173649 0.700125 -0.672848 -91.201158 -1077.191902 26.420290
slice25/query/img_08107_c0_1288106954228617us.jpg 0.159361 0.173709 0.700603 -0.673487 -92.226606 -1077.502258 26.397435
slice25/query/img_08108_c0_1288106954295348us.jpg 0.154669 0.173276 0.701390 -0.673873 -93.242636 -1077.821158 26.372952
slice25/query/img_08109_c0_1288106954361962us.jpg 0.151109 0.172006 0.702108 -0.674259 -94.257126 -1078.149092 26.338786
slice25/query/img_08110_c0_1288106954495332us.jpg 0.148466 0.165028 0.703825 -0.674800 -96.272297 -1078.841699 26.243699
slice25/query/img_08111_c0_1288106954561918us.jpg 0.150610 0.157994 0.704016 -0.675808 -97.273770 -1079.201824 26.180427
slice25/query/img_08112_c0_1288106954761895us.jpg 0.149776 0.144005 0.705808 -0.677248 -100.255346 -1080.308905 26.093074
slice25/query/img_08113_c0_1288106954895226us.jpg 0.139239 0.145863 0.704768 -0.680176 -102.262640 -1081.047125 26.075793
slice25/query/img_08114_c0_1288106954961838us.jpg 0.134155 0.146560 0.704058 -0.681781 -103.276512 -1081.434156 26.065897
slice25/query/img_08115_c0_1288106955028449us.jpg 0.130222 0.146036 0.703277 -0.683459 -104.281271 -1081.835436 26.044727
slice25/query/img_08116_c0_1288106955095183us.jpg 0.127682 0.143751 0.703474 -0.684221 -105.281467 -1082.245321 26.013157
slice25/query/img_08117_c0_1288106955228410us.jpg 0.125700 0.136898 0.705438 -0.683971 -107.269697 -1083.102476 25.925004
slice25/query/img_08118_c0_1288106955295166us.jpg 0.125646 0.132954 0.706724 -0.683430 -108.253534 -1083.545281 25.879245
slice25/query/img_08119_c0_1288106955361757us.jpg 0.125368 0.129394 0.708250 -0.682585 -109.234996 -1083.994100 25.837892
slice25/query/img_08120_c0_1288106955428369us.jpg 0.123778 0.126947 0.709414 -0.682126 -110.213383 -1084.445680 25.805290
slice25/query/img_08121_c0_1288106955561717us.jpg 0.117740 0.124227 0.710844 -0.682207 -112.171721 -1085.352603 25.747831
slice25/query/img_08122_c0_1288106955628348us.jpg 0.113755 0.123668 0.710897 -0.682929 -113.149607 -1085.812083 25.723511
slice25/query/img_08123_c0_1288106955695063us.jpg 0.109897 0.122943 0.710306 -0.684305 -114.124812 -1086.275102 25.695398
slice25/query/img_08124_c0_1288106955761675us.jpg 0.106643 0.121747 0.709496 -0.685872 -115.091031 -1086.745286 25.664200
slice25/query/img_08125_c0_1288106955828287us.jpg 0.104491 0.119078 0.708504 -0.687695 -116.048979 -1087.219315 25.629565
slice25/query/img_08126_c0_1288106955961660us.jpg 0.099524 0.110786 0.707587 -0.690755 -117.946966 -1088.186474 25.558100
slice25/query/img_08127_c0_1288106956028244us.jpg 0.096042 0.108111 0.707220 -0.692046 -118.890617 -1088.682394 25.523917
slice25/query/img_08128_c0_1288106956094982us.jpg 0.091492 0.105000 0.707339 -0.693019 -119.825595 -1089.182334 25.490530
slice25/query/img_08129_c0_1288106956161593us.jpg 0.087581 0.101486 0.707712 -0.693667 -120.748094 -1089.693000 25.455627
slice25/query/img_08130_c0_1288106956294944us.jpg 0.080472 0.092901 0.709559 -0.693844 -122.598969 -1090.773475 25.384086
slice25/query/img_08131_c0_1288106956361552us.jpg 0.077036 0.088901 0.710626 -0.693666 -123.514821 -1091.331146 25.349736
slice25/query/img_08132_c0_1288106956428161us.jpg 0.073790 0.085016 0.711218 -0.693899 -124.427045 -1091.897596 25.315570
slice25/query/img_08133_c0_1288106956494901us.jpg 0.070609 0.080905 0.711260 -0.694678 -125.326207 -1092.467939 25.281499
slice25/query/img_08134_c0_1288106956628127us.jpg 0.062740 0.074233 0.711205 -0.696233 -127.116018 -1093.627766 25.222168
slice25/query/img_08135_c0_1288106956694859us.jpg 0.058245 0.071977 0.711067 -0.697001 -128.008657 -1094.225737 25.190699
slice25/query/img_08136_c0_1288106956761471us.jpg 0.053338 0.069870 0.711366 -0.697303 -128.894356 -1094.835225 25.163801
slice25/query/img_08137_c0_1288106956896235us.jpg 0.047202 0.064913 0.713093 -0.696460 -130.645716 -1096.097301 25.095534
slice25/query/img_08138_c0_1288106956961430us.jpg 0.045657 0.062111 0.714231 -0.695652 -131.509326 -1096.744165 25.059761
slice25/query/img_08139_c0_1288106957028042us.jpg 0.044987 0.059445 0.715237 -0.694895 -132.368538 -1097.402797 25.015139
slice25/query/img_08140_c0_1288106957094779us.jpg 0.044969 0.056712 0.716193 -0.694139 -133.220365 -1098.064212 24.972154
slice25/query/img_08141_c0_1288106957228032us.jpg 0.045701 0.052124 0.716973 -0.693645 -134.942017 -1099.407339 24.865976
slice25/query/img_08142_c0_1288106957294738us.jpg 0.046112 0.050663 0.717011 -0.693688 -135.795898 -1100.075550 24.822567
slice25/query/img_08143_c0_1288106957361349us.jpg 0.045951 0.049956 0.717298 -0.693453 -136.648982 -1100.740523 24.792728
slice25/query/img_08144_c0_1288106957427961us.jpg 0.045409 0.049772 0.717960 -0.692816 -137.502433 -1101.405900 24.767805
slice25/query/img_08145_c0_1288106957561331us.jpg 0.043968 0.049888 0.719281 -0.691529 -139.233724 -1102.755379 24.703785
slice25/query/img_08146_c0_1288106957627921us.jpg 0.043794 0.049891 0.719558 -0.691251 -140.093409 -1103.427339 24.667956
slice25/query/img_08147_c0_1288106957694656us.jpg 0.044432 0.049666 0.719399 -0.691393 -140.942704 -1104.093665 24.633668
slice25/query/img_08148_c0_1288106957761269us.jpg 0.044962 0.048968 0.719295 -0.691517 -141.790512 -1104.754441 24.597803
slice25/query/img_08149_c0_1288106957894640us.jpg 0.044723 0.048528 0.719953 -0.690878 -143.491432 -1106.079476 24.530780
slice25/query/img_08150_c0_1288106957961227us.jpg 0.044314 0.048671 0.720177 -0.690661 -144.342407 -1106.745556 24.497444
slice25/query/img_08151_c0_1288106958027838us.jpg 0.044059 0.048917 0.720058 -0.690784 -145.190123 -1107.405499 24.462196
slice25/query/img_08152_c0_1288106958094577us.jpg 0.043975 0.049181 0.719748 -0.691094 -146.033724 -1108.067870 24.429444
slice25/query/img_08153_c0_1288106958227824us.jpg 0.044361 0.049125 0.718947 -0.691906 -147.740564 -1109.397404 24.356635
slice25/query/img_08154_c0_1288106958294535us.jpg 0.044143 0.049283 0.718696 -0.692169 -148.584032 -1110.053499 24.327769
slice25/query/img_08155_c0_1288106958361147us.jpg 0.044050 0.049522 0.718211 -0.692661 -149.436579 -1110.712877 24.297522
slice25/query/img_08156_c0_1288106958494494us.jpg 0.044413 0.048266 0.717830 -0.693122 -151.133357 -1112.030021 24.236523
slice25/query/img_08157_c0_1288106958561105us.jpg 0.044285 0.049811 0.718275 -0.692559 -151.983888 -1112.692061 24.209408
slice25/query/img_08158_c0_1288106958627719us.jpg 0.044399 0.051760 0.718563 -0.692110 -152.825382 -1113.350379 24.184442
slice25/query/img_08159_c0_1288106958761089us.jpg 0.044567 0.052073 0.718320 -0.692328 -154.522671 -1114.667249 24.127266
slice25/query/img_08160_c0_1288106958827677us.jpg 0.044906 0.051842 0.717856 -0.692805 -155.372142 -1115.321187 24.094912
slice25/query/img_08161_c0_1288106958894415us.jpg 0.045262 0.051883 0.717227 -0.693430 -156.218484 -1115.972976 24.063169
slice25/query/img_08162_c0_1288106959027638us.jpg 0.046264 0.053021 0.716160 -0.694379 -157.915572 -1117.265270 24.004298
slice25/query/img_08163_c0_1288106959094372us.jpg 0.046489 0.053726 0.716421 -0.694041 -158.765110 -1117.911795 23.976166
slice25/query/img_08164_c0_1288106959160985us.jpg 0.046465 0.054621 0.717053 -0.693320 -159.611993 -1118.554178 23.946589
slice25/query/img_08165_c0_1288106959294357us.jpg 0.046792 0.056285 0.717659 -0.692538 -161.313807 -1119.848070 23.892295
slice25/query/img_08166_c0_1288106959360944us.jpg 0.047706 0.057190 0.716900 -0.693187 -162.155281 -1120.484063 23.864572
slice25/query/img_08167_c0_1288106959494293us.jpg 0.049004 0.057867 0.715000 -0.695000 -163.852544 -1121.756002 23.806227
slice25/query/img_08168_c0_1288106959560904us.jpg 0.048854 0.058957 0.714177 -0.695765 -164.705134 -1122.389859 23.782279
slice25/query/img_08169_c0_1288106959627516us.jpg 0.049053 0.060610 0.713664 -0.696135 -165.558054 -1123.023442 23.757224
slice25/query/img_08170_c0_1288106959760888us.jpg 0.051378 0.063332 0.712734 -0.696677 -167.266014 -1124.282898 23.706592
slice25/query/img_08171_c0_1288106959827476us.jpg 0.052197 0.065920 0.712766 -0.696344 -168.107555 -1124.903007 23.685843
slice25/query/img_08172_c0_1288106960027435us.jpg 0.053940 0.070803 0.710619 -0.697924 -170.732856 -1126.793535 23.594156
slice25/query/img_08173_c0_1288106960160807us.jpg 0.055945 0.073173 0.709760 -0.698396 -172.480993 -1128.034703 23.535288
slice25/query/img_08174_c0_1288106960227396us.jpg 0.057389 0.073844 0.709625 -0.698345 -173.353996 -1128.654617 23.503590
slice25/query/img_08175_c0_1288106960294134us.jpg 0.058945 0.074471 0.709312 -0.698467 -174.223599 -1129.267774 23.472728
slice25/query/img_08176_c0_1288106960427381us.jpg 0.063965 0.075069 0.709061 -0.698216 -175.968513 -1130.497891 23.415175
slice25/query/img_08177_c0_1288106960494114us.jpg 0.065492 0.076390 0.708755 -0.698242 -176.848892 -1131.103304 23.390889
slice25/query/img_08178_c0_1288106960560704us.jpg 0.067046 0.077854 0.708531 -0.698160 -177.727416 -1131.705344 23.369016
slice25/query/img_08179_c0_1288106960627316us.jpg 0.068491 0.080024 0.708298 -0.698011 -178.608272 -1132.302039 23.353294
slice25/query/img_08180_c0_1288106960760688us.jpg 0.071666 0.084558 0.707570 -0.697896 -180.390774 -1133.494610 23.316127
slice25/query/img_08181_c0_1288106960827276us.jpg 0.073778 0.086510 0.707383 -0.697626 -181.287265 -1134.084031 23.292061
slice25/query/img_08182_c0_1288106960894013us.jpg 0.076242 0.088237 0.707281 -0.697248 -182.183101 -1134.666046 23.269183
slice25/query/img_08183_c0_1288106960960625us.jpg 0.079186 0.089699 0.707044 -0.696973 -183.076838 -1135.243532 23.245392
slice25/query/img_08184_c0_1288106961093975us.jpg 0.084928 0.093390 0.706893 -0.695966 -184.880781 -1136.385083 23.202700
slice25/query/img_08185_c0_1288106961160584us.jpg 0.087549 0.095434 0.706961 -0.695293 -185.795233 -1136.944504 23.181893
slice25/query/img_08186_c0_1288106961227196us.jpg 0.089826 0.097825 0.706948 -0.694684 -186.715325 -1137.497686 23.161627
slice25/query/img_08187_c0_1288106961360546us.jpg 0.094646 0.103011 0.706450 -0.693801 -188.569640 -1138.592043 23.119383
slice25/query/img_08188_c0_1288106961427156us.jpg 0.097355 0.105298 0.706055 -0.693485 -189.517792 -1139.125546 23.092410
slice25/query/img_08189_c0_1288106961493893us.jpg 0.099990 0.107804 0.705760 -0.693025 -190.463083 -1139.649888 23.065757
slice25/query/img_08190_c0_1288106961560504us.jpg 0.102596 0.110729 0.705322 -0.692628 -191.384747 -1140.165928 23.044495
slice25/query/img_08191_c0_1288106961693855us.jpg 0.107739 0.116222 0.704074 -0.692217 -193.289912 -1141.189129 22.999934
slice25/query/img_08192_c0_1288106961760489us.jpg 0.110015 0.119138 0.703474 -0.691974 -194.242278 -1141.687366 22.979791
slice25/query/img_08193_c0_1288106961827076us.jpg 0.112456 0.121867 0.702715 -0.691877 -195.197717 -1142.178224 22.959000
slice25/query/img_08194_c0_1288106961960427us.jpg 0.117254 0.127664 0.700960 -0.691815 -197.141019 -1143.148374 22.918221
slice25/query/img_08195_c0_1288106962027035us.jpg 0.119724 0.130579 0.700280 -0.691537 -198.111951 -1143.623409 22.898442
slice25/query/img_08196_c0_1288106962093773us.jpg 0.122332 0.133290 0.699944 -0.690903 -199.088884 -1144.093305 22.878749
slice25/query/img_08197_c0_1288106962160384us.jpg 0.125326 0.135814 0.699531 -0.690293 -200.069703 -1144.556345 22.856754
slice25/query/img_08198_c0_1288106962293733us.jpg 0.131727 0.140196 0.698918 -0.688845 -202.031648 -1145.457135 22.817096
slice25/query/img_08199_c0_1288106962360340us.jpg 0.135141 0.142283 0.698459 -0.688221 -203.009427 -1145.893892 22.793158
slice25/query/img_08200_c0_1288106962493685us.jpg 0.141405 0.146793 0.697198 -0.687293 -205.016693 -1146.744953 22.754988
slice25/query/img_08201_c0_1288106962560296us.jpg 0.143900 0.149686 0.696311 -0.687050 -206.023245 -1147.157035 22.738669
slice25/query/img_08202_c0_1288106962626904us.jpg 0.146098 0.152872 0.695394 -0.686814 -207.030302 -1147.562697 22.726330
slice25/query/img_08203_c0_1288106962760275us.jpg 0.150411 0.159062 0.693250 -0.686644 -209.064365 -1148.346872 22.698422
slice25/query/img_08204_c0_1288106962826884us.jpg 0.152488 0.162035 0.692325 -0.686425 -210.086650 -1148.729067 22.683457
slice25/query/img_08205_c0_1288106962893598us.jpg 0.154707 0.164779 0.691491 -0.686115 -211.112421 -1149.103240 22.666911
slice25/query/img_08206_c0_1288106962960207us.jpg 0.157379 0.167183 0.690631 -0.685792 -212.135827 -1149.470132 22.648375
slice25/query/img_08207_c0_1288106963093554us.jpg 0.163348 0.171467 0.689529 -0.684445 -214.197592 -1150.189672 22.613281
slice25/query/img_08208_c0_1288106963160162us.jpg 0.166343 0.173678 0.689002 -0.683698 -215.238576 -1150.532767 22.595477
slice25/query/img_08209_c0_1288106963226774us.jpg 0.168587 0.176042 0.688454 -0.683095 -216.282988 -1150.866069 22.577749
slice25/query/img_08210_c0_1288106963293508us.jpg 0.170234 0.178699 0.687767 -0.682689 -217.326288 -1151.196504 22.560958
slice25/query/img_08211_c0_1288106963426731us.jpg 0.174684 0.183547 0.685620 -0.682438 -219.415743 -1151.835787 22.533177
slice25/query/img_08212_c0_1288106963493462us.jpg 0.176925 0.185854 0.684378 -0.682483 -220.460753 -1152.135527 22.528287
slice25/query/img_08213_c0_1288106963626684us.jpg 0.182032 0.189732 0.682122 -0.682331 -222.585213 -1152.724635 22.496967
slice25/query/img_08214_c0_1288106963693431us.jpg 0.185306 0.191130 0.681211 -0.681969 -223.630416 -1153.013135 22.483444
slice25/query/img_08215_c0_1288106963760028us.jpg 0.187705 0.193851 0.680809 -0.680946 -224.678178 -1153.293987 22.475367
slice25/query/img_08216_c0_1288106963893375us.jpg 0.191438 0.197526 0.679624 -0.680033 -226.818916 -1153.853487 22.465951
slice25/query/img_08217_c0_1288106963959987us.jpg 0.194007 0.198611 0.678583 -0.680030 -227.897862 -1154.122646 22.458415
slice25/query/img_08218_c0_1288106964026593us.jpg 0.196014 0.199269 0.677073 -0.680766 -228.977545 -1154.380641 22.454226
slice25/query/img_08219_c0_1288106964159963us.jpg 0.199613 0.201463 0.674399 -0.681728 -231.127249 -1154.882970 22.447571
slice25/query/img_08220_c0_1288106964226550us.jpg 0.200792 0.202724 0.673284 -0.682110 -232.212410 -1155.130407 22.447814
slice25/query/img_08221_c0_1288106964293285us.jpg 0.202580 0.203203 0.672355 -0.682355 -233.289362 -1155.375197 22.449152
slice25/query/img_08222_c0_1288106964426509us.jpg 0.206519 0.203988 0.671506 -0.681776 -235.479183 -1155.864437 22.453785
slice25/query/img_08223_c0_1288106964493242us.jpg 0.208613 0.203761 0.671732 -0.680983 -236.575362 -1156.103787 22.457918
slice25/query/img_08224_c0_1288106964559852us.jpg 0.210984 0.203317 0.672108 -0.680013 -237.669750 -1156.342502 22.461463
slice25/query/img_08225_c0_1288106964693200us.jpg 0.216332 0.202803 0.672136 -0.678457 -239.860564 -1156.815503 22.480120
slice25/query/img_08226_c0_1288106964759806us.jpg 0.218860 0.202672 0.671995 -0.677825 -240.959810 -1157.044996 22.492501
slice25/query/img_08227_c0_1288106964826418us.jpg 0.220953 0.202331 0.671916 -0.677327 -242.055216 -1157.264402 22.508341
slice25/query/img_08228_c0_1288106964893154us.jpg 0.222652 0.202529 0.671813 -0.676812 -243.148038 -1157.483624 22.529916
slice25/query/img_08229_c0_1288106965026374us.jpg 0.224906 0.203836 0.670293 -0.677182 -245.368692 -1157.910396 22.585967
slice25/query/img_08230_c0_1288106965093109us.jpg 0.226118 0.204007 0.670267 -0.676753 -246.482882 -1158.121861 22.616976
slice25/query/img_08231_c0_1288106965159719us.jpg 0.227739 0.204602 0.669985 -0.676309 -247.598722 -1158.331532 22.643161
slice25/query/img_08232_c0_1288106965293092us.jpg 0.232160 0.205614 0.669057 -0.675416 -249.808142 -1158.736445 22.711116
slice25/query/img_08233_c0_1288106965359677us.jpg 0.233878 0.205780 0.669537 -0.674297 -250.921493 -1158.933099 22.744321
slice25/query/img_08234_c0_1288106965426285us.jpg 0.234784 0.206537 0.670180 -0.673110 -252.039612 -1159.125617 22.783727
slice25/query/img_08235_c0_1288106965493021us.jpg 0.235012 0.208260 0.670192 -0.672488 -253.161390 -1159.312840 22.824880
slice25/query/img_08236_c0_1288106965626243us.jpg 0.235123 0.212299 0.667431 -0.673930 -255.421372 -1159.658452 22.907279
slice25/query/img_08237_c0_1288106965692977us.jpg 0.235261 0.213406 0.665833 -0.675112 -256.542846 -1159.826249 22.945029
slice25/query/img_08238_c0_1288106965759585us.jpg 0.235521 0.213458 0.664253 -0.676560 -257.665054 -1159.980719 22.981480
slice25/query/img_08239_c0_1288106965826197us.jpg 0.235797 0.213112 0.663280 -0.677527 -258.788097 -1160.145467 23.018042
slice25/query/img_08240_c0_1288106965959567us.jpg 0.234005 0.213302 0.662814 -0.678544 -261.056372 -1160.497105 23.100025
slice25/query/img_08241_c0_1288106966026154us.jpg 0.232640 0.214248 0.663497 -0.678048 -262.184066 -1160.665536 23.136259
slice25/query/img_08242_c0_1288106966092890us.jpg 0.231715 0.214640 0.664613 -0.677146 -263.316245 -1160.832518 23.171487
slice25/query/img_08243_c0_1288106966159500us.jpg 0.231510 0.214349 0.665668 -0.676272 -264.445522 -1161.012043 23.203556
slice25/query/img_08244_c0_1288106966292869us.jpg 0.232411 0.212611 0.666966 -0.675232 -266.711910 -1161.388097 23.267135
slice25/query/img_08245_c0_1288106966359457us.jpg 0.232955 0.211322 0.666922 -0.675492 -267.838144 -1161.560132 23.302569
slice25/query/img_08246_c0_1288106966426066us.jpg 0.233047 0.210864 0.666159 -0.676357 -268.967184 -1161.731583 23.325539
slice25/query/img_08247_c0_1288106966559436us.jpg 0.232649 0.211208 0.665309 -0.677222 -271.241952 -1162.103318 23.413911
slice25/query/img_08248_c0_1288106966626044us.jpg 0.232130 0.211356 0.665017 -0.677641 -272.373234 -1162.271567 23.446502
slice25/query/img_08249_c0_1288106966692757us.jpg 0.232239 0.211356 0.664852 -0.677765 -273.509108 -1162.446351 23.481041
slice25/query/img_08250_c0_1288106966759368us.jpg 0.232203 0.211743 0.664908 -0.677602 -274.634837 -1162.618974 23.514268
slice25/query/img_08251_c0_1288106966892716us.jpg 0.232769 0.212060 0.666285 -0.675954 -276.896284 -1162.966345 23.609918
slice25/query/img_08252_c0_1288106966959324us.jpg 0.233588 0.212102 0.666375 -0.675569 -278.017890 -1163.133667 23.643345
slice25/query/img_08253_c0_1288106967025934us.jpg 0.234368 0.211895 0.666231 -0.675506 -279.142393 -1163.300802 23.674371
slice25/query/img_08254_c0_1288106967159281us.jpg 0.236408 0.211452 0.665837 -0.675322 -281.405597 -1163.644931 23.764751
slice25/query/img_08255_c0_1288106967225911us.jpg 0.236464 0.211996 0.665546 -0.675419 -282.536968 -1163.816248 23.804713
slice25/query/img_08256_c0_1288106967292626us.jpg 0.236445 0.212258 0.665294 -0.675592 -283.678555 -1163.985506 23.841410
slice25/query/img_08257_c0_1288106967359236us.jpg 0.236265 0.212982 0.665060 -0.675657 -284.817638 -1164.160253 23.877525
slice25/query/img_08258_c0_1288106967492606us.jpg 0.236239 0.214298 0.664768 -0.675538 -287.098072 -1164.496546 23.966501
slice25/query/img_08259_c0_1288106967559192us.jpg 0.236258 0.214868 0.664292 -0.675818 -288.236159 -1164.656981 24.004078
slice25/query/img_08260_c0_1288106967625802us.jpg 0.236182 0.215332 0.663962 -0.676021 -289.377819 -1164.813693 24.040051
slice25/query/img_08261_c0_1288106967759169us.jpg 0.236498 0.215649 0.662505 -0.677238 -291.673581 -1165.190227 24.101058
slice25/query/img_08262_c0_1288106967892518us.jpg 0.237424 0.215084 0.661249 -0.678320 -293.953781 -1165.532989 24.178258
slice25/query/img_08263_c0_1288106967959106us.jpg 0.237472 0.215250 0.661359 -0.678143 -295.090154 -1165.702455 24.219124
slice25/query/img_08264_c0_1288106968025715us.jpg 0.237200 0.215816 0.662255 -0.677184 -296.221639 -1165.871025 24.255612
slice25/query/img_08265_c0_1288106968092452us.jpg 0.236938 0.216281 0.663142 -0.676258 -297.358718 -1166.034159 24.295019
slice25/query/img_08266_c0_1288106968225674us.jpg 0.237537 0.216187 0.663983 -0.675252 -299.621140 -1166.352586 24.373898
slice25/query/img_08267_c0_1288106968292407us.jpg 0.237503 0.215964 0.663742 -0.675573 -300.750296 -1166.501148 24.411569
slice25/query/img_08268_c0_1288106968359017us.jpg 0.237031 0.215823 0.663363 -0.676156 -301.882643 -1166.650913 24.445334
slice25/query/img_08269_c0_1288106968492363us.jpg 0.236226 0.216463 0.662022 -0.677545 -304.144643 -1166.992322 24.517591
slice25/query/img_08270_c0_1288106968692349us.jpg 0.236361 0.216701 0.662275 -0.677176 -307.574781 -1167.501365 24.635961
slice25/query/img_08271_c0_1288106968958918us.jpg 0.236778 0.216547 0.663726 -0.675656 -312.122880 -1168.193573 24.795471
slice25/query/img_08272_c0_1288106969025497us.jpg 0.236961 0.216446 0.663070 -0.676268 -313.252818 -1168.355184 24.833986
slice25/query/img_08273_c0_1288106969092232us.jpg 0.236817 0.216631 0.662349 -0.676965 -314.383722 -1168.514512 24.872541
slice25/query/img_08274_c0_1288106969225452us.jpg 0.235698 0.217904 0.661748 -0.677536 -316.637320 -1168.821206 24.957071
slice25/query/img_08275_c0_1288106969292188us.jpg 0.235050 0.218467 0.662340 -0.677000 -317.774937 -1168.983594 24.997243
slice25/query/img_08276_c0_1288106969358801us.jpg 0.234456 0.219048 0.663744 -0.675642 -318.907040 -1169.149613 25.040724
