slice25/query/img_08904_c0_1288793107508070us.jpg 0.212559 0.216371 0.680910 -0.666606 -66.671725 -1070.993315 27.378661
slice25/query/img_08905_c0_1288793107641425us.jpg 0.203692 0.215351 0.684381 -0.666150 -68.726546 -1071.356107 27.350195
slice25/query/img_08906_c0_1288793107708034us.jpg 0.199987 0.213834 0.686026 -0.666069 -69.750433 -1071.547202 27.320483
slice25/query/img_08907_c0_1288793107774770us.jpg 0.197692 0.211588 0.687698 -0.665747 -70.761735 -1071.750696 27.283209
slice25/query/img_08908_c0_1288793107841384us.jpg 0.196264 0.208930 0.688613 -0.666064 -71.773889 -1071.961513 27.244575
slice25/query/img_08909_c0_1288793107974735us.jpg 0.193893 0.202385 0.690419 -0.666909 -73.783989 -1072.398550 27.155516
slice25/query/img_08910_c0_1288793108041346us.jpg 0.192301 0.199892 0.691544 -0.666956 -74.784069 -1072.628500 27.113126
slice25/query/img_08911_c0_1288793108107959us.jpg 0.190382 0.197681 0.692496 -0.667178 -75.783348 -1072.862332 27.075693
slice25/query/img_08912_c0_1288793108241311us.jpg 0.185627 0.194396 0.693883 -0.668042 -77.782361 -1073.341553 27.003112
slice25/query/img_08913_c0_1288793108307923us.jpg 0.183223 0.193033 0.694462 -0.668499 -78.779077 -1073.591329 26.970153
slice25/query/img_08914_c0_1288793108374660us.jpg 0.180676 0.191849 0.695224 -0.668740 -79.776626 -1073.845672 26.937979
slice25/query/img_08915_c0_1288793108507908us.jpg 0.176328 0.189043 0.696750 -0.669112 -81.758131 -1074.341289 26.838138
slice25/query/img_08916_c0_1288793108574624us.jpg 0.173535 0.188379 0.697967 -0.668761 -82.762129 -1074.625546 26.806581
slice25/query/img_08917_c0_1288793108641237us.jpg 0.170170 0.188164 0.699428 -0.668160 -83.769491 -1074.914894 26.768560
slice25/query/img_08918_c0_1288793108774607us.jpg 0.166637 0.184534 0.700429 -0.669013 -85.765522 -1075.470588 26.666243
slice25/query/img_08919_c0_1288793108841200us.jpg 0.166220 0.180974 0.700192 -0.670336 -86.760652 -1075.763783 26.609180
slice25/query/img_08920_c0_1288793108974551us.jpg 0.165973 0.174015 0.699291 -0.673174 -88.749212 -1076.364224 26.511228
slice25/query/img_08921_c0_1288793109041164us.jpg 0.165302 0.172058 0.698591 -0.674568 -89.740246 -1076.671888 26.474903
slice25/query/img_08922_c0_1288793109107777us.jpg 0.163111 0.170958 0.698524 -0.675450 -90.732325 -1076.981350 26.446743
slice25/query/img_08923_c0_1288793109174515us.jpg 0.159569 0.170401 0.699600 -0.675323 -91.726512 -1077.296970 26.422989
slice25/query/img_08924_c0_1288793109307765us.jpg 0.152865 0.169316 0.701597 -0.675075 -93.715939 -1077.953863 26.362935
slice25/query/img_08925_c0_1288793109441090us.jpg 0.150602 0.164319 0.702756 -0.675612 -95.698684 -1078.646177 26.282997
slice25/query/img_08926_c0_1288793109507701us.jpg 0.151515 0.159658 0.703091 -0.676177 -96.673430 -1078.999368 26.233740
slice25/query/img_08927_c0_1288793109574440us.jpg 0.154380 0.153461 0.702937 -0.677124 -97.636441 -1079.358555 26.184750
slice25/query/img_08928_c0_1288793109707692us.jpg 0.153129 0.147357 0.703333 -0.678351 -99.584512 -1080.093673 26.127191
slice25/query/img_08929_c0_1288793109774409us.jpg 0.148718 0.147524 0.703708 -0.678907 -100.567639 -1080.450094 26.119609
slice25/query/img_08930_c0_1288793109841016us.jpg 0.143303 0.148488 0.703381 -0.680199 -101.543745 -1080.814201 26.118647
slice25/query/img_08931_c0_1288793109974370us.jpg 0.133205 0.149213 0.701848 -0.683667 -103.487335 -1081.563311 26.091861
slice25/query/img_08932_c0_1288793110040979us.jpg 0.129476 0.147711 0.701465 -0.685102 -104.457068 -1081.945398 26.064034
slice25/query/img_08933_c0_1288793110107592us.jpg 0.127287 0.144313 0.701778 -0.685915 -105.417322 -1082.336094 26.027147
slice25/query/img_08934_c0_1288793110240968us.jpg 0.125576 0.135334 0.704256 -0.685521 -107.329331 -1083.158324 25.935373
slice25/query/img_08935_c0_1288793110307579us.jpg 0.125130 0.130859 0.705823 -0.684859 -108.276532 -1083.583934 25.892584
slice25/query/img_08936_c0_1288793110374295us.jpg 0.123465 0.127362 0.707415 -0.684178 -109.220031 -1084.012345 25.855443
slice25/query/img_08937_c0_1288793110507521us.jpg 0.117654 0.122350 0.709256 -0.684211 -111.106388 -1084.890665 25.795986
slice25/query/img_08938_c0_1288793110574258us.jpg 0.113272 0.120942 0.709442 -0.685007 -112.052600 -1085.331431 25.769855
slice25/query/img_08939_c0_1288793110640872us.jpg 0.108981 0.119307 0.709106 -0.686336 -112.994136 -1085.777486 25.746943
slice25/query/img_08940_c0_1288793110707483us.jpg 0.105679 0.117226 0.708241 -0.688102 -113.928968 -1086.227026 25.719633
slice25/query/img_08941_c0_1288793110840857us.jpg 0.103648 0.112202 0.707443 -0.690067 -115.777585 -1087.160931 25.651998
slice25/query/img_08942_c0_1288793110907449us.jpg 0.101057 0.109900 0.707109 -0.691163 -116.698669 -1087.644492 25.617565
slice25/query/img_08943_c0_1288793110974184us.jpg 0.098771 0.107345 0.706609 -0.692405 -117.611357 -1088.136763 25.584102
slice25/query/img_08944_c0_1288793111107442us.jpg 0.091920 0.102405 0.707150 -0.693544 -119.459490 -1089.157415 25.519302
slice25/query/img_08945_c0_1288793111174147us.jpg 0.088693 0.099337 0.707650 -0.693900 -120.382854 -1089.683119 25.486505
slice25/query/img_08946_c0_1288793111240761us.jpg 0.085723 0.096064 0.708212 -0.694161 -121.293357 -1090.211822 25.454505
slice25/query/img_08947_c0_1288793111307375us.jpg 0.083149 0.092862 0.709163 -0.693938 -122.196556 -1090.748513 25.418916
slice25/query/img_08948_c0_1288793111440750us.jpg 0.079169 0.086306 0.710966 -0.693405 -123.983875 -1091.850318 25.337892
slice25/query/img_08949_c0_1288793111507337us.jpg 0.077349 0.083210 0.711187 -0.693762 -124.866368 -1092.404648 25.305102
slice25/query/img_08950_c0_1288793111574077us.jpg 0.074829 0.079957 0.711033 -0.694578 -125.744534 -1092.961648 25.273278
slice25/query/img_08951_c0_1288793111640689us.jpg 0.071336 0.077188 0.710976 -0.695317 -126.620036 -1093.522201 25.248483
slice25/query/img_08952_c0_1288793111774065us.jpg 0.062786 0.075040 0.710223 -0.697144 -128.372178 -1094.674075 25.200167
slice25/query/img_08953_c0_1288793111840658us.jpg 0.058466 0.073928 0.710121 -0.697743 -129.243510 -1095.263236 25.175829
slice25/query/img_08954_c0_1288793111907264us.jpg 0.054846 0.071957 0.710448 -0.697910 -130.107792 -1095.860888 25.147472
slice25/query/img_08955_c0_1288793112041628us.jpg 0.050533 0.066360 0.711686 -0.697528 -131.799014 -1097.076860 25.048753
slice25/query/img_08956_c0_1288793112107247us.jpg 0.049072 0.063278 0.712351 -0.697240 -132.643450 -1097.698333 25.007533
slice25/query/img_08957_c0_1288793112173965us.jpg 0.048217 0.059996 0.713016 -0.696910 -133.482253 -1098.324853 24.962764
slice25/query/img_08958_c0_1288793112240578us.jpg 0.047627 0.057093 0.713519 -0.696680 -134.307603 -1098.953845 24.921352
slice25/query/img_08959_c0_1288793112373952us.jpg 0.046649 0.053164 0.713570 -0.697005 -135.930336 -1100.236317 24.816999
slice25/query/img_08960_c0_1288793112440542us.jpg 0.045571 0.052099 0.713998 -0.696718 -136.757769 -1100.874019 24.789615
slice25/query/img_08961_c0_1288793112507154us.jpg 0.044360 0.051562 0.714840 -0.695972 -137.585369 -1101.510718 24.767037
slice25/query/img_08962_c0_1288793112640526us.jpg 0.043311 0.050539 0.716786 -0.694109 -139.233208 -1102.794379 24.703995
slice25/query/img_08963_c0_1288793112707117us.jpg 0.043778 0.049981 0.717279 -0.693611 -140.056371 -1103.443965 24.670252
slice25/query/img_08964_c0_1288793112840469us.jpg 0.045254 0.048369 0.717769 -0.693124 -141.691626 -1104.734635 24.596002
slice25/query/img_08965_c0_1288793112907081us.jpg 0.045241 0.047847 0.718199 -0.692715 -142.512184 -1105.378499 24.563398
slice25/query/img_08966_c0_1288793112973818us.jpg 0.044883 0.047888 0.718538 -0.692384 -143.330832 -1106.019651 24.535367
slice25/query/img_08967_c0_1288793113107760us.jpg 0.044129 0.048908 0.718348 -0.692558 -144.976711 -1107.306352 24.474504
slice25/query/img_08968_c0_1288793113173805us.jpg 0.044019 0.049389 0.717959 -0.692934 -145.796454 -1107.950932 24.445058
slice25/query/img_08969_c0_1288793113240400us.jpg 0.044334 0.049591 0.717576 -0.693297 -146.617809 -1108.599188 24.414230
slice25/query/img_08970_c0_1288793113307008us.jpg 0.044829 0.049638 0.717324 -0.693522 -147.435264 -1109.242836 24.382650
slice25/query/img_08971_c0_1288793113440359us.jpg 0.045111 0.050033 0.717039 -0.693770 -149.077037 -1110.520839 24.326485
slice25/query/img_08972_c0_1288793113506970us.jpg 0.045137 0.050430 0.716549 -0.694245 -149.899179 -1111.158234 24.297974
slice25/query/img_08973_c0_1288793113573709us.jpg 0.045634 0.049765 0.716375 -0.694441 -150.715875 -1111.792558 24.265387
slice25/query/img_08974_c0_1288793113706957us.jpg 0.045090 0.051468 0.716440 -0.694285 -152.368901 -1113.074177 24.212023
slice25/query/img_08975_c0_1288793113773674us.jpg 0.044927 0.052498 0.716382 -0.694279 -153.202013 -1113.717325 24.184402
slice25/query/img_08976_c0_1288793113840287us.jpg 0.045488 0.052514 0.716284 -0.694341 -154.023981 -1114.352824 24.153811
slice25/query/img_08977_c0_1288793113973637us.jpg 0.046167 0.052968 0.715656 -0.694910 -155.667790 -1115.607249 24.093340
slice25/query/img_08978_c0_1288793114040247us.jpg 0.046769 0.053616 0.714863 -0.695635 -156.492920 -1116.236028 24.063665
slice25/query/img_08979_c0_1288793114106862us.jpg 0.047256 0.054525 0.714038 -0.696379 -157.316178 -1116.863798 24.034144
slice25/query/img_08980_c0_1288793114240236us.jpg 0.047939 0.055994 0.714617 -0.695621 -158.962825 -1118.112006 23.977208
slice25/query/img_08981_c0_1288793114306846us.jpg 0.048119 0.056571 0.715529 -0.694624 -159.793511 -1118.742326 23.947340
slice25/query/img_08982_c0_1288793114373561us.jpg 0.048428 0.057210 0.716111 -0.693950 -160.618096 -1119.366610 23.918945
slice25/query/img_08983_c0_1288793114440175us.jpg 0.048802 0.058064 0.715940 -0.694030 -161.446993 -1119.990914 23.887653
slice25/query/img_08984_c0_1288793114573548us.jpg 0.050360 0.059151 0.713798 -0.696030 -163.110511 -1121.229735 23.830517
slice25/query/img_08985_c0_1288793114640140us.jpg 0.050703 0.060304 0.712948 -0.696777 -163.942854 -1121.845655 23.801286
slice25/query/img_08986_c0_1288793114706786us.jpg 0.050260 0.061820 0.711831 -0.697818 -164.776772 -1122.458822 23.774872
slice25/query/img_08987_c0_1288793114840103us.jpg 0.052155 0.063309 0.710853 -0.698541 -166.440388 -1123.681813 23.724435
slice25/query/img_08988_c0_1288793114906714us.jpg 0.053987 0.063971 0.710703 -0.698494 -167.272045 -1124.291042 23.702027
slice25/query/img_08989_c0_1288793115040065us.jpg 0.055530 0.067031 0.710579 -0.698212 -168.949578 -1125.507909 23.651056
slice25/query/img_08990_c0_1288793115106681us.jpg 0.056135 0.068425 0.710081 -0.698535 -169.792676 -1126.111304 23.625219
slice25/query/img_08991_c0_1288793115173415us.jpg 0.056537 0.069746 0.709426 -0.699038 -170.637267 -1126.712980 23.599097
slice25/query/img_08992_c0_1288793115240029us.jpg 0.057205 0.071114 0.708585 -0.699698 -171.481617 -1127.313480 23.572671
slice25/query/img_08993_c0_1288793115373379us.jpg 0.059005 0.073321 0.707904 -0.700011 -173.174342 -1128.504361 23.516573
slice25/query/img_08994_c0_1288793115439991us.jpg 0.060628 0.074021 0.707727 -0.699977 -174.018999 -1129.098511 23.487304
slice25/query/img_08995_c0_1288793115506605us.jpg 0.062514 0.074734 0.707454 -0.700011 -174.862616 -1129.693500 23.459160
slice25/query/img_08996_c0_1288793115639958us.jpg 0.066516 0.076012 0.707244 -0.699717 -176.563177 -1130.874587 23.409412
slice25/query/img_08997_c0_1288793115706570us.jpg 0.068071 0.077167 0.707022 -0.699665 -177.417795 -1131.458458 23.386666
slice25/query/img_08998_c0_1288793115773307us.jpg 0.069211 0.079076 0.706744 -0.699621 -178.278108 -1132.037150 23.367369
slice25/query/img_08999_c0_1288793115839920us.jpg 0.070305 0.081382 0.706359 -0.699636 -179.141998 -1132.611888 23.346652
slice25/query/img_09000_c0_1288793115973291us.jpg 0.073548 0.085260 0.705450 -0.699758 -180.882568 -1133.756072 23.302103
slice25/query/img_09001_c0_1288793116039884us.jpg 0.075412 0.086928 0.705212 -0.699594 -181.751980 -1134.320221 23.280179
slice25/query/img_09002_c0_1288793116106496us.jpg 0.077960 0.088303 0.705005 -0.699352 -182.619326 -1134.880407 23.257710
slice25/query/img_09003_c0_1288793116239848us.jpg 0.083086 0.091217 0.704611 -0.698785 -184.373051 -1135.992467 23.212118
slice25/query/img_09004_c0_1288793116306460us.jpg 0.085231 0.093155 0.704708 -0.698172 -185.254511 -1136.542766 23.192821
slice25/query/img_09005_c0_1288793116373197us.jpg 0.087277 0.095400 0.704899 -0.697423 -186.140941 -1137.088256 23.173775
slice25/query/img_09006_c0_1288793116507115us.jpg 0.091742 0.100111 0.704815 -0.696274 -187.926959 -1138.160835 23.134774
slice25/query/img_09007_c0_1288793116573182us.jpg 0.094434 0.102285 0.704605 -0.695810 -188.821720 -1138.690554 23.113371
slice25/query/img_09008_c0_1288793116639774us.jpg 0.097032 0.104280 0.704470 -0.695293 -189.724120 -1139.215875 23.091115
slice25/query/img_09009_c0_1288793116706387us.jpg 0.099644 0.106623 0.704182 -0.694860 -190.626409 -1139.731900 23.071933
slice25/query/img_09010_c0_1288793116839738us.jpg 0.104528 0.111970 0.703012 -0.694486 -192.446496 -1140.745811 23.030414
slice25/query/img_09011_c0_1288793116906351us.jpg 0.106771 0.114809 0.702318 -0.694384 -193.359394 -1141.241442 23.010726
slice25/query/img_09012_c0_1288793116973088us.jpg 0.108865 0.117690 0.701680 -0.694221 -194.275643 -1141.729274 22.991370
slice25/query/img_09013_c0_1288793117106315us.jpg 0.113762 0.123264 0.700111 -0.694053 -196.116415 -1142.690042 22.949924
slice25/query/img_09014_c0_1288793117173051us.jpg 0.116285 0.125977 0.699316 -0.693949 -197.046318 -1143.159485 22.929405
slice25/query/img_09015_c0_1288793117239664us.jpg 0.118674 0.128819 0.698772 -0.693571 -197.973351 -1143.620620 22.910051
slice25/query/img_09016_c0_1288793117306277us.jpg 0.121271 0.131535 0.698370 -0.693016 -198.900126 -1144.076980 22.890556
slice25/query/img_09017_c0_1288793117439628us.jpg 0.126949 0.136598 0.697394 -0.692002 -200.772008 -1144.970790 22.850498
slice25/query/img_09018_c0_1288793117506239us.jpg 0.130132 0.138632 0.697045 -0.691358 -201.714504 -1145.404052 22.830722
slice25/query/img_09019_c0_1288793117572978us.jpg 0.133405 0.140640 0.696492 -0.690885 -202.663794 -1145.835054 22.807698
slice25/query/img_09020_c0_1288793117706225us.jpg 0.139606 0.145202 0.695228 -0.689989 -204.565931 -1146.669180 22.767885
slice25/query/img_09021_c0_1288793117772941us.jpg 0.142330 0.147816 0.694389 -0.689722 -205.525084 -1147.074326 22.749867
slice25/query/img_09022_c0_1288793117839553us.jpg 0.144658 0.150748 0.693549 -0.689448 -206.489096 -1147.470945 22.734972
slice25/query/img_09023_c0_1288793117972905us.jpg 0.148943 0.156643 0.691545 -0.689235 -208.435777 -1148.243473 22.701788
slice25/query/img_09024_c0_1288793118039517us.jpg 0.150859 0.159597 0.690730 -0.688957 -209.408403 -1148.616380 22.687756
slice25/query/img_09025_c0_1288793118106128us.jpg 0.153019 0.162691 0.689935 -0.688554 -210.384230 -1148.982236 22.672990
slice25/query/img_09026_c0_1288793118239506us.jpg 0.158391 0.167763 0.688347 -0.687711 -212.341433 -1149.697846 22.639297
slice25/query/img_09027_c0_1288793118306099us.jpg 0.161470 0.169776 0.687756 -0.687092 -213.327149 -1150.045217 22.617834
slice25/query/img_09028_c0_1288793118372831us.jpg 0.164316 0.172074 0.687035 -0.686566 -214.313129 -1150.385497 22.598358
slice25/query/img_09029_c0_1288793118439444us.jpg 0.167068 0.174628 0.686287 -0.686006 -215.299732 -1150.714680 22.582263
slice25/query/img_09030_c0_1288793118572816us.jpg 0.171514 0.179759 0.685218 -0.684650 -217.294473 -1151.351072 22.553936
slice25/query/img_09031_c0_1288793118639413us.jpg 0.173841 0.182351 0.684314 -0.684282 -218.288105 -1151.660316 22.539546
slice25/query/img_09032_c0_1288793118772781us.jpg 0.179180 0.187399 0.681718 -0.684132 -220.294047 -1152.249589 22.513472
slice25/query/img_09033_c0_1288793118839370us.jpg 0.181723 0.189921 0.680585 -0.683894 -221.300300 -1152.538303 22.500388
slice25/query/img_09034_c0_1288793118905983us.jpg 0.184253 0.192246 0.679513 -0.683633 -222.305733 -1152.821295 22.488197
slice25/query/img_09035_c0_1288793118972720us.jpg 0.187114 0.194007 0.678560 -0.683305 -223.313159 -1153.096328 22.476927
slice25/query/img_09036_c0_1288793119105970us.jpg 0.191106 0.198855 0.676830 -0.682522 -225.339416 -1153.623239 22.458333
slice25/query/img_09037_c0_1288793119172686us.jpg 0.192194 0.200893 0.675913 -0.682529 -226.357176 -1153.865789 22.452513
slice25/query/img_09038_c0_1288793119305915us.jpg 0.195813 0.202326 0.673252 -0.683705 -228.398489 -1154.351373 22.438477
slice25/query/img_09039_c0_1288793119372652us.jpg 0.197388 0.202738 0.671849 -0.684510 -229.420704 -1154.585748 22.432220
slice25/query/img_09040_c0_1288793119507146us.jpg 0.200115 0.204262 0.670331 -0.684753 -231.472164 -1155.055667 22.432300
slice25/query/img_09041_c0_1288793119572615us.jpg 0.201982 0.204973 0.669658 -0.684651 -232.497157 -1155.287810 22.430546
slice25/query/img_09042_c0_1288793119639223us.jpg 0.204070 0.205418 0.669467 -0.684085 -233.515183 -1155.517999 22.430482
slice25/query/img_09043_c0_1288793119772578us.jpg 0.209025 0.206023 0.669879 -0.682001 -235.576316 -1155.973031 22.439671
slice25/query/img_09044_c0_1288793119839186us.jpg 0.210904 0.206147 0.670188 -0.681081 -236.604932 -1156.192958 22.445141
slice25/query/img_09045_c0_1288793119905800us.jpg 0.213169 0.205896 0.670356 -0.680286 -237.637022 -1156.411899 22.451137
slice25/query/img_09046_c0_1288793120039174us.jpg 0.218463 0.206085 0.669511 -0.679381 -239.684435 -1156.837247 22.469520
slice25/query/img_09047_c0_1288793120105765us.jpg 0.221075 0.206284 0.668974 -0.679004 -240.709795 -1157.039209 22.482407
slice25/query/img_09048_c0_1288793120172502us.jpg 0.223125 0.206203 0.668875 -0.678456 -241.736930 -1157.240347 22.497591
slice25/query/img_09049_c0_1288793120306757us.jpg 0.226901 0.206999 0.668343 -0.677485 -243.790556 -1157.624059 22.541185
slice25/query/img_09050_c0_1288793120372488us.jpg 0.228464 0.207716 0.667595 -0.677477 -244.817541 -1157.808072 22.566687
slice25/query/img_09051_c0_1288793120439079us.jpg 0.229145 0.208015 0.667621 -0.677129 -245.846638 -1157.988329 22.595177
slice25/query/img_09052_c0_1288793120505690us.jpg 0.230590 0.207842 0.667761 -0.676553 -246.872747 -1158.169751 22.622141
slice25/query/img_09053_c0_1288793120639044us.jpg 0.234504 0.209331 0.666047 -0.676439 -248.911817 -1158.515390 22.683496
slice25/query/img_09054_c0_1288793120705661us.jpg 0.236016 0.209625 0.665461 -0.676399 -249.926608 -1158.683385 22.715704
slice25/query/img_09055_c0_1288793120772392us.jpg 0.236729 0.209556 0.665667 -0.675968 -250.950107 -1158.846914 22.747723
slice25/query/img_09056_c0_1288793120905620us.jpg 0.236649 0.211160 0.665198 -0.675958 -252.997846 -1159.159247 22.819040
slice25/query/img_09057_c0_1288793120972377us.jpg 0.236098 0.213025 0.663931 -0.676812 -254.027566 -1159.312830 22.856417
slice25/query/img_09058_c0_1288793121038969us.jpg 0.235977 0.214773 0.662301 -0.677897 -255.055960 -1159.465244 22.894510
slice25/query/img_09059_c0_1288793121105581us.jpg 0.235924 0.215346 0.661260 -0.678749 -256.082492 -1159.615201 22.928249
slice25/query/img_09060_c0_1288793121238934us.jpg 0.236496 0.214173 0.659363 -0.680764 -258.137130 -1159.911772 22.986371
slice25/query/img_09061_c0_1288793121305565us.jpg 0.236427 0.213420 0.658854 -0.681518 -259.167324 -1160.068746 23.018551
slice25/query/img_09062_c0_1288793121372283us.jpg 0.235624 0.213544 0.659093 -0.681525 -260.196493 -1160.229950 23.055885
slice25/query/img_09063_c0_1288793121438897us.jpg 0.234778 0.213910 0.660052 -0.680774 -261.234535 -1160.394848 23.093711
slice25/query/img_09064_c0_1288793121572247us.jpg 0.232878 0.214649 0.662653 -0.678663 -263.315952 -1160.706131 23.155194
slice25/query/img_09065_c0_1288793121638860us.jpg 0.232508 0.214330 0.663901 -0.677671 -264.356182 -1160.873796 23.184412
slice25/query/img_09066_c0_1288793121705472us.jpg 0.232469 0.213600 0.664558 -0.677271 -265.393311 -1161.037856 23.215074
slice25/query/img_09067_c0_1288793121772211us.jpg 0.232768 0.212565 0.664378 -0.677671 -266.431600 -1161.204615 23.247303
slice25/query/img_09068_c0_1288793121905440us.jpg 0.233046 0.210992 0.663218 -0.679201 -268.502491 -1161.518908 23.319145
slice25/query/img_09069_c0_1288793121972173us.jpg 0.232719 0.210872 0.662688 -0.679867 -269.544926 -1161.678977 23.351988
slice25/query/img_09070_c0_1288793122038786us.jpg 0.232036 0.211353 0.662613 -0.680024 -270.584592 -1161.845196 23.387542
slice25/query/img_09071_c0_1288793122105399us.jpg 0.231773 0.211564 0.662627 -0.680035 -271.625914 -1162.012521 23.423610
slice25/query/img_09072_c0_1288793122238751us.jpg 0.232215 0.211190 0.663009 -0.679628 -273.703918 -1162.346994 23.492130
slice25/query/img_09073_c0_1288793122305362us.jpg 0.232113 0.211397 0.663080 -0.679529 -274.741445 -1162.515908 23.525433
slice25/query/img_09074_c0_1288793122372100us.jpg 0.231711 0.211853 0.663213 -0.679395 -275.775686 -1162.677294 23.559183
slice25/query/img_09075_c0_1288793122438713us.jpg 0.231949 0.211827 0.663229 -0.679306 -276.805364 -1162.840527 23.593715
slice25/query/img_09076_c0_1288793122572085us.jpg 0.232884 0.211443 0.663001 -0.679328 -278.876449 -1163.167921 23.663291
slice25/query/img_09077_c0_1288793122638677us.jpg 0.233451 0.211039 0.662489 -0.679758 -279.913619 -1163.331057 23.693204
slice25/query/img_09078_c0_1288793122705288us.jpg 0.233779 0.210846 0.662246 -0.679942 -280.959762 -1163.495400 23.726847
slice25/query/img_09079_c0_1288793122838661us.jpg 0.234212 0.211041 0.662298 -0.679682 -283.029518 -1163.832833 23.795702
slice25/query/img_09080_c0_1288793122905272us.jpg 0.234311 0.210719 0.662383 -0.679665 -284.085992 -1163.992846 23.829634
slice25/query/img_09081_c0_1288793122971989us.jpg 0.234310 0.211213 0.662408 -0.679488 -285.138600 -1164.158520 23.865501
slice25/query/img_09082_c0_1288793123038603us.jpg 0.234327 0.211610 0.662355 -0.679410 -286.193501 -1164.324167 23.906868
slice25/query/img_09083_c0_1288793123171976us.jpg 0.234546 0.212862 0.661862 -0.679424 -288.309370 -1164.635141 23.995047
slice25/query/img_09084_c0_1288793123238566us.jpg 0.234386 0.213909 0.661572 -0.679433 -289.365821 -1164.801933 24.029334
slice25/query/img_09085_c0_1288793123305179us.jpg 0.234341 0.214267 0.661329 -0.679572 -290.433938 -1164.959366 24.063153
slice25/query/img_09086_c0_1288793123371917us.jpg 0.234985 0.214085 0.660967 -0.679759 -291.497253 -1165.120608 24.094744
slice25/query/img_09087_c0_1288793123505144us.jpg 0.236415 0.213690 0.660492 -0.679848 -293.612840 -1165.428887 24.173315
slice25/query/img_09088_c0_1288793123571879us.jpg 0.236991 0.213803 0.660637 -0.679472 -294.688118 -1165.593031 24.209337
slice25/query/img_09089_c0_1288793123638492us.jpg 0.237101 0.214580 0.661448 -0.678399 -295.754269 -1165.761431 24.245217
slice25/query/img_09090_c0_1288793123771844us.jpg 0.237541 0.215721 0.662980 -0.676385 -297.874370 -1166.054505 24.329825
slice25/query/img_09091_c0_1288793123838457us.jpg 0.238307 0.215627 0.662782 -0.676339 -298.937961 -1166.212902 24.363805
slice25/query/img_09092_c0_1288793123905069us.jpg 0.238392 0.215651 0.662354 -0.676721 -299.997550 -1166.359812 24.396613
slice25/query/img_09093_c0_1288793123971809us.jpg 0.238463 0.215674 0.661556 -0.677468 -301.057759 -1166.507086 24.432665
slice25/query/img_09094_c0_1288793124105057us.jpg 0.236866 0.216319 0.659956 -0.679381 -303.175854 -1166.775626 24.511517
slice25/query/img_09095_c0_1288793124171791us.jpg 0.236164 0.216291 0.659362 -0.680211 -304.237367 -1166.925193 24.550721
slice25/query/img_09096_c0_1288793124238384us.jpg 0.235435 0.216513 0.659128 -0.680620 -305.302959 -1167.072358 24.588346
slice25/query/img_09097_c0_1288793124304996us.jpg 0.235274 0.216087 0.658987 -0.680947 -306.369271 -1167.222957 24.619789
slice25/query/img_09098_c0_1288793124438348us.jpg 0.235806 0.214099 0.660911 -0.679525 -308.511447 -1167.515366 24.705915
slice25/query/img_09099_c0_1288793124504959us.jpg 0.235604 0.213658 0.661601 -0.679061 -309.595939 -1167.687028 24.738864
slice25/query/img_09100_c0_1288793124571697us.jpg 0.235254 0.213131 0.661985 -0.678975 -310.674845 -1167.853785 24.772234
slice25/query/img_09101_c0_1288793124638312us.jpg 0.234693 0.212878 0.662195 -0.679043 -311.751355 -1168.031698 24.803594
slice25/query/img_09102_c0_1288793124771680us.jpg 0.233882 0.212188 0.661536 -0.680181 -313.895823 -1168.365300 24.885887
slice25/query/img_09103_c0_1288793124838272us.jpg 0.233215 0.212300 0.661055 -0.680842 -314.972715 -1168.522313 24.920774
slice25/query/img_09104_c0_1288793124904886us.jpg 0.232667 0.212990 0.660919 -0.680946 -316.034509 -1168.686245 24.958309
slice25/query/img_09105_c0_1288793125038237us.jpg 0.231882 0.213429 0.662653 -0.679390 -318.176863 -1169.022600 25.044676
slice25/query/img_09106_c0_1288793125238217us.jpg 0.232414 0.215190 0.664936 -0.676415 -321.276530 -1169.534797 25.121907
