slice25/query/img_08257_c0_1289590360749858us.jpg 0.209198 0.215030 0.682824 -0.666146 -67.244942 -1071.247798 27.350385
slice25/query/img_08258_c0_1289590360816590us.jpg 0.205176 0.214823 0.684777 -0.665458 -68.275308 -1071.423911 27.342963
slice25/query/img_08259_c0_1289590360949817us.jpg 0.200631 0.211433 0.688598 -0.663984 -70.371882 -1071.838690 27.279523
slice25/query/img_08260_c0_1289590361016553us.jpg 0.199198 0.208920 0.689557 -0.664217 -71.409144 -1072.053537 27.239745
slice25/query/img_08261_c0_1289590361149802us.jpg 0.196651 0.203674 0.690665 -0.665453 -73.475594 -1072.497770 27.156741
slice25/query/img_08262_c0_1289590361216520us.jpg 0.194691 0.201423 0.691153 -0.666207 -74.504608 -1072.724941 27.114890
slice25/query/img_08263_c0_1289590361349771us.jpg 0.189731 0.197679 0.691993 -0.667885 -76.550533 -1073.189600 27.040979
slice25/query/img_08264_c0_1289590361416484us.jpg 0.187134 0.196242 0.692375 -0.668645 -77.568715 -1073.425723 27.004628
slice25/query/img_08265_c0_1289590361483097us.jpg 0.184820 0.194680 0.693146 -0.668947 -78.582045 -1073.672336 26.969345
slice25/query/img_08266_c0_1289590361616456us.jpg 0.180141 0.191104 0.695142 -0.669183 -80.598628 -1074.182885 26.889012
slice25/query/img_08267_c0_1289590361683082us.jpg 0.177616 0.189563 0.696264 -0.669130 -81.637633 -1074.460757 26.848825
slice25/query/img_08268_c0_1289590361749675us.jpg 0.174401 0.188516 0.697532 -0.668950 -82.677918 -1074.737479 26.815283
slice25/query/img_08269_c0_1289590361816413us.jpg 0.170661 0.188127 0.699036 -0.668455 -83.719052 -1075.016584 26.780506
slice25/query/img_08270_c0_1289590361949652us.jpg 0.166441 0.183421 0.699818 -0.670006 -85.841797 -1075.618340 26.663884
slice25/query/img_08271_c0_1289590362016379us.jpg 0.165583 0.179791 0.699780 -0.671242 -86.891285 -1075.927873 26.607141
slice25/query/img_08272_c0_1289590362082992us.jpg 0.165217 0.175982 0.699403 -0.672732 -87.936433 -1076.246209 26.551200
slice25/query/img_08273_c0_1289590362216368us.jpg 0.163342 0.170891 0.698448 -0.675490 -90.020017 -1076.905078 26.467730
slice25/query/img_08274_c0_1289590362282955us.jpg 0.160996 0.170072 0.698947 -0.675744 -91.064300 -1077.242241 26.440821
slice25/query/img_08275_c0_1289590362349570us.jpg 0.157217 0.169976 0.699856 -0.675716 -92.112498 -1077.582785 26.419081
slice25/query/img_08276_c0_1289590362416310us.jpg 0.153406 0.169706 0.700893 -0.675586 -93.158994 -1077.928900 26.389926
slice25/query/img_08277_c0_1289590362549537us.jpg 0.150362 0.163398 0.703096 -0.675535 -95.280108 -1078.652170 26.300098
slice25/query/img_08278_c0_1289590362616273us.jpg 0.150041 0.159182 0.703842 -0.675837 -96.321300 -1079.020612 26.246065
slice25/query/img_08279_c0_1289590362749501us.jpg 0.153686 0.147694 0.703239 -0.678249 -98.375831 -1079.770900 26.147908
slice25/query/img_08280_c0_1289590362816243us.jpg 0.152889 0.144706 0.703185 -0.679129 -99.403974 -1080.153966 26.122792
slice25/query/img_08281_c0_1289590362882851us.jpg 0.150220 0.143666 0.703336 -0.679788 -100.430778 -1080.539718 26.109803
slice25/query/img_08282_c0_1289590363016204us.jpg 0.140523 0.144388 0.702569 -0.682497 -102.471836 -1081.314563 26.104239
slice25/query/img_08283_c0_1289590363082815us.jpg 0.135298 0.144946 0.701724 -0.684302 -103.498690 -1081.719572 26.093201
slice25/query/img_08284_c0_1289590363149428us.jpg 0.131145 0.143740 0.701182 -0.685918 -104.531846 -1082.132576 26.069881
slice25/query/img_08285_c0_1289590363282801us.jpg 0.126310 0.137912 0.702335 -0.686842 -106.550701 -1082.989536 26.007249
slice25/query/img_08286_c0_1289590363349396us.jpg 0.125345 0.133748 0.703524 -0.686625 -107.560790 -1083.440600 25.967010
slice25/query/img_08287_c0_1289590363482767us.jpg 0.123246 0.125294 0.706367 -0.685681 -109.589627 -1084.366196 25.877599
slice25/query/img_08288_c0_1289590363549380us.jpg 0.121191 0.122331 0.707253 -0.685668 -110.604782 -1084.841123 25.840011
slice25/query/img_08289_c0_1289590363616096us.jpg 0.117916 0.120472 0.708037 -0.685760 -111.616241 -1085.320786 25.807457
slice25/query/img_08290_c0_1289590363749347us.jpg 0.110132 0.117900 0.708559 -0.686960 -113.643693 -1086.306857 25.745158
slice25/query/img_08291_c0_1289590363816081us.jpg 0.106419 0.116549 0.708211 -0.688134 -114.651092 -1086.803472 25.712105
slice25/query/img_08292_c0_1289590363882677us.jpg 0.103430 0.114737 0.707570 -0.689552 -115.651613 -1087.310406 25.673565
slice25/query/img_08293_c0_1289590364016031us.jpg 0.098607 0.109073 0.705895 -0.692887 -117.631060 -1088.341950 25.597345
slice25/query/img_08294_c0_1289590364082647us.jpg 0.094695 0.106781 0.705361 -0.694332 -118.614994 -1088.866028 25.562380
slice25/query/img_08295_c0_1289590364149254us.jpg 0.090545 0.104228 0.704931 -0.695709 -119.594726 -1089.399572 25.529343
slice25/query/img_08296_c0_1289590364282616us.jpg 0.082825 0.097240 0.705702 -0.696900 -121.543538 -1090.517216 25.452026
slice25/query/img_08297_c0_1289590364349221us.jpg 0.079638 0.093127 0.706690 -0.696831 -122.517230 -1091.095625 25.409945
slice25/query/img_08298_c0_1289590364415956us.jpg 0.076848 0.089329 0.707844 -0.696471 -123.484650 -1091.687676 25.368696
slice25/query/img_08299_c0_1289590364549186us.jpg 0.071370 0.080740 0.709232 -0.696691 -125.403917 -1092.902104 25.284922
slice25/query/img_08300_c0_1289590364615943us.jpg 0.068379 0.076487 0.709627 -0.697068 -126.359335 -1093.524747 25.242861
slice25/query/img_08301_c0_1289590364682535us.jpg 0.064707 0.074126 0.709862 -0.697434 -127.316768 -1094.156468 25.208532
slice25/query/img_08302_c0_1289590364815888us.jpg 0.056227 0.069995 0.710419 -0.698029 -129.198540 -1095.427047 25.143213
slice25/query/img_08303_c0_1289590364882522us.jpg 0.052270 0.068016 0.711000 -0.697940 -130.130589 -1096.078470 25.108458
slice25/query/img_08304_c0_1289590364949115us.jpg 0.049255 0.066324 0.711232 -0.698086 -131.055134 -1096.748356 25.070231
slice25/query/img_08305_c0_1289590365015852us.jpg 0.047158 0.064066 0.711634 -0.698032 -131.977286 -1097.425726 25.027506
slice25/query/img_08306_c0_1289590365149101us.jpg 0.045972 0.058494 0.712801 -0.697409 -133.808918 -1098.808590 24.904959
slice25/query/img_08307_c0_1289590365215818us.jpg 0.046245 0.055469 0.713683 -0.696736 -134.710920 -1099.505739 24.860964
slice25/query/img_08308_c0_1289590365282431us.jpg 0.046554 0.053200 0.714304 -0.696256 -135.614288 -1100.205169 24.819559
slice25/query/img_08309_c0_1289590365415784us.jpg 0.045575 0.050954 0.715719 -0.695034 -137.417655 -1101.615578 24.750444
slice25/query/img_08310_c0_1289590365482418us.jpg 0.044679 0.050706 0.716558 -0.694246 -138.323961 -1102.317965 24.723100
slice25/query/img_08311_c0_1289590365549010us.jpg 0.044133 0.050447 0.717238 -0.693597 -139.223752 -1103.018710 24.693770
slice25/query/img_08312_c0_1289590365682361us.jpg 0.043804 0.049811 0.717246 -0.693655 -141.023819 -1104.417914 24.625043
slice25/query/img_08313_c0_1289590365748993us.jpg 0.043791 0.049210 0.717265 -0.693679 -141.917446 -1105.113670 24.588667
slice25/query/img_08314_c0_1289590365815712us.jpg 0.043411 0.048760 0.717495 -0.693497 -142.814869 -1105.810988 24.549821
slice25/query/img_08315_c0_1289590365948939us.jpg 0.042400 0.048962 0.718200 -0.692816 -144.616549 -1107.222610 24.479724
slice25/query/img_08316_c0_1289590366015680us.jpg 0.042731 0.048977 0.718051 -0.692949 -145.510104 -1107.925008 24.443480
slice25/query/img_08317_c0_1289590366082290us.jpg 0.043397 0.049255 0.717670 -0.693282 -146.400227 -1108.632261 24.405556
slice25/query/img_08318_c0_1289590366148904us.jpg 0.044107 0.049296 0.717443 -0.693469 -147.289228 -1109.334027 24.367002
slice25/query/img_08319_c0_1289590366282257us.jpg 0.045181 0.050019 0.717403 -0.693390 -149.084972 -1110.740535 24.300480
slice25/query/img_08320_c0_1289590366348869us.jpg 0.045573 0.050682 0.717089 -0.693641 -149.969956 -1111.434609 24.270574
slice25/query/img_08321_c0_1289590366415607us.jpg 0.046941 0.049690 0.717000 -0.693713 -150.857843 -1112.127091 24.236952
slice25/query/img_08322_c0_1289590366548856us.jpg 0.048011 0.053376 0.717214 -0.693145 -152.658827 -1113.520298 24.184621
slice25/query/img_08323_c0_1289590366615594us.jpg 0.048166 0.054128 0.716561 -0.693751 -153.558642 -1114.209873 24.151652
slice25/query/img_08324_c0_1289590366682186us.jpg 0.048247 0.054419 0.716251 -0.694043 -154.457228 -1114.896871 24.118297
slice25/query/img_08325_c0_1289590366815559us.jpg 0.049146 0.054817 0.715296 -0.694933 -156.253588 -1116.265210 24.058525
slice25/query/img_08326_c0_1289590366882149us.jpg 0.049487 0.055368 0.714429 -0.695756 -157.154247 -1116.947142 24.026403
slice25/query/img_08327_c0_1289590366948762us.jpg 0.049812 0.056200 0.713817 -0.696294 -158.052159 -1117.624850 23.996194
slice25/query/img_08328_c0_1289590367082118us.jpg 0.049949 0.057961 0.714660 -0.695275 -159.851450 -1118.984222 23.943688
slice25/query/img_08329_c0_1289590367148727us.jpg 0.050244 0.058863 0.715182 -0.694640 -160.751576 -1119.664120 23.914151
slice25/query/img_08330_c0_1289590367215466us.jpg 0.051140 0.059585 0.715040 -0.694660 -161.649502 -1120.342132 23.882963
slice25/query/img_08331_c0_1289590367348736us.jpg 0.052197 0.060754 0.713429 -0.696135 -163.451604 -1121.686370 23.818550
slice25/query/img_08332_c0_1289590367415431us.jpg 0.052036 0.061782 0.712619 -0.696885 -164.362610 -1122.354274 23.790301
slice25/query/img_08333_c0_1289590367482044us.jpg 0.053291 0.062441 0.711936 -0.697430 -165.264116 -1123.015324 23.766390
slice25/query/img_08334_c0_1289590367615418us.jpg 0.054515 0.064290 0.710689 -0.698439 -167.069870 -1124.333038 23.715065
slice25/query/img_08335_c0_1289590367682009us.jpg 0.054617 0.066402 0.710417 -0.698510 -167.980267 -1124.993013 23.690202
slice25/query/img_08336_c0_1289590367748623us.jpg 0.054384 0.068002 0.710255 -0.698538 -168.891460 -1125.656694 23.667778
slice25/query/img_08337_c0_1289590367815362us.jpg 0.054494 0.069351 0.710033 -0.698622 -169.803619 -1126.312878 23.641926
slice25/query/img_08338_c0_1289590367948590us.jpg 0.055918 0.071205 0.709140 -0.699231 -171.627406 -1127.621487 23.578468
slice25/query/img_08339_c0_1289590368015326us.jpg 0.056761 0.072223 0.708715 -0.699489 -172.539050 -1128.273410 23.548775
slice25/query/img_08340_c0_1289590368081939us.jpg 0.058110 0.072967 0.708299 -0.699723 -173.451979 -1128.923543 23.520758
slice25/query/img_08341_c0_1289590368215314us.jpg 0.061967 0.073968 0.707535 -0.700060 -175.271882 -1130.216403 23.463846
slice25/query/img_08342_c0_1289590368281903us.jpg 0.063557 0.074470 0.707273 -0.700128 -176.198273 -1130.861275 23.435688
slice25/query/img_08343_c0_1289590368348517us.jpg 0.064491 0.075513 0.707025 -0.700182 -177.120520 -1131.497642 23.412466
slice25/query/img_08344_c0_1289590368481893us.jpg 0.067154 0.078694 0.706973 -0.699634 -178.976096 -1132.775565 23.374303
slice25/query/img_08345_c0_1289590368548481us.jpg 0.068781 0.080591 0.706836 -0.699398 -179.913132 -1133.410715 23.353290
slice25/query/img_08346_c0_1289590368615219us.jpg 0.071035 0.082338 0.706654 -0.699153 -180.849075 -1134.042305 23.329630
slice25/query/img_08347_c0_1289590368748470us.jpg 0.076499 0.085475 0.706844 -0.698007 -182.741394 -1135.277203 23.263474
slice25/query/img_08348_c0_1289590368815186us.jpg 0.079738 0.086891 0.706675 -0.697640 -183.686582 -1135.888279 23.233379
slice25/query/img_08349_c0_1289590368881800us.jpg 0.082268 0.088771 0.706667 -0.697118 -184.627482 -1136.490253 23.207335
slice25/query/img_08350_c0_1289590369015176us.jpg 0.086766 0.093392 0.706736 -0.695898 -186.524666 -1137.679176 23.164582
slice25/query/img_08351_c0_1289590369081765us.jpg 0.089071 0.096219 0.706418 -0.695545 -187.486545 -1138.262250 23.142158
slice25/query/img_08352_c0_1289590369148378us.jpg 0.091820 0.098977 0.705978 -0.695247 -188.439947 -1138.836260 23.123270
slice25/query/img_08353_c0_1289590369281750us.jpg 0.098157 0.103815 0.705668 -0.693989 -190.389961 -1139.991267 23.026826
slice25/query/img_08354_c0_1289590369348342us.jpg 0.101047 0.106608 0.705836 -0.692979 -191.357480 -1140.539037 23.052139
slice25/query/img_08355_c0_1289590369415081us.jpg 0.104323 0.109148 0.705414 -0.692527 -192.334787 -1141.087232 23.027949
slice25/query/img_08356_c0_1289590369481693us.jpg 0.107249 0.112207 0.704824 -0.692193 -193.310649 -1141.624136 23.005650
slice25/query/img_08357_c0_1289590369615045us.jpg 0.112497 0.118824 0.703180 -0.691927 -195.307583 -1142.684100 22.965862
slice25/query/img_08358_c0_1289590369681659us.jpg 0.115014 0.122399 0.702172 -0.691914 -196.305922 -1143.196773 22.946887
slice25/query/img_08359_c0_1289590369748272us.jpg 0.117598 0.126068 0.701262 -0.691743 -197.302555 -1143.699590 22.929952
slice25/query/img_08360_c0_1289590369881625us.jpg 0.123408 0.132730 0.699861 -0.690903 -199.295083 -1144.671966 22.889500
slice25/query/img_08361_c0_1289590369948236us.jpg 0.126859 0.135567 0.699165 -0.690432 -200.299512 -1145.148476 22.865664
slice25/query/img_08362_c0_1289590370014975us.jpg 0.130341 0.138385 0.698695 -0.689700 -201.303458 -1145.617648 22.845332
slice25/query/img_08363_c0_1289590370148224us.jpg 0.138043 0.143698 0.697717 -0.688103 -203.324170 -1146.527504 22.804123
slice25/query/img_08364_c0_1289590370214962us.jpg 0.141601 0.146542 0.696993 -0.687514 -204.343097 -1146.968352 22.784083
slice25/query/img_08365_c0_1289590370281553us.jpg 0.144830 0.149608 0.696149 -0.687036 -205.373851 -1147.400455 22.763720
slice25/query/img_08366_c0_1289590370348168us.jpg 0.147863 0.152984 0.695227 -0.686580 -206.409237 -1147.822743 22.747033
slice25/query/img_08367_c0_1289590370481521us.jpg 0.152881 0.159699 0.693190 -0.686011 -208.499079 -1148.634063 22.707694
slice25/query/img_08368_c0_1289590370548131us.jpg 0.155536 0.163102 0.692209 -0.685604 -209.538944 -1149.020409 22.692400
slice25/query/img_08369_c0_1289590370614869us.jpg 0.158396 0.166541 0.691150 -0.685191 -210.577857 -1149.399666 22.677781
slice25/query/img_08370_c0_1289590370681483us.jpg 0.161462 0.169429 0.690196 -0.684729 -211.623093 -1149.769226 22.659696
slice25/query/img_08371_c0_1289590370814857us.jpg 0.167858 0.174785 0.688565 -0.683485 -213.725092 -1150.484295 22.622282
slice25/query/img_08372_c0_1289590370881448us.jpg 0.170668 0.177465 0.687514 -0.683157 -214.780414 -1150.825634 22.601564
slice25/query/img_08373_c0_1289590370948061us.jpg 0.172689 0.180415 0.686378 -0.683019 -215.843060 -1151.157802 22.585666
slice25/query/img_08374_c0_1289590371081420us.jpg 0.176130 0.185685 0.684152 -0.682961 -217.972922 -1151.801961 22.561989
slice25/query/img_08375_c0_1289590371148027us.jpg 0.177699 0.188142 0.682461 -0.683573 -219.034176 -1152.109338 22.553314
slice25/query/img_08376_c0_1289590371281402us.jpg 0.181424 0.192004 0.679310 -0.684659 -221.169824 -1152.704609 22.526012
slice25/query/img_08377_c0_1289590371414728us.jpg 0.185447 0.194609 0.677313 -0.684824 -223.326029 -1153.288241 22.494536
slice25/query/img_08378_c0_1289590371481342us.jpg 0.187537 0.196339 0.676966 -0.684104 -224.408077 -1153.573636 22.481190
slice25/query/img_08379_c0_1289590371547956us.jpg 0.189156 0.198250 0.676520 -0.683548 -225.494995 -1153.850230 22.468481
slice25/query/img_08380_c0_1289590371614694us.jpg 0.190834 0.199999 0.676020 -0.683067 -226.573146 -1154.126649 22.457556
slice25/query/img_08381_c0_1289590371747921us.jpg 0.196225 0.202106 0.675104 -0.681824 -228.725216 -1154.668865 22.451243
slice25/query/img_08382_c0_1289590371814659us.jpg 0.198279 0.203036 0.674098 -0.681949 -229.820846 -1154.925071 22.437138
slice25/query/img_08383_c0_1289590371881273us.jpg 0.200367 0.204334 0.672937 -0.682097 -230.906311 -1155.176970 22.431642
slice25/query/img_08384_c0_1289590372014645us.jpg 0.205414 0.206288 0.670567 -0.682342 -233.081314 -1155.673643 22.425276
slice25/query/img_08385_c0_1289590372081237us.jpg 0.207849 0.206919 0.669717 -0.682248 -234.171137 -1155.909498 22.426434
slice25/query/img_08386_c0_1289590372214611us.jpg 0.212724 0.208019 0.669408 -0.680712 -236.362659 -1156.387801 22.433002
slice25/query/img_08387_c0_1289590372281221us.jpg 0.215266 0.208366 0.669481 -0.679734 -237.459336 -1156.617093 22.438868
slice25/query/img_08388_c0_1289590372347816us.jpg 0.218158 0.208139 0.669511 -0.678852 -238.558053 -1156.842622 22.447851
slice25/query/img_08389_c0_1289590372414553us.jpg 0.221010 0.207844 0.669340 -0.678188 -239.656619 -1157.061465 22.456582
slice25/query/img_08390_c0_1289590372547800us.jpg 0.226123 0.207558 0.668778 -0.677144 -241.813620 -1157.473978 22.500664
slice25/query/img_08391_c0_1289590372614519us.jpg 0.227911 0.207755 0.668615 -0.676645 -242.900885 -1157.674934 22.522963
slice25/query/img_08392_c0_1289590372747746us.jpg 0.230466 0.208789 0.667232 -0.676826 -245.073362 -1158.054291 22.574645
slice25/query/img_08393_c0_1289590372814483us.jpg 0.230678 0.208923 0.667317 -0.676629 -246.161144 -1158.235790 22.600426
slice25/query/img_08394_c0_1289590372881097us.jpg 0.231735 0.208890 0.667061 -0.676530 -247.245971 -1158.413889 22.625141
slice25/query/img_08395_c0_1289590372947710us.jpg 0.233616 0.208915 0.665778 -0.677139 -248.335081 -1158.587466 22.647304
slice25/query/img_08396_c0_1289590373081061us.jpg 0.236387 0.208464 0.664511 -0.677561 -250.482358 -1158.943654 22.725339
slice25/query/img_08397_c0_1289590373147675us.jpg 0.236596 0.208571 0.664686 -0.677283 -251.564465 -1159.115914 22.759689
slice25/query/img_08398_c0_1289590373281027us.jpg 0.235939 0.210765 0.664699 -0.676821 -253.740473 -1159.465797 22.841235
slice25/query/img_08399_c0_1289590373347646us.jpg 0.235546 0.212293 0.663666 -0.677494 -254.842216 -1159.633628 22.883031
slice25/query/img_08400_c0_1289590373414380us.jpg 0.235228 0.213080 0.662888 -0.678119 -255.939303 -1159.794434 22.921301
slice25/query/img_08401_c0_1289590373480992us.jpg 0.235312 0.213132 0.662237 -0.678708 -257.031954 -1159.957528 22.958925
slice25/query/img_08402_c0_1289590373614367us.jpg 0.236703 0.212211 0.661197 -0.679527 -259.220306 -1160.308124 23.024734
slice25/query/img_08403_c0_1289590373680956us.jpg 0.236613 0.212756 0.661393 -0.679197 -260.313129 -1160.480781 23.062093
slice25/query/img_08404_c0_1289590373747570us.jpg 0.236534 0.213470 0.662232 -0.678182 -261.405589 -1160.655246 23.104465
slice25/query/img_08405_c0_1289590373814308us.jpg 0.235894 0.214603 0.663254 -0.677048 -262.509492 -1160.834644 23.137913
slice25/query/img_08406_c0_1289590373947536us.jpg 0.236362 0.215225 0.664955 -0.675016 -264.703480 -1161.191044 23.198403
slice25/query/img_08407_c0_1289590374014274us.jpg 0.236722 0.215027 0.665155 -0.674755 -265.805799 -1161.359830 23.228867
slice25/query/img_08408_c0_1289590374080887us.jpg 0.237002 0.214543 0.664762 -0.675198 -266.901062 -1161.519974 23.261351
slice25/query/img_08409_c0_1289590374147499us.jpg 0.237425 0.213984 0.663762 -0.676210 -268.009962 -1161.681340 23.298106
slice25/query/img_08410_c0_1289590374280854us.jpg 0.235878 0.213735 0.662185 -0.678373 -270.254845 -1161.993018 23.384931
slice25/query/img_08411_c0_1289590374347465us.jpg 0.234911 0.213978 0.661491 -0.679308 -271.364776 -1162.157676 23.421427
slice25/query/img_08412_c0_1289590374414202us.jpg 0.233930 0.213977 0.661060 -0.680066 -272.464821 -1162.319427 23.454781
slice25/query/img_08413_c0_1289590374480816us.jpg 0.233742 0.213510 0.661103 -0.680236 -273.562845 -1162.482620 23.492924
slice25/query/img_08414_c0_1289590374614168us.jpg 0.232889 0.213420 0.662010 -0.679675 -275.760093 -1162.830997 23.551200
slice25/query/img_08415_c0_1289590374680781us.jpg 0.232750 0.212905 0.662649 -0.679260 -276.867989 -1163.003214 23.582127
slice25/query/img_08416_c0_1289590374747399us.jpg 0.232949 0.212095 0.663195 -0.678913 -277.971314 -1163.168049 23.616940
slice25/query/img_08417_c0_1289590374880766us.jpg 0.233306 0.211106 0.662661 -0.679620 -280.184125 -1163.488733 23.672884
slice25/query/img_08418_c0_1289590374947359us.jpg 0.233138 0.210970 0.661992 -0.680371 -281.286130 -1163.667053 23.707814
slice25/query/img_08419_c0_1289590375014097us.jpg 0.232523 0.210803 0.661726 -0.680892 -282.386703 -1163.836006 23.741523
slice25/query/img_08420_c0_1289590375080710us.jpg 0.232212 0.211017 0.661433 -0.681216 -283.471946 -1164.003067 23.779328
slice25/query/img_08421_c0_1289590375214086us.jpg 0.231843 0.210475 0.661931 -0.681026 -285.720954 -1164.398460 23.897162
slice25/query/img_08422_c0_1289590375280677us.jpg 0.231445 0.210577 0.662083 -0.680982 -286.840952 -1164.573858 23.929405
slice25/query/img_08423_c0_1289590375347289us.jpg 0.231627 0.210366 0.661922 -0.681142 -287.954152 -1164.750311 23.964654
slice25/query/img_08424_c0_1289590375414028us.jpg 0.231230 0.210485 0.662264 -0.680908 -289.070800 -1164.926685 23.999527
slice25/query/img_08425_c0_1289590375547731us.jpg 0.231770 0.209336 0.662802 -0.680555 -291.328708 -1165.391710 24.117391
slice25/query/img_08426_c0_1289590375613992us.jpg 0.231940 0.209317 0.662492 -0.680805 -292.420220 -1165.556997 24.145354
slice25/query/img_08427_c0_1289590375680606us.jpg 0.232436 0.209212 0.662401 -0.680756 -293.508901 -1165.721784 24.172517
slice25/query/img_08428_c0_1289590375747220us.jpg 0.233407 0.209400 0.662969 -0.679812 -294.573177 -1165.900723 24.205907
slice25/query/img_08429_c0_1289590375880593us.jpg 0.234473 0.210849 0.664789 -0.677215 -296.843105 -1166.316480 24.288050
slice25/query/img_08430_c0_1289590375947183us.jpg 0.235544 0.211221 0.665404 -0.676123 -297.997332 -1166.508072 24.324249
slice25/query/img_08431_c0_1289590376013922us.jpg 0.237055 0.211259 0.665509 -0.675480 -299.143859 -1166.693357 24.359202
slice25/query/img_08432_c0_1289590376080535us.jpg 0.238235 0.211561 0.665204 -0.675270 -300.295963 -1166.873930 24.396937
slice25/query/img_08433_c0_1289590376213889us.jpg 0.239823 0.213405 0.664523 -0.674797 -302.536496 -1167.203946 24.481132
slice25/query/img_08434_c0_1289590376280521us.jpg 0.240080 0.214658 0.663858 -0.674964 -303.668785 -1167.361582 24.517228
slice25/query/img_08435_c0_1289590376347114us.jpg 0.240378 0.216151 0.663010 -0.675215 -304.803239 -1167.519433 24.551543
slice25/query/img_08436_c0_1289590376413853us.jpg 0.240671 0.217191 0.662262 -0.675511 -305.934835 -1167.676486 24.589272
slice25/query/img_08437_c0_1289590376547079us.jpg 0.242520 0.217520 0.661379 -0.675609 -308.181826 -1167.980755 24.660330
slice25/query/img_08438_c0_1289590376613817us.jpg 0.242492 0.218208 0.661135 -0.675635 -309.323726 -1168.131509 24.695998
slice25/query/img_08439_c0_1289590376680430us.jpg 0.242693 0.218651 0.660797 -0.675751 -310.461482 -1168.285482 24.734647
slice25/query/img_08440_c0_1289590376747043us.jpg 0.242343 0.219139 0.660486 -0.676022 -311.604295 -1168.436149 24.770609
slice25/query/img_08441_c0_1289590376880417us.jpg 0.242383 0.218853 0.659759 -0.676810 -313.886678 -1168.739719 24.864587
slice25/query/img_08442_c0_1289590376947008us.jpg 0.241893 0.219162 0.659387 -0.677247 -315.021350 -1168.883265 24.902018
slice25/query/img_08443_c0_1289590377013743us.jpg 0.241210 0.219412 0.659273 -0.677522 -316.159678 -1169.032618 24.943861
slice25/query/img_08444_c0_1289590377146997us.jpg 0.239499 0.219986 0.660328 -0.676915 -318.461008 -1169.350521 25.046910
slice25/query/img_08445_c0_1289590377213732us.jpg 0.239064 0.220940 0.662028 -0.675095 -319.347601 -1169.643424 25.325250
