slice25/query/img_07945_c0_1290445369535817us.jpg 0.210958 0.214220 0.681706 -0.666995 -66.761574 -1071.136692 27.374622
slice25/query/img_07946_c0_1290445369602528us.jpg 0.206492 0.213939 0.683289 -0.666863 -67.793275 -1071.324620 27.355870
slice25/query/img_07947_c0_1290445369737191us.jpg 0.200443 0.211752 0.687603 -0.664971 -69.839958 -1071.729432 27.309094
slice25/query/img_07948_c0_1290445369802493us.jpg 0.198850 0.209383 0.689316 -0.664425 -70.859779 -1071.939030 27.267948
slice25/query/img_07949_c0_1290445369869107us.jpg 0.197894 0.206955 0.690374 -0.664373 -71.870716 -1072.154585 27.232383
slice25/query/img_07950_c0_1290445370002456us.jpg 0.195461 0.201827 0.691411 -0.665591 -73.878022 -1072.591927 27.150534
slice25/query/img_07951_c0_1290445370069068us.jpg 0.193375 0.200028 0.691950 -0.666184 -74.876480 -1072.817809 27.112795
slice25/query/img_07952_c0_1290445370202418us.jpg 0.188458 0.197117 0.692869 -0.667503 -76.875332 -1073.274769 27.040896
slice25/query/img_07953_c0_1290445370269030us.jpg 0.186133 0.195879 0.693461 -0.667905 -77.858655 -1073.507546 27.006679
slice25/query/img_07954_c0_1290445370402400us.jpg 0.181700 0.193007 0.695104 -0.668254 -79.819905 -1073.995205 26.928279
slice25/query/img_07955_c0_1290445370468993us.jpg 0.179700 0.191476 0.696001 -0.668302 -80.792035 -1074.245917 26.887379
slice25/query/img_07956_c0_1290445370535606us.jpg 0.177193 0.190392 0.697017 -0.668222 -81.754923 -1074.507193 26.856581
slice25/query/img_07957_c0_1290445370668978us.jpg 0.170891 0.188730 0.699560 -0.667678 -83.763587 -1075.035052 26.778236
slice25/query/img_07958_c0_1290445370735589us.jpg 0.168563 0.187115 0.700230 -0.668022 -84.794912 -1075.319832 26.727110
slice25/query/img_07959_c0_1290445370802305us.jpg 0.167356 0.184350 0.700162 -0.669164 -85.811477 -1075.608584 26.670936
slice25/query/img_07960_c0_1290445370935531us.jpg 0.166513 0.177444 0.699326 -0.672109 -87.838065 -1076.210395 26.565789
slice25/query/img_07961_c0_1290445371002265us.jpg 0.166342 0.174229 0.698747 -0.673592 -88.834627 -1076.516327 26.521759
slice25/query/img_07962_c0_1290445371068879us.jpg 0.165776 0.171836 0.698032 -0.675087 -89.830801 -1076.827771 26.486918
slice25/query/img_07963_c0_1290445371202229us.jpg 0.159860 0.170086 0.698673 -0.676292 -91.857684 -1077.459997 26.424235
slice25/query/img_07964_c0_1290445371268840us.jpg 0.156059 0.169804 0.699648 -0.676243 -92.864521 -1077.782622 26.395153
slice25/query/img_07965_c0_1290445371402193us.jpg 0.150507 0.167064 0.701645 -0.676115 -94.867303 -1078.450064 26.323816
slice25/query/img_07966_c0_1290445371468824us.jpg 0.149912 0.164183 0.702414 -0.676154 -95.860237 -1078.799281 26.279395
slice25/query/img_07967_c0_1290445371535416us.jpg 0.151370 0.159172 0.703046 -0.676371 -96.841854 -1079.154095 26.227512
slice25/query/img_07968_c0_1290445371602156us.jpg 0.153964 0.153285 0.703334 -0.676845 -97.818680 -1079.514506 26.172383
slice25/query/img_07969_c0_1290445371735379us.jpg 0.153606 0.147963 0.703475 -0.677964 -99.779678 -1080.252508 26.119640
slice25/query/img_07970_c0_1290445371802137us.jpg 0.149642 0.148246 0.703637 -0.678620 -100.764601 -1080.622803 26.115151
slice25/query/img_07971_c0_1290445371868729us.jpg 0.144113 0.149590 0.703341 -0.679828 -101.754570 -1080.992810 26.111690
slice25/query/img_07972_c0_1290445371935341us.jpg 0.138439 0.151133 0.702344 -0.681694 -102.732989 -1081.362506 26.105228
slice25/query/img_07973_c0_1290445372069407us.jpg 0.130912 0.149944 0.701199 -0.684616 -104.665211 -1082.142772 26.073407
slice25/query/img_07974_c0_1290445372135305us.jpg 0.128285 0.147359 0.701345 -0.685524 -105.640135 -1082.542382 26.038518
slice25/query/img_07975_c0_1290445372202041us.jpg 0.126902 0.143662 0.702254 -0.685635 -106.611910 -1082.955431 25.998919
slice25/query/img_07976_c0_1290445372268654us.jpg 0.126427 0.139475 0.703289 -0.685527 -107.574820 -1083.380132 25.954978
slice25/query/img_07977_c0_1290445372403037us.jpg 0.124033 0.132532 0.706035 -0.684519 -109.491951 -1084.257379 25.874818
slice25/query/img_07978_c0_1290445372468636us.jpg 0.121816 0.129971 0.707177 -0.684229 -110.457917 -1084.699793 25.844663
slice25/query/img_07979_c0_1290445372535229us.jpg 0.118430 0.127857 0.708128 -0.684238 -111.418184 -1085.144893 25.816416
slice25/query/img_07980_c0_1290445372601965us.jpg 0.114468 0.126314 0.708566 -0.684745 -112.385436 -1085.593555 25.789534
slice25/query/img_07981_c0_1290445372668579us.jpg 0.110473 0.124463 0.708223 -0.686093 -113.346235 -1086.046661 25.762645
slice25/query/img_07982_c0_1290445372801951us.jpg 0.103942 0.117620 0.706412 -0.690176 -115.252661 -1086.969737 25.692131
slice25/query/img_07983_c0_1290445372868541us.jpg 0.100147 0.114760 0.705548 -0.692100 -116.189569 -1087.440224 25.656537
slice25/query/img_07984_c0_1290445372935156us.jpg 0.096355 0.111547 0.704493 -0.694236 -117.117595 -1087.913953 25.619533
slice25/query/img_07985_c0_1290445373001897us.jpg 0.092891 0.108172 0.703903 -0.695838 -118.032939 -1088.401345 25.584004
slice25/query/img_07986_c0_1290445373135138us.jpg 0.084613 0.101727 0.704786 -0.696971 -119.882736 -1089.408837 25.505975
slice25/query/img_07987_c0_1290445373201852us.jpg 0.081113 0.097687 0.705666 -0.697075 -120.776088 -1089.924971 25.467870
slice25/query/img_07988_c0_1290445373268466us.jpg 0.077996 0.093489 0.707024 -0.696630 -121.659574 -1090.454284 25.432152
slice25/query/img_07989_c0_1290445373401839us.jpg 0.072540 0.085184 0.709636 -0.695628 -123.449786 -1091.571031 25.342391
slice25/query/img_07990_c0_1290445373468449us.jpg 0.069950 0.081198 0.710365 -0.695626 -124.334870 -1092.141370 25.303210
slice25/query/img_07991_c0_1290445373535041us.jpg 0.067634 0.077236 0.710593 -0.696073 -125.208420 -1092.713753 25.267271
slice25/query/img_07992_c0_1290445373601777us.jpg 0.065243 0.073851 0.710792 -0.696465 -126.083500 -1093.297970 25.226882
slice25/query/img_07993_c0_1290445373735003us.jpg 0.060266 0.069929 0.711144 -0.696959 -127.842273 -1094.497856 25.157843
slice25/query/img_07994_c0_1290445373801760us.jpg 0.057221 0.068793 0.711795 -0.696664 -128.714620 -1095.107991 25.120515
slice25/query/img_07995_c0_1290445373868349us.jpg 0.055330 0.067111 0.712828 -0.695925 -129.586744 -1095.727750 25.085081
slice25/query/img_07996_c0_1290445373934974us.jpg 0.053899 0.065816 0.713653 -0.695315 -130.451281 -1096.350061 25.049296
slice25/query/img_07997_c0_1290445374068339us.jpg 0.053234 0.063409 0.714579 -0.694638 -132.186343 -1097.623366 24.966927
slice25/query/img_07998_c0_1290445374134935us.jpg 0.053069 0.061941 0.714659 -0.694701 -133.062588 -1098.268655 24.917277
slice25/query/img_07999_c0_1290445374201662us.jpg 0.053364 0.060106 0.714704 -0.694794 -133.927304 -1098.908557 24.877725
slice25/query/img_08000_c0_1290445374334915us.jpg 0.052886 0.057655 0.714304 -0.695449 -135.657008 -1100.198393 24.809271
slice25/query/img_08001_c0_1290445374401626us.jpg 0.052269 0.057108 0.714046 -0.695806 -136.524429 -1100.846985 24.782631
slice25/query/img_08002_c0_1290445374468240us.jpg 0.050994 0.057058 0.714276 -0.695668 -137.385844 -1101.492899 24.757376
slice25/query/img_08003_c0_1290445374601815us.jpg 0.049064 0.056505 0.715517 -0.694576 -139.106910 -1102.783294 24.699470
slice25/query/img_08004_c0_1290445374668223us.jpg 0.048846 0.055772 0.715977 -0.694176 -139.957231 -1103.428050 24.668647
slice25/query/img_08005_c0_1290445374734815us.jpg 0.049316 0.054952 0.715920 -0.694267 -140.806723 -1104.070916 24.635143
slice25/query/img_08006_c0_1290445374801551us.jpg 0.049243 0.054049 0.715823 -0.694443 -141.645856 -1104.712032 24.602049
slice25/query/img_08007_c0_1290445374934799us.jpg 0.048284 0.052782 0.716294 -0.694122 -143.351236 -1106.005036 24.540290
slice25/query/img_08008_c0_1290445375001515us.jpg 0.047014 0.052638 0.716484 -0.694024 -144.203042 -1106.651575 24.511132
slice25/query/img_08009_c0_1290445375068126us.jpg 0.046192 0.052509 0.716352 -0.694225 -145.049154 -1107.299711 24.480631
slice25/query/img_08010_c0_1290445375134739us.jpg 0.045506 0.052187 0.716054 -0.694602 -145.893111 -1107.951797 24.449206
slice25/query/img_08011_c0_1290445375268091us.jpg 0.044694 0.051252 0.715617 -0.695175 -147.582828 -1109.256214 24.391189
slice25/query/img_08012_c0_1290445375334701us.jpg 0.044247 0.051018 0.715484 -0.695358 -148.426646 -1109.910480 24.362667
slice25/query/img_08013_c0_1290445375401440us.jpg 0.043939 0.051046 0.715176 -0.695692 -149.268689 -1110.558154 24.332263
slice25/query/img_08014_c0_1290445375534666us.jpg 0.045675 0.049722 0.715097 -0.695757 -150.952168 -1111.864627 24.267177
slice25/query/img_08015_c0_1290445375601402us.jpg 0.046693 0.050432 0.715621 -0.695099 -151.796313 -1112.520370 24.234850
slice25/query/img_08016_c0_1290445375668015us.jpg 0.046434 0.051893 0.715888 -0.694734 -152.640247 -1113.173510 24.207308
slice25/query/img_08017_c0_1290445375734626us.jpg 0.046919 0.052704 0.716119 -0.694402 -153.481507 -1113.820903 24.174528
slice25/query/img_08018_c0_1290445375867994us.jpg 0.047910 0.052534 0.715866 -0.694608 -155.165786 -1115.103363 24.115443
slice25/query/img_08019_c0_1290445375934588us.jpg 0.048194 0.053476 0.715025 -0.695383 -156.007923 -1115.744055 24.088539
slice25/query/img_08020_c0_1290445376067938us.jpg 0.049147 0.055998 0.713396 -0.696789 -157.694648 -1117.027465 24.042848
slice25/query/img_08021_c0_1290445376134549us.jpg 0.049502 0.057288 0.713326 -0.696730 -158.544168 -1117.669648 24.017318
slice25/query/img_08022_c0_1290445376201287us.jpg 0.050113 0.058260 0.713980 -0.695937 -159.395146 -1118.313924 23.994292
slice25/query/img_08023_c0_1290445376334535us.jpg 0.050917 0.060122 0.715075 -0.694594 -161.091736 -1119.597442 23.933563
slice25/query/img_08024_c0_1290445376401249us.jpg 0.051605 0.061218 0.714880 -0.694648 -161.940114 -1120.236729 23.906490
slice25/query/img_08025_c0_1290445376534506us.jpg 0.053297 0.062378 0.712823 -0.696529 -163.636598 -1121.495840 23.841940
slice25/query/img_08026_c0_1290445376601234us.jpg 0.053181 0.063226 0.712048 -0.697253 -164.494570 -1122.122657 23.815107
slice25/query/img_08027_c0_1290445376667824us.jpg 0.052648 0.064020 0.711064 -0.698225 -165.354358 -1122.744174 23.793485
slice25/query/img_08028_c0_1290445376734438us.jpg 0.051821 0.065565 0.709891 -0.699335 -166.212086 -1123.365999 23.773754
slice25/query/img_08029_c0_1290445376867816us.jpg 0.049945 0.067353 0.708783 -0.700425 -167.918036 -1124.614313 23.723430
slice25/query/img_08030_c0_1290445376934398us.jpg 0.049296 0.068216 0.708394 -0.700782 -168.781198 -1125.240259 23.689141
slice25/query/img_08031_c0_1290445377067775us.jpg 0.049107 0.068570 0.707843 -0.701316 -170.506117 -1126.490479 23.636232
slice25/query/img_08032_c0_1290445377134370us.jpg 0.049594 0.068590 0.707616 -0.701509 -171.357338 -1127.113100 23.609848
slice25/query/img_08033_c0_1290445377201097us.jpg 0.050346 0.068450 0.707797 -0.701287 -172.217481 -1127.740778 23.577346
slice25/query/img_08034_c0_1290445377334325us.jpg 0.052290 0.068623 0.708013 -0.700909 -173.931327 -1128.994133 23.515040
slice25/query/img_08035_c0_1290445377401062us.jpg 0.053512 0.069194 0.707806 -0.700971 -174.781459 -1129.618634 23.488042
slice25/query/img_08036_c0_1290445377601026us.jpg 0.060769 0.071624 0.707845 -0.700095 -177.344689 -1131.502984 23.422198
slice25/query/img_08037_c0_1290445377734283us.jpg 0.064685 0.076672 0.707691 -0.699365 -179.087528 -1132.731932 23.381921
slice25/query/img_08038_c0_1290445377801010us.jpg 0.067324 0.079171 0.707587 -0.698942 -179.961560 -1133.335792 23.361378
slice25/query/img_08039_c0_1290445377867601us.jpg 0.070319 0.081691 0.707453 -0.698492 -180.846648 -1133.936229 23.335243
slice25/query/img_08040_c0_1290445377934213us.jpg 0.073621 0.084087 0.707595 -0.697724 -181.726289 -1134.527830 23.312302
slice25/query/img_08041_c0_1290445378067587us.jpg 0.081012 0.088413 0.707409 -0.696558 -183.508320 -1135.694136 23.259257
slice25/query/img_08042_c0_1290445378134175us.jpg 0.084257 0.091096 0.707041 -0.696200 -184.409569 -1136.265288 23.236090
slice25/query/img_08043_c0_1290445378200913us.jpg 0.086968 0.094030 0.706982 -0.695536 -185.315072 -1136.826696 23.216127
slice25/query/img_08044_c0_1290445378267526us.jpg 0.089583 0.097155 0.706717 -0.695045 -186.219390 -1137.377504 23.198560
slice25/query/img_08045_c0_1290445378400896us.jpg 0.094643 0.103553 0.705683 -0.694501 -188.056789 -1138.463258 23.157645
slice25/query/img_08046_c0_1290445378467487us.jpg 0.097517 0.106221 0.705198 -0.694192 -188.973822 -1138.987832 23.133460
slice25/query/img_08047_c0_1290445378600863us.jpg 0.103340 0.111715 0.704537 -0.693158 -190.820482 -1140.019544 23.090813
slice25/query/img_08048_c0_1290445378667451us.jpg 0.106234 0.114445 0.703989 -0.692832 -191.748562 -1140.525050 23.069706
slice25/query/img_08049_c0_1290445378734062us.jpg 0.108942 0.117136 0.703299 -0.692662 -192.679665 -1141.021320 23.050186
slice25/query/img_08050_c0_1290445378800800us.jpg 0.111075 0.119988 0.702616 -0.692529 -193.625840 -1141.509306 23.029136
slice25/query/img_08051_c0_1290445378934024us.jpg 0.114828 0.125680 0.700768 -0.692779 -195.523678 -1142.464025 22.986954
slice25/query/img_08052_c0_1290445379000763us.jpg 0.116808 0.128403 0.699392 -0.693339 -196.484611 -1142.931553 22.963496
slice25/query/img_08053_c0_1290445379067375us.jpg 0.118581 0.131036 0.698356 -0.693590 -197.449709 -1143.393830 22.939963
slice25/query/img_08054_c0_1290445379200749us.jpg 0.122875 0.135638 0.697280 -0.693041 -199.371158 -1144.300748 22.891031
slice25/query/img_08055_c0_1290445379267358us.jpg 0.125679 0.137488 0.696918 -0.692536 -200.330891 -1144.741739 22.864597
slice25/query/img_08056_c0_1290445379333946us.jpg 0.128410 0.139082 0.696648 -0.691989 -201.290179 -1145.178839 22.840146
slice25/query/img_08057_c0_1290445379467298us.jpg 0.134236 0.142453 0.695818 -0.691032 -203.208683 -1146.051993 22.785803
slice25/query/img_08058_c0_1290445379600650us.jpg 0.139278 0.145558 0.694518 -0.690695 -205.222612 -1146.883176 22.740109
slice25/query/img_08059_c0_1290445379667261us.jpg 0.141237 0.148108 0.693659 -0.690618 -206.199403 -1147.280608 22.722632
slice25/query/img_08060_c0_1290445379733874us.jpg 0.143179 0.150804 0.692584 -0.690713 -207.165592 -1147.670835 22.708074
slice25/query/img_08061_c0_1290445379800613us.jpg 0.145388 0.153444 0.691532 -0.690725 -208.120762 -1148.052816 22.694570
slice25/query/img_08062_c0_1290445379933836us.jpg 0.148739 0.158761 0.689792 -0.690549 -210.110448 -1148.817858 22.656041
slice25/query/img_08063_c0_1290445380000699us.jpg 0.150422 0.161515 0.688894 -0.690443 -211.098393 -1149.191621 22.636904
slice25/query/img_08064_c0_1290445380067187us.jpg 0.153200 0.163551 0.688513 -0.689732 -212.083189 -1149.560844 22.619977
slice25/query/img_08065_c0_1290445380200537us.jpg 0.158297 0.168013 0.687836 -0.688182 -214.095276 -1150.300113 22.572411
slice25/query/img_08066_c0_1290445380267155us.jpg 0.161408 0.169961 0.687619 -0.687197 -215.107298 -1150.656490 22.554770
slice25/query/img_08067_c0_1290445380333762us.jpg 0.164141 0.172315 0.687162 -0.686421 -216.113364 -1151.002082 22.537181
slice25/query/img_08068_c0_1290445380467132us.jpg 0.167415 0.178265 0.684836 -0.686435 -218.148092 -1151.667633 22.498489
slice25/query/img_08069_c0_1290445380533725us.jpg 0.169793 0.181031 0.683155 -0.686803 -219.147425 -1151.987619 22.485197
slice25/query/img_08070_c0_1290445380667098us.jpg 0.175375 0.185662 0.681309 -0.685997 -221.164951 -1152.610424 22.474878
slice25/query/img_08071_c0_1290445380733686us.jpg 0.178279 0.187084 0.680594 -0.685571 -222.187877 -1152.908709 22.461345
slice25/query/img_08072_c0_1290445380800423us.jpg 0.180898 0.189029 0.679564 -0.685374 -223.198638 -1153.204773 22.454178
slice25/query/img_08073_c0_1290445380933647us.jpg 0.185914 0.193878 0.678581 -0.683648 -225.232511 -1153.771597 22.449631
slice25/query/img_08074_c0_1290445381000385us.jpg 0.187703 0.196529 0.677729 -0.683247 -226.271991 -1154.045426 22.441460
slice25/query/img_08075_c0_1290445381066998us.jpg 0.190215 0.198257 0.676757 -0.683017 -227.311135 -1154.314538 22.431804
slice25/query/img_08076_c0_1290445381200368us.jpg 0.195103 0.200676 0.674260 -0.683401 -229.366959 -1154.822229 22.409679
slice25/query/img_08077_c0_1290445381266960us.jpg 0.198467 0.202272 0.673547 -0.682665 -230.371148 -1155.070214 22.415430
slice25/query/img_08078_c0_1290445381333573us.jpg 0.201878 0.203618 0.673014 -0.681790 -231.377473 -1155.300050 22.426711
slice25/query/img_08079_c0_1290445381466924us.jpg 0.207711 0.205815 0.671285 -0.681082 -233.439490 -1155.749977 22.438245
slice25/query/img_08080_c0_1290445381533535us.jpg 0.210186 0.207134 0.670162 -0.681029 -234.457079 -1155.960387 22.430167
slice25/query/img_08081_c0_1290445381666888us.jpg 0.214467 0.209546 0.669467 -0.679638 -236.526990 -1156.377957 22.445327
slice25/query/img_08082_c0_1290445381733498us.jpg 0.216750 0.210150 0.669208 -0.678982 -237.550682 -1156.580620 22.454332
slice25/query/img_08083_c0_1290445381800236us.jpg 0.218927 0.210589 0.668864 -0.678487 -238.584661 -1156.777702 22.463351
slice25/query/img_08084_c0_1290445381866847us.jpg 0.221281 0.210788 0.668361 -0.678157 -239.624379 -1156.982406 22.473999
slice25/query/img_08085_c0_1290445382000198us.jpg 0.225185 0.210623 0.667304 -0.677964 -241.693939 -1157.368859 22.509647
slice25/query/img_08086_c0_1290445382066810us.jpg 0.226632 0.210524 0.666944 -0.677867 -242.709748 -1157.553931 22.526723
slice25/query/img_08087_c0_1290445382133423us.jpg 0.227573 0.210743 0.666182 -0.678232 -243.731900 -1157.734177 22.549103
slice25/query/img_08088_c0_1290445382266773us.jpg 0.227703 0.211268 0.665573 -0.678623 -245.784601 -1158.075232 22.603203
slice25/query/img_08089_c0_1290445382333386us.jpg 0.228932 0.210567 0.666041 -0.677968 -246.810306 -1158.254236 22.630179
slice25/query/img_08090_c0_1290445382400123us.jpg 0.230080 0.211173 0.665387 -0.678033 -247.824973 -1158.433072 22.653107
slice25/query/img_08091_c0_1290445382533369us.jpg 0.233483 0.211013 0.664679 -0.677614 -249.859349 -1158.782546 22.719278
slice25/query/img_08092_c0_1290445382600087us.jpg 0.234344 0.210676 0.665273 -0.676838 -250.892066 -1158.946110 22.753811
slice25/query/img_08093_c0_1290445382733312us.jpg 0.234351 0.212092 0.665917 -0.675760 -252.943862 -1159.270604 22.830318
slice25/query/img_08094_c0_1290445382800046us.jpg 0.233779 0.213845 0.664876 -0.676430 -253.986005 -1159.426033 22.867660
slice25/query/img_08095_c0_1290445382866660us.jpg 0.233494 0.215463 0.663382 -0.677481 -255.019635 -1159.582182 22.902169
slice25/query/img_08096_c0_1290445382933274us.jpg 0.233073 0.216058 0.662087 -0.678702 -256.058492 -1159.736489 22.932071
slice25/query/img_08097_c0_1290445383066645us.jpg 0.234219 0.214820 0.661005 -0.679755 -258.117451 -1160.048287 23.007250
slice25/query/img_08098_c0_1290445383133232us.jpg 0.233970 0.214692 0.660393 -0.680475 -259.145520 -1160.226413 23.045482
slice25/query/img_08099_c0_1290445383199974us.jpg 0.233694 0.214940 0.660752 -0.680143 -260.199540 -1160.401209 23.080226
slice25/query/img_08100_c0_1290445383333200us.jpg 0.233202 0.215412 0.663093 -0.677881 -262.291781 -1160.686228 23.134726
slice25/query/img_08101_c0_1290445383399935us.jpg 0.232636 0.215914 0.664099 -0.676930 -263.353369 -1160.853395 23.161366
slice25/query/img_08102_c0_1290445383466545us.jpg 0.232310 0.215879 0.664975 -0.676193 -264.399334 -1161.025976 23.202753
slice25/query/img_08103_c0_1290445383599898us.jpg 0.232848 0.214541 0.664861 -0.676546 -266.449342 -1161.333630 23.258239
slice25/query/img_08104_c0_1290445383666511us.jpg 0.233355 0.213632 0.664157 -0.677350 -267.476191 -1161.489573 23.285314
slice25/query/img_08105_c0_1290445383733122us.jpg 0.233520 0.212973 0.663378 -0.678263 -268.507143 -1161.643804 23.320285
slice25/query/img_08106_c0_1290445383866476us.jpg 0.232176 0.213303 0.662109 -0.679859 -270.574005 -1161.963734 23.388214
slice25/query/img_08107_c0_1290445383933086us.jpg 0.231689 0.213178 0.662117 -0.680056 -271.627454 -1162.131375 23.423824
slice25/query/img_08108_c0_1290445383999822us.jpg 0.231610 0.212932 0.662396 -0.679888 -272.675217 -1162.293118 23.461351
slice25/query/img_08109_c0_1290445384133769us.jpg 0.231960 0.212449 0.663225 -0.679112 -274.744375 -1162.616697 23.528918
slice25/query/img_08110_c0_1290445384199785us.jpg 0.231519 0.212645 0.663745 -0.678693 -275.778159 -1162.775281 23.561090
slice25/query/img_08111_c0_1290445384266398us.jpg 0.231513 0.212297 0.663933 -0.678620 -276.808114 -1162.934107 23.592152
slice25/query/img_08112_c0_1290445384333010us.jpg 0.231369 0.212285 0.663981 -0.678626 -277.835613 -1163.093477 23.624399
slice25/query/img_08113_c0_1290445384466383us.jpg 0.231458 0.211865 0.662314 -0.680353 -279.911604 -1163.518732 23.632702
slice25/query/img_08114_c0_1290445384532993us.jpg 0.234126 0.210214 0.663437 -0.678857 -280.890475 -1163.690171 23.678307
slice25/query/img_08115_c0_1290445384666345us.jpg 0.234033 0.210956 0.663438 -0.678658 -282.929722 -1164.034592 23.767864
slice25/query/img_08116_c0_1290445384732938us.jpg 0.234338 0.211093 0.663610 -0.678342 -284.008411 -1164.202525 23.800628
slice25/query/img_08117_c0_1290445384799673us.jpg 0.234249 0.211828 0.663642 -0.678111 -285.084646 -1164.370173 23.836305
slice25/query/img_08118_c0_1290445384866284us.jpg 0.234580 0.212039 0.663872 -0.677707 -286.145708 -1164.550660 23.878326
slice25/query/img_08119_c0_1290445384999635us.jpg 0.233748 0.214486 0.662316 -0.678745 -288.257853 -1164.848254 23.949462
slice25/query/img_08120_c0_1290445385066247us.jpg 0.233676 0.215091 0.661684 -0.679194 -289.327055 -1165.001903 23.982570
slice25/query/img_08121_c0_1290445385132859us.jpg 0.234289 0.215054 0.661247 -0.679421 -290.386277 -1165.159786 24.015167
slice25/query/img_08122_c0_1290445385266230us.jpg 0.236868 0.213886 0.661494 -0.678654 -292.403704 -1165.467799 24.156602
slice25/query/img_08123_c0_1290445385332823us.jpg 0.237332 0.214427 0.660833 -0.678965 -293.408424 -1165.608958 24.189813
slice25/query/img_08124_c0_1290445385399559us.jpg 0.237606 0.214838 0.660785 -0.678787 -294.428689 -1165.750153 24.213870
slice25/query/img_08125_c0_1290445385533081us.jpg 0.236966 0.216285 0.661741 -0.677619 -296.573641 -1166.123097 24.270718
slice25/query/img_08126_c0_1290445385599523us.jpg 0.238033 0.215626 0.662668 -0.676548 -297.623935 -1166.279131 24.302273
slice25/query/img_08127_c0_1290445385666135us.jpg 0.238702 0.215031 0.662539 -0.676628 -298.661034 -1166.440393 24.337674
slice25/query/img_08128_c0_1290445385799513us.jpg 0.237907 0.215224 0.660447 -0.678888 -300.817861 -1166.764091 24.386433
slice25/query/img_08129_c0_1290445385866096us.jpg 0.237697 0.214932 0.660188 -0.679306 -301.855241 -1166.910574 24.424009
slice25/query/img_08130_c0_1290445385932709us.jpg 0.237280 0.215272 0.659709 -0.679809 -302.903744 -1167.061638 24.461856
slice25/query/img_08131_c0_1290445386066083us.jpg 0.236410 0.216071 0.659420 -0.680139 -304.984018 -1167.397354 24.525490
slice25/query/img_08132_c0_1290445386132669us.jpg 0.236530 0.216130 0.659650 -0.679855 -306.019342 -1167.554587 24.564728
slice25/query/img_08133_c0_1290445386199408us.jpg 0.237352 0.215438 0.659981 -0.679467 -307.074442 -1167.708417 24.610089
slice25/query/img_08134_c0_1290445386332642us.jpg 0.237699 0.214865 0.660735 -0.678794 -309.140380 -1168.021527 24.692626
slice25/query/img_08135_c0_1290445386399371us.jpg 0.237788 0.214718 0.660731 -0.678814 -310.146068 -1168.163937 24.723547
slice25/query/img_08136_c0_1290445386465982us.jpg 0.237029 0.215218 0.660152 -0.679484 -311.174458 -1168.308573 24.755082
slice25/query/img_08137_c0_1290445386600633us.jpg 0.237232 0.215178 0.660015 -0.679558 -313.196049 -1168.612317 24.848554
slice25/query/img_08138_c0_1290445386665968us.jpg 0.236519 0.215891 0.658611 -0.680942 -314.109081 -1168.651269 24.850490
slice25/query/img_08139_c0_1290445386799319us.jpg 0.237065 0.215748 0.659870 -0.679577 -316.393603 -1169.059174 25.006953
slice25/query/img_08140_c0_1290445386865913us.jpg 0.236864 0.216172 0.660775 -0.678632 -317.449597 -1169.211435 25.042845
slice25/query/img_08141_c0_1290445386932520us.jpg 0.236038 0.216768 0.661892 -0.677641 -318.513502 -1169.366295 25.070727
slice25/query/img_08142_c0_1290445387065870us.jpg 0.237481 0.219421 0.663600 -0.674606 -320.587362 -1169.703709 25.167175
