slice25/query/img_08368_c0_1292959665932078us.jpg 0.216495 0.218694 0.680925 -0.664563 -66.490525 -1071.191109 27.352691
slice25/query/img_08369_c0_1292959665998706us.jpg 0.211773 0.219278 0.681809 -0.664986 -67.550299 -1071.340568 27.339519
slice25/query/img_08370_c0_1292959666065454us.jpg 0.206895 0.219462 0.683060 -0.665176 -68.613358 -1071.519167 27.326061
slice25/query/img_08371_c0_1292959666198710us.jpg 0.200256 0.215741 0.685770 -0.665637 -70.722379 -1071.907874 27.264826
slice25/query/img_08372_c0_1292959666265453us.jpg 0.198200 0.212914 0.686627 -0.666279 -71.768160 -1072.112736 27.226042
slice25/query/img_08373_c0_1292959666332080us.jpg 0.196571 0.209231 0.687457 -0.667072 -72.809069 -1072.320671 27.179351
slice25/query/img_08374_c0_1292959666465729us.jpg 0.192480 0.202971 0.689468 -0.668123 -74.883011 -1072.767736 27.099703
slice25/query/img_08375_c0_1292959666532081us.jpg 0.190069 0.200508 0.690441 -0.668552 -75.914864 -1072.995148 27.061015
slice25/query/img_08376_c0_1292959666598713us.jpg 0.187377 0.198222 0.691515 -0.668884 -76.947247 -1073.233270 27.020213
slice25/query/img_08377_c0_1292959666665458us.jpg 0.184618 0.196443 0.692460 -0.669198 -77.960772 -1073.475963 26.989776
slice25/query/img_08378_c0_1292959666798715us.jpg 0.178775 0.193148 0.694202 -0.669937 -79.982185 -1073.981106 26.915065
slice25/query/img_08379_c0_1292959666865464us.jpg 0.176056 0.191531 0.695150 -0.670139 -80.985175 -1074.256075 26.886288
slice25/query/img_08380_c0_1292959666932084us.jpg 0.173103 0.190235 0.696201 -0.670187 -82.019865 -1074.535050 26.844827
slice25/query/img_08381_c0_1292959666998715us.jpg 0.169596 0.189616 0.697652 -0.669750 -83.059083 -1074.811805 26.806858
slice25/query/img_08382_c0_1292959667132088us.jpg 0.165210 0.186558 0.699976 -0.669280 -85.171581 -1075.416233 26.698191
slice25/query/img_08383_c0_1292959667198717us.jpg 0.165149 0.183416 0.700459 -0.669658 -86.216218 -1075.727073 26.639892
slice25/query/img_08384_c0_1292959667265463us.jpg 0.165703 0.179939 0.700818 -0.670088 -87.263433 -1076.038650 26.578213
slice25/query/img_08385_c0_1292959667332089us.jpg 0.166419 0.177032 0.700730 -0.670777 -88.299999 -1076.357675 26.527226
slice25/query/img_08386_c0_1292959667465464us.jpg 0.165212 0.173426 0.699902 -0.672879 -90.361318 -1076.997393 26.451604
slice25/query/img_08387_c0_1292959667532090us.jpg 0.162042 0.173424 0.699995 -0.673553 -91.392684 -1077.319789 26.427151
slice25/query/img_08388_c0_1292959667598719us.jpg 0.157480 0.173925 0.700241 -0.674250 -92.419891 -1077.645209 26.407400
slice25/query/img_08389_c0_1292959667732116us.jpg 0.151109 0.170753 0.701122 -0.675601 -94.480689 -1078.308218 26.340305
slice25/query/img_08390_c0_1292959667798729us.jpg 0.149439 0.167911 0.701129 -0.676677 -95.504835 -1078.656765 26.298233
slice25/query/img_08391_c0_1292959667865468us.jpg 0.149244 0.163316 0.701322 -0.677644 -96.521489 -1079.013682 26.248594
slice25/query/img_08392_c0_1292959667998724us.jpg 0.155392 0.147801 0.701190 -0.679956 -98.545732 -1079.767191 26.137002
slice25/query/img_08393_c0_1292959668065469us.jpg 0.153434 0.145116 0.702307 -0.679827 -99.565657 -1080.152516 26.111564
slice25/query/img_08394_c0_1292959668132094us.jpg 0.149258 0.144866 0.703503 -0.679573 -100.592213 -1080.534588 26.097270
slice25/query/img_08395_c0_1292959668265471us.jpg 0.138997 0.145593 0.703109 -0.681997 -102.601787 -1081.282907 26.072378
slice25/query/img_08396_c0_1292959668332095us.jpg 0.133109 0.146446 0.702018 -0.684110 -103.607905 -1081.675498 26.052777
slice25/query/img_08397_c0_1292959668465492us.jpg 0.125774 0.143709 0.700751 -0.687369 -105.617678 -1082.496322 25.987761
slice25/query/img_08398_c0_1292959668532096us.jpg 0.124311 0.140189 0.701379 -0.687722 -106.612589 -1082.929663 25.947352
slice25/query/img_08399_c0_1292959668598728us.jpg 0.124056 0.135927 0.702620 -0.687357 -107.598707 -1083.372492 25.901244
slice25/query/img_08400_c0_1292959668665473us.jpg 0.124053 0.131636 0.704335 -0.686436 -108.580303 -1083.824966 25.857024
slice25/query/img_08401_c0_1292959668798750us.jpg 0.121736 0.124938 0.707529 -0.684817 -110.546880 -1084.742522 25.778904
slice25/query/img_08402_c0_1292959668865475us.jpg 0.119005 0.122947 0.708843 -0.684298 -111.525351 -1085.208884 25.752463
slice25/query/img_08403_c0_1292959668998730us.jpg 0.111150 0.120738 0.709383 -0.685451 -113.478885 -1086.150660 25.701441
slice25/query/img_08404_c0_1292959669132104us.jpg 0.103627 0.116061 0.706725 -0.690168 -115.451975 -1087.126117 25.637606
slice25/query/img_08405_c0_1292959669198730us.jpg 0.100339 0.113071 0.705335 -0.692568 -116.426048 -1087.619652 25.604504
slice25/query/img_08406_c0_1292959669332126us.jpg 0.093715 0.106981 0.703648 -0.696170 -118.352421 -1088.633524 25.532450
slice25/query/img_08407_c0_1292959669398733us.jpg 0.089656 0.104393 0.703671 -0.697073 -119.309625 -1089.155842 25.500471
slice25/query/img_08408_c0_1292959669465480us.jpg 0.086283 0.100905 0.704188 -0.697490 -120.264296 -1089.688585 25.466001
slice25/query/img_08409_c0_1292959669598760us.jpg 0.079987 0.093343 0.706667 -0.696786 -122.143592 -1090.785892 25.386588
slice25/query/img_08410_c0_1292959669665503us.jpg 0.077448 0.089563 0.708077 -0.696137 -123.073346 -1091.354384 25.344980
slice25/query/img_08411_c0_1292959669732107us.jpg 0.075165 0.085478 0.709176 -0.695782 -123.998486 -1091.932704 25.305565
slice25/query/img_08412_c0_1292959669798736us.jpg 0.072882 0.081639 0.709674 -0.695979 -124.909720 -1092.511009 25.266478
slice25/query/img_08413_c0_1292959669932130us.jpg 0.066482 0.074266 0.709791 -0.697324 -126.774239 -1093.713226 25.184523
slice25/query/img_08414_c0_1292959669998739us.jpg 0.062795 0.072056 0.709443 -0.698251 -127.693875 -1094.325728 25.155994
slice25/query/img_08415_c0_1292959670065485us.jpg 0.058253 0.070975 0.709832 -0.698361 -128.606535 -1094.945715 25.131432
slice25/query/img_08416_c0_1292959670198760us.jpg 0.049917 0.067696 0.710970 -0.698174 -130.415011 -1096.209704 25.074696
slice25/query/img_08417_c0_1292959670265487us.jpg 0.047723 0.065746 0.711302 -0.698176 -131.303921 -1096.854532 25.040866
slice25/query/img_08418_c0_1292959670332111us.jpg 0.046185 0.063301 0.711692 -0.698108 -132.181625 -1097.505957 25.002578
slice25/query/img_08419_c0_1292959670465510us.jpg 0.044510 0.057147 0.712778 -0.697639 -133.954385 -1098.854129 24.905192
slice25/query/img_08420_c0_1292959670532112us.jpg 0.044396 0.054086 0.713320 -0.697337 -134.840552 -1099.533091 24.858102
slice25/query/img_08421_c0_1292959670598743us.jpg 0.044486 0.051900 0.713716 -0.697091 -135.714629 -1100.209136 24.813052
slice25/query/img_08422_c0_1292959670665490us.jpg 0.043965 0.050526 0.714168 -0.696763 -136.589110 -1100.887168 24.777003
slice25/query/img_08423_c0_1292959670798745us.jpg 0.042146 0.049548 0.716047 -0.695015 -138.334819 -1102.258174 24.709296
slice25/query/img_08424_c0_1292959670865512us.jpg 0.041527 0.049428 0.717024 -0.694053 -139.194433 -1102.939123 24.678582
slice25/query/img_08425_c0_1292959670932116us.jpg 0.041310 0.049176 0.717592 -0.693496 -140.049242 -1103.618786 24.647300
slice25/query/img_08426_c0_1292959670998746us.jpg 0.041656 0.048702 0.717735 -0.693361 -140.898324 -1104.296084 24.613308
slice25/query/img_08427_c0_1292959671132140us.jpg 0.041646 0.047490 0.718075 -0.693093 -142.626262 -1105.669549 24.536559
slice25/query/img_08428_c0_1292959671265496us.jpg 0.040957 0.047627 0.718513 -0.692672 -144.348816 -1107.041956 24.462687
slice25/query/img_08429_c0_1292959671332119us.jpg 0.040942 0.048128 0.718384 -0.692771 -145.215237 -1107.733828 24.428314
slice25/query/img_08430_c0_1292959671398749us.jpg 0.041615 0.048627 0.717965 -0.693131 -146.075181 -1108.416894 24.391996
slice25/query/img_08431_c0_1292959671532147us.jpg 0.042615 0.049296 0.717408 -0.693599 -147.809497 -1109.783465 24.319049
slice25/query/img_08432_c0_1292959671598752us.jpg 0.043022 0.049110 0.717289 -0.693710 -148.670015 -1110.456188 24.286795
slice25/query/img_08433_c0_1292959671665496us.jpg 0.043262 0.050133 0.716953 -0.693970 -149.532807 -1111.130107 24.253419
slice25/query/img_08434_c0_1292959671732122us.jpg 0.044374 0.049863 0.716531 -0.694354 -150.389034 -1111.798782 24.223437
slice25/query/img_08435_c0_1292959671865497us.jpg 0.044797 0.051582 0.716824 -0.693899 -152.121841 -1113.150694 24.169403
slice25/query/img_08436_c0_1292959671932123us.jpg 0.045135 0.053676 0.716737 -0.693808 -152.983654 -1113.821072 24.144112
slice25/query/img_08437_c0_1292959671998755us.jpg 0.045515 0.054531 0.716661 -0.693795 -153.850152 -1114.487196 24.110096
slice25/query/img_08438_c0_1292959672132126us.jpg 0.046690 0.054630 0.716071 -0.694318 -155.584542 -1115.811907 24.049247
slice25/query/img_08439_c0_1292959672198755us.jpg 0.047467 0.055118 0.715111 -0.695216 -156.459334 -1116.474777 24.019486
slice25/query/img_08440_c0_1292959672265501us.jpg 0.047717 0.055860 0.714072 -0.696207 -157.335398 -1117.135589 23.994232
slice25/query/img_08441_c0_1292959672398806us.jpg 0.047873 0.057765 0.713490 -0.696637 -159.090193 -1118.462038 23.943679
slice25/query/img_08442_c0_1292959672465525us.jpg 0.047938 0.058567 0.714015 -0.696027 -159.969604 -1119.124457 23.915617
slice25/query/img_08443_c0_1292959672532128us.jpg 0.047973 0.059310 0.714512 -0.695452 -160.841304 -1119.779405 23.886134
slice25/query/img_08444_c0_1292959672598758us.jpg 0.048694 0.060151 0.714127 -0.695725 -161.708003 -1120.430654 23.856070
slice25/query/img_08445_c0_1292959672732154us.jpg 0.051668 0.060224 0.712882 -0.696780 -163.453895 -1121.727262 23.799914
slice25/query/img_08446_c0_1292959672798780us.jpg 0.051840 0.060944 0.712379 -0.697219 -164.334695 -1122.370188 23.773468
slice25/query/img_08447_c0_1292959672865506us.jpg 0.051957 0.062205 0.711395 -0.698103 -165.215989 -1123.012922 23.747102
slice25/query/img_08448_c0_1292959672932132us.jpg 0.052503 0.063745 0.710346 -0.698991 -166.092363 -1123.650006 23.724730
slice25/query/img_08449_c0_1292959673065507us.jpg 0.053895 0.065354 0.709777 -0.699315 -167.870692 -1124.934433 23.671601
slice25/query/img_08450_c0_1292959673132131us.jpg 0.053660 0.067293 0.709737 -0.699189 -168.764844 -1125.577016 23.648453
slice25/query/img_08451_c0_1292959673198762us.jpg 0.053953 0.069235 0.709887 -0.698825 -169.655857 -1126.217592 23.621524
slice25/query/img_08452_c0_1292959673332155us.jpg 0.056215 0.070821 0.709402 -0.698980 -171.440465 -1127.489053 23.559940
slice25/query/img_08453_c0_1292959673398761us.jpg 0.057866 0.071357 0.709152 -0.699044 -172.336343 -1128.126947 23.528579
slice25/query/img_08454_c0_1292959673532136us.jpg 0.061097 0.073327 0.708536 -0.699190 -174.129839 -1129.390805 23.466622
slice25/query/img_08455_c0_1292959673598765us.jpg 0.062934 0.074406 0.708036 -0.699420 -175.028206 -1130.016851 23.442053
slice25/query/img_08456_c0_1292959673665511us.jpg 0.064439 0.075363 0.707494 -0.699729 -175.932923 -1130.639567 23.417706
slice25/query/img_08457_c0_1292959673732138us.jpg 0.065600 0.076127 0.707165 -0.699871 -176.833716 -1131.256067 23.397592
slice25/query/img_08458_c0_1292959673865517us.jpg 0.067611 0.079679 0.706594 -0.699861 -178.658671 -1132.478327 23.360536
slice25/query/img_08459_c0_1292959673932140us.jpg 0.068760 0.082228 0.706007 -0.700046 -179.576514 -1133.088810 23.342410
slice25/query/img_08460_c0_1292959673998767us.jpg 0.070754 0.084199 0.705779 -0.699843 -180.492553 -1133.695844 23.321479
slice25/query/img_08461_c0_1292959674132166us.jpg 0.076104 0.087448 0.706129 -0.698529 -182.327354 -1134.900913 23.271832
slice25/query/img_08462_c0_1292959674198768us.jpg 0.079395 0.088657 0.705877 -0.698265 -183.253546 -1135.489936 23.243037
slice25/query/img_08463_c0_1292959674265517us.jpg 0.082159 0.090505 0.705685 -0.697902 -184.171793 -1136.075720 23.219734
slice25/query/img_08464_c0_1292959674398775us.jpg 0.086754 0.095132 0.705701 -0.696714 -186.044450 -1137.237204 23.182104
slice25/query/img_08465_c0_1292959674465518us.jpg 0.089104 0.097755 0.705577 -0.696179 -186.980306 -1137.804437 23.164994
slice25/query/img_08466_c0_1292959674532143us.jpg 0.091719 0.100856 0.705052 -0.695929 -187.918732 -1138.364748 23.147685
slice25/query/img_08467_c0_1292959674665520us.jpg 0.097425 0.106067 0.704739 -0.694694 -189.807579 -1139.461460 23.104689
slice25/query/img_08468_c0_1292959674732165us.jpg 0.100080 0.108883 0.704904 -0.693714 -190.759120 -1139.998323 23.084610
slice25/query/img_08469_c0_1292959674798775us.jpg 0.103288 0.111400 0.704630 -0.693122 -191.715762 -1140.529326 23.062234
slice25/query/img_08470_c0_1292959674865521us.jpg 0.106182 0.114222 0.704019 -0.692847 -192.676229 -1141.049001 23.040059
slice25/query/img_08471_c0_1292959674998777us.jpg 0.111702 0.120105 0.702653 -0.692370 -194.612504 -1142.062777 23.001488
slice25/query/img_08472_c0_1292959675065523us.jpg 0.114412 0.123296 0.701751 -0.692282 -195.589105 -1142.557514 22.980216
slice25/query/img_08473_c0_1292959675132148us.jpg 0.116969 0.126659 0.700836 -0.692174 -196.564062 -1143.042387 22.959844
slice25/query/img_08474_c0_1292959675265548us.jpg 0.121789 0.133368 0.699176 -0.691762 -198.531949 -1143.988246 22.920486
slice25/query/img_08475_c0_1292959675332150us.jpg 0.124580 0.136560 0.698278 -0.691548 -199.518641 -1144.447235 22.898948
slice25/query/img_08476_c0_1292959675398779us.jpg 0.127585 0.139200 0.697526 -0.691233 -200.504216 -1144.898581 22.876743
slice25/query/img_08477_c0_1292959675533144us.jpg 0.133630 0.143412 0.696347 -0.690417 -202.498221 -1145.777639 22.822725
slice25/query/img_08478_c0_1292959675598801us.jpg 0.136841 0.145758 0.695368 -0.690284 -203.494111 -1146.204719 22.801163
slice25/query/img_08479_c0_1292959675665526us.jpg 0.139461 0.147942 0.694412 -0.690258 -204.497261 -1146.623234 22.780028
slice25/query/img_08480_c0_1292959675732153us.jpg 0.141620 0.150086 0.693492 -0.690280 -205.500748 -1147.032166 22.758632
slice25/query/img_08481_c0_1292959675865528us.jpg 0.145124 0.154636 0.691394 -0.690653 -207.522872 -1147.825353 22.720572
slice25/query/img_08482_c0_1292959675932175us.jpg 0.146645 0.157085 0.690154 -0.691019 -208.538458 -1148.206892 22.703608
slice25/query/img_08483_c0_1292959675998783us.jpg 0.148099 0.159632 0.689260 -0.691017 -209.548592 -1148.585945 22.688969
slice25/query/img_08484_c0_1292959676065529us.jpg 0.150166 0.161939 0.688723 -0.690570 -210.555210 -1148.959846 22.673149
slice25/query/img_08485_c0_1292959676198807us.jpg 0.155084 0.165928 0.688075 -0.689181 -212.581398 -1149.707007 22.637171
slice25/query/img_08486_c0_1292959676265532us.jpg 0.158104 0.167351 0.687961 -0.688263 -213.594274 -1150.072870 22.619847
slice25/query/img_08487_c0_1292959676398804us.jpg 0.163324 0.171558 0.687497 -0.686470 -215.656082 -1150.792841 22.583970
slice25/query/img_08488_c0_1292959676532466us.jpg 0.168188 0.175799 0.686402 -0.685318 -217.722542 -1151.482397 22.558184
slice25/query/img_08489_c0_1292959676598785us.jpg 0.170238 0.178451 0.684821 -0.685708 -218.772246 -1151.815104 22.541418
slice25/query/img_08490_c0_1292959676665534us.jpg 0.171847 0.181515 0.682946 -0.686372 -219.815776 -1152.141225 22.527892
slice25/query/img_08491_c0_1292959676732160us.jpg 0.173856 0.183986 0.681467 -0.686677 -220.862281 -1152.457438 22.514950
slice25/query/img_08492_c0_1292959676865537us.jpg 0.179323 0.187815 0.679831 -0.685856 -222.962824 -1153.081311 22.490305
slice25/query/img_08493_c0_1292959676932160us.jpg 0.181950 0.189446 0.679402 -0.685140 -224.013311 -1153.386595 22.478546
slice25/query/img_08494_c0_1292959677065538us.jpg 0.186522 0.195155 0.679320 -0.682384 -226.132954 -1153.977520 22.467287
slice25/query/img_08495_c0_1292959677132162us.jpg 0.189377 0.196538 0.679074 -0.681445 -227.202037 -1154.260648 22.456113
slice25/query/img_08496_c0_1292959677198793us.jpg 0.192683 0.197793 0.678439 -0.680787 -228.267810 -1154.536600 22.444274
slice25/query/img_08497_c0_1292959677332348us.jpg 0.198783 0.200793 0.676038 -0.680544 -230.403915 -1155.059004 22.430023
slice25/query/img_08498_c0_1292959677398795us.jpg 0.201639 0.202685 0.674515 -0.680654 -231.474292 -1155.308172 22.430216
slice25/query/img_08499_c0_1292959677465586us.jpg 0.204580 0.203993 0.672949 -0.680935 -232.546578 -1155.550373 22.429164
slice25/query/img_08500_c0_1292959677598796us.jpg 0.210134 0.206164 0.671007 -0.680507 -234.671031 -1156.027864 22.441733
slice25/query/img_08501_c0_1292959677665545us.jpg 0.212401 0.207066 0.670903 -0.679632 -235.743757 -1156.255640 22.448767
slice25/query/img_08502_c0_1292959677732168us.jpg 0.214074 0.208740 0.671412 -0.678090 -236.823676 -1156.480576 22.461772
slice25/query/img_08503_c0_1292959677798797us.jpg 0.216501 0.209883 0.671324 -0.677053 -237.898265 -1156.702851 22.469092
slice25/query/img_08504_c0_1292959677932191us.jpg 0.222898 0.208422 0.670387 -0.676356 -240.082211 -1157.121821 22.482255
slice25/query/img_08505_c0_1292959677998818us.jpg 0.224846 0.209367 0.668501 -0.677285 -241.160143 -1157.319158 22.496461
slice25/query/img_08506_c0_1292959678065546us.jpg 0.226739 0.209366 0.667793 -0.677354 -242.229725 -1157.510684 22.515625
slice25/query/img_08507_c0_1292959678198824us.jpg 0.229364 0.210039 0.666330 -0.677703 -244.348946 -1157.883610 22.573770
slice25/query/img_08508_c0_1292959678265550us.jpg 0.229142 0.211358 0.665535 -0.678148 -245.418897 -1158.060925 22.603491
slice25/query/img_08509_c0_1292959678332171us.jpg 0.229289 0.212048 0.665581 -0.677838 -246.489581 -1158.240964 22.635640
slice25/query/img_08510_c0_1292959678465546us.jpg 0.231753 0.212876 0.664794 -0.677513 -248.622019 -1158.601607 22.691877
slice25/query/img_08511_c0_1292959678532173us.jpg 0.233863 0.211952 0.664923 -0.676950 -249.689998 -1158.778369 22.719072
slice25/query/img_08512_c0_1292959678598802us.jpg 0.235320 0.210821 0.665601 -0.676132 -250.755678 -1158.955173 22.748215
slice25/query/img_08513_c0_1292959678665550us.jpg 0.234750 0.211067 0.665938 -0.675922 -251.825615 -1159.127530 22.779364
slice25/query/img_08514_c0_1292959678798805us.jpg 0.232812 0.213852 0.664726 -0.676908 -253.990812 -1159.456544 22.861089
slice25/query/img_08515_c0_1292959678865551us.jpg 0.231853 0.215888 0.662810 -0.678468 -255.078058 -1159.617899 22.895553
slice25/query/img_08516_c0_1292959678932179us.jpg 0.231379 0.216523 0.661744 -0.679468 -256.160360 -1159.775816 22.935715
slice25/query/img_08517_c0_1292959678998803us.jpg 0.231485 0.216546 0.660830 -0.680313 -257.240950 -1159.934506 22.965793
slice25/query/img_08518_c0_1292959679132181us.jpg 0.233344 0.215535 0.660401 -0.680416 -259.396135 -1160.256814 23.040324
slice25/query/img_08519_c0_1292959679198827us.jpg 0.233444 0.215269 0.661097 -0.679790 -260.483391 -1160.424788 23.069620
slice25/query/img_08520_c0_1292959679265555us.jpg 0.233236 0.215956 0.662339 -0.678433 -261.568307 -1160.592573 23.100816
slice25/query/img_08521_c0_1292959679332181us.jpg 0.233630 0.216528 0.663982 -0.676506 -262.652606 -1160.765539 23.136618
slice25/query/img_08522_c0_1292959679465556us.jpg 0.233538 0.216767 0.666577 -0.673904 -264.819929 -1161.102622 23.201741
slice25/query/img_08523_c0_1292959679532181us.jpg 0.234070 0.216127 0.666898 -0.673608 -265.898577 -1161.275913 23.229597
slice25/query/img_08524_c0_1292959679598811us.jpg 0.234128 0.215721 0.666420 -0.674191 -266.975159 -1161.446773 23.263024
slice25/query/img_08525_c0_1292959679665557us.jpg 0.234110 0.215617 0.665059 -0.675573 -268.047663 -1161.624635 23.307816
slice25/query/img_08526_c0_1292959679798813us.jpg 0.233366 0.215912 0.662338 -0.678403 -270.227283 -1161.976037 23.386718
slice25/query/img_08527_c0_1292959679865579us.jpg 0.233108 0.215991 0.661669 -0.679119 -271.307133 -1162.132392 23.418660
slice25/query/img_08528_c0_1292959679932184us.jpg 0.233266 0.215603 0.661662 -0.679195 -272.386716 -1162.294808 23.448473
slice25/query/img_08529_c0_1292959679998814us.jpg 0.233854 0.215305 0.661810 -0.678943 -273.461618 -1162.461441 23.476559
slice25/query/img_08530_c0_1292959680132212us.jpg 0.234574 0.215639 0.663566 -0.676871 -275.614648 -1162.824386 23.535715
slice25/query/img_08531_c0_1292959680198835us.jpg 0.234699 0.216088 0.664324 -0.675941 -276.679961 -1162.989729 23.566230
slice25/query/img_08532_c0_1292959680265561us.jpg 0.235487 0.215830 0.664671 -0.675408 -277.745979 -1163.154340 23.596387
slice25/query/img_08533_c0_1292959680332187us.jpg 0.236282 0.215628 0.664190 -0.675668 -278.811266 -1163.311931 23.627266
slice25/query/img_08534_c0_1292959680398816us.jpg 0.236638 0.215622 0.663222 -0.676496 -279.879122 -1163.466440 23.658149
slice25/query/img_08535_c0_1292959680532188us.jpg 0.237407 0.216200 0.661192 -0.678027 -281.980937 -1163.763120 23.712764
slice25/query/img_08536_c0_1292959680665563us.jpg 0.238277 0.216043 0.661358 -0.677609 -284.301123 -1164.182590 23.847396
slice25/query/img_08537_c0_1292959680732210us.jpg 0.238533 0.216763 0.661578 -0.677074 -285.386105 -1164.339906 23.886708
slice25/query/img_08538_c0_1292959680798818us.jpg 0.238766 0.217264 0.661700 -0.676713 -286.480219 -1164.492162 23.920129
slice25/query/img_08539_c0_1292959680865564us.jpg 0.238701 0.217893 0.661474 -0.676755 -287.569222 -1164.643913 23.954158
slice25/query/img_08540_c0_1292959680932191us.jpg 0.238931 0.218158 0.661438 -0.676623 -288.657517 -1164.790354 23.988993
slice25/query/img_08541_c0_1292959681065590us.jpg 0.239308 0.218570 0.660534 -0.677239 -290.811973 -1165.088507 24.070487
slice25/query/img_08542_c0_1292959681132192us.jpg 0.238850 0.218342 0.659332 -0.678645 -291.910288 -1165.235235 24.103386
slice25/query/img_08543_c0_1292959681198822us.jpg 0.238640 0.217998 0.657735 -0.680377 -292.995386 -1165.379257 24.138040
slice25/query/img_08544_c0_1292959681265569us.jpg 0.238392 0.217132 0.657566 -0.680904 -294.089239 -1165.524347 24.180580
slice25/query/img_08545_c0_1292959681398846us.jpg 0.238708 0.215845 0.660826 -0.678040 -296.310617 -1165.835330 24.306412
slice25/query/img_08546_c0_1292959681465570us.jpg 0.238416 0.216566 0.661438 -0.677315 -297.282380 -1165.970844 24.333548
slice25/query/img_08547_c0_1292959681532194us.jpg 0.238175 0.216848 0.662050 -0.676713 -298.258940 -1166.104406 24.362748
slice25/query/img_08548_c0_1292959681665571us.jpg 0.239389 0.215360 0.662553 -0.676267 -300.543705 -1166.522261 24.440583
slice25/query/img_08549_c0_1292959681798825us.jpg 0.238788 0.214682 0.662429 -0.676816 -302.715443 -1166.844908 24.509372
slice25/query/img_08550_c0_1292959681865573us.jpg 0.238230 0.215087 0.661778 -0.677521 -303.721291 -1166.980952 24.541422
slice25/query/img_08551_c0_1292959681932197us.jpg 0.237902 0.215454 0.661492 -0.677798 -304.736809 -1167.118984 24.571428
slice25/query/img_08552_c0_1292959682065596us.jpg 0.237710 0.215732 0.661066 -0.678193 -306.912580 -1167.445626 24.649320
slice25/query/img_08553_c0_1292959682132221us.jpg 0.238042 0.214954 0.661873 -0.677536 -307.988548 -1167.597601 24.683404
slice25/query/img_08554_c0_1292959682198830us.jpg 0.238144 0.214754 0.662688 -0.676767 -309.064478 -1167.754078 24.717762
slice25/query/img_08555_c0_1292959682265576us.jpg 0.237859 0.214936 0.662754 -0.676744 -310.142924 -1167.907743 24.750384
slice25/query/img_08556_c0_1292959682398833us.jpg 0.237694 0.215248 0.662666 -0.676789 -312.367042 -1168.298192 24.827023
slice25/query/img_08557_c0_1292959682465577us.jpg 0.238078 0.214515 0.662400 -0.677148 -313.480394 -1168.454563 24.866797
slice25/query/img_08558_c0_1292959682532202us.jpg 0.237765 0.214607 0.661964 -0.677654 -314.601512 -1168.616277 24.903386
slice25/query/img_08559_c0_1292959682665578us.jpg 0.237761 0.215116 0.662277 -0.677188 -316.797944 -1169.028978 25.011717
slice25/query/img_08560_c0_1292959682732225us.jpg 0.237324 0.215900 0.662297 -0.677073 -317.899861 -1169.184691 25.041872
slice25/query/img_08561_c0_1292959682798833us.jpg 0.235863 0.217016 0.663879 -0.675675 -318.993566 -1169.346362 25.076593
slice25/query/img_08562_c0_1292959682865579us.jpg 0.235436 0.218343 0.664823 -0.674468 -320.077531 -1169.510649 25.107862
