slice25/query/img_08321_c0_1299251266248586us.jpg 0.216435 0.221978 0.678841 -0.665625 -65.620434 -1073.464017 27.315658
slice25/query/img_08322_c0_1299251266315185us.jpg 0.212750 0.219947 0.680968 -0.665314 -66.728663 -1073.646254 27.297467
slice25/query/img_08323_c0_1299251266448590us.jpg 0.205824 0.217640 0.685722 -0.663366 -68.936977 -1074.031422 27.242757
slice25/query/img_08324_c0_1299251266515188us.jpg 0.203516 0.214538 0.686938 -0.663830 -70.031006 -1074.228924 27.198161
slice25/query/img_08325_c0_1299251266581937us.jpg 0.201857 0.210984 0.687788 -0.664596 -71.117843 -1074.440485 27.151266
slice25/query/img_08326_c0_1299251266715216us.jpg 0.197575 0.204524 0.688716 -0.666936 -73.306741 -1074.891388 27.062332
slice25/query/img_08327_c0_1299251266781937us.jpg 0.194335 0.202356 0.688938 -0.668319 -74.410074 -1075.125952 27.024363
slice25/query/img_08328_c0_1299251266848565us.jpg 0.191136 0.200597 0.689415 -0.669279 -75.508503 -1075.375234 26.988522
slice25/query/img_08329_c0_1299251266981945us.jpg 0.185007 0.196490 0.691529 -0.670038 -77.711000 -1075.895372 26.906852
slice25/query/img_08330_c0_1299251267048568us.jpg 0.182216 0.194312 0.693177 -0.669735 -78.807139 -1076.172647 26.870126
slice25/query/img_08331_c0_1299251267115192us.jpg 0.179719 0.192049 0.694796 -0.669385 -79.899525 -1076.458588 26.830082
slice25/query/img_08332_c0_1299251267248570us.jpg 0.173832 0.188532 0.697897 -0.668713 -82.092723 -1077.046146 26.748269
slice25/query/img_08333_c0_1299251267315192us.jpg 0.170210 0.187910 0.699003 -0.668665 -83.181804 -1077.354101 26.707493
slice25/query/img_08334_c0_1299251267381943us.jpg 0.167184 0.186265 0.699441 -0.669431 -84.272492 -1077.665456 26.661529
slice25/query/img_08335_c0_1299251267448569us.jpg 0.165129 0.184004 0.699210 -0.670805 -85.359147 -1077.977278 26.606526
slice25/query/img_08336_c0_1299251267581945us.jpg 0.162631 0.177464 0.697922 -0.674509 -87.555989 -1078.640811 26.480049
slice25/query/img_08337_c0_1299251267648571us.jpg 0.162065 0.173522 0.697907 -0.675685 -88.644462 -1078.988289 26.427676
slice25/query/img_08338_c0_1299251267715193us.jpg 0.161475 0.170216 0.698414 -0.676144 -89.736239 -1079.345362 26.379071
slice25/query/img_08339_c0_1299251267848572us.jpg 0.157202 0.166050 0.701679 -0.674804 -91.920812 -1080.079471 26.304492
slice25/query/img_08340_c0_1299251267915197us.jpg 0.154221 0.164947 0.703676 -0.673683 -93.009496 -1080.457002 26.271975
slice25/query/img_08341_c0_1299251267981947us.jpg 0.151189 0.163586 0.705306 -0.672997 -94.100456 -1080.839512 26.235357
slice25/query/img_08342_c0_1299251268048572us.jpg 0.148831 0.161598 0.705600 -0.673694 -95.179455 -1081.224280 26.193926
slice25/query/img_08343_c0_1299251268181948us.jpg 0.144911 0.155280 0.702781 -0.678960 -97.337394 -1081.999774 26.092748
slice25/query/img_08344_c0_1299251268248573us.jpg 0.143268 0.149866 0.703588 -0.679689 -98.408408 -1082.398388 26.045792
slice25/query/img_08345_c0_1299251268315200us.jpg 0.142370 0.144306 0.706114 -0.678461 -99.467421 -1082.813762 26.000832
slice25/query/img_08346_c0_1299251268448602us.jpg 0.139987 0.136203 0.713154 -0.673249 -101.600985 -1083.691788 25.915499
slice25/query/img_08347_c0_1299251268515200us.jpg 0.138919 0.133102 0.716573 -0.670454 -102.659248 -1084.146716 25.876442
slice25/query/img_08348_c0_1299251268581950us.jpg 0.137741 0.129456 0.719362 -0.668422 -103.698643 -1084.595869 25.834509
slice25/query/img_08349_c0_1299251268648576us.jpg 0.135504 0.126070 0.721524 -0.667194 -104.745452 -1085.049720 25.798842
slice25/query/img_08350_c0_1299251268781953us.jpg 0.129490 0.120790 0.721811 -0.669052 -106.839336 -1085.967805 25.721762
slice25/query/img_08351_c0_1299251268848578us.jpg 0.125015 0.118803 0.720614 -0.671545 -107.892582 -1086.437750 25.683415
slice25/query/img_08352_c0_1299251268915202us.jpg 0.121507 0.117273 0.718321 -0.674906 -108.931487 -1086.913237 25.650707
slice25/query/img_08353_c0_1299251269048604us.jpg 0.116502 0.114285 0.714967 -0.679844 -111.009853 -1087.886347 25.579038
slice25/query/img_08354_c0_1299251269115203us.jpg 0.114354 0.111865 0.714774 -0.680814 -112.036749 -1088.391781 25.549070
slice25/query/img_08355_c0_1299251269181954us.jpg 0.112038 0.110013 0.715364 -0.680881 -113.070674 -1088.909184 25.518431
slice25/query/img_08356_c0_1299251269315205us.jpg 0.107308 0.106670 0.717287 -0.680151 -115.116934 -1089.965055 25.453951
slice25/query/img_08357_c0_1299251269381954us.jpg 0.104984 0.105171 0.717821 -0.680184 -116.138620 -1090.501472 25.419169
slice25/query/img_08358_c0_1299251269448580us.jpg 0.102884 0.103175 0.717936 -0.680689 -117.159540 -1091.036117 25.380240
slice25/query/img_08359_c0_1299251269515206us.jpg 0.100426 0.100951 0.717446 -0.681905 -118.167051 -1091.566734 25.344654
slice25/query/img_08360_c0_1299251269648607us.jpg 0.094705 0.095089 0.715203 -0.685911 -120.176355 -1092.653423 25.276382
slice25/query/img_08361_c0_1299251269715206us.jpg 0.089103 0.093725 0.712835 -0.689305 -121.161356 -1093.200311 25.244083
slice25/query/img_08362_c0_1299251269848608us.jpg 0.081244 0.087399 0.709287 -0.694746 -123.133459 -1094.354623 25.189301
slice25/query/img_08363_c0_1299251269915207us.jpg 0.076452 0.084468 0.708226 -0.696732 -124.113104 -1094.946325 25.166609
slice25/query/img_08364_c0_1299251269981978us.jpg 0.072061 0.081425 0.707742 -0.698053 -125.082129 -1095.547479 25.142347
slice25/query/img_08365_c0_1299251270115234us.jpg 0.063982 0.075370 0.711554 -0.695641 -126.981950 -1096.798801 25.091127
slice25/query/img_08366_c0_1299251270181960us.jpg 0.060475 0.071401 0.715034 -0.692800 -127.927753 -1097.448219 25.057380
slice25/query/img_08367_c0_1299251270248585us.jpg 0.058297 0.066989 0.717483 -0.690892 -128.862861 -1098.108418 25.013582
slice25/query/img_08368_c0_1299251270381963us.jpg 0.055108 0.057526 0.719271 -0.690147 -130.699847 -1099.440912 24.918921
slice25/query/img_08369_c0_1299251270448608us.jpg 0.052892 0.053628 0.718881 -0.691040 -131.614027 -1100.113677 24.872964
slice25/query/img_08370_c0_1299251270515211us.jpg 0.050426 0.050378 0.718042 -0.692340 -132.518469 -1100.789927 24.835460
slice25/query/img_08371_c0_1299251270581961us.jpg 0.046991 0.048114 0.717244 -0.693569 -133.422041 -1101.475070 24.802271
slice25/query/img_08372_c0_1299251270715213us.jpg 0.040244 0.044458 0.716740 -0.694757 -135.231444 -1102.864803 24.733965
slice25/query/img_08373_c0_1299251270781957us.jpg 0.037683 0.042612 0.717265 -0.694475 -136.123677 -1103.573096 24.704742
slice25/query/img_08374_c0_1299251270848587us.jpg 0.035880 0.041005 0.718417 -0.693475 -137.005916 -1104.291090 24.672934
slice25/query/img_08375_c0_1299251270981987us.jpg 0.035866 0.036988 0.721485 -0.690510 -138.746940 -1105.747077 24.595990
slice25/query/img_08376_c0_1299251271048589us.jpg 0.037117 0.035105 0.722803 -0.689163 -139.613658 -1106.474976 24.552639
slice25/query/img_08377_c0_1299251271115214us.jpg 0.038481 0.033613 0.724025 -0.687879 -140.469725 -1107.201564 24.509377
slice25/query/img_08378_c0_1299251271248588us.jpg 0.040770 0.032041 0.725365 -0.686408 -142.205682 -1108.691480 24.423737
slice25/query/img_08379_c0_1299251271381985us.jpg 0.042307 0.032735 0.724521 -0.687174 -143.953150 -1110.130042 24.356585
slice25/query/img_08380_c0_1299251271448591us.jpg 0.042384 0.034107 0.723586 -0.688087 -144.829167 -1110.854872 24.329448
slice25/query/img_08381_c0_1299251271581966us.jpg 0.042210 0.036949 0.722534 -0.689056 -146.591488 -1112.296716 24.273782
slice25/query/img_08382_c0_1299251271648590us.jpg 0.042484 0.038131 0.722330 -0.689188 -147.476480 -1113.015450 24.246564
slice25/query/img_08383_c0_1299251271715216us.jpg 0.043240 0.039121 0.722311 -0.689106 -148.357128 -1113.729837 24.217964
slice25/query/img_08384_c0_1299251271848616us.jpg 0.045449 0.040838 0.722252 -0.688926 -150.120771 -1115.149571 24.152957
slice25/query/img_08385_c0_1299251271915217us.jpg 0.046791 0.041792 0.722125 -0.688911 -151.004134 -1115.850131 24.120323
slice25/query/img_08386_c0_1299251271981967us.jpg 0.048027 0.042793 0.722123 -0.688768 -151.883145 -1116.549576 24.088669
slice25/query/img_08387_c0_1299251272115226us.jpg 0.050606 0.045170 0.721612 -0.688966 -153.642457 -1117.940098 24.031845
slice25/query/img_08388_c0_1299251272181968us.jpg 0.050943 0.047093 0.721236 -0.689206 -154.528870 -1118.626756 24.005122
slice25/query/img_08389_c0_1299251272248594us.jpg 0.051498 0.048981 0.720657 -0.689639 -155.415064 -1119.306404 23.980413
slice25/query/img_08390_c0_1299251272381972us.jpg 0.056517 0.049966 0.719923 -0.689942 -157.204689 -1120.667350 23.924819
slice25/query/img_08391_c0_1299251272448596us.jpg 0.057816 0.051129 0.719102 -0.690605 -158.096899 -1121.340846 23.898108
slice25/query/img_08392_c0_1299251272515222us.jpg 0.059006 0.052569 0.718529 -0.690993 -158.992061 -1122.010838 23.873652
slice25/query/img_08393_c0_1299251272648623us.jpg 0.060944 0.055946 0.718308 -0.690789 -160.785282 -1123.346555 23.827326
slice25/query/img_08394_c0_1299251272715220us.jpg 0.061949 0.057343 0.718335 -0.690557 -161.684868 -1124.009470 23.807247
slice25/query/img_08395_c0_1299251272848599us.jpg 0.063773 0.060514 0.717900 -0.690573 -163.483329 -1125.324534 23.751143
slice25/query/img_08396_c0_1299251272915223us.jpg 0.064860 0.062021 0.717563 -0.690689 -164.392881 -1125.975398 23.724058
slice25/query/img_08397_c0_1299251272981974us.jpg 0.065331 0.063505 0.716988 -0.691105 -165.298155 -1126.626141 23.697727
slice25/query/img_08398_c0_1299251273115226us.jpg 0.067464 0.065389 0.715843 -0.691911 -167.122423 -1127.918516 23.641395
slice25/query/img_08399_c0_1299251273181973us.jpg 0.068345 0.066362 0.715392 -0.692199 -168.038962 -1128.558699 23.616655
slice25/query/img_08400_c0_1299251273248600us.jpg 0.068988 0.067392 0.715018 -0.692422 -168.959938 -1129.195817 23.591977
slice25/query/img_08401_c0_1299251273382069us.jpg 0.070093 0.069361 0.714655 -0.692492 -170.805225 -1130.465555 23.540595
slice25/query/img_08402_c0_1299251273448630us.jpg 0.070506 0.070797 0.714037 -0.692942 -171.730914 -1131.098656 23.516473
slice25/query/img_08403_c0_1299251273515227us.jpg 0.070420 0.072399 0.713400 -0.693441 -172.648586 -1131.722951 23.494243
slice25/query/img_08404_c0_1299251273581977us.jpg 0.070921 0.073543 0.712824 -0.693861 -173.561196 -1132.345143 23.477336
slice25/query/img_08405_c0_1299251273715252us.jpg 0.072542 0.075139 0.711581 -0.694798 -175.406459 -1133.580971 23.430566
slice25/query/img_08406_c0_1299251273781978us.jpg 0.073374 0.075990 0.711238 -0.694969 -176.324339 -1134.198337 23.407336
slice25/query/img_08407_c0_1299251273848603us.jpg 0.074541 0.076787 0.711131 -0.694867 -177.246174 -1134.810761 23.384405
slice25/query/img_08408_c0_1299251273915228us.jpg 0.075967 0.077542 0.711338 -0.694416 -178.168596 -1135.420969 23.360535
slice25/query/img_08409_c0_1299251274048607us.jpg 0.079488 0.079833 0.711930 -0.693155 -180.008989 -1136.641586 23.317623
slice25/query/img_08410_c0_1299251274115229us.jpg 0.081399 0.081192 0.712086 -0.692615 -180.942170 -1137.247678 23.291086
slice25/query/img_08411_c0_1299251274181981us.jpg 0.083223 0.082961 0.712097 -0.692178 -181.873450 -1137.849858 23.266915
slice25/query/img_08412_c0_1299251274248605us.jpg 0.085287 0.085020 0.711961 -0.691816 -182.797042 -1138.447312 23.247817
slice25/query/img_08413_c0_1299251274382008us.jpg 0.089711 0.089417 0.711196 -0.691489 -184.680366 -1139.634869 23.199638
slice25/query/img_08414_c0_1299251274448612us.jpg 0.091595 0.091942 0.711022 -0.691089 -185.618758 -1140.216437 23.180573
slice25/query/img_08415_c0_1299251274515233us.jpg 0.093746 0.094423 0.711044 -0.690443 -186.562986 -1140.788200 23.159037
slice25/query/img_08416_c0_1299251274581981us.jpg 0.096579 0.096719 0.711307 -0.689463 -187.507748 -1141.355387 23.135471
slice25/query/img_08417_c0_1299251274715259us.jpg 0.103870 0.101490 0.711476 -0.687541 -189.402385 -1142.481681 23.087286
slice25/query/img_08418_c0_1299251274781985us.jpg 0.108328 0.103889 0.711157 -0.686824 -190.359105 -1143.036586 23.063969
slice25/query/img_08419_c0_1299251274848609us.jpg 0.111889 0.106678 0.710630 -0.686371 -191.319587 -1143.577461 23.041645
slice25/query/img_08420_c0_1299251274915235us.jpg 0.115392 0.109781 0.710014 -0.685939 -192.283002 -1144.107962 23.027785
slice25/query/img_08421_c0_1299251275048637us.jpg 0.120250 0.117815 0.708268 -0.685577 -194.240816 -1145.138781 23.003782
slice25/query/img_08422_c0_1299251275115236us.jpg 0.122455 0.122199 0.707220 -0.685501 -195.223374 -1145.642110 22.995656
slice25/query/img_08423_c0_1299251275181985us.jpg 0.125146 0.126006 0.706092 -0.685489 -196.216293 -1146.133917 22.978633
slice25/query/img_08424_c0_1299251275315255us.jpg 0.131631 0.133462 0.704563 -0.684436 -198.162270 -1147.095645 22.952245
slice25/query/img_08425_c0_1299251275448633us.jpg 0.138989 0.139370 0.703555 -0.682838 -200.165522 -1148.009346 22.907495
slice25/query/img_08426_c0_1299251275515238us.jpg 0.142282 0.142469 0.702720 -0.682381 -201.170209 -1148.452907 22.885526
slice25/query/img_08427_c0_1299251275581988us.jpg 0.145231 0.145446 0.701862 -0.682014 -202.178033 -1148.883579 22.867045
slice25/query/img_08428_c0_1299251275715240us.jpg 0.149401 0.151056 0.699707 -0.682108 -204.219954 -1149.719730 22.830833
slice25/query/img_08429_c0_1299251275781990us.jpg 0.150984 0.153937 0.698426 -0.682428 -205.238560 -1150.126140 22.815245
slice25/query/img_08430_c0_1299251275848614us.jpg 0.152792 0.156271 0.697060 -0.682892 -206.264929 -1150.519878 22.797450
slice25/query/img_08431_c0_1299251275982058us.jpg 0.156554 0.160736 0.694611 -0.683498 -208.330889 -1151.298575 22.761984
slice25/query/img_08432_c0_1299251276048641us.jpg 0.158671 0.162673 0.693950 -0.683224 -209.351776 -1151.676274 22.747791
slice25/query/img_08433_c0_1299251276115241us.jpg 0.160457 0.164505 0.693611 -0.682712 -210.378439 -1152.046466 22.731731
slice25/query/img_08434_c0_1299251276181992us.jpg 0.162103 0.166179 0.693214 -0.682321 -211.417186 -1152.405748 22.712475
slice25/query/img_08435_c0_1299251276315241us.jpg 0.166651 0.169508 0.692480 -0.681150 -213.500105 -1153.133071 22.670657
slice25/query/img_08436_c0_1299251276381989us.jpg 0.168863 0.170931 0.692124 -0.680611 -214.546130 -1153.482578 22.646802
slice25/query/img_08437_c0_1299251276448615us.jpg 0.171117 0.172197 0.691671 -0.680190 -215.591940 -1153.828097 22.627860
slice25/query/img_08438_c0_1299251276581990us.jpg 0.175783 0.175766 0.690510 -0.679267 -217.680338 -1154.503884 22.599638
slice25/query/img_08439_c0_1299251276715242us.jpg 0.179670 0.179630 0.688741 -0.679034 -219.780705 -1155.144977 22.564071
slice25/query/img_08440_c0_1299251276848646us.jpg 0.182948 0.183534 0.687044 -0.678834 -221.920673 -1155.783279 22.543240
slice25/query/img_08441_c0_1299251276915250us.jpg 0.184919 0.184991 0.686114 -0.678845 -222.989224 -1156.091763 22.532233
slice25/query/img_08442_c0_1299251276981995us.jpg 0.187089 0.186593 0.684953 -0.678984 -224.059076 -1156.403601 22.514361
slice25/query/img_08443_c0_1299251277048620us.jpg 0.188920 0.188134 0.684006 -0.679007 -225.130481 -1156.690589 22.500271
slice25/query/img_08444_c0_1299251277182021us.jpg 0.192752 0.190616 0.682972 -0.678279 -227.292833 -1157.257299 22.468500
slice25/query/img_08445_c0_1299251277248621us.jpg 0.195160 0.192109 0.681972 -0.678175 -228.365197 -1157.543147 22.458116
slice25/query/img_08446_c0_1299251277315245us.jpg 0.197387 0.193410 0.680955 -0.678183 -229.437765 -1157.803396 22.453907
slice25/query/img_08447_c0_1299251277448647us.jpg 0.200907 0.197126 0.679000 -0.678039 -231.565302 -1158.323392 22.444082
slice25/query/img_08448_c0_1299251277515247us.jpg 0.203633 0.198306 0.678459 -0.677423 -232.630164 -1158.576213 22.445912
slice25/query/img_08449_c0_1299251277581998us.jpg 0.205993 0.199703 0.678058 -0.676700 -233.687620 -1158.820417 22.449674
slice25/query/img_08450_c0_1299251277715248us.jpg 0.210986 0.201998 0.677043 -0.675496 -235.823197 -1159.299603 22.458742
slice25/query/img_08451_c0_1299251277781998us.jpg 0.213669 0.202883 0.676599 -0.674831 -236.899527 -1159.533173 22.467974
slice25/query/img_08452_c0_1299251277848621us.jpg 0.215717 0.203762 0.675914 -0.674602 -237.975691 -1159.752777 22.470211
slice25/query/img_08453_c0_1299251277982001us.jpg 0.221398 0.204950 0.674714 -0.673602 -240.099725 -1160.185220 22.497252
slice25/query/img_08454_c0_1299251278048648us.jpg 0.224239 0.205502 0.674124 -0.673085 -241.164062 -1160.396923 22.513017
slice25/query/img_08455_c0_1299251278115251us.jpg 0.226784 0.206537 0.673164 -0.672876 -242.230020 -1160.603874 22.526427
slice25/query/img_08456_c0_1299251278248652us.jpg 0.231933 0.207274 0.671781 -0.672276 -244.363507 -1160.990647 22.571791
slice25/query/img_08457_c0_1299251278315275us.jpg 0.232792 0.207622 0.671869 -0.671783 -245.432604 -1161.172018 22.594911
slice25/query/img_08458_c0_1299251278382001us.jpg 0.235541 0.208291 0.671116 -0.671370 -246.499953 -1161.356970 22.624117
slice25/query/img_08459_c0_1299251278448628us.jpg 0.238389 0.208595 0.669832 -0.671553 -247.562102 -1161.535152 22.651262
slice25/query/img_08460_c0_1299251278582030us.jpg 0.241965 0.208291 0.668304 -0.671891 -249.692899 -1161.868484 22.723608
slice25/query/img_08461_c0_1299251278648629us.jpg 0.241974 0.209237 0.667947 -0.671948 -250.761401 -1162.028317 22.765681
slice25/query/img_08462_c0_1299251278715255us.jpg 0.241249 0.210495 0.667868 -0.671895 -251.836560 -1162.188648 22.808398
slice25/query/img_08463_c0_1299251278848631us.jpg 0.239089 0.213107 0.668058 -0.671654 -253.980231 -1162.492082 22.888945
slice25/query/img_08464_c0_1299251278915256us.jpg 0.239055 0.213199 0.667776 -0.671918 -255.047975 -1162.645275 22.924000
slice25/query/img_08465_c0_1299251278982006us.jpg 0.239852 0.212661 0.667275 -0.672302 -256.114943 -1162.798082 22.956449
slice25/query/img_08466_c0_1299251279048631us.jpg 0.240705 0.212301 0.666495 -0.672884 -257.183091 -1162.956616 22.990925
slice25/query/img_08467_c0_1299251279182009us.jpg 0.240904 0.211920 0.665942 -0.673481 -259.335570 -1163.280735 23.061310
slice25/query/img_08468_c0_1299251279248632us.jpg 0.239698 0.212610 0.665891 -0.673744 -260.412683 -1163.442521 23.099333
slice25/query/img_08469_c0_1299251279315258us.jpg 0.238116 0.213363 0.665653 -0.674302 -261.497393 -1163.592322 23.133175
slice25/query/img_08470_c0_1299251279382007us.jpg 0.236881 0.213919 0.665303 -0.674906 -262.582421 -1163.749788 23.167983
slice25/query/img_08471_c0_1299251279515260us.jpg 0.235033 0.214216 0.665075 -0.675683 -264.736386 -1164.082245 23.245128
slice25/query/img_08472_c0_1299251279582010us.jpg 0.234780 0.213414 0.665128 -0.675971 -265.819889 -1164.244290 23.278226
slice25/query/img_08473_c0_1299251279648635us.jpg 0.234832 0.212354 0.665374 -0.676045 -266.905810 -1164.409812 23.310458
slice25/query/img_08474_c0_1299251279782010us.jpg 0.235183 0.210905 0.666003 -0.675758 -269.071015 -1164.751388 23.377094
slice25/query/img_08475_c0_1299251279848634us.jpg 0.235282 0.210246 0.666467 -0.675471 -270.156720 -1164.923306 23.411666
slice25/query/img_08476_c0_1299251279915260us.jpg 0.235448 0.210139 0.666813 -0.675104 -271.242954 -1165.097401 23.445778
slice25/query/img_08477_c0_1299251279982011us.jpg 0.235502 0.210286 0.666934 -0.674920 -272.333689 -1165.273518 23.481927
slice25/query/img_08478_c0_1299251280115263us.jpg 0.235301 0.210872 0.667538 -0.674210 -274.503952 -1165.613716 23.549630
slice25/query/img_08479_c0_1299251280182013us.jpg 0.235558 0.211255 0.667841 -0.673701 -275.584500 -1165.786138 23.584519
slice25/query/img_08480_c0_1299251280248637us.jpg 0.236000 0.211724 0.667613 -0.673625 -276.666093 -1165.955071 23.615797
slice25/query/img_08481_c0_1299251280382038us.jpg 0.238015 0.212453 0.667180 -0.673115 -278.830158 -1166.284519 23.679093
slice25/query/img_08482_c0_1299251280448639us.jpg 0.239380 0.212781 0.666956 -0.672749 -279.912257 -1166.445747 23.710982
slice25/query/img_08483_c0_1299251280515264us.jpg 0.240609 0.213566 0.666718 -0.672297 -280.991348 -1166.608599 23.745351
slice25/query/img_08484_c0_1299251280648668us.jpg 0.242598 0.215851 0.666731 -0.670838 -283.145308 -1166.924181 23.818802
slice25/query/img_08485_c0_1299251280715286us.jpg 0.243536 0.217250 0.666465 -0.670311 -284.220977 -1167.086643 23.859331
slice25/query/img_08486_c0_1299251280782015us.jpg 0.244262 0.218533 0.665944 -0.670147 -285.303667 -1167.239106 23.896200
slice25/query/img_08487_c0_1299251280848640us.jpg 0.245693 0.219503 0.665392 -0.669855 -286.390437 -1167.382047 23.930878
slice25/query/img_08488_c0_1299251280982019us.jpg 0.248644 0.221631 0.664351 -0.669099 -288.568309 -1167.665324 24.003634
slice25/query/img_08489_c0_1299251281048638us.jpg 0.250179 0.222579 0.664364 -0.668199 -289.654512 -1167.799031 24.045947
slice25/query/img_08490_c0_1299251281115267us.jpg 0.251187 0.223967 0.663603 -0.668113 -290.746611 -1167.934674 24.080278
slice25/query/img_08491_c0_1299251281248666us.jpg 0.254043 0.225899 0.662872 -0.667108 -292.935072 -1168.181687 24.171991
slice25/query/img_08492_c0_1299251281315288us.jpg 0.255028 0.227061 0.662415 -0.666791 -294.029337 -1168.297889 24.206693
slice25/query/img_08493_c0_1299251281382016us.jpg 0.255724 0.228757 0.661943 -0.666414 -295.120900 -1168.408801 24.245071
slice25/query/img_08494_c0_1299251281515271us.jpg 0.257389 0.231278 0.661368 -0.665472 -297.290266 -1168.635230 24.323321
slice25/query/img_08495_c0_1299251281582018us.jpg 0.258875 0.232094 0.660285 -0.665687 -298.385557 -1168.740379 24.352727
slice25/query/img_08496_c0_1299251281648643us.jpg 0.259939 0.232704 0.659113 -0.666221 -299.479229 -1168.830369 24.383407
slice25/query/img_08497_c0_1299251281715269us.jpg 0.260862 0.233152 0.658556 -0.666255 -300.569201 -1168.919591 24.424110
slice25/query/img_08498_c0_1299251281848646us.jpg 0.259929 0.235058 0.657478 -0.667014 -302.740843 -1169.099734 24.486506
slice25/query/img_08499_c0_1299251281915270us.jpg 0.259815 0.235508 0.656983 -0.667387 -303.825610 -1169.186923 24.519151
slice25/query/img_08500_c0_1299251281982022us.jpg 0.259286 0.235906 0.656413 -0.668013 -304.908882 -1169.272590 24.556535
slice25/query/img_08501_c0_1299251282048647us.jpg 0.258974 0.236091 0.655588 -0.668878 -305.988075 -1169.358632 24.591385
slice25/query/img_08502_c0_1299251282182048us.jpg 0.258764 0.235290 0.654904 -0.669911 -308.148209 -1169.530635 24.659598
slice25/query/img_08503_c0_1299251282248648us.jpg 0.258294 0.234876 0.654963 -0.670180 -309.231966 -1169.619268 24.695931
slice25/query/img_08504_c0_1299251282315271us.jpg 0.257274 0.234474 0.654996 -0.670680 -310.313631 -1169.704549 24.731593
slice25/query/img_08505_c0_1299251282382023us.jpg 0.256329 0.234230 0.654888 -0.671233 -311.399733 -1169.792187 24.767641
slice25/query/img_08506_c0_1299251282515276us.jpg 0.255098 0.233089 0.654864 -0.672122 -313.571942 -1169.988224 24.868473
slice25/query/img_08507_c0_1299251282582046us.jpg 0.254269 0.232371 0.654972 -0.672579 -314.659080 -1170.089148 24.909001
slice25/query/img_08508_c0_1299251282648650us.jpg 0.253421 0.232192 0.655239 -0.672701 -315.751972 -1170.196292 24.953368
slice25/query/img_08509_c0_1299251282782048us.jpg 0.250893 0.232218 0.656103 -0.672797 -317.920894 -1170.389138 25.022135
slice25/query/img_08510_c0_1299251282848650us.jpg 0.248987 0.232832 0.656930 -0.672486 -318.990813 -1170.481475 25.056248
slice25/query/img_08511_c0_1299251282982027us.jpg 0.246839 0.232371 0.656918 -0.673448 -321.172298 -1170.661899 25.110351
