slice25/database/img_07701_c0_1303399158916398us.jpg 0.215220 0.216442 0.682044 -0.664567 -66.396597 -1071.143753 27.377669
slice25/database/img_07702_c0_1303399158983124us.jpg 0.211324 0.216635 0.683300 -0.664464 -67.320220 -1071.298599 27.357169
slice25/database/img_07703_c0_1303399159116377us.jpg 0.205898 0.214162 0.686928 -0.663227 -69.193298 -1071.646737 27.302145
slice25/database/img_07704_c0_1303399159183189us.jpg 0.204816 0.211357 0.688508 -0.662823 -70.122172 -1071.835154 27.266520
slice25/database/img_07705_c0_1303399159249753us.jpg 0.204311 0.208476 0.689623 -0.662733 -71.045054 -1072.027692 27.228592
slice25/database/img_07706_c0_1303399159383152us.jpg 0.202602 0.203116 0.691269 -0.663207 -72.897653 -1072.418768 27.143771
slice25/database/img_07707_c0_1303399159516397us.jpg 0.198092 0.200260 0.692550 -0.664101 -74.728842 -1072.811860 27.088575
slice25/database/img_07708_c0_1303399159583129us.jpg 0.195168 0.199371 0.692741 -0.665034 -75.645064 -1073.016218 27.064663
slice25/database/img_07709_c0_1303399159716383us.jpg 0.189447 0.197213 0.692944 -0.667118 -77.464790 -1073.433043 27.006640
slice25/database/img_07710_c0_1303399159783131us.jpg 0.187200 0.195589 0.693311 -0.667849 -78.367761 -1073.652433 26.975715
slice25/database/img_07711_c0_1303399159849753us.jpg 0.185106 0.193643 0.694119 -0.668159 -79.275700 -1073.883014 26.943915
slice25/database/img_07712_c0_1303399159983156us.jpg 0.181110 0.189361 0.696155 -0.668363 -81.095891 -1074.357582 26.865044
slice25/database/img_07713_c0_1303399160049755us.jpg 0.178462 0.187906 0.697185 -0.668412 -82.001913 -1074.600173 26.825900
slice25/database/img_07714_c0_1303399160249794us.jpg 0.168689 0.184128 0.700602 -0.668430 -84.767650 -1075.341269 26.708544
slice25/database/img_07715_c0_1303399160449829us.jpg 0.166533 0.173811 0.700376 -0.671960 -87.609797 -1076.157676 26.527115
slice25/database/img_07716_c0_1303399160583161us.jpg 0.164486 0.168820 0.699883 -0.674246 -89.456545 -1076.745896 26.456328
slice25/database/img_07717_c0_1303399160649758us.jpg 0.162387 0.167308 0.699991 -0.675019 -90.378231 -1077.046485 26.431683
slice25/database/img_07718_c0_1303399160716386us.jpg 0.158580 0.167051 0.700781 -0.675169 -91.302949 -1077.351177 26.412464
slice25/database/img_07719_c0_1303399160783137us.jpg 0.154226 0.166755 0.701618 -0.675380 -92.224915 -1077.659067 26.393557
slice25/database/img_07720_c0_1303399160916388us.jpg 0.147765 0.164139 0.703120 -0.675904 -94.051057 -1078.292410 26.336983
slice25/database/img_07721_c0_1303399160983138us.jpg 0.146922 0.161478 0.703948 -0.675867 -94.959935 -1078.625593 26.295624
slice25/database/img_07722_c0_1303399161049763us.jpg 0.147943 0.158235 0.705153 -0.675155 -95.862257 -1078.969571 26.248590
slice25/database/img_07723_c0_1303399161183164us.jpg 0.155571 0.146993 0.707550 -0.673471 -97.650434 -1079.675160 26.141523
slice25/database/img_07724_c0_1303399161249763us.jpg 0.158221 0.143755 0.707717 -0.673378 -98.547198 -1080.029617 26.108127
slice25/database/img_07725_c0_1303399161316389us.jpg 0.156542 0.144144 0.708195 -0.673184 -99.456850 -1080.380462 26.096183
slice25/database/img_07726_c0_1303399161383140us.jpg 0.152816 0.145784 0.708300 -0.673576 -100.369909 -1080.721760 26.094973
slice25/database/img_07727_c0_1303399161516415us.jpg 0.144211 0.150075 0.705276 -0.677692 -102.181866 -1081.383867 26.084333
slice25/database/img_07728_c0_1303399161583141us.jpg 0.139881 0.151192 0.702994 -0.680716 -103.094968 -1081.725514 26.072303
slice25/database/img_07729_c0_1303399161649767us.jpg 0.136084 0.151236 0.701041 -0.683484 -104.002415 -1082.069313 26.053278
slice25/database/img_07730_c0_1303399161783149us.jpg 0.132164 0.145098 0.700590 -0.686041 -105.780859 -1082.786423 25.982237
slice25/database/img_07731_c0_1303399161849766us.jpg 0.131618 0.140315 0.701919 -0.685783 -106.664119 -1083.163942 25.938118
slice25/database/img_07732_c0_1303399161916392us.jpg 0.130986 0.135792 0.703864 -0.684820 -107.540302 -1083.550613 25.898020
slice25/database/img_07733_c0_1303399162049793us.jpg 0.127854 0.128694 0.707429 -0.683107 -109.306270 -1084.352860 25.830430
slice25/database/img_07734_c0_1303399162116393us.jpg 0.124931 0.126333 0.708426 -0.683056 -110.186878 -1084.759702 25.805269
slice25/database/img_07735_c0_1303399162183143us.jpg 0.121053 0.124402 0.708945 -0.683569 -111.067450 -1085.168161 25.784099
slice25/database/img_07736_c0_1303399162316396us.jpg 0.111320 0.121274 0.708535 -0.686206 -112.825605 -1086.003819 25.743477
slice25/database/img_07737_c0_1303399162383145us.jpg 0.106738 0.119103 0.707790 -0.688081 -113.699647 -1086.432221 25.716203
slice25/database/img_07738_c0_1303399162449771us.jpg 0.102836 0.116488 0.707075 -0.689855 -114.563977 -1086.867699 25.686359
slice25/database/img_07739_c0_1303399162583148us.jpg 0.097139 0.109922 0.706767 -0.692071 -116.284965 -1087.774208 25.609933
slice25/database/img_07740_c0_1303399162649796us.jpg 0.094854 0.106351 0.706980 -0.692727 -117.134866 -1088.239157 25.575099
slice25/database/img_07741_c0_1303399162716397us.jpg 0.092057 0.103458 0.707561 -0.692950 -117.982204 -1088.714524 25.541186
slice25/database/img_07742_c0_1303399162783148us.jpg 0.088872 0.101142 0.708340 -0.692911 -118.825615 -1089.195796 25.511789
slice25/database/img_07743_c0_1303399162916398us.jpg 0.082114 0.095633 0.709577 -0.693262 -120.506338 -1090.179055 25.449613
slice25/database/img_07744_c0_1303399162983149us.jpg 0.078899 0.092507 0.710124 -0.693499 -121.339181 -1090.680977 25.414890
slice25/database/img_07745_c0_1303399163049774us.jpg 0.076454 0.089311 0.710671 -0.693632 -122.162332 -1091.188918 25.378294
slice25/database/img_07746_c0_1303399163183150us.jpg 0.073343 0.082994 0.711649 -0.693749 -123.803455 -1092.239228 25.298140
slice25/database/img_07747_c0_1303399163249775us.jpg 0.072467 0.079259 0.712596 -0.693306 -124.615995 -1092.772665 25.259826
slice25/database/img_07748_c0_1303399163316401us.jpg 0.071762 0.075777 0.713513 -0.692826 -125.422957 -1093.311102 25.225333
slice25/database/img_07749_c0_1303399163449776us.jpg 0.069613 0.071394 0.714681 -0.692306 -127.037174 -1094.411030 25.158747
slice25/database/img_07750_c0_1303399163516426us.jpg 0.067524 0.070652 0.715342 -0.691906 -127.844802 -1094.965002 25.132957
slice25/database/img_07751_c0_1303399163649804us.jpg 0.062410 0.069733 0.716635 -0.691141 -129.467625 -1096.087773 25.075787
slice25/database/img_07752_c0_1303399163716408us.jpg 0.060383 0.069412 0.716818 -0.691164 -130.273719 -1096.650581 25.047057
slice25/database/img_07753_c0_1303399163783152us.jpg 0.058783 0.068904 0.716453 -0.691731 -131.076253 -1097.216968 25.013290
slice25/database/img_07754_c0_1303399163849777us.jpg 0.057922 0.068110 0.715655 -0.692708 -131.875110 -1097.783282 24.976020
slice25/database/img_07755_c0_1303399163983178us.jpg 0.057152 0.065145 0.714644 -0.694099 -133.475417 -1098.937212 24.898782
slice25/database/img_07756_c0_1303399164049779us.jpg 0.056912 0.063343 0.714747 -0.694179 -134.272541 -1099.516634 24.863048
slice25/database/img_07757_c0_1303399164116405us.jpg 0.056411 0.062025 0.714773 -0.694313 -135.069115 -1100.099316 24.830128
slice25/database/img_07758_c0_1303399164249781us.jpg 0.054663 0.060793 0.715107 -0.694218 -136.656974 -1101.264513 24.774820
slice25/database/img_07759_c0_1303399164316405us.jpg 0.053254 0.060535 0.715707 -0.693731 -137.453333 -1101.852438 24.749651
slice25/database/img_07760_c0_1303399164383156us.jpg 0.051868 0.060049 0.716467 -0.693094 -138.245799 -1102.439765 24.725772
slice25/database/img_07761_c0_1303399164516408us.jpg 0.050081 0.058306 0.716974 -0.692849 -139.831841 -1103.623478 24.665724
slice25/database/img_07762_c0_1303399164583156us.jpg 0.049766 0.057155 0.716443 -0.693517 -140.615595 -1104.210458 24.633307
slice25/database/img_07763_c0_1303399164649783us.jpg 0.049427 0.055762 0.716194 -0.693912 -141.396638 -1104.799597 24.600548
slice25/database/img_07764_c0_1303399164716407us.jpg 0.048619 0.054761 0.716413 -0.693823 -142.179802 -1105.391148 24.569676
slice25/database/img_07765_c0_1303399164849782us.jpg 0.046385 0.053810 0.717249 -0.693186 -143.743843 -1106.580585 24.511759
slice25/database/img_07766_c0_1303399164916406us.jpg 0.045552 0.053408 0.717426 -0.693089 -144.520716 -1107.176424 24.480358
slice25/database/img_07767_c0_1303399165049787us.jpg 0.046245 0.052540 0.717541 -0.692990 -146.074228 -1108.379540 24.417581
slice25/database/img_07768_c0_1303399165116407us.jpg 0.047435 0.052172 0.717555 -0.692923 -146.845991 -1108.981160 24.384476
slice25/database/img_07769_c0_1303399165183157us.jpg 0.048508 0.052299 0.717859 -0.692524 -147.616347 -1109.580449 24.354178
slice25/database/img_07770_c0_1303399165316434us.jpg 0.050073 0.053083 0.718180 -0.692021 -149.167104 -1110.777817 24.297884
slice25/database/img_07771_c0_1303399165383159us.jpg 0.050200 0.054021 0.717597 -0.692544 -149.954081 -1111.376457 24.269391
slice25/database/img_07772_c0_1303399165449785us.jpg 0.051057 0.053260 0.717368 -0.692777 -150.727170 -1111.964986 24.241815
slice25/database/img_07773_c0_1303399165583184us.jpg 0.050043 0.056261 0.716764 -0.693239 -152.294609 -1113.149063 24.199980
slice25/database/img_07774_c0_1303399165649787us.jpg 0.049443 0.057457 0.716165 -0.693802 -153.077356 -1113.738082 24.176875
slice25/database/img_07775_c0_1303399165716413us.jpg 0.049087 0.057372 0.715672 -0.694343 -153.861399 -1114.326989 24.148495
slice25/database/img_07776_c0_1303399165849791us.jpg 0.049793 0.056932 0.715068 -0.694951 -155.423486 -1115.504914 24.093086
slice25/database/img_07777_c0_1303399165916414us.jpg 0.050139 0.056990 0.714479 -0.695528 -156.206269 -1116.095610 24.067706
slice25/database/img_07778_c0_1303399165983164us.jpg 0.050591 0.057049 0.713969 -0.696013 -156.993681 -1116.687810 24.041200
slice25/database/img_07779_c0_1303399166116438us.jpg 0.050757 0.056838 0.714225 -0.695755 -158.569356 -1117.872535 23.990986
slice25/database/img_07780_c0_1303399166183165us.jpg 0.050147 0.057025 0.714928 -0.695062 -159.362234 -1118.468365 23.967078
slice25/database/img_07781_c0_1303399166249791us.jpg 0.049441 0.057242 0.715390 -0.694619 -160.153198 -1119.062010 23.942596
slice25/database/img_07782_c0_1303399166383210us.jpg 0.049097 0.057846 0.714613 -0.695393 -161.734354 -1120.253493 23.891976
slice25/database/img_07783_c0_1303399166449793us.jpg 0.049227 0.058102 0.713194 -0.696818 -162.524300 -1120.850161 23.862919
slice25/database/img_07784_c0_1303399166583177us.jpg 0.049204 0.057872 0.711477 -0.698592 -164.109413 -1122.033042 23.810263
slice25/database/img_07785_c0_1303399166649793us.jpg 0.048332 0.058609 0.710874 -0.699204 -164.907149 -1122.628718 23.786720
slice25/database/img_07786_c0_1303399166716418us.jpg 0.047845 0.059203 0.710399 -0.699671 -165.700602 -1123.224885 23.764356
slice25/database/img_07787_c0_1303399166849795us.jpg 0.049369 0.059537 0.710415 -0.699521 -167.284877 -1124.424419 23.715039
slice25/database/img_07788_c0_1303399166916419us.jpg 0.050234 0.061247 0.710956 -0.698761 -168.078420 -1125.025859 23.692615
slice25/database/img_07789_c0_1303399166983169us.jpg 0.051175 0.062840 0.711462 -0.698036 -168.875242 -1125.627034 23.669554
slice25/database/img_07790_c0_1303399167116420us.jpg 0.054057 0.065654 0.711178 -0.697848 -170.481277 -1126.820477 23.613655
slice25/database/img_07791_c0_1303399167183170us.jpg 0.055724 0.066866 0.710326 -0.698471 -171.285731 -1127.407666 23.583528
slice25/database/img_07792_c0_1303399167249796us.jpg 0.057230 0.068369 0.709882 -0.698654 -172.090434 -1127.994440 23.555600
slice25/database/img_07793_c0_1303399167383173us.jpg 0.060601 0.071651 0.709257 -0.698676 -173.709711 -1129.156850 23.500796
slice25/database/img_07794_c0_1303399167449796us.jpg 0.062900 0.073019 0.708708 -0.698889 -174.528564 -1129.731950 23.473422
slice25/database/img_07795_c0_1303399167516423us.jpg 0.065108 0.074301 0.708198 -0.699068 -175.335182 -1130.298396 23.446630
slice25/database/img_07796_c0_1303399167649801us.jpg 0.068180 0.077710 0.707366 -0.699246 -176.976424 -1131.429806 23.411290
slice25/database/img_07797_c0_1303399167716422us.jpg 0.069073 0.079811 0.706826 -0.699469 -177.808033 -1131.992029 23.393164
slice25/database/img_07798_c0_1303399167783174us.jpg 0.070022 0.082087 0.706179 -0.699764 -178.639012 -1132.545629 23.374596
slice25/database/img_07799_c0_1303399167916451us.jpg 0.072927 0.085936 0.705195 -0.699997 -180.310969 -1133.653227 23.333082
slice25/database/img_07800_c0_1303399167983175us.jpg 0.074978 0.087414 0.705155 -0.699638 -181.149508 -1134.202879 23.310651
slice25/database/img_07801_c0_1303399168049800us.jpg 0.077325 0.088966 0.705101 -0.699241 -181.981111 -1134.744639 23.289420
slice25/database/img_07802_c0_1303399168183177us.jpg 0.082902 0.091922 0.704754 -0.698570 -183.671234 -1135.821113 23.244014
slice25/database/img_07803_c0_1303399168249801us.jpg 0.085509 0.093708 0.704842 -0.697929 -184.521407 -1136.355249 23.224427
slice25/database/img_07804_c0_1303399168316427us.jpg 0.087736 0.095875 0.705128 -0.697069 -185.374551 -1136.883474 23.207582
slice25/database/img_07805_c0_1303399168449830us.jpg 0.092174 0.100650 0.705030 -0.695921 -187.096674 -1137.922254 23.169656
slice25/database/img_07806_c0_1303399168516451us.jpg 0.094525 0.103187 0.704605 -0.695665 -187.961167 -1138.432609 23.150382
slice25/database/img_07807_c0_1303399168583178us.jpg 0.097090 0.105431 0.704298 -0.695286 -188.828157 -1138.937058 23.130564
slice25/database/img_07808_c0_1303399168649804us.jpg 0.099662 0.107746 0.704063 -0.694805 -189.696368 -1139.435214 23.111936
slice25/database/img_07809_c0_1303399168783180us.jpg 0.104801 0.112836 0.703273 -0.694041 -191.455775 -1140.422242 23.070196
slice25/database/img_07810_c0_1303399168849805us.jpg 0.107505 0.115520 0.702645 -0.693821 -192.337884 -1140.904234 23.051505
slice25/database/img_07811_c0_1303399168983180us.jpg 0.112748 0.121200 0.701940 -0.692733 -194.111285 -1141.847410 23.021539
slice25/database/img_07812_c0_1303399169049803us.jpg 0.115144 0.124023 0.701464 -0.692321 -195.002377 -1142.304626 23.005040
slice25/database/img_07813_c0_1303399169183191us.jpg 0.120191 0.129908 0.699670 -0.692200 -196.799338 -1143.202087 22.966232
slice25/database/img_07814_c0_1303399169249805us.jpg 0.122734 0.132803 0.698869 -0.692012 -197.707662 -1143.644506 22.947730
slice25/database/img_07815_c0_1303399169316431us.jpg 0.125342 0.135561 0.698109 -0.691777 -198.615903 -1144.080064 22.927093
slice25/database/img_07816_c0_1303399169449808us.jpg 0.130856 0.140672 0.696989 -0.690865 -200.470161 -1144.938040 22.885314
slice25/database/img_07817_c0_1303399169516434us.jpg 0.133735 0.142953 0.696439 -0.690399 -201.396385 -1145.354107 22.860658
slice25/database/img_07818_c0_1303399169583184us.jpg 0.137322 0.144908 0.695982 -0.689749 -202.316502 -1145.763072 22.838582
slice25/database/img_07819_c0_1303399169716432us.jpg 0.143317 0.149585 0.694930 -0.688591 -204.174717 -1146.561559 22.800119
slice25/database/img_07820_c0_1303399169783186us.jpg 0.146440 0.151820 0.694366 -0.688013 -205.096879 -1146.945544 22.784569
slice25/database/img_07821_c0_1303399169916433us.jpg 0.150639 0.157601 0.692514 -0.687673 -206.971951 -1147.689254 22.754407
slice25/database/img_07822_c0_1303399169983184us.jpg 0.152408 0.160543 0.691205 -0.687920 -207.909296 -1148.047631 22.738058
slice25/database/img_07823_c0_1303399170116462us.jpg 0.155340 0.166104 0.688995 -0.688160 -209.788647 -1148.745233 22.708562
slice25/database/img_07824_c0_1303399170183197us.jpg 0.156931 0.168400 0.687793 -0.688444 -210.726405 -1149.082475 22.691634
slice25/database/img_07825_c0_1303399170249812us.jpg 0.158829 0.170344 0.686740 -0.688582 -211.664581 -1149.414944 22.672782
slice25/database/img_07826_c0_1303399170316437us.jpg 0.160954 0.171919 0.686006 -0.688428 -212.603833 -1149.744251 22.654219
slice25/database/img_07827_c0_1303399170449839us.jpg 0.165518 0.175129 0.685062 -0.687476 -214.479839 -1150.387737 22.618107
slice25/database/img_07828_c0_1303399170516438us.jpg 0.167497 0.176634 0.684710 -0.686963 -215.429797 -1150.700588 22.597557
slice25/database/img_07829_c0_1303399170716440us.jpg 0.169063 0.181285 0.683750 -0.686324 -218.323946 -1151.624960 22.550622
slice25/database/img_07830_c0_1303399170983245us.jpg 0.178229 0.186174 0.679969 -0.686451 -222.218439 -1152.884893 22.490131
slice25/database/img_07831_c0_1303399171049841us.jpg 0.180851 0.186349 0.679414 -0.686268 -223.198748 -1153.172348 22.475660
slice25/database/img_07832_c0_1303399171116442us.jpg 0.182767 0.188189 0.679225 -0.685444 -224.182725 -1153.456831 22.464153
slice25/database/img_07833_c0_1303399171183199us.jpg 0.184679 0.190670 0.678966 -0.684502 -225.166254 -1153.738795 22.458765
slice25/database/img_07834_c0_1303399171316446us.jpg 0.189935 0.193826 0.679029 -0.682111 -227.145646 -1154.291180 22.439997
slice25/database/img_07835_c0_1303399171383193us.jpg 0.193409 0.195038 0.678612 -0.681204 -228.135210 -1154.556901 22.430666
slice25/database/img_07836_c0_1303399171449819us.jpg 0.196682 0.196034 0.677713 -0.680876 -229.123785 -1154.810826 22.422430
slice25/database/img_07837_c0_1303399171583208us.jpg 0.202669 0.200325 0.675859 -0.679713 -231.093433 -1155.305316 22.424558
slice25/database/img_07838_c0_1303399171649819us.jpg 0.205381 0.202261 0.674215 -0.679959 -232.092851 -1155.541298 22.423461
slice25/database/img_07839_c0_1303399171716445us.jpg 0.208392 0.203868 0.672933 -0.679833 -233.091230 -1155.770778 22.422278
slice25/database/img_07840_c0_1303399171849822us.jpg 0.213977 0.207465 0.670925 -0.678993 -235.088238 -1156.211876 22.435780
slice25/database/img_07841_c0_1303399171916469us.jpg 0.216360 0.209202 0.670275 -0.678347 -236.093183 -1156.421597 22.442610
slice25/database/img_07842_c0_1303399171983204us.jpg 0.218723 0.210097 0.669999 -0.677584 -237.093186 -1156.621305 22.450288
slice25/database/img_07843_c0_1303399172049820us.jpg 0.221030 0.210779 0.669493 -0.677124 -238.090755 -1156.817041 22.459774
slice25/database/img_07844_c0_1303399172183198us.jpg 0.225449 0.210511 0.668527 -0.676705 -240.081079 -1157.190195 22.486601
slice25/database/img_07845_c0_1303399172249822us.jpg 0.227316 0.210188 0.667998 -0.676703 -241.074419 -1157.367429 22.500977
slice25/database/img_07846_c0_1303399172316447us.jpg 0.228743 0.210088 0.667505 -0.676739 -242.074054 -1157.544602 22.518705
slice25/database/img_07847_c0_1303399172449825us.jpg 0.231437 0.210695 0.666414 -0.676710 -244.068038 -1157.895148 22.564065
slice25/database/img_07848_c0_1303399172516449us.jpg 0.232444 0.210857 0.666239 -0.676487 -245.073173 -1158.062127 22.589362
slice25/database/img_07849_c0_1303399172583207us.jpg 0.232977 0.210959 0.666772 -0.675746 -246.075632 -1158.227105 22.616725
slice25/database/img_07850_c0_1303399172716452us.jpg 0.234485 0.211510 0.665823 -0.675988 -248.068431 -1158.554275 22.674320
slice25/database/img_07851_c0_1303399172783202us.jpg 0.235539 0.211550 0.664764 -0.676651 -249.063080 -1158.714013 22.703721
slice25/database/img_07852_c0_1303399172849826us.jpg 0.236296 0.211047 0.664359 -0.676942 -250.058808 -1158.869476 22.733961
slice25/database/img_07853_c0_1303399172916451us.jpg 0.236510 0.210974 0.664618 -0.676636 -251.062409 -1159.027175 22.766799
slice25/database/img_07854_c0_1303399173049828us.jpg 0.235785 0.212260 0.664954 -0.676156 -253.079759 -1159.339920 22.841883
slice25/database/img_07855_c0_1303399173116453us.jpg 0.235224 0.213839 0.664271 -0.676525 -254.094437 -1159.494354 22.878752
slice25/database/img_07856_c0_1303399173183203us.jpg 0.235356 0.214875 0.663476 -0.676931 -255.103895 -1159.649642 22.913756
slice25/database/img_07857_c0_1303399173316478us.jpg 0.236706 0.214276 0.662944 -0.677172 -257.107814 -1159.954434 22.976081
slice25/database/img_07858_c0_1303399173383206us.jpg 0.237574 0.213868 0.662544 -0.677388 -258.112754 -1160.109090 23.006673
slice25/database/img_07859_c0_1303399173449829us.jpg 0.238504 0.213190 0.662583 -0.677236 -259.120197 -1160.260955 23.037473
slice25/database/img_07860_c0_1303399173583712us.jpg 0.238569 0.213643 0.663338 -0.676332 -261.170491 -1160.572317 23.091899
slice25/database/img_07861_c0_1303399173649854us.jpg 0.238071 0.214875 0.664384 -0.675089 -262.188676 -1160.728557 23.128863
slice25/database/img_07862_c0_1303399173716454us.jpg 0.237732 0.215486 0.665305 -0.674106 -263.202497 -1160.882182 23.161495
slice25/database/img_07863_c0_1303399173783207us.jpg 0.237424 0.215748 0.666050 -0.673395 -264.224903 -1161.033495 23.191005
slice25/database/img_07864_c0_1303399173916482us.jpg 0.237711 0.215462 0.665668 -0.673762 -266.251718 -1161.337437 23.248468
slice25/database/img_07865_c0_1303399173983207us.jpg 0.237293 0.215219 0.664677 -0.674964 -267.273822 -1161.485579 23.278100
slice25/database/img_07866_c0_1303399174049833us.jpg 0.237352 0.214457 0.663633 -0.676212 -268.286906 -1161.628266 23.307945
slice25/database/img_07867_c0_1303399174183232us.jpg 0.235983 0.214379 0.662559 -0.677768 -270.303620 -1161.904274 23.391702
slice25/database/img_07868_c0_1303399174249857us.jpg 0.235042 0.214452 0.661899 -0.678716 -271.319423 -1162.056101 23.414293
slice25/database/img_07869_c0_1303399174316459us.jpg 0.234574 0.214182 0.661903 -0.678959 -272.337367 -1162.209697 23.449034
slice25/database/img_07870_c0_1303399174383208us.jpg 0.234601 0.213843 0.661822 -0.679136 -273.349833 -1162.367353 23.482449
slice25/database/img_07871_c0_1303399174516461us.jpg 0.234177 0.213445 0.662725 -0.678526 -275.374891 -1162.679689 23.548841
slice25/database/img_07872_c0_1303399174583210us.jpg 0.234119 0.213214 0.663218 -0.678137 -276.384779 -1162.835841 23.578894
slice25/database/img_07873_c0_1303399174649836us.jpg 0.234085 0.213091 0.663495 -0.677916 -277.393620 -1162.990431 23.607726
slice25/database/img_07874_c0_1303399174716460us.jpg 0.234857 0.212634 0.663295 -0.677988 -278.398007 -1163.148182 23.634966
slice25/database/img_07875_c0_1303399174849861us.jpg 0.236827 0.211978 0.663046 -0.677752 -280.430385 -1163.463877 23.696616
slice25/database/img_07876_c0_1303399174916461us.jpg 0.237595 0.211850 0.663072 -0.677498 -281.445114 -1163.619768 23.729493
slice25/database/img_07877_c0_1303399174983211us.jpg 0.237819 0.212559 0.663027 -0.677242 -282.457095 -1163.774800 23.762416
slice25/database/img_07878_c0_1303399175116486us.jpg 0.238341 0.213310 0.663140 -0.676711 -284.506602 -1164.068884 23.829185
slice25/database/img_07879_c0_1303399175183212us.jpg 0.238337 0.213814 0.662960 -0.676729 -285.534434 -1164.203608 23.860660
slice25/database/img_07880_c0_1303399175316488us.jpg 0.239019 0.215088 0.662402 -0.676632 -287.647482 -1164.598528 23.973863
slice25/database/img_07881_c0_1303399175383213us.jpg 0.238841 0.215551 0.661998 -0.676942 -288.689048 -1164.745076 24.008332
slice25/database/img_07882_c0_1303399175449839us.jpg 0.238398 0.216300 0.661345 -0.677498 -289.724877 -1164.891470 24.042861
slice25/database/img_07883_c0_1303399175583219us.jpg 0.238200 0.215980 0.659968 -0.679010 -291.822545 -1165.185220 24.107124
slice25/database/img_07884_c0_1303399175649840us.jpg 0.238228 0.215038 0.659503 -0.679752 -292.864466 -1165.330903 24.138679
slice25/database/img_07885_c0_1303399175716467us.jpg 0.238679 0.214587 0.659445 -0.679792 -293.895313 -1165.482380 24.176538
slice25/database/img_07886_c0_1303399175849843us.jpg 0.238075 0.215241 0.661099 -0.678189 -295.971681 -1165.794883 24.258856
slice25/database/img_07887_c0_1303399175916468us.jpg 0.237921 0.215614 0.662059 -0.677186 -297.021170 -1165.955522 24.293928
slice25/database/img_07888_c0_1303399175983219us.jpg 0.237921 0.215724 0.662687 -0.676537 -298.071823 -1166.111121 24.327062
slice25/database/img_07889_c0_1303399176049844us.jpg 0.238354 0.215036 0.662749 -0.676543 -299.110762 -1166.266813 24.356349
slice25/database/img_07890_c0_1303399176183242us.jpg 0.238316 0.213804 0.662043 -0.677638 -301.155551 -1166.565872 24.423121
slice25/database/img_07891_c0_1303399176249845us.jpg 0.237445 0.213695 0.661348 -0.678655 -302.193080 -1166.713236 24.456856
slice25/database/img_07892_c0_1303399176316471us.jpg 0.236661 0.213656 0.660963 -0.679316 -303.226035 -1166.863195 24.496416
slice25/database/img_07893_c0_1303399176449875us.jpg 0.235293 0.214222 0.660567 -0.679998 -305.288034 -1167.171339 24.563892
slice25/database/img_07894_c0_1303399176516475us.jpg 0.235606 0.213999 0.660997 -0.679541 -306.327521 -1167.337087 24.597232
slice25/database/img_07895_c0_1303399176583222us.jpg 0.236754 0.213421 0.661712 -0.678628 -307.357847 -1167.505471 24.626228
slice25/database/img_07896_c0_1303399176716494us.jpg 0.238369 0.212899 0.663993 -0.675994 -309.437507 -1167.843844 24.701579
slice25/database/img_07897_c0_1303399176783228us.jpg 0.238977 0.212984 0.664244 -0.675505 -310.480368 -1168.007091 24.735314
slice25/database/img_07898_c0_1303399176849848us.jpg 0.239217 0.213367 0.664262 -0.675282 -311.523808 -1168.165792 24.769083
slice25/database/img_07899_c0_1303399176916471us.jpg 0.239319 0.213837 0.663600 -0.675748 -312.570545 -1168.321708 24.806163
slice25/database/img_07900_c0_1303399177049872us.jpg 0.240344 0.214573 0.662242 -0.676483 -314.666136 -1168.623462 24.898802
slice25/database/img_07901_c0_1303399177116474us.jpg 0.239751 0.215628 0.661634 -0.676952 -315.720319 -1168.780601 24.937107
slice25/database/img_07902_c0_1303399177183224us.jpg 0.239308 0.216561 0.661324 -0.677114 -316.777131 -1168.932987 24.974199
slice25/database/img_07903_c0_1303399177316475us.jpg 0.238775 0.218792 0.662573 -0.675362 -318.877580 -1169.243473 25.046151
slice25/database/img_07904_c0_1303399177383230us.jpg 0.238102 0.220248 0.663171 -0.674539 -319.952049 -1169.399314 25.078157
slice25/database/img_07905_c0_1303399177449850us.jpg 0.239012 0.220320 0.663116 -0.674247 -321.013399 -1169.552260 25.106133
