slice25/query/img_10654_c1_1283348700654926us.jpg 0.621006 0.626619 0.338179 -0.327620 -66.681067 -1069.776501 27.513405
slice25/query/img_10655_c1_1283348700788154us.jpg 0.620664 0.623942 0.344653 -0.326629 -68.317754 -1070.058995 27.495547
slice25/query/img_10656_c1_1283348700854892us.jpg 0.620521 0.622399 0.347301 -0.327041 -69.114174 -1070.206200 27.469230
slice25/query/img_10657_c1_1283348700921504us.jpg 0.620427 0.620900 0.348252 -0.329051 -69.902383 -1070.354906 27.433729
slice25/query/img_10658_c1_1283348700988117us.jpg 0.619858 0.619963 0.348460 -0.331657 -70.711911 -1070.504024 27.388405
slice25/query/img_10659_c1_1283348701121468us.jpg 0.618389 0.618761 0.348876 -0.336177 -72.334553 -1070.815191 27.309692
slice25/query/img_10660_c1_1283348701188081us.jpg 0.617298 0.618475 0.350195 -0.337336 -73.145345 -1070.975596 27.279672
slice25/query/img_10661_c1_1283348701254820us.jpg 0.616134 0.618173 0.352024 -0.338113 -73.954656 -1071.139586 27.253272
slice25/query/img_10662_c1_1283348701388071us.jpg 0.613964 0.617453 0.355730 -0.339494 -75.572948 -1071.478227 27.193583
slice25/query/img_10663_c1_1283348701454785us.jpg 0.613307 0.616622 0.357537 -0.340293 -76.377613 -1071.653604 27.163939
slice25/query/img_10664_c1_1283348701521398us.jpg 0.612951 0.615542 0.358706 -0.341658 -77.179030 -1071.831690 27.129647
slice25/query/img_10665_c1_1283348701654774us.jpg 0.612117 0.613226 0.360057 -0.345869 -78.769719 -1072.194506 27.049817
slice25/query/img_10666_c1_1283348701721364us.jpg 0.611411 0.612147 0.360794 -0.348253 -79.557800 -1072.379701 27.008139
slice25/query/img_10667_c1_1283348701787977us.jpg 0.610436 0.611195 0.361924 -0.350457 -80.352215 -1072.568817 26.970394
slice25/query/img_10668_c1_1283348701921334us.jpg 0.607764 0.610184 0.365369 -0.353275 -81.972433 -1072.963657 26.906358
slice25/query/img_10669_c1_1283348701987943us.jpg 0.606314 0.609976 0.367959 -0.353439 -82.782920 -1073.171077 26.880858
slice25/query/img_10670_c1_1283348702054680us.jpg 0.604731 0.609755 0.371099 -0.353249 -83.594272 -1073.381372 26.854461
slice25/query/img_10671_c1_1283348702187929us.jpg 0.602338 0.607776 0.375751 -0.355821 -85.221847 -1073.810048 26.786483
slice25/query/img_10672_c1_1283348702321310us.jpg 0.601564 0.604537 0.376111 -0.362210 -86.845122 -1074.258062 26.690108
slice25/query/img_10673_c1_1283348702387875us.jpg 0.601257 0.602831 0.375802 -0.365866 -87.657298 -1074.490362 26.643111
slice25/query/img_10674_c1_1283348702454611us.jpg 0.600559 0.601739 0.375893 -0.368707 -88.465076 -1074.725874 26.604107
slice25/query/img_10675_c1_1283348702587861us.jpg 0.598432 0.600017 0.378212 -0.372578 -90.087000 -1075.213498 26.544186
slice25/query/img_10676_c1_1283348702654597us.jpg 0.596637 0.599842 0.380437 -0.373472 -90.899804 -1075.461574 26.520406
slice25/query/img_10677_c1_1283348702721188us.jpg 0.594288 0.600328 0.383288 -0.373521 -91.710781 -1075.712732 26.499118
slice25/query/img_10678_c1_1283348702854544us.jpg 0.589539 0.600351 0.389639 -0.374437 -93.331770 -1076.229686 26.452163
slice25/query/img_10679_c1_1283348702921156us.jpg 0.588343 0.599169 0.391968 -0.375779 -94.136065 -1076.496259 26.417689
slice25/query/img_10680_c1_1283348702987767us.jpg 0.587963 0.597197 0.393602 -0.377799 -94.934193 -1076.769265 26.382222
slice25/query/img_10681_c1_1283348703121141us.jpg 0.588892 0.592301 0.394275 -0.383319 -96.514307 -1077.341855 26.303618
slice25/query/img_10682_c1_1283348703187731us.jpg 0.590812 0.588430 0.392983 -0.387629 -97.290435 -1077.637879 26.269072
slice25/query/img_10683_c1_1283348703254469us.jpg 0.592113 0.585041 0.392433 -0.391313 -98.060375 -1077.935795 26.242508
slice25/query/img_10684_c1_1283348703387698us.jpg 0.590262 0.583669 0.394094 -0.394476 -99.610255 -1078.534040 26.211306
slice25/query/img_10685_c1_1283348703454434us.jpg 0.587368 0.584821 0.396952 -0.394222 -100.391013 -1078.831616 26.206554
slice25/query/img_10686_c1_1283348703521048us.jpg 0.583546 0.586453 0.400632 -0.393752 -101.174376 -1079.127536 26.199241
slice25/query/img_10687_c1_1283348703587661us.jpg 0.579465 0.588019 0.404041 -0.393960 -101.950096 -1079.422203 26.187494
slice25/query/img_10688_c1_1283348703721036us.jpg 0.573139 0.589802 0.407586 -0.396886 -103.486134 -1080.022761 26.128743
slice25/query/img_10689_c1_1283348703787626us.jpg 0.571661 0.589028 0.408425 -0.399298 -104.247196 -1080.339565 26.098716
slice25/query/img_10690_c1_1283348703854364us.jpg 0.571384 0.587147 0.409100 -0.401766 -105.004141 -1080.663407 26.069016
slice25/query/img_10691_c1_1283348703920978us.jpg 0.571977 0.584572 0.409708 -0.404052 -105.758214 -1080.995349 26.040817
slice25/query/img_10692_c1_1283348704054351us.jpg 0.573227 0.579232 0.411844 -0.407781 -107.278319 -1081.675555 25.987940
slice25/query/img_10693_c1_1283348704120942us.jpg 0.573315 0.577138 0.413633 -0.408815 -108.039198 -1082.021455 25.968485
slice25/query/img_10694_c1_1283348704187556us.jpg 0.572592 0.575793 0.415781 -0.409545 -108.800158 -1082.371852 25.948948
slice25/query/img_10695_c1_1283348704320931us.jpg 0.568737 0.575065 0.420058 -0.411570 -110.322001 -1083.066930 25.906944
slice25/query/img_10696_c1_1283348704387543us.jpg 0.566401 0.575153 0.421767 -0.412919 -111.084699 -1083.422866 25.881423
slice25/query/img_10697_c1_1283348704454259us.jpg 0.564135 0.575063 0.423601 -0.414266 -111.846237 -1083.779931 25.855155
slice25/query/img_10698_c1_1283348704520872us.jpg 0.562060 0.574720 0.425471 -0.415644 -112.604622 -1084.141798 25.826733
slice25/query/img_10699_c1_1283348704654249us.jpg 0.559144 0.572692 0.428788 -0.418953 -114.112246 -1084.887611 25.767937
slice25/query/img_10700_c1_1283348704720837us.jpg 0.557998 0.571358 0.430048 -0.421008 -114.861326 -1085.268959 25.737235
slice25/query/img_10701_c1_1283348704787451us.jpg 0.556748 0.570051 0.431298 -0.423148 -115.609184 -1085.651924 25.705858
slice25/query/img_10702_c1_1283348704854189us.jpg 0.555301 0.568850 0.432694 -0.425237 -116.352688 -1086.038548 25.676059
slice25/query/img_10703_c1_1283348704987445us.jpg 0.551927 0.566815 0.435642 -0.429316 -117.830161 -1086.828680 25.618781
slice25/query/img_10704_c1_1283348705054154us.jpg 0.549821 0.566332 0.437442 -0.430824 -118.571465 -1087.232423 25.593426
slice25/query/img_10705_c1_1283348705120768us.jpg 0.547383 0.566149 0.439601 -0.431971 -119.312839 -1087.640872 25.569144
slice25/query/img_10706_c1_1283348705254142us.jpg 0.543306 0.564609 0.443740 -0.434891 -120.791175 -1088.475111 25.515712
slice25/query/img_10707_c1_1283348705320734us.jpg 0.542063 0.563017 0.445595 -0.436606 -121.525764 -1088.903068 25.488027
slice25/query/img_10708_c1_1283348705387345us.jpg 0.540901 0.561197 0.447217 -0.438726 -122.251617 -1089.334463 25.461457
slice25/query/img_10709_c1_1283348705454084us.jpg 0.539972 0.559231 0.448616 -0.440947 -122.974816 -1089.770191 25.434391
slice25/query/img_10710_c1_1283348705587333us.jpg 0.538639 0.555570 0.450909 -0.444849 -124.415929 -1090.663460 25.380399
slice25/query/img_10711_c1_1283348705654048us.jpg 0.538140 0.553280 0.452109 -0.447083 -125.132421 -1091.116629 25.355987
slice25/query/img_10712_c1_1283348705720662us.jpg 0.537451 0.550971 0.453605 -0.449243 -125.847239 -1091.572266 25.332935
slice25/query/img_10713_c1_1283348705854037us.jpg 0.534442 0.548344 0.456872 -0.452724 -127.274675 -1092.495356 25.285380
slice25/query/img_10714_c1_1283348705920627us.jpg 0.532522 0.547781 0.458430 -0.454091 -127.987840 -1092.964409 25.262464
slice25/query/img_10715_c1_1283348705987240us.jpg 0.530385 0.547129 0.460948 -0.454829 -128.694899 -1093.435829 25.240064
slice25/query/img_10716_c1_1283348706120595us.jpg 0.527330 0.545289 0.465776 -0.455671 -130.116511 -1094.407018 25.193322
slice25/query/img_10717_c1_1283348706187205us.jpg 0.526211 0.543983 0.467557 -0.456700 -130.818426 -1094.895744 25.163911
slice25/query/img_10718_c1_1283348706253943us.jpg 0.525121 0.543010 0.468703 -0.457937 -131.516277 -1095.389632 25.132542
slice25/query/img_10719_c1_1283348706320556us.jpg 0.524155 0.542127 0.469308 -0.459466 -132.209479 -1095.886709 25.100957
slice25/query/img_10720_c1_1283348706453915us.jpg 0.522961 0.540244 0.469535 -0.462801 -133.577335 -1096.885414 25.034914
slice25/query/img_10721_c1_1283348706520522us.jpg 0.522436 0.539194 0.469980 -0.464165 -134.261911 -1097.388149 25.005616
slice25/query/img_10722_c1_1283348706587135us.jpg 0.522038 0.538024 0.470661 -0.465280 -134.948036 -1097.893829 24.978958
slice25/query/img_10723_c1_1283348706720974us.jpg 0.520680 0.536090 0.472370 -0.467297 -136.309465 -1098.899876 24.926718
slice25/query/img_10724_c1_1283348706787121us.jpg 0.520030 0.535532 0.473275 -0.467745 -136.986957 -1099.407759 24.903735
slice25/query/img_10725_c1_1283348706853838us.jpg 0.519616 0.534628 0.474618 -0.467879 -137.664714 -1099.918549 24.883085
slice25/query/img_10726_c1_1283348706920451us.jpg 0.519495 0.533518 0.476113 -0.467760 -138.339880 -1100.430740 24.864210
slice25/query/img_10727_c1_1283348707053806us.jpg 0.519683 0.531553 0.477704 -0.468165 -139.691558 -1101.466647 24.817612
slice25/query/img_10728_c1_1283348707120417us.jpg 0.519845 0.530783 0.478083 -0.468473 -140.365382 -1101.987557 24.792028
slice25/query/img_10729_c1_1283348707187030us.jpg 0.519852 0.530239 0.477872 -0.469296 -141.036315 -1102.506177 24.762802
slice25/query/img_10730_c1_1283348707320386us.jpg 0.519419 0.529343 0.477456 -0.471207 -142.382502 -1103.547244 24.704312
slice25/query/img_10731_c1_1283348707386995us.jpg 0.519028 0.528944 0.478197 -0.471333 -143.058982 -1104.071248 24.681295
slice25/query/img_10732_c1_1283348707453734us.jpg 0.518441 0.528981 0.479169 -0.470951 -143.735211 -1104.595008 24.659325
slice25/query/img_10733_c1_1283348707586981us.jpg 0.517944 0.528751 0.480934 -0.469956 -145.080865 -1105.645407 24.613780
slice25/query/img_10734_c1_1283348707653698us.jpg 0.518121 0.528474 0.481087 -0.469917 -145.756699 -1106.175825 24.586058
slice25/query/img_10735_c1_1283348707720311us.jpg 0.518350 0.528381 0.480513 -0.470356 -146.423385 -1106.704106 24.555657
slice25/query/img_10736_c1_1283348707853686us.jpg 0.518391 0.528506 0.479071 -0.471639 -147.761890 -1107.757660 24.494959
slice25/query/img_10737_c1_1283348707920353us.jpg 0.518191 0.528753 0.478771 -0.471887 -148.434366 -1108.284710 24.468563
slice25/query/img_10738_c1_1283348707986890us.jpg 0.517603 0.529743 0.478689 -0.471505 -149.108061 -1108.812333 24.442656
slice25/query/img_10739_c1_1283348708120265us.jpg 0.516339 0.531560 0.478291 -0.471249 -150.454667 -1109.863012 24.388840
slice25/query/img_10740_c1_1283348708186855us.jpg 0.516244 0.532440 0.478063 -0.470591 -151.132423 -1110.390137 24.363402
slice25/query/img_10741_c1_1283348708253593us.jpg 0.516440 0.532801 0.477720 -0.470315 -151.804623 -1110.917167 24.339529
slice25/query/img_10742_c1_1283348708320208us.jpg 0.517131 0.532681 0.477538 -0.469876 -152.478201 -1111.445711 24.316542
slice25/query/img_10743_c1_1283348708453579us.jpg 0.518886 0.532467 0.475934 -0.469812 -153.830845 -1112.495687 24.261153
slice25/query/img_10744_c1_1283348708520171us.jpg 0.519703 0.532640 0.475412 -0.469241 -154.509807 -1113.018885 24.235347
slice25/query/img_10745_c1_1283348708586785us.jpg 0.520439 0.532718 0.475002 -0.468752 -155.184229 -1113.540539 24.212053
slice25/query/img_10746_c1_1283348708720140us.jpg 0.521211 0.533429 0.474415 -0.467679 -156.542015 -1114.575975 24.166785
slice25/query/img_10747_c1_1283348708786749us.jpg 0.521193 0.534228 0.473993 -0.467214 -157.223674 -1115.092357 24.142495
slice25/query/img_10748_c1_1283348708853486us.jpg 0.521054 0.535266 0.473284 -0.466900 -157.906130 -1115.605758 24.118055
slice25/query/img_10749_c1_1283348708986739us.jpg 0.521048 0.536848 0.472094 -0.466294 -159.273165 -1116.625772 24.070891
slice25/query/img_10750_c1_1283348709053452us.jpg 0.521423 0.537307 0.472073 -0.465367 -159.958555 -1117.138017 24.047336
slice25/query/img_10751_c1_1283348709120066us.jpg 0.521938 0.537568 0.472033 -0.464528 -160.639795 -1117.647831 24.025687
slice25/query/img_10752_c1_1283348709253445us.jpg 0.522554 0.538790 0.470871 -0.463597 -162.013104 -1118.666459 23.975060
slice25/query/img_10753_c1_1283348709320030us.jpg 0.522548 0.539923 0.469647 -0.463528 -162.702140 -1119.172665 23.948419
slice25/query/img_10754_c1_1283348709386644us.jpg 0.522376 0.541055 0.468370 -0.463695 -163.389846 -1119.674792 23.920746
slice25/query/img_10755_c1_1283348709453382us.jpg 0.522139 0.542154 0.467457 -0.463598 -164.078249 -1120.174291 23.894930
slice25/query/img_10756_c1_1283348709586610us.jpg 0.521303 0.544601 0.466541 -0.462593 -165.470969 -1121.174595 23.849763
slice25/query/img_10757_c1_1283348709653347us.jpg 0.520938 0.545942 0.466065 -0.461903 -166.170798 -1121.676190 23.825763
slice25/query/img_10758_c1_1283348709719960us.jpg 0.520370 0.547430 0.465656 -0.461195 -166.868658 -1122.173337 23.802550
slice25/query/img_10759_c1_1283348709853336us.jpg 0.519874 0.549840 0.464547 -0.460004 -168.275370 -1123.170224 23.756856
slice25/query/img_10760_c1_1283348709919948us.jpg 0.519834 0.550980 0.463771 -0.459468 -168.980085 -1123.666720 23.730590
slice25/query/img_10761_c1_1283348709986538us.jpg 0.519567 0.552474 0.462906 -0.458847 -169.684456 -1124.161661 23.705274
slice25/query/img_10762_c1_1283348710053277us.jpg 0.519718 0.553418 0.461747 -0.458706 -170.387593 -1124.655616 23.681731
slice25/query/img_10763_c1_1283348710186525us.jpg 0.520616 0.554044 0.460586 -0.458099 -171.805563 -1125.642136 23.635482
slice25/query/img_10764_c1_1283348710253242us.jpg 0.521123 0.554377 0.460238 -0.457468 -172.512945 -1126.133229 23.614350
slice25/query/img_10765_c1_1283348710319855us.jpg 0.521654 0.554772 0.459839 -0.456786 -173.220552 -1126.624907 23.593764
slice25/query/img_10766_c1_1283348710453229us.jpg 0.523037 0.555575 0.458504 -0.455569 -174.638207 -1127.603011 23.550123
slice25/query/img_10767_c1_1283348710519820us.jpg 0.523600 0.556058 0.457300 -0.455544 -175.348816 -1128.086489 23.528236
slice25/query/img_10768_c1_1283348710586432us.jpg 0.524053 0.556605 0.456115 -0.455543 -176.058586 -1128.567247 23.504597
slice25/query/img_10769_c1_1283348710719791us.jpg 0.524337 0.558234 0.454083 -0.455252 -177.489184 -1129.524595 23.462306
slice25/query/img_10770_c1_1283348710786397us.jpg 0.524382 0.559204 0.453494 -0.454596 -178.203256 -1130.001278 23.445575
slice25/query/img_10771_c1_1283348710853138us.jpg 0.524593 0.560116 0.452913 -0.453808 -178.919969 -1130.478091 23.428745
slice25/query/img_10772_c1_1283348710986369us.jpg 0.526028 0.561610 0.451525 -0.451679 -180.354880 -1131.433204 23.394164
slice25/query/img_10773_c1_1283348711053124us.jpg 0.527244 0.561918 0.450494 -0.450907 -181.076043 -1131.905861 23.377222
slice25/query/img_10774_c1_1283348711119714us.jpg 0.528413 0.562292 0.449464 -0.450099 -181.795750 -1132.376052 23.359092
slice25/query/img_10775_c1_1283348711186327us.jpg 0.529610 0.562658 0.448383 -0.449313 -182.517277 -1132.843639 23.340975
slice25/query/img_10776_c1_1283348711319704us.jpg 0.531965 0.563916 0.445342 -0.447976 -183.963646 -1133.773197 23.303772
slice25/query/img_10777_c1_1283348711386293us.jpg 0.533007 0.564858 0.443838 -0.447043 -184.690007 -1134.233570 23.286627
slice25/query/img_10778_c1_1283348711453031us.jpg 0.534108 0.565782 0.442700 -0.445687 -185.420861 -1134.691929 23.271732
slice25/query/img_10779_c1_1283348711519644us.jpg 0.535329 0.566602 0.441844 -0.444026 -186.151629 -1135.146711 23.259252
slice25/query/img_10780_c1_1283348711653019us.jpg 0.538103 0.568394 0.439450 -0.440746 -187.625207 -1136.048289 23.229501
slice25/query/img_10781_c1_1283348711719609us.jpg 0.539711 0.569390 0.437884 -0.439050 -188.364537 -1136.494391 23.213968
slice25/query/img_10782_c1_1283348711786222us.jpg 0.541571 0.570227 0.436050 -0.437496 -189.103122 -1136.936270 23.197432
slice25/query/img_10783_c1_1283348711919577us.jpg 0.545649 0.571847 0.432236 -0.434085 -190.588637 -1137.806291 23.164011
slice25/query/img_10784_c1_1283348711986209us.jpg 0.547475 0.573207 0.430374 -0.431838 -191.336582 -1138.234475 23.147672
slice25/query/img_10785_c1_1283348712052926us.jpg 0.549229 0.574816 0.428209 -0.429618 -192.086275 -1138.654733 23.131074
slice25/query/img_10786_c1_1283348712186174us.jpg 0.552318 0.578313 0.423770 -0.425345 -193.594580 -1139.479011 23.102042
slice25/query/img_10787_c1_1283348712252890us.jpg 0.553679 0.580095 0.421775 -0.423126 -194.358903 -1139.884094 23.085183
slice25/query/img_10788_c1_1283348712319504us.jpg 0.554968 0.581934 0.419717 -0.420953 -195.124151 -1140.282422 23.067853
slice25/query/img_10789_c1_1283348712452860us.jpg 0.557286 0.586017 0.415025 -0.416858 -196.663008 -1141.059655 23.031734
slice25/query/img_10790_c1_1283348712519468us.jpg 0.558460 0.588014 0.412722 -0.414756 -197.438867 -1141.438606 23.012100
slice25/query/img_10791_c1_1283348712586083us.jpg 0.559840 0.589697 0.410602 -0.412606 -198.215344 -1141.813935 22.994229
slice25/query/img_10792_c1_1283348712719437us.jpg 0.562905 0.592790 0.406299 -0.408239 -199.775534 -1142.542911 22.960077
slice25/query/img_10793_c1_1283348712786046us.jpg 0.564547 0.594214 0.404047 -0.406130 -200.557636 -1142.900552 22.944272
slice25/query/img_10794_c1_1283348712852804us.jpg 0.566191 0.595507 0.401827 -0.404146 -201.338590 -1143.250813 22.928486
slice25/query/img_10795_c1_1283348712986062us.jpg 0.569624 0.597546 0.397284 -0.400790 -202.922692 -1143.931374 22.893634
slice25/query/img_10796_c1_1283348713052750us.jpg 0.571026 0.598907 0.394878 -0.399137 -203.719860 -1144.266695 22.875570
slice25/query/img_10797_c1_1283348713119363us.jpg 0.572152 0.600386 0.392589 -0.397559 -204.516834 -1144.596483 22.857716
slice25/query/img_10798_c1_1283348713252718us.jpg 0.573397 0.603793 0.388588 -0.394525 -206.125581 -1145.234180 22.825956
slice25/query/img_10799_c1_1283348713319329us.jpg 0.573779 0.605447 0.386975 -0.393016 -206.931662 -1145.547269 22.810615
slice25/query/img_10800_c1_1283348713385943us.jpg 0.573953 0.607162 0.385372 -0.391690 -207.739262 -1145.853754 22.795491
slice25/query/img_10801_c1_1283348713519296us.jpg 0.574762 0.609914 0.382488 -0.389046 -209.376952 -1146.457899 22.765355
slice25/query/img_10802_c1_1283348713585907us.jpg 0.575356 0.611018 0.381118 -0.387777 -210.193864 -1146.755631 22.749665
slice25/query/img_10803_c1_1283348713652645us.jpg 0.576050 0.612049 0.379660 -0.386549 -211.012150 -1147.050918 22.734909
slice25/query/img_10804_c1_1283348713785896us.jpg 0.578069 0.613550 0.376510 -0.384230 -212.648670 -1147.636571 22.705513
slice25/query/img_10805_c1_1283348713852610us.jpg 0.579342 0.613879 0.375107 -0.383157 -213.469277 -1147.922877 22.693005
slice25/query/img_10806_c1_1283348713919224us.jpg 0.580517 0.614396 0.373567 -0.382054 -214.292302 -1148.204458 22.679426
slice25/query/img_10807_c1_1283348714052599us.jpg 0.582242 0.615935 0.370935 -0.379508 -215.945795 -1148.758990 22.654185
slice25/query/img_10808_c1_1283348714119189us.jpg 0.582885 0.616760 0.369878 -0.378210 -216.775704 -1149.029770 22.641699
slice25/query/img_10809_c1_1283348714185802us.jpg 0.583432 0.617642 0.368709 -0.377066 -217.606205 -1149.296568 22.627865
slice25/query/img_10810_c1_1283348714252539us.jpg 0.583910 0.618628 0.367466 -0.375922 -218.437221 -1149.559359 22.614254
slice25/query/img_10811_c1_1283348714385788us.jpg 0.585219 0.620502 0.363876 -0.374286 -220.104304 -1150.074768 22.583809
slice25/query/img_10812_c1_1283348714452504us.jpg 0.586083 0.621202 0.362136 -0.373459 -220.936542 -1150.329797 22.569546
slice25/query/img_10813_c1_1283348714519117us.jpg 0.587046 0.621723 0.360539 -0.372626 -221.768798 -1150.580695 22.558072
slice25/query/img_10814_c1_1283348714652469us.jpg 0.588980 0.623103 0.357211 -0.370466 -223.447687 -1151.073989 22.537504
slice25/query/img_10815_c1_1283348714719103us.jpg 0.589788 0.623565 0.355612 -0.369941 -224.284768 -1151.314260 22.526575
slice25/query/img_10816_c1_1283348714785695us.jpg 0.590134 0.624448 0.354954 -0.368530 -225.128373 -1151.551569 22.518697
slice25/query/img_10817_c1_1283348714852435us.jpg 0.591064 0.625184 0.353735 -0.366961 -225.968481 -1151.785682 22.514716
slice25/query/img_10818_c1_1283348714985684us.jpg 0.593678 0.625945 0.350436 -0.364601 -227.647426 -1152.238808 22.498804
slice25/query/img_10819_c1_1283348715052399us.jpg 0.594997 0.626404 0.347855 -0.364135 -228.487763 -1152.462084 22.490084
slice25/query/img_10820_c1_1283348715119012us.jpg 0.596040 0.627081 0.345390 -0.363610 -229.328656 -1152.682144 22.482355
slice25/query/img_10821_c1_1283348715252387us.jpg 0.597857 0.628432 0.341928 -0.361560 -231.023012 -1153.110748 22.474586
slice25/query/img_10822_c1_1283348715318977us.jpg 0.598719 0.629129 0.340294 -0.360461 -231.872933 -1153.320020 22.473964
slice25/query/img_10823_c1_1283348715385591us.jpg 0.599749 0.629618 0.338464 -0.359617 -232.719823 -1153.525456 22.474766
slice25/query/img_10824_c1_1283348715518948us.jpg 0.602302 0.630292 0.334437 -0.357933 -234.421634 -1153.928470 22.479356
slice25/query/img_10825_c1_1283348715585559us.jpg 0.603482 0.630753 0.332417 -0.357016 -235.276641 -1154.122906 22.482244
slice25/query/img_10826_c1_1283348715652294us.jpg 0.604762 0.630881 0.330878 -0.356050 -236.128844 -1154.311844 22.486156
slice25/query/img_10827_c1_1283348715785525us.jpg 0.607583 0.630677 0.327666 -0.354578 -237.838170 -1154.681901 22.503421
slice25/query/img_10828_c1_1283348715852259us.jpg 0.609270 0.630344 0.325660 -0.354121 -238.689159 -1154.862135 22.512228
slice25/query/img_10829_c1_1283348715918872us.jpg 0.610831 0.630151 0.323633 -0.353634 -239.538428 -1155.040174 22.521987
slice25/query/img_10830_c1_1283348715985486us.jpg 0.612276 0.630091 0.321641 -0.353057 -240.385949 -1155.211579 22.532760
slice25/query/img_10831_c1_1283348716118859us.jpg 0.615402 0.629065 0.318980 -0.351865 -242.086705 -1155.547141 22.568005
slice25/query/img_10832_c1_1283348716185450us.jpg 0.616402 0.629000 0.318000 -0.351118 -242.937867 -1155.708865 22.588322
slice25/query/img_10833_c1_1283348716252189us.jpg 0.616938 0.629439 0.316696 -0.350568 -243.788031 -1155.865987 22.606785
slice25/query/img_10834_c1_1283348716386220us.jpg 0.617549 0.630458 0.314116 -0.349981 -245.485387 -1156.170058 22.646732
slice25/query/img_10835_c1_1283348716452156us.jpg 0.618414 0.629991 0.313359 -0.349973 -246.336255 -1156.317341 22.669387
slice25/query/img_10836_c1_1283348716518768us.jpg 0.619063 0.629656 0.312842 -0.349891 -247.186676 -1156.464507 22.692822
slice25/query/img_10837_c1_1283348716585380us.jpg 0.619432 0.629826 0.310994 -0.350580 -248.027321 -1156.610554 22.711846
slice25/query/img_10838_c1_1283348716718735us.jpg 0.620295 0.630039 0.307945 -0.351361 -249.723755 -1156.899573 22.756211
slice25/query/img_10839_c1_1283348716785344us.jpg 0.620891 0.629403 0.307718 -0.351647 -250.573398 -1157.042146 22.784676
slice25/query/img_10840_c1_1283348716852082us.jpg 0.621104 0.628944 0.308311 -0.351574 -251.423459 -1157.182186 22.815280
slice25/query/img_10841_c1_1283348716985795us.jpg 0.620038 0.630215 0.309534 -0.350101 -253.138211 -1157.459696 22.879046
slice25/query/img_10842_c1_1283348717052070us.jpg 0.619319 0.631358 0.309340 -0.349486 -253.994329 -1157.597697 22.907549
slice25/query/img_10843_c1_1283348717185296us.jpg 0.618929 0.632131 0.308506 -0.349516 -255.704168 -1157.870748 22.955169
slice25/query/img_10844_c1_1283348717252034us.jpg 0.619314 0.631600 0.307958 -0.350275 -256.556054 -1158.006327 22.979973
slice25/query/img_10845_c1_1283348717318627us.jpg 0.619379 0.631486 0.307103 -0.351116 -257.407006 -1158.141870 23.004089
slice25/query/img_10846_c1_1283348717451981us.jpg 0.618780 0.632083 0.305478 -0.352513 -259.107948 -1158.422612 23.059291
slice25/query/img_10847_c1_1283348717518591us.jpg 0.619416 0.632024 0.306034 -0.351016 -259.979146 -1158.567598 23.095464
slice25/query/img_10848_c1_1283348717585204us.jpg 0.620180 0.631663 0.306979 -0.349489 -260.847741 -1158.711191 23.132565
slice25/query/img_10849_c1_1283348717718580us.jpg 0.621943 0.631092 0.309220 -0.345387 -262.586387 -1159.004512 23.201612
slice25/query/img_10850_c1_1283348717785169us.jpg 0.622392 0.630762 0.309714 -0.344739 -263.448973 -1159.144189 23.230652
slice25/query/img_10851_c1_1283348717851907us.jpg 0.622628 0.630570 0.309566 -0.344796 -264.314402 -1159.282963 23.253790
slice25/query/img_10852_c1_1283348717985142us.jpg 0.621640 0.631892 0.307601 -0.345917 -266.043300 -1159.563955 23.303521
slice25/query/img_10853_c1_1283348718051873us.jpg 0.620877 0.632516 0.306527 -0.347097 -266.908669 -1159.693806 23.322152
slice25/query/img_10854_c1_1283348718118486us.jpg 0.620207 0.632994 0.305721 -0.348132 -267.771707 -1159.823513 23.346461
slice25/query/img_10855_c1_1283348718251841us.jpg 0.619249 0.633973 0.305423 -0.348319 -269.507628 -1160.100634 23.408563
slice25/query/img_10856_c1_1283348718318452us.jpg 0.619422 0.633820 0.306488 -0.347352 -270.380785 -1160.229986 23.437987
slice25/query/img_10857_c1_1283348718385065us.jpg 0.619906 0.633353 0.307085 -0.346813 -271.252469 -1160.364033 23.467048
slice25/query/img_10858_c1_1283348718518443us.jpg 0.620335 0.632522 0.307666 -0.347048 -272.985968 -1160.624047 23.526615
slice25/query/img_10859_c1_1283348718585030us.jpg 0.620131 0.632596 0.307216 -0.347676 -273.845251 -1160.759219 23.554902
slice25/query/img_10860_c1_1283348718651768us.jpg 0.619684 0.632904 0.306880 -0.348210 -274.709395 -1160.891754 23.580346
slice25/query/img_10861_c1_1283348718784996us.jpg 0.618719 0.633365 0.307448 -0.348584 -276.447114 -1161.153505 23.639827
slice25/query/img_10862_c1_1283348718851732us.jpg 0.618457 0.633465 0.307680 -0.348663 -277.313893 -1161.286319 23.667341
slice25/query/img_10863_c1_1283348718918346us.jpg 0.618065 0.633673 0.307443 -0.349189 -278.178600 -1161.422304 23.695127
slice25/query/img_10864_c1_1283348718984958us.jpg 0.617945 0.633582 0.307080 -0.349884 -279.042928 -1161.557469 23.720094
slice25/query/img_10865_c1_1283348719118336us.jpg 0.618351 0.633103 0.306064 -0.350924 -280.784818 -1161.829206 23.775220
slice25/query/img_10866_c1_1283348719184923us.jpg 0.618621 0.632970 0.305915 -0.350818 -281.652277 -1161.965941 23.807710
slice25/query/img_10867_c1_1283348719251670us.jpg 0.618868 0.632747 0.306265 -0.350479 -282.516802 -1162.102708 23.839414
slice25/query/img_10868_c1_1283348719318275us.jpg 0.618982 0.632670 0.306551 -0.350167 -283.379997 -1162.240187 23.871731
slice25/query/img_10869_c1_1283348719451650us.jpg 0.619417 0.632395 0.306738 -0.349730 -285.129813 -1162.520508 23.937983
slice25/query/img_10870_c1_1283348719518239us.jpg 0.619417 0.632502 0.306714 -0.349559 -286.000046 -1162.658353 23.970154
slice25/query/img_10871_c1_1283348719584853us.jpg 0.619368 0.632827 0.306388 -0.349342 -286.872939 -1162.794634 23.998223
slice25/query/img_10872_c1_1283348719718210us.jpg 0.619087 0.633355 0.305862 -0.349343 -288.612133 -1163.066257 24.060964
slice25/query/img_10873_c1_1283348719784818us.jpg 0.618965 0.633479 0.305913 -0.349290 -289.475611 -1163.200641 24.090759
slice25/query/img_10874_c1_1283348719851557us.jpg 0.618687 0.633814 0.305795 -0.349279 -290.342702 -1163.335541 24.118577
slice25/query/img_10875_c1_1283348719918170us.jpg 0.618625 0.633957 0.305652 -0.349254 -291.210141 -1163.464532 24.146576
slice25/query/img_10876_c1_1283348720051546us.jpg 0.618481 0.634063 0.304784 -0.350074 -292.942380 -1163.731510 24.210489
slice25/query/img_10877_c1_1283348720118134us.jpg 0.618733 0.633958 0.304481 -0.350082 -293.805269 -1163.868679 24.240902
slice25/query/img_10878_c1_1283348720184749us.jpg 0.619293 0.633556 0.304700 -0.349630 -294.677715 -1164.004689 24.273074
slice25/query/img_10879_c1_1283348720318120us.jpg 0.620109 0.633055 0.306153 -0.347817 -296.412807 -1164.274954 24.371336
slice25/query/img_10880_c1_1283348720384713us.jpg 0.620229 0.633113 0.306434 -0.347250 -297.275587 -1164.407736 24.401932
slice25/query/img_10881_c1_1283348720451452us.jpg 0.619973 0.633480 0.306086 -0.347343 -298.134950 -1164.537085 24.426229
slice25/query/img_10882_c1_1283348720584711us.jpg 0.619360 0.633950 0.304352 -0.349098 -299.857325 -1164.792659 24.478368
slice25/query/img_10883_c1_1283348720651429us.jpg 0.619336 0.633903 0.303815 -0.349694 -300.712418 -1164.919249 24.506391
slice25/query/img_10884_c1_1283348720718029us.jpg 0.619023 0.634237 0.303865 -0.349601 -301.569130 -1165.047892 24.537065
slice25/query/img_10885_c1_1283348720784643us.jpg 0.619041 0.634391 0.304039 -0.349138 -302.422087 -1165.178742 24.570185
slice25/query/img_10886_c1_1283348720918017us.jpg 0.619513 0.634251 0.305096 -0.347628 -304.135584 -1165.441741 24.645643
slice25/query/img_10887_c1_1283348720984607us.jpg 0.619863 0.633997 0.305310 -0.347279 -304.995359 -1165.574781 24.675991
slice25/query/img_10888_c1_1283348721051347us.jpg 0.620351 0.633603 0.305199 -0.347225 -305.854098 -1165.708017 24.704822
slice25/query/img_10889_c1_1283348721184595us.jpg 0.621253 0.632587 0.304189 -0.348348 -307.554100 -1165.968079 24.760112
slice25/query/img_10890_c1_1283348721251311us.jpg 0.621212 0.632740 0.303986 -0.348321 -308.408730 -1166.095171 24.788782
slice25/query/img_10891_c1_1283348721317924us.jpg 0.620740 0.633288 0.303601 -0.348504 -309.264430 -1166.220897 24.816341
slice25/query/img_10892_c1_1283348721384537us.jpg 0.620387 0.633752 0.303961 -0.347973 -310.121616 -1166.349702 24.847911
slice25/query/img_10893_c1_1283348721517912us.jpg 0.620019 0.633984 0.304475 -0.347758 -311.829490 -1166.604459 24.905916
slice25/query/img_10894_c1_1283348721584502us.jpg 0.619898 0.634029 0.304233 -0.348103 -312.680042 -1166.729038 24.934809
slice25/query/img_10895_c1_1283348721651240us.jpg 0.620034 0.633901 0.303813 -0.348460 -313.526932 -1166.854157 24.962619
slice25/query/img_10896_c1_1283348721717853us.jpg 0.620281 0.633735 0.303588 -0.348519 -314.375729 -1166.979369 24.993556
slice25/query/img_10897_c1_1283348721851228us.jpg 0.620475 0.633576 0.303814 -0.348266 -316.076633 -1167.222156 25.045370
slice25/query/img_10898_c1_1283348721917818us.jpg 0.620695 0.633288 0.304602 -0.347708 -316.930978 -1167.347700 25.077554
slice25/query/img_10899_c1_1283348721984432us.jpg 0.620594 0.633334 0.305439 -0.347071 -317.779246 -1167.472195 25.109302
slice25/query/img_10900_c1_1283348722051170us.jpg 0.620620 0.633374 0.306769 -0.345776 -318.629083 -1167.599696 25.141001
slice25/query/img_10901_c1_1283348722184425us.jpg 0.619655 0.634463 0.308355 -0.344096 -320.320984 -1167.844848 25.195660
slice25/query/img_10902_c1_1283348722251136us.jpg 0.619536 0.634450 0.307355 -0.345226 -321.158559 -1167.967639 25.212574
