slice25/query/img_07999_c1_1284563951980611us.jpg 0.620759 0.627884 0.333428 -0.330524 -65.684333 -1071.391049 27.415386
slice25/query/img_08000_c1_1284563952047319us.jpg 0.620065 0.626018 0.337347 -0.331388 -66.789230 -1071.574036 27.399316
slice25/query/img_08001_c1_1284563952113932us.jpg 0.619668 0.624410 0.341849 -0.330550 -67.892482 -1071.768913 27.387498
slice25/query/img_08002_c1_1284563952247286us.jpg 0.618576 0.620708 0.348640 -0.332469 -70.097629 -1072.178698 27.332134
slice25/query/img_08003_c1_1284563952313898us.jpg 0.617831 0.618920 0.350388 -0.335337 -71.190991 -1072.389213 27.289021
slice25/query/img_08004_c1_1284563952380510us.jpg 0.616455 0.617716 0.351845 -0.338549 -72.285055 -1072.605869 27.246574
slice25/query/img_08005_c1_1284563952447249us.jpg 0.614563 0.616922 0.353324 -0.341880 -73.372823 -1072.826566 27.199666
slice25/query/img_08006_c1_1284563952580475us.jpg 0.610556 0.615892 0.357256 -0.346795 -75.561292 -1073.292081 27.111944
slice25/query/img_08007_c1_1284563952647213us.jpg 0.609002 0.615037 0.359833 -0.348377 -76.653298 -1073.544064 27.075697
slice25/query/img_08008_c1_1284563952713827us.jpg 0.607974 0.613627 0.362555 -0.349833 -77.740533 -1073.805844 27.043855
slice25/query/img_08009_c1_1284563952847182us.jpg 0.606734 0.610162 0.368173 -0.352172 -79.936168 -1074.356938 26.971648
slice25/query/img_08010_c1_1284563952913792us.jpg 0.605596 0.608873 0.370640 -0.353771 -81.029711 -1074.642263 26.938020
slice25/query/img_08011_c1_1284563952980406us.jpg 0.603991 0.608062 0.373540 -0.354857 -82.124281 -1074.934841 26.902732
slice25/query/img_08012_c1_1284563953113759us.jpg 0.599513 0.607694 0.379312 -0.356952 -84.348736 -1075.526182 26.804737
slice25/query/img_08013_c1_1284563953180370us.jpg 0.597536 0.607285 0.380739 -0.359435 -85.451457 -1075.833233 26.743276
slice25/query/img_08014_c1_1284563953247108us.jpg 0.595830 0.606291 0.381850 -0.362750 -86.546656 -1076.147500 26.682138
slice25/query/img_08015_c1_1284563953380516us.jpg 0.594252 0.602722 0.382309 -0.370717 -88.747128 -1076.808756 26.554216
slice25/query/img_08016_c1_1284563953447074us.jpg 0.593818 0.600454 0.383078 -0.374282 -89.836593 -1077.154182 26.507884
slice25/query/img_08017_c1_1284563953513688us.jpg 0.593629 0.598067 0.385415 -0.376001 -90.921281 -1077.512980 26.472265
slice25/query/img_08018_c1_1284563953580300us.jpg 0.593424 0.595977 0.388041 -0.376940 -92.002631 -1077.880329 26.444475
slice25/query/img_08019_c1_1284563953713652us.jpg 0.591529 0.593005 0.394929 -0.377451 -94.169922 -1078.638547 26.383669
slice25/query/img_08020_c1_1284563953780264us.jpg 0.589701 0.591943 0.398257 -0.378480 -95.247293 -1079.023372 26.348835
slice25/query/img_08021_c1_1284563953847003us.jpg 0.587417 0.591599 0.399494 -0.381257 -96.318090 -1079.408314 26.302587
slice25/query/img_08022_c1_1284563953980255us.jpg 0.583900 0.589422 0.399448 -0.389980 -98.454324 -1080.199138 26.198365
slice25/query/img_08023_c1_1284563954046967us.jpg 0.583880 0.585692 0.401033 -0.393983 -99.516290 -1080.611140 26.160193
slice25/query/img_08024_c1_1284563954113581us.jpg 0.585072 0.581255 0.403924 -0.395826 -100.575455 -1081.042492 26.134010
slice25/query/img_08025_c1_1284563954180193us.jpg 0.586877 0.576787 0.407324 -0.396207 -101.622461 -1081.488033 26.116056
slice25/query/img_08026_c1_1284563954313547us.jpg 0.590383 0.567669 0.414806 -0.396403 -103.717021 -1082.404772 26.077135
slice25/query/img_08027_c1_1284563954380158us.jpg 0.591050 0.563862 0.418374 -0.397093 -104.764752 -1082.869433 26.053079
slice25/query/img_08028_c1_1284563954446898us.jpg 0.590386 0.561181 0.421149 -0.398941 -105.810722 -1083.334913 26.019926
slice25/query/img_08029_c1_1284563954580125us.jpg 0.584659 0.560154 0.424825 -0.404875 -107.922614 -1084.272619 25.922306
slice25/query/img_08030_c1_1284563954646884us.jpg 0.580540 0.561305 0.425614 -0.408365 -108.973814 -1084.747252 25.870555
slice25/query/img_08031_c1_1284563954713475us.jpg 0.576332 0.562382 0.426448 -0.411958 -110.018985 -1085.230984 25.818700
slice25/query/img_08032_c1_1284563954780088us.jpg 0.572878 0.562540 0.427816 -0.415129 -111.064291 -1085.724586 25.773404
slice25/query/img_08033_c1_1284563954913463us.jpg 0.568419 0.560747 0.431593 -0.419750 -113.127350 -1086.745005 25.695738
slice25/query/img_08034_c1_1284563954980074us.jpg 0.566849 0.559390 0.433933 -0.421269 -114.153351 -1087.270292 25.664614
slice25/query/img_08035_c1_1284563955046791us.jpg 0.565541 0.557788 0.436553 -0.422443 -115.175211 -1087.805145 25.632060
slice25/query/img_08036_c1_1284563955113404us.jpg 0.563969 0.556244 0.438947 -0.424096 -116.187496 -1088.344890 25.598266
slice25/query/img_08037_c1_1284563955246759us.jpg 0.559730 0.553940 0.442564 -0.428940 -118.203147 -1089.442550 25.514595
slice25/query/img_08038_c1_1284563955313369us.jpg 0.556923 0.553377 0.444115 -0.431708 -119.212881 -1089.999083 25.471118
slice25/query/img_08039_c1_1284563955379982us.jpg 0.553612 0.553201 0.445778 -0.434470 -120.213012 -1090.561098 25.428419
slice25/query/img_08040_c1_1284563955446720us.jpg 0.550108 0.553092 0.447618 -0.437159 -121.213562 -1091.125478 25.384008
slice25/query/img_08041_c1_1284563955579953us.jpg 0.543041 0.552175 0.451515 -0.443107 -123.193214 -1092.283855 25.298286
slice25/query/img_08042_c1_1284563955646685us.jpg 0.539722 0.551581 0.453124 -0.446249 -124.175620 -1092.879156 25.260850
slice25/query/img_08043_c1_1284563955713299us.jpg 0.536600 0.550861 0.454982 -0.449004 -125.152578 -1093.485540 25.229555
slice25/query/img_08044_c1_1284563955779912us.jpg 0.533897 0.549673 0.456921 -0.451704 -126.120298 -1094.097562 25.197366
slice25/query/img_08045_c1_1284563955913266us.jpg 0.530974 0.545057 0.463655 -0.453876 -128.050781 -1095.363983 25.144863
slice25/query/img_08046_c1_1284563955979879us.jpg 0.530586 0.541593 0.467637 -0.454390 -129.000858 -1096.016625 25.122536
slice25/query/img_08047_c1_1284563956046616us.jpg 0.530266 0.538129 0.470706 -0.455708 -129.942085 -1096.675174 25.091133
slice25/query/img_08048_c1_1284563956113228us.jpg 0.529671 0.534999 0.472708 -0.458009 -130.870511 -1097.340036 25.053597
slice25/query/img_08049_c1_1284563956246612us.jpg 0.526751 0.530281 0.475092 -0.464352 -132.708080 -1098.683619 24.965227
slice25/query/img_08050_c1_1284563956313194us.jpg 0.524182 0.529086 0.476419 -0.467254 -133.622701 -1099.358119 24.925855
slice25/query/img_08051_c1_1284563956379806us.jpg 0.521525 0.528403 0.477996 -0.469385 -134.531019 -1100.038318 24.890345
slice25/query/img_08052_c1_1284563956446545us.jpg 0.519421 0.527231 0.479982 -0.471006 -135.430543 -1100.727481 24.854547
slice25/query/img_08053_c1_1284563956579773us.jpg 0.517395 0.523782 0.483991 -0.472978 -137.211992 -1102.125780 24.792918
slice25/query/img_08054_c1_1284563956646508us.jpg 0.517927 0.521495 0.485788 -0.473080 -138.093479 -1102.837444 24.766716
slice25/query/img_08055_c1_1284563956713122us.jpg 0.519382 0.518921 0.487044 -0.473024 -138.964195 -1103.552922 24.736482
slice25/query/img_08056_c1_1284563956846497us.jpg 0.523086 0.514518 0.487347 -0.473440 -140.695003 -1104.983322 24.672525
slice25/query/img_08057_c1_1284563956913089us.jpg 0.524982 0.513122 0.486888 -0.473329 -141.558685 -1105.701402 24.639125
slice25/query/img_08058_c1_1284563956979700us.jpg 0.526662 0.512070 0.486555 -0.472944 -142.425643 -1106.418203 24.605278
slice25/query/img_08059_c1_1284563957046439us.jpg 0.527562 0.511837 0.485893 -0.472873 -143.289763 -1107.126105 24.569670
slice25/query/img_08060_c1_1284563957179672us.jpg 0.527874 0.513472 0.484152 -0.472537 -145.038454 -1108.546295 24.495623
slice25/query/img_08061_c1_1284563957246404us.jpg 0.527446 0.514862 0.483408 -0.472266 -145.915795 -1109.248365 24.461908
slice25/query/img_08062_c1_1284563957313017us.jpg 0.527105 0.516236 0.482714 -0.471856 -146.793333 -1109.945970 24.427615
slice25/query/img_08063_c1_1284563957447437us.jpg 0.527276 0.517916 0.481927 -0.470626 -148.552218 -1111.338857 24.361899
slice25/query/img_08064_c1_1284563957513003us.jpg 0.527747 0.518445 0.481499 -0.469954 -149.429132 -1112.033676 24.331981
slice25/query/img_08065_c1_1284563957579595us.jpg 0.528515 0.518802 0.480752 -0.469460 -150.302731 -1112.727361 24.301248
slice25/query/img_08066_c1_1284563957712968us.jpg 0.529994 0.520060 0.478988 -0.468203 -152.053728 -1114.105697 24.238196
slice25/query/img_08067_c1_1284563957779560us.jpg 0.530487 0.520699 0.478356 -0.467580 -152.933220 -1114.788101 24.205516
slice25/query/img_08068_c1_1284563957912932us.jpg 0.531385 0.522737 0.476414 -0.466268 -154.690605 -1116.144431 24.143520
slice25/query/img_08069_c1_1284563957979526us.jpg 0.531425 0.524222 0.475643 -0.465342 -155.570641 -1116.813176 24.113921
slice25/query/img_08070_c1_1284563958113573us.jpg 0.531816 0.526928 0.474000 -0.463511 -157.344992 -1118.149881 24.057253
slice25/query/img_08071_c1_1284563958179490us.jpg 0.532352 0.528054 0.472534 -0.463111 -158.230107 -1118.811740 24.027926
slice25/query/img_08072_c1_1284563958246229us.jpg 0.532990 0.529069 0.471265 -0.462512 -159.115974 -1119.470494 23.998526
slice25/query/img_08073_c1_1284563958379457us.jpg 0.534471 0.531126 0.469081 -0.460662 -160.892259 -1120.785646 23.947619
slice25/query/img_08074_c1_1284563958446193us.jpg 0.534963 0.532311 0.468121 -0.459698 -161.787065 -1121.437464 23.921316
slice25/query/img_08075_c1_1284563958512805us.jpg 0.535378 0.533574 0.467149 -0.458738 -162.681853 -1122.083998 23.895304
slice25/query/img_08076_c1_1284563958646180us.jpg 0.536125 0.536060 0.465686 -0.456451 -164.484294 -1123.368535 23.840493
slice25/query/img_08077_c1_1284563958712771us.jpg 0.536731 0.537242 0.464656 -0.455396 -165.388255 -1124.005377 23.813394
slice25/query/img_08078_c1_1284563958779384us.jpg 0.537700 0.538160 0.463572 -0.454273 -166.291436 -1124.640298 23.786489
slice25/query/img_08079_c1_1284563958912757us.jpg 0.540450 0.539667 0.460636 -0.452203 -168.098440 -1125.899116 23.731302
slice25/query/img_08080_c1_1284563958979349us.jpg 0.541926 0.540470 0.459134 -0.451003 -169.005165 -1126.523798 23.705237
slice25/query/img_08081_c1_1284563959046088us.jpg 0.543395 0.541271 0.457835 -0.449593 -169.915223 -1127.142775 23.680179
slice25/query/img_08082_c1_1284563959179315us.jpg 0.545755 0.543565 0.455202 -0.446632 -171.745838 -1128.367248 23.630443
slice25/query/img_08083_c1_1284563959246052us.jpg 0.546146 0.545758 0.453695 -0.445009 -172.666418 -1128.961568 23.603220
slice25/query/img_08084_c1_1284563959312665us.jpg 0.546262 0.548261 0.452200 -0.443309 -173.587340 -1129.549354 23.575770
slice25/query/img_08085_c1_1284563959446018us.jpg 0.547220 0.552254 0.448178 -0.441251 -175.423243 -1130.711557 23.518438
slice25/query/img_08086_c1_1284563959512651us.jpg 0.548143 0.553996 0.445889 -0.440239 -176.353218 -1131.288111 23.492229
slice25/query/img_08087_c1_1284563959579244us.jpg 0.549047 0.555842 0.443922 -0.438771 -177.278081 -1131.858331 23.467720
slice25/query/img_08088_c1_1284563959712785us.jpg 0.551842 0.559065 0.440051 -0.435054 -179.155298 -1132.982675 23.421700
slice25/query/img_08089_c1_1284563959779210us.jpg 0.553271 0.560642 0.438194 -0.433080 -180.088482 -1133.534065 23.400840
slice25/query/img_08090_c1_1284563959845946us.jpg 0.554480 0.562532 0.436304 -0.430985 -181.024846 -1134.081511 23.383002
slice25/query/img_08091_c1_1284563959912559us.jpg 0.555561 0.564374 0.434443 -0.429060 -181.971058 -1134.622527 23.360097
slice25/query/img_08092_c1_1284563960045936us.jpg 0.557706 0.567910 0.430158 -0.425918 -183.864742 -1135.676485 23.314024
slice25/query/img_08093_c1_1284563960112526us.jpg 0.558863 0.569775 0.428220 -0.423860 -184.819168 -1136.196494 23.293698
slice25/query/img_08094_c1_1284563960179137us.jpg 0.560132 0.571688 0.426013 -0.421827 -185.775575 -1136.709388 23.272298
slice25/query/img_08095_c1_1284563960245876us.jpg 0.561467 0.573477 0.423903 -0.419743 -186.731589 -1137.216337 23.253944
slice25/query/img_08096_c1_1284563960379108us.jpg 0.564697 0.576330 0.419822 -0.415584 -188.666594 -1138.213270 23.214049
slice25/query/img_08097_c1_1284563960445840us.jpg 0.566162 0.577923 0.417602 -0.413611 -189.642523 -1138.700819 23.192720
slice25/query/img_08098_c1_1284563960512453us.jpg 0.567348 0.579850 0.415305 -0.411596 -190.623667 -1139.180430 23.171142
slice25/query/img_08099_c1_1284563960579066us.jpg 0.568288 0.582019 0.412768 -0.409788 -191.607779 -1139.652953 23.150029
slice25/query/img_08100_c1_1284563960712441us.jpg 0.570056 0.586378 0.408083 -0.405789 -193.607085 -1140.581267 23.105642
slice25/query/img_08101_c1_1284563960779032us.jpg 0.570738 0.588728 0.405955 -0.403558 -194.612855 -1141.034472 23.083615
slice25/query/img_08102_c1_1284563960845769us.jpg 0.571484 0.590875 0.404049 -0.401270 -195.617824 -1141.479571 23.062554
slice25/query/img_08103_c1_1284563960979021us.jpg 0.573225 0.594881 0.399947 -0.396953 -197.631382 -1142.343485 23.024092
slice25/query/img_08104_c1_1284563961045736us.jpg 0.574239 0.596712 0.397721 -0.394971 -198.639800 -1142.764836 23.000111
slice25/query/img_08105_c1_1284563961112348us.jpg 0.575379 0.598306 0.395369 -0.393259 -199.649700 -1143.179362 22.976636
slice25/query/img_08106_c1_1284563961178961us.jpg 0.576543 0.599693 0.393321 -0.391492 -200.666271 -1143.589628 22.953645
slice25/query/img_08107_c1_1284563961312335us.jpg 0.579007 0.601840 0.389593 -0.388273 -202.703518 -1144.387834 22.908124
slice25/query/img_08108_c1_1284563961378926us.jpg 0.579864 0.603097 0.387635 -0.387004 -203.728418 -1144.774920 22.884863
slice25/query/img_08109_c1_1284563961445664us.jpg 0.580656 0.604343 0.385544 -0.385958 -204.756789 -1145.156492 22.861645
slice25/query/img_08110_c1_1284563961579531us.jpg 0.581885 0.606697 0.382153 -0.383780 -206.821172 -1145.901470 22.817697
slice25/query/img_08111_c1_1284563961645653us.jpg 0.582314 0.608026 0.380510 -0.382659 -207.861298 -1146.269912 22.798331
slice25/query/img_08112_c1_1284563961712243us.jpg 0.582743 0.609204 0.379113 -0.381516 -208.906431 -1146.632194 22.777226
slice25/query/img_08113_c1_1284563961778856us.jpg 0.582980 0.610417 0.378090 -0.380228 -209.952688 -1146.988005 22.758334
slice25/query/img_08114_c1_1284563961912230us.jpg 0.584157 0.612460 0.375654 -0.377540 -212.059749 -1147.692024 22.723800
slice25/query/img_08115_c1_1284563961978821us.jpg 0.584978 0.613181 0.374209 -0.376534 -213.078992 -1148.031868 22.707967
slice25/query/img_08116_c1_1284563962045559us.jpg 0.585935 0.613733 0.372682 -0.375660 -214.101311 -1148.369639 22.690658
slice25/query/img_08117_c1_1284563962178787us.jpg 0.587744 0.615043 0.369904 -0.373430 -216.216879 -1149.045426 22.653488
slice25/query/img_08118_c1_1284563962245524us.jpg 0.588612 0.615627 0.368814 -0.372177 -217.277900 -1149.377823 22.635003
slice25/query/img_08119_c1_1284563962312138us.jpg 0.589443 0.616341 0.367551 -0.370927 -218.339692 -1149.706484 22.617155
slice25/query/img_08120_c1_1284563962445494us.jpg 0.591140 0.618107 0.363948 -0.368835 -220.462639 -1150.351490 22.581426
slice25/query/img_08121_c1_1284563962512101us.jpg 0.592026 0.618950 0.362008 -0.367909 -221.529684 -1150.664597 22.562754
slice25/query/img_08122_c1_1284563962578714us.jpg 0.592889 0.619792 0.360167 -0.366906 -222.598517 -1150.973633 22.545845
slice25/query/img_08123_c1_1284563962712068us.jpg 0.595501 0.620860 0.355975 -0.364956 -224.721026 -1151.574553 22.518470
slice25/query/img_08124_c1_1284563962778683us.jpg 0.596491 0.621613 0.355049 -0.362955 -225.789667 -1151.868355 22.508673
slice25/query/img_08125_c1_1284563962845417us.jpg 0.598524 0.621964 0.353108 -0.360894 -226.853900 -1152.155972 22.497513
slice25/query/img_08126_c1_1284563962978646us.jpg 0.602980 0.622404 0.347835 -0.357826 -228.970072 -1152.716331 22.480755
slice25/query/img_08127_c1_1284563963045383us.jpg 0.604869 0.622872 0.344896 -0.356667 -230.032562 -1152.984724 22.473774
slice25/query/img_08128_c1_1284563963111997us.jpg 0.606188 0.623758 0.342572 -0.355114 -231.099970 -1153.246529 22.469490
slice25/query/img_08129_c1_1284563963245357us.jpg 0.607803 0.625801 0.337773 -0.353353 -233.234213 -1153.739720 22.467374
slice25/query/img_08130_c1_1284563963311983us.jpg 0.608471 0.626712 0.335410 -0.352839 -234.305865 -1153.977645 22.468310
slice25/query/img_08131_c1_1284563963378575us.jpg 0.609194 0.627662 0.333033 -0.352154 -235.375967 -1154.211221 22.473092
slice25/query/img_08132_c1_1284563963511949us.jpg 0.611899 0.628009 0.329237 -0.350410 -237.536136 -1154.670670 22.493034
slice25/query/img_08133_c1_1284563963578544us.jpg 0.614069 0.627290 0.327210 -0.349799 -238.614837 -1154.893922 22.502962
slice25/query/img_08134_c1_1284563963645277us.jpg 0.616517 0.626532 0.324945 -0.348962 -239.691952 -1155.114930 22.516361
slice25/query/img_08135_c1_1284563963778507us.jpg 0.621315 0.624803 0.320748 -0.347433 -241.845011 -1155.540019 22.555280
slice25/query/img_08136_c1_1284563963845245us.jpg 0.623283 0.624201 0.319135 -0.346472 -242.928067 -1155.744361 22.578302
slice25/query/img_08137_c1_1284563963911856us.jpg 0.624613 0.624319 0.317396 -0.345462 -244.009946 -1155.941392 22.603459
slice25/query/img_08138_c1_1284563964045210us.jpg 0.625273 0.625502 0.314937 -0.344378 -246.175396 -1156.309921 22.658200
slice25/query/img_08139_c1_1284563964111842us.jpg 0.625820 0.625679 0.313820 -0.344082 -247.259139 -1156.488026 22.690607
slice25/query/img_08140_c1_1284563964178433us.jpg 0.626170 0.626644 0.311596 -0.343709 -248.342402 -1156.664093 22.718111
slice25/query/img_08141_c1_1284563964245172us.jpg 0.626300 0.627524 0.309446 -0.343810 -249.425882 -1156.837477 22.749555
slice25/query/img_08142_c1_1284563964378405us.jpg 0.626897 0.627418 0.308267 -0.343974 -251.595978 -1157.169396 22.819085
slice25/query/img_08143_c1_1284563964445136us.jpg 0.626912 0.627417 0.308794 -0.343475 -252.688902 -1157.332003 22.857884
slice25/query/img_08144_c1_1284563964511749us.jpg 0.626182 0.628350 0.308972 -0.342942 -253.778978 -1157.493049 22.895783
slice25/query/img_08145_c1_1284563964645105us.jpg 0.623809 0.631126 0.308034 -0.343013 -255.956136 -1157.813070 22.961144
slice25/query/img_08146_c1_1284563964711716us.jpg 0.623297 0.631488 0.307334 -0.343902 -257.041429 -1157.971731 22.991529
slice25/query/img_08147_c1_1284563964778328us.jpg 0.623312 0.631362 0.306446 -0.344898 -258.125307 -1158.131415 23.020136
slice25/query/img_08148_c1_1284563964845066us.jpg 0.623158 0.631283 0.305902 -0.345803 -259.206150 -1158.293799 23.054361
slice25/query/img_08149_c1_1284563964978295us.jpg 0.624222 0.630731 0.306555 -0.344310 -261.418664 -1158.645853 23.145591
slice25/query/img_08150_c1_1284563965045031us.jpg 0.624336 0.630496 0.308143 -0.343115 -262.508920 -1158.812660 23.186494
slice25/query/img_08151_c1_1284563965111645us.jpg 0.624583 0.629917 0.309644 -0.342375 -263.598619 -1158.978803 23.224100
slice25/query/img_08152_c1_1284563965244999us.jpg 0.625184 0.628628 0.311053 -0.342370 -265.791453 -1159.327388 23.289882
slice25/query/img_08153_c1_1284563965311635us.jpg 0.625311 0.628217 0.310643 -0.343266 -266.888598 -1159.497939 23.319159
slice25/query/img_08154_c1_1284563965378222us.jpg 0.624732 0.628148 0.310141 -0.344895 -267.983449 -1159.660444 23.347859
slice25/query/img_08155_c1_1284563965444960us.jpg 0.624207 0.628168 0.309723 -0.346181 -269.086080 -1159.825837 23.376017
slice25/query/img_08156_c1_1284563965578209us.jpg 0.623129 0.628903 0.309753 -0.346762 -271.276609 -1160.173094 23.451270
slice25/query/img_08157_c1_1284563965644925us.jpg 0.623072 0.628736 0.310127 -0.346833 -272.370534 -1160.346884 23.488327
slice25/query/img_08158_c1_1284563965711538us.jpg 0.623180 0.628488 0.310012 -0.347192 -273.466963 -1160.519419 23.523673
slice25/query/img_08159_c1_1284563965844914us.jpg 0.623848 0.627879 0.310542 -0.346618 -275.666985 -1160.862184 23.597731
slice25/query/img_08160_c1_1284563965911504us.jpg 0.623881 0.627993 0.310844 -0.346082 -276.762403 -1161.034494 23.634034
slice25/query/img_08161_c1_1284563965978116us.jpg 0.624016 0.627985 0.310678 -0.346003 -277.855577 -1161.207212 23.669190
slice25/query/img_08162_c1_1284563966044855us.jpg 0.624236 0.627957 0.309836 -0.346411 -278.940283 -1161.381198 23.700917
slice25/query/img_08163_c1_1284563966178081us.jpg 0.625209 0.627402 0.308444 -0.346905 -281.132966 -1161.726468 23.767189
slice25/query/img_08164_c1_1284563966244819us.jpg 0.625675 0.627498 0.307986 -0.346297 -282.232324 -1161.901598 23.805659
slice25/query/img_08165_c1_1284563966311432us.jpg 0.626199 0.627341 0.308156 -0.345481 -283.324614 -1162.076226 23.848275
slice25/query/img_08166_c1_1284563966444791us.jpg 0.627181 0.627375 0.307474 -0.344246 -285.547207 -1162.424256 23.926434
slice25/query/img_08167_c1_1284563966511397us.jpg 0.627627 0.627587 0.307262 -0.343232 -286.653558 -1162.592658 23.964476
slice25/query/img_08168_c1_1284563966578010us.jpg 0.627665 0.628303 0.306629 -0.342420 -287.757857 -1162.759691 24.000355
slice25/query/img_08169_c1_1284563966644749us.jpg 0.627311 0.629262 0.306169 -0.341717 -288.873652 -1162.916851 24.038781
slice25/query/img_08170_c1_1284563966777998us.jpg 0.626855 0.630582 0.305332 -0.340869 -291.105538 -1163.236508 24.105301
slice25/query/img_08171_c1_1284563966844713us.jpg 0.626630 0.631021 0.304368 -0.341332 -292.218376 -1163.390389 24.138165
slice25/query/img_08172_c1_1284563966911327us.jpg 0.626499 0.631158 0.303377 -0.342200 -293.333613 -1163.536834 24.167637
slice25/query/img_08173_c1_1284563967044683us.jpg 0.627216 0.630884 0.303388 -0.341381 -295.610728 -1163.868743 24.265324
slice25/query/img_08174_c1_1284563967111292us.jpg 0.627498 0.630839 0.304185 -0.340235 -296.736900 -1164.027054 24.311576
slice25/query/img_08175_c1_1284563967177905us.jpg 0.627558 0.630991 0.304467 -0.339590 -297.861982 -1164.182157 24.349209
slice25/query/img_08176_c1_1284563967244644us.jpg 0.627493 0.630982 0.304646 -0.339566 -298.973567 -1164.339048 24.384889
slice25/query/img_08177_c1_1284563967377891us.jpg 0.627261 0.630812 0.304464 -0.340472 -301.225608 -1164.647857 24.471426
slice25/query/img_08178_c1_1284563967444610us.jpg 0.626869 0.630883 0.304755 -0.340802 -302.339447 -1164.803371 24.507239
slice25/query/img_08179_c1_1284563967511222us.jpg 0.626219 0.631261 0.304723 -0.341327 -303.451417 -1164.956811 24.542893
slice25/query/img_08180_c1_1284563967644579us.jpg 0.625935 0.631332 0.305402 -0.341108 -305.697413 -1165.283599 24.622487
slice25/query/img_08181_c1_1284563967711187us.jpg 0.626246 0.630966 0.305365 -0.341248 -306.815517 -1165.446393 24.659096
slice25/query/img_08182_c1_1284563967777800us.jpg 0.627046 0.630104 0.305555 -0.341199 -307.929597 -1165.612477 24.697929
slice25/query/img_08183_c1_1284563967911154us.jpg 0.628161 0.628944 0.306093 -0.340809 -310.158236 -1165.943315 24.784741
slice25/query/img_08184_c1_1284563967977764us.jpg 0.628507 0.628788 0.306253 -0.340316 -311.274618 -1166.114544 24.825134
slice25/query/img_08185_c1_1284563968111119us.jpg 0.628045 0.629342 0.305686 -0.340654 -313.496999 -1166.433245 24.898274
slice25/query/img_08186_c1_1284563968311111us.jpg 0.627057 0.630778 0.305103 -0.340339 -316.896500 -1166.964055 25.024560
