slice25/query/img_05460_c1_1311875339317883us.jpg 0.632016 0.620681 0.330357 -0.325846 -65.066650 -1068.895231 27.456291
slice25/query/img_05461_c1_1311875339584465us.jpg 0.624658 0.617439 0.345228 -0.330740 -69.236663 -1069.564005 27.428341
slice25/query/img_05462_c1_1311875339917871us.jpg 0.619405 0.610063 0.356156 -0.342512 -74.456254 -1070.586370 27.262466
slice25/query/img_05463_c1_1311875340184523us.jpg 0.615032 0.604342 0.367332 -0.348673 -78.565762 -1071.539907 27.112209
slice25/query/img_05465_c1_1311875340717889us.jpg 0.603137 0.601274 0.377894 -0.363168 -86.722063 -1073.815060 26.710638
slice25/query/img_05466_c1_1311875340984508us.jpg 0.601766 0.597079 0.376361 -0.373800 -90.768554 -1075.082711 26.483667
slice25/query/img_05467_c1_1311875341317874us.jpg 0.593517 0.596521 0.387144 -0.376856 -95.822119 -1076.787306 26.367335
slice25/query/img_05468_c1_1311875341584476us.jpg 0.596765 0.587008 0.385741 -0.387940 -99.750456 -1078.233904 26.251965
slice25/query/img_05469_c1_1311875341917879us.jpg 0.585341 0.587169 0.398408 -0.392274 -104.729900 -1080.041261 26.175178
slice25/query/img_05470_c1_1311875342184480us.jpg 0.579712 0.581936 0.406174 -0.400384 -108.760771 -1081.620722 26.050218
slice25/query/img_05471_c1_1311875342451107us.jpg 0.570860 0.576269 0.416889 -0.410168 -112.655751 -1083.289224 25.905575
slice25/query/img_05472_c1_1311875342784490us.jpg 0.556475 0.569272 0.433765 -0.422034 -117.494220 -1085.629570 25.751673
slice25/query/img_05473_c1_1311875343051152us.jpg 0.549437 0.558124 0.443455 -0.435848 -121.230113 -1087.679120 25.568673
slice25/query/img_05474_c1_1311875343317867us.jpg 0.541687 0.552227 0.453075 -0.443107 -124.806117 -1090.035657 25.568901
slice25/query/img_05475_c1_1311875343584515us.jpg 0.535688 0.545350 0.462098 -0.449552 -128.455510 -1092.432449 25.447640
slice25/query/img_05476_c1_1311875343851140us.jpg 0.533029 0.540573 0.469365 -0.450952 -131.978721 -1094.958080 25.310872
