slice25/query/img_08139_c1_1285950374014073us.jpg 0.626582 0.622817 0.334298 -0.328235 -66.204555 -1069.145544 27.475737
slice25/query/img_08140_c1_1285950374080810us.jpg 0.624061 0.623274 0.336629 -0.329785 -67.303985 -1069.311838 27.448231
slice25/query/img_08141_c1_1285950374147421us.jpg 0.621318 0.623073 0.341675 -0.330156 -68.395386 -1069.491622 27.435742
slice25/query/img_08142_c1_1285950374280796us.jpg 0.619337 0.620238 0.349220 -0.331317 -70.579505 -1069.899099 27.396365
slice25/query/img_08143_c1_1285950374347408us.jpg 0.618725 0.618299 0.352098 -0.333035 -71.663372 -1070.105797 27.360690
slice25/query/img_08144_c1_1285950374414000us.jpg 0.618010 0.616398 0.354467 -0.335367 -72.742340 -1070.319174 27.320716
slice25/query/img_08145_c1_1285950374480739us.jpg 0.617059 0.614756 0.356618 -0.337840 -73.822971 -1070.541707 27.278299
slice25/query/img_08146_c1_1285950374547351us.jpg 0.615752 0.613383 0.358851 -0.340349 -74.893318 -1070.772861 27.236222
slice25/query/img_08147_c1_1285950374682016us.jpg 0.612810 0.611211 0.363181 -0.344942 -77.022529 -1071.252910 27.152739
slice25/query/img_08148_c1_1285950374747339us.jpg 0.611704 0.609955 0.365260 -0.346928 -78.075643 -1071.502921 27.109813
slice25/query/img_08149_c1_1285950374813929us.jpg 0.610747 0.608567 0.367638 -0.348534 -79.126944 -1071.761257 27.069548
slice25/query/img_08150_c1_1285950374880668us.jpg 0.610057 0.607249 0.369974 -0.349569 -80.173403 -1072.029231 27.032120
slice25/query/img_08151_c1_1285950375013944us.jpg 0.607626 0.603851 0.374290 -0.355052 -82.299227 -1072.568070 26.935528
slice25/query/img_08152_c1_1285950375080654us.jpg 0.605921 0.603436 0.377126 -0.355669 -83.353179 -1072.863002 26.904043
slice25/query/img_08153_c1_1285950375147245us.jpg 0.604525 0.602948 0.380368 -0.355421 -84.427218 -1073.164086 26.864122
slice25/query/img_08154_c1_1285950375213859us.jpg 0.602761 0.602625 0.382275 -0.356914 -85.488244 -1073.464697 26.820020
slice25/query/img_08155_c1_1285950375347213us.jpg 0.601013 0.600122 0.382592 -0.363676 -87.622446 -1074.082450 26.698849
slice25/query/img_08156_c1_1285950375413828us.jpg 0.600437 0.598863 0.381988 -0.367319 -88.676046 -1074.401866 26.643678
slice25/query/img_08157_c1_1285950375480561us.jpg 0.599321 0.598200 0.381792 -0.370414 -89.725995 -1074.726868 26.595893
slice25/query/img_08158_c1_1285950375547175us.jpg 0.597976 0.598036 0.382220 -0.372405 -90.775662 -1075.052895 26.554819
slice25/query/img_08159_c1_1285950375613826us.jpg 0.596414 0.597780 0.384455 -0.373020 -91.828672 -1075.385658 26.523559
slice25/query/img_08160_c1_1285950375813786us.jpg 0.590845 0.595128 0.393866 -0.376291 -95.000530 -1076.424177 26.415496
slice25/query/img_08161_c1_1285950375947202us.jpg 0.589349 0.591147 0.395709 -0.382920 -97.087071 -1077.155969 26.313544
slice25/query/img_08162_c1_1285950376013718us.jpg 0.590426 0.587831 0.393971 -0.388123 -98.098667 -1077.535405 26.272738
slice25/query/img_08163_c1_1285950376147092us.jpg 0.589744 0.583818 0.394367 -0.394757 -100.147467 -1078.310824 26.205634
slice25/query/img_08164_c1_1285950376213688us.jpg 0.587271 0.583898 0.397195 -0.395490 -101.179114 -1078.703399 26.190205
slice25/query/img_08165_c1_1285950376280420us.jpg 0.583639 0.584568 0.401225 -0.395809 -102.208551 -1079.100736 26.179775
slice25/query/img_08166_c1_1285950376347034us.jpg 0.579187 0.586295 0.404894 -0.396057 -103.238208 -1079.501257 26.164118
slice25/query/img_08167_c1_1285950376413647us.jpg 0.574983 0.587568 0.408246 -0.396854 -104.261107 -1079.910037 26.139237
slice25/query/img_08168_c1_1285950376547019us.jpg 0.569517 0.586668 0.412708 -0.401427 -106.332879 -1080.754773 26.066471
slice25/query/img_08169_c1_1285950376613611us.jpg 0.568747 0.584313 0.414523 -0.404074 -107.352407 -1081.198367 26.030343
slice25/query/img_08170_c1_1285950376680351us.jpg 0.568939 0.581223 0.415860 -0.406876 -108.364867 -1081.652692 25.991978
slice25/query/img_08171_c1_1285950376814592us.jpg 0.569278 0.575196 0.419497 -0.411211 -110.376106 -1082.589794 25.930568
slice25/query/img_08172_c1_1285950376880316us.jpg 0.568567 0.573037 0.421842 -0.412807 -111.385868 -1083.066728 25.900887
slice25/query/img_08173_c1_1285950376946928us.jpg 0.566945 0.571474 0.424879 -0.414088 -112.396070 -1083.543463 25.872495
slice25/query/img_08174_c1_1285950377013542us.jpg 0.564563 0.570663 0.427961 -0.415286 -113.401066 -1084.024952 25.840288
slice25/query/img_08175_c1_1285950377080280us.jpg 0.561647 0.570279 0.430832 -0.416796 -114.395760 -1084.510509 25.807635
slice25/query/img_08176_c1_1285950377213509us.jpg 0.555461 0.569919 0.434921 -0.421306 -116.368862 -1085.497413 25.721507
slice25/query/img_08177_c1_1285950377280246us.jpg 0.552449 0.569532 0.436546 -0.424099 -117.345760 -1085.998324 25.677001
slice25/query/img_08178_c1_1285950377346859us.jpg 0.549600 0.569155 0.437651 -0.427159 -118.313407 -1086.505707 25.632712
slice25/query/img_08179_c1_1285950377413473us.jpg 0.546910 0.568264 0.439741 -0.429643 -119.276966 -1087.021149 25.591539
slice25/query/img_08180_c1_1285950377480210us.jpg 0.544310 0.566865 0.442519 -0.431934 -120.230244 -1087.541657 25.554976
slice25/query/img_08181_c1_1285950377613439us.jpg 0.541008 0.562276 0.447689 -0.436728 -122.132317 -1088.620806 25.481996
slice25/query/img_08182_c1_1285950377680175us.jpg 0.540248 0.559362 0.450105 -0.438921 -123.071421 -1089.176846 25.447305
slice25/query/img_08183_c1_1285950377746789us.jpg 0.539586 0.556538 0.452416 -0.440944 -124.003021 -1089.741527 25.414730
slice25/query/img_08184_c1_1285950377880237us.jpg 0.537626 0.551664 0.456018 -0.445728 -125.852882 -1090.895053 25.347942
slice25/query/img_08185_c1_1285950377946755us.jpg 0.535611 0.549727 0.457691 -0.448822 -126.776632 -1091.477016 25.310676
slice25/query/img_08186_c1_1285950378013367us.jpg 0.532809 0.548333 0.460065 -0.451426 -127.702934 -1092.066676 25.273202
slice25/query/img_08187_c1_1285950378080104us.jpg 0.529102 0.547917 0.462798 -0.453494 -128.627394 -1092.663550 25.239096
slice25/query/img_08188_c1_1285950378213354us.jpg 0.522305 0.547314 0.468150 -0.456596 -130.475325 -1093.894015 25.161528
slice25/query/img_08189_c1_1285950378280091us.jpg 0.519808 0.546324 0.470793 -0.457911 -131.385607 -1094.528321 25.126933
slice25/query/img_08190_c1_1285950378346683us.jpg 0.518460 0.544327 0.473112 -0.459426 -132.285330 -1095.165263 25.089115
slice25/query/img_08191_c1_1285950378413298us.jpg 0.517606 0.542172 0.474900 -0.461090 -133.174398 -1095.810515 25.050369
slice25/query/img_08192_c1_1285950378546649us.jpg 0.518157 0.536488 0.476169 -0.465786 -134.959016 -1097.133039 24.949250
slice25/query/img_08193_c1_1285950378613262us.jpg 0.518774 0.534258 0.476209 -0.467618 -135.829470 -1097.802229 24.912623
slice25/query/img_08194_c1_1285950378680000us.jpg 0.519497 0.532351 0.476444 -0.468751 -136.699573 -1098.471682 24.880677
slice25/query/img_08195_c1_1285950378813253us.jpg 0.520206 0.529413 0.477798 -0.469912 -138.430642 -1099.807678 24.822261
slice25/query/img_08196_c1_1285950378879986us.jpg 0.520346 0.528428 0.478955 -0.469687 -139.298347 -1100.479324 24.801079
slice25/query/img_08197_c1_1285950378946578us.jpg 0.520608 0.527587 0.480022 -0.469253 -140.163392 -1101.155601 24.778754
slice25/query/img_08198_c1_1285950379013191us.jpg 0.520887 0.527064 0.480430 -0.469113 -141.024649 -1101.831099 24.751143
slice25/query/img_08199_c1_1285950379146545us.jpg 0.521047 0.526176 0.480180 -0.470188 -142.756665 -1103.172690 24.687956
slice25/query/img_08200_c1_1285950379213156us.jpg 0.521164 0.525726 0.480297 -0.470441 -143.618258 -1103.846509 24.657218
slice25/query/img_08201_c1_1285950379279895us.jpg 0.521280 0.525047 0.480943 -0.470412 -144.479943 -1104.519199 24.627322
slice25/query/img_08202_c1_1285950379413130us.jpg 0.521357 0.524598 0.482016 -0.469727 -146.193233 -1105.856559 24.564257
slice25/query/img_08203_c1_1285950379479885us.jpg 0.521340 0.524799 0.481861 -0.469681 -147.038423 -1106.522530 24.531049
slice25/query/img_08204_c1_1285950379546473us.jpg 0.521498 0.525098 0.481417 -0.469627 -147.888447 -1107.191972 24.499248
slice25/query/img_08205_c1_1285950379679847us.jpg 0.521531 0.525461 0.480924 -0.469690 -149.588982 -1108.524391 24.438925
slice25/query/img_08206_c1_1285950379746440us.jpg 0.521293 0.526078 0.480502 -0.469695 -150.448163 -1109.192534 24.404774
slice25/query/img_08207_c1_1285950379813051us.jpg 0.521071 0.526664 0.479812 -0.469990 -151.303941 -1109.856448 24.368836
slice25/query/img_08208_c1_1285950379879790us.jpg 0.521603 0.526283 0.479132 -0.470521 -152.155984 -1110.522457 24.337240
slice25/query/img_08209_c1_1285950380013020us.jpg 0.522376 0.528325 0.478519 -0.467990 -153.867465 -1111.846737 24.272309
slice25/query/img_08210_c1_1285950380079776us.jpg 0.522672 0.528812 0.478461 -0.467169 -154.724264 -1112.506905 24.239878
slice25/query/img_08211_c1_1285950380279725us.jpg 0.523478 0.529482 0.476909 -0.467095 -157.305538 -1114.459913 24.129053
slice25/query/img_08212_c1_1285950380479685us.jpg 0.523732 0.531821 0.475931 -0.465146 -159.885672 -1116.420393 24.042050
slice25/query/img_08213_c1_1285950380679679us.jpg 0.523533 0.533396 0.476606 -0.462870 -162.477587 -1118.363940 23.952848
slice25/query/img_08215_c1_1285950381412802us.jpg 0.522164 0.545403 0.467453 -0.459749 -171.920897 -1125.423014 23.573776
slice25/query/img_08216_c1_1285950381612741us.jpg 0.523651 0.546468 0.465599 -0.458672 -174.529170 -1127.251853 23.487157
slice25/query/img_08217_c1_1285950381746108us.jpg 0.526353 0.546863 0.462912 -0.457827 -176.230465 -1128.486805 23.444312
slice25/query/img_08218_c1_1285950381879442us.jpg 0.530129 0.547473 0.459651 -0.456024 -178.000549 -1129.720748 23.392165
slice25/query/img_08219_c1_1285950381946051us.jpg 0.531847 0.548325 0.458153 -0.454505 -178.877443 -1130.329452 23.368167
slice25/query/img_08220_c1_1285950382079408us.jpg 0.534704 0.551427 0.455076 -0.450473 -180.647443 -1131.531500 23.330475
slice25/query/img_08221_c1_1285950382146017us.jpg 0.536322 0.553013 0.453201 -0.448490 -181.538820 -1132.124094 23.309570
slice25/query/img_08222_c1_1285950382212629us.jpg 0.538087 0.554474 0.451148 -0.446639 -182.433743 -1132.711525 23.286970
slice25/query/img_08223_c1_1285950382279368us.jpg 0.539901 0.555941 0.448893 -0.444895 -183.328987 -1133.293508 23.264785
slice25/query/img_08224_c1_1285950382412596us.jpg 0.543636 0.558946 0.443856 -0.441624 -185.142144 -1134.438311 23.222661
slice25/query/img_08225_c1_1285950382479333us.jpg 0.545626 0.560302 0.441837 -0.439469 -186.055272 -1135.003217 23.203841
slice25/query/img_08226_c1_1285950382545946us.jpg 0.547450 0.561795 0.439987 -0.437146 -186.974353 -1135.560371 23.186241
slice25/query/img_08227_c1_1285950382679301us.jpg 0.551061 0.565017 0.436024 -0.432402 -188.828658 -1136.658561 23.150752
slice25/query/img_08228_c1_1285950382745910us.jpg 0.552894 0.566601 0.433825 -0.430195 -189.760047 -1137.196682 23.130609
slice25/query/img_08229_c1_1285950382812524us.jpg 0.554734 0.568104 0.431490 -0.428187 -190.693430 -1137.723622 23.110835
slice25/query/img_08230_c1_1285950382945900us.jpg 0.558146 0.571550 0.426897 -0.423749 -192.585179 -1138.753831 23.068488
slice25/query/img_08231_c1_1285950383012490us.jpg 0.559759 0.573510 0.424417 -0.421457 -193.530325 -1139.258516 23.047974
slice25/query/img_08232_c1_1285950383079228us.jpg 0.561211 0.575411 0.422264 -0.419093 -194.482106 -1139.754446 23.026858
slice25/query/img_08233_c1_1285950383212457us.jpg 0.563697 0.579473 0.417735 -0.414673 -196.396769 -1140.720731 22.987812
slice25/query/img_08234_c1_1285950383279213us.jpg 0.564809 0.581778 0.415177 -0.412496 -197.356288 -1141.191920 22.966214
slice25/query/img_08235_c1_1285950383345806us.jpg 0.566139 0.583796 0.412764 -0.410238 -198.319912 -1141.657494 22.944479
slice25/query/img_08236_c1_1285950383479161us.jpg 0.569086 0.587182 0.408384 -0.405686 -200.245919 -1142.559582 22.906790
slice25/query/img_08237_c1_1285950383545775us.jpg 0.570823 0.588584 0.405913 -0.403688 -201.215626 -1143.000514 22.883366
slice25/query/img_08238_c1_1285950383612384us.jpg 0.572576 0.589864 0.403345 -0.401907 -202.186675 -1143.432835 22.863263
slice25/query/img_08239_c1_1285950383679125us.jpg 0.574395 0.591157 0.400653 -0.400102 -203.163291 -1143.861365 22.844907
slice25/query/img_08240_c1_1285950383812351us.jpg 0.577925 0.593772 0.395571 -0.396183 -205.126856 -1144.697435 22.808782
slice25/query/img_08241_c1_1285950383879089us.jpg 0.579543 0.595236 0.393209 -0.393968 -206.113361 -1145.101758 22.792723
slice25/query/img_08242_c1_1285950383945701us.jpg 0.580655 0.597002 0.391154 -0.391698 -207.103771 -1145.496145 22.776945
slice25/query/img_08243_c1_1285950384012315us.jpg 0.581564 0.598930 0.388910 -0.389635 -208.102373 -1145.883914 22.760374
slice25/query/img_08244_c1_1285950384145690us.jpg 0.583004 0.602817 0.384716 -0.385631 -210.110320 -1146.637204 22.728613
slice25/query/img_08245_c1_1285950384212279us.jpg 0.583891 0.604576 0.382475 -0.383760 -211.120790 -1147.004275 22.710516
slice25/query/img_08246_c1_1285950384279018us.jpg 0.585035 0.606067 0.380033 -0.382090 -212.136155 -1147.363971 22.691095
slice25/query/img_08247_c1_1285950384345632us.jpg 0.586356 0.607179 0.377841 -0.380470 -213.153630 -1147.717392 22.671763
slice25/query/img_08248_c1_1285950384479031us.jpg 0.589094 0.609157 0.373682 -0.377171 -215.197782 -1148.412588 22.639516
slice25/query/img_08249_c1_1285950384545598us.jpg 0.590306 0.610228 0.371877 -0.375324 -216.228119 -1148.750658 22.622817
slice25/query/img_08250_c1_1285950384612209us.jpg 0.591433 0.611297 0.370110 -0.373552 -217.263186 -1149.081891 22.605123
slice25/query/img_08251_c1_1285950384678947us.jpg 0.592439 0.612468 0.368434 -0.371692 -218.300578 -1149.406129 22.588797
slice25/query/img_08252_c1_1285950384745560us.jpg 0.593346 0.613711 0.366477 -0.370128 -219.339298 -1149.726509 22.571057
slice25/query/img_08253_c1_1285950384878913us.jpg 0.595028 0.616252 0.361951 -0.367651 -221.421901 -1150.348170 22.537670
slice25/query/img_08254_c1_1285950384945525us.jpg 0.595746 0.617433 0.359800 -0.366616 -222.464212 -1150.650399 22.523181
slice25/query/img_08255_c1_1285950385079467us.jpg 0.597016 0.619872 0.355411 -0.364709 -224.569433 -1151.240808 22.496102
slice25/query/img_08256_c1_1285950385145491us.jpg 0.597989 0.620752 0.354000 -0.362990 -225.635313 -1151.526624 22.483876
slice25/query/img_08257_c1_1285950385212104us.jpg 0.599195 0.621388 0.352250 -0.361612 -226.698535 -1151.807602 22.473158
slice25/query/img_08258_c1_1285950385278842us.jpg 0.600521 0.621954 0.349954 -0.360666 -227.764700 -1152.083420 22.459946
slice25/query/img_08259_c1_1285950385412069us.jpg 0.603468 0.622940 0.344815 -0.358992 -229.887591 -1152.619763 22.450126
slice25/query/img_08260_c1_1285950385478809us.jpg 0.604657 0.623420 0.343319 -0.357589 -230.952154 -1152.880623 22.448113
slice25/query/img_08261_c1_1285950385545420us.jpg 0.605920 0.623890 0.341417 -0.356451 -232.020506 -1153.136330 22.449437
slice25/query/img_08262_c1_1285950385678776us.jpg 0.608132 0.624884 0.337463 -0.354702 -234.141899 -1153.629017 22.459917
slice25/query/img_08263_c1_1285950385745384us.jpg 0.609092 0.625616 0.335377 -0.353742 -235.205748 -1153.872278 22.473303
slice25/query/img_08264_c1_1285950385878739us.jpg 0.611395 0.626371 0.331246 -0.352323 -237.351536 -1154.340678 22.490987
slice25/query/img_08265_c1_1285950385945349us.jpg 0.613330 0.625927 0.329077 -0.351781 -238.427297 -1154.570060 22.500482
slice25/query/img_08266_c1_1285950386011964us.jpg 0.615706 0.625329 0.326566 -0.351033 -239.500139 -1154.799229 22.513589
slice25/query/img_08267_c1_1285950386145318us.jpg 0.619949 0.624397 0.322540 -0.348940 -241.657128 -1155.239584 22.550867
slice25/query/img_08268_c1_1285950386211928us.jpg 0.621974 0.623606 0.320855 -0.348303 -242.733716 -1155.451995 22.574371
slice25/query/img_08269_c1_1285950386345281us.jpg 0.623598 0.624276 0.317239 -0.347511 -244.911599 -1155.842353 22.624169
slice25/query/img_08270_c1_1285950386478633us.jpg 0.624281 0.625037 0.314846 -0.347094 -247.076052 -1156.220687 22.683706
slice25/query/img_08271_c1_1285950386545266us.jpg 0.624891 0.625306 0.313322 -0.346891 -248.155479 -1156.404017 22.712840
slice25/query/img_08272_c1_1285950386611858us.jpg 0.625190 0.625806 0.311976 -0.346662 -249.232788 -1156.585509 22.746831
slice25/query/img_08273_c1_1285950386678597us.jpg 0.625600 0.625846 0.311158 -0.346587 -250.313194 -1156.766939 22.785056
slice25/query/img_08274_c1_1285950386811825us.jpg 0.626046 0.625099 0.312403 -0.346007 -252.484255 -1157.128807 22.868508
slice25/query/img_08275_c1_1285950386878562us.jpg 0.625210 0.626047 0.312719 -0.345521 -253.575536 -1157.301780 22.905517
slice25/query/img_08276_c1_1285950386945175us.jpg 0.623849 0.627840 0.312366 -0.345046 -254.675881 -1157.474446 22.935515
slice25/query/img_08277_c1_1285950387078548us.jpg 0.622068 0.630122 0.310124 -0.346123 -256.872316 -1157.817516 22.989655
slice25/query/img_08278_c1_1285950387145140us.jpg 0.621556 0.630439 0.308962 -0.347501 -257.969546 -1157.984493 23.021865
slice25/query/img_08279_c1_1285950387211752us.jpg 0.621717 0.630277 0.308330 -0.348068 -259.062860 -1158.158109 23.054020
slice25/query/img_08280_c1_1285950387278491us.jpg 0.622534 0.629508 0.308490 -0.347858 -260.160979 -1158.338925 23.092420
slice25/query/img_08281_c1_1285950387411740us.jpg 0.623595 0.628196 0.310983 -0.346105 -262.370593 -1158.690544 23.171287
slice25/query/img_08282_c1_1285950387478455us.jpg 0.624260 0.627677 0.312231 -0.344721 -263.471730 -1158.872789 23.210911
slice25/query/img_08283_c1_1285950387545068us.jpg 0.624714 0.627141 0.313220 -0.343977 -264.577984 -1159.055042 23.250234
slice25/query/img_08284_c1_1285950387611683us.jpg 0.625076 0.626720 0.313042 -0.344248 -265.687258 -1159.230162 23.278244
slice25/query/img_08285_c1_1285950387745039us.jpg 0.624168 0.627227 0.312037 -0.345879 -267.892665 -1159.583710 23.344169
slice25/query/img_08286_c1_1285950387811648us.jpg 0.624187 0.627011 0.311406 -0.346805 -268.991404 -1159.756120 23.374192
slice25/query/img_08287_c1_1285950387945002us.jpg 0.624099 0.627376 0.311338 -0.346364 -271.186316 -1160.119349 23.442326
slice25/query/img_08288_c1_1285950388011615us.jpg 0.624224 0.627506 0.310872 -0.346322 -272.281987 -1160.296998 23.477050
slice25/query/img_08289_c1_1285950388078350us.jpg 0.624403 0.627527 0.310602 -0.346206 -273.377171 -1160.474302 23.513683
slice25/query/img_08290_c1_1285950388144964us.jpg 0.624791 0.627380 0.310482 -0.345876 -274.468524 -1160.650306 23.550872
slice25/query/img_08291_c1_1285950388278339us.jpg 0.624974 0.627650 0.310797 -0.344773 -276.651508 -1160.999490 23.631219
slice25/query/img_08292_c1_1285950388344949us.jpg 0.625125 0.627805 0.310575 -0.344416 -277.740079 -1161.170903 23.669093
slice25/query/img_08293_c1_1285950388411542us.jpg 0.625329 0.627813 0.309791 -0.344737 -278.835671 -1161.341024 23.700400
slice25/query/img_08294_c1_1285950388478280us.jpg 0.625543 0.627938 0.308883 -0.344935 -279.928820 -1161.509567 23.734622
slice25/query/img_08295_c1_1285950388611531us.jpg 0.626564 0.627642 0.307583 -0.344784 -282.112100 -1161.842328 23.804288
slice25/query/img_08296_c1_1285950388678246us.jpg 0.626880 0.627616 0.307395 -0.344423 -283.198207 -1162.015445 23.842950
slice25/query/img_08297_c1_1285950388744858us.jpg 0.627249 0.627571 0.307168 -0.344037 -284.294795 -1162.183652 23.882483
slice25/query/img_08298_c1_1285950388878214us.jpg 0.627146 0.628273 0.306704 -0.343356 -286.508860 -1162.520172 23.983876
slice25/query/img_08299_c1_1285950388944823us.jpg 0.626719 0.628968 0.306388 -0.343148 -287.614841 -1162.681220 24.019505
slice25/query/img_08300_c1_1285950389011436us.jpg 0.626066 0.629880 0.306219 -0.342816 -288.729791 -1162.839805 24.056069
slice25/query/img_08301_c1_1285950389144809us.jpg 0.624808 0.630969 0.306525 -0.342834 -290.942419 -1163.190670 24.107402
slice25/query/img_08302_c1_1285950389211402us.jpg 0.624243 0.631307 0.305728 -0.343951 -292.044023 -1163.346747 24.135509
slice25/query/img_08303_c1_1285950389278141us.jpg 0.624306 0.631137 0.305053 -0.344748 -293.138841 -1163.503158 24.170888
slice25/query/img_08304_c1_1285950389411390us.jpg 0.625706 0.630133 0.304689 -0.344369 -295.326112 -1163.855275 24.260367
slice25/query/img_08305_c1_1285950389478105us.jpg 0.626780 0.629438 0.305698 -0.342789 -296.422780 -1164.016275 24.301269
slice25/query/img_08306_c1_1285950389544718us.jpg 0.627553 0.629045 0.306021 -0.341805 -297.501334 -1164.178333 24.340496
slice25/query/img_08307_c1_1285950389678092us.jpg 0.628425 0.628399 0.305801 -0.341587 -299.709633 -1164.543814 24.431552
slice25/query/img_08308_c1_1285950389744685us.jpg 0.628032 0.628684 0.305411 -0.342136 -300.806886 -1164.699404 24.465879
slice25/query/img_08309_c1_1285950389811296us.jpg 0.627095 0.629382 0.305129 -0.342822 -301.907938 -1164.855963 24.503297
slice25/query/img_08310_c1_1285950389945578us.jpg 0.625417 0.630586 0.304912 -0.343866 -303.983128 -1165.171310 24.564345
slice25/query/img_08311_c1_1285950390011283us.jpg 0.625214 0.630944 0.305216 -0.343308 -305.120627 -1165.331310 24.600881
slice25/query/img_08312_c1_1285950390077999us.jpg 0.625377 0.630868 0.305002 -0.343340 -306.249952 -1165.493131 24.635422
slice25/query/img_08313_c1_1285950390144613us.jpg 0.626275 0.629926 0.304814 -0.343600 -307.388515 -1165.658325 24.670705
slice25/query/img_08314_c1_1285950390277967us.jpg 0.627833 0.628298 0.305387 -0.343230 -309.627844 -1166.044832 24.743594
slice25/query/img_08315_c1_1285950390344578us.jpg 0.628247 0.627828 0.305445 -0.343279 -310.758618 -1166.205193 24.779106
slice25/query/img_08316_c1_1285950390411190us.jpg 0.628029 0.627946 0.305536 -0.343382 -311.884400 -1166.366230 24.814714
slice25/query/img_08317_c1_1285950390477928us.jpg 0.627597 0.628339 0.305016 -0.343916 -312.989752 -1166.529023 24.853025
slice25/query/img_08318_c1_1285950390611159us.jpg 0.626797 0.629573 0.304011 -0.344008 -315.345958 -1166.944407 25.007329
slice25/query/img_08319_c1_1285950390677894us.jpg 0.626403 0.630022 0.304386 -0.343571 -316.411337 -1167.094471 25.047891
slice25/query/img_08320_c1_1285950390744507us.jpg 0.626227 0.630203 0.304782 -0.343209 -317.477775 -1167.244445 25.086455
slice25/query/img_08321_c1_1285950390877863us.jpg 0.626942 0.629926 0.306492 -0.340880 -319.689331 -1167.545178 25.186705
