slice25/query/img_06312_c1_1287504383668478us.jpg 0.624427 0.621804 0.337376 -0.331101 -66.371095 -1069.135058 27.475549
slice25/query/img_06313_c1_1287504383735088us.jpg 0.622427 0.622146 0.339611 -0.331938 -67.437760 -1069.314430 27.453065
slice25/query/img_06314_c1_1287504383868463us.jpg 0.619480 0.620079 0.348937 -0.331646 -69.569820 -1069.708909 27.424442
slice25/query/img_06315_c1_1287504383935050us.jpg 0.619456 0.618090 0.351745 -0.332437 -70.632526 -1069.917574 27.396699
slice25/query/img_06316_c1_1287504384001785us.jpg 0.619167 0.616048 0.354200 -0.334154 -71.685112 -1070.131385 27.364339
slice25/query/img_06317_c1_1287504384135033us.jpg 0.617913 0.612953 0.357527 -0.338595 -73.783530 -1070.573339 27.281276
slice25/query/img_06318_c1_1287504384201749us.jpg 0.616746 0.611828 0.359190 -0.340989 -74.825703 -1070.802129 27.238173
slice25/query/img_06319_c1_1287504384334978us.jpg 0.613704 0.610131 0.363330 -0.345106 -76.908232 -1071.271126 27.154800
slice25/query/img_06320_c1_1287504384401713us.jpg 0.612331 0.609347 0.365379 -0.346762 -77.942550 -1071.516532 27.115791
slice25/query/img_06321_c1_1287504384534940us.jpg 0.610042 0.607256 0.369708 -0.349865 -80.002048 -1072.031506 27.036051
slice25/query/img_06322_c1_1287504384601679us.jpg 0.609064 0.605986 0.372267 -0.351055 -81.026949 -1072.301199 27.000044
slice25/query/img_06323_c1_1287504384668290us.jpg 0.608294 0.603919 0.375170 -0.352856 -82.041223 -1072.567915 26.956273
slice25/query/img_06324_c1_1287504384868274us.jpg 0.599102 0.604597 0.382347 -0.359653 -85.175548 -1073.397466 26.814755
slice25/query/img_06325_c1_1287504385001636us.jpg 0.597224 0.601622 0.383554 -0.366416 -87.293964 -1074.026753 26.699214
slice25/query/img_06326_c1_1287504385068247us.jpg 0.596731 0.599950 0.383378 -0.370126 -88.334477 -1074.353333 26.649469
slice25/query/img_06327_c1_1287504385201593us.jpg 0.595017 0.598160 0.383553 -0.375561 -90.407895 -1075.026235 26.564742
slice25/query/img_06328_c1_1287504385268181us.jpg 0.593562 0.597740 0.385337 -0.376703 -91.449388 -1075.369255 26.534353
slice25/query/img_06329_c1_1287504385401538us.jpg 0.590063 0.596370 0.392368 -0.377116 -93.548782 -1076.068755 26.480954
slice25/query/img_06330_c1_1287504385468145us.jpg 0.588624 0.595432 0.395251 -0.377835 -94.580016 -1076.424937 26.448237
slice25/query/img_06331_c1_1287504385601524us.jpg 0.587603 0.591975 0.398000 -0.381947 -96.629087 -1077.163707 26.367877
slice25/query/img_06332_c1_1287504385734724us.jpg 0.590109 0.585023 0.395803 -0.390972 -98.644211 -1077.932268 26.279462
slice25/query/img_06333_c1_1287504385801462us.jpg 0.590182 0.583203 0.395642 -0.393735 -99.656372 -1078.325131 26.251725
slice25/query/img_06334_c1_1287504385934707us.jpg 0.585090 0.583704 0.401081 -0.395087 -101.697560 -1079.111885 26.225289
slice25/query/img_06335_c1_1287504386001424us.jpg 0.581132 0.585373 0.404628 -0.394841 -102.726952 -1079.510154 26.205869
slice25/query/img_06336_c1_1287504386134650us.jpg 0.572804 0.587882 0.410734 -0.396974 -104.758536 -1080.311619 26.140151
slice25/query/img_06337_c1_1287504386268005us.jpg 0.569412 0.585189 0.414269 -0.402127 -106.797119 -1081.155157 26.033868
slice25/query/img_06338_c1_1287504386401373us.jpg 0.570666 0.578844 0.416515 -0.407179 -108.820958 -1082.060101 25.949340
slice25/query/img_06339_c1_1287504386467965us.jpg 0.571367 0.575765 0.418068 -0.408968 -109.821945 -1082.526580 25.918946
slice25/query/img_06340_c1_1287504386601316us.jpg 0.569990 0.572106 0.422240 -0.411727 -111.828027 -1083.465519 25.862971
slice25/query/img_06341_c1_1287504386667929us.jpg 0.567637 0.571510 0.425374 -0.412578 -112.823593 -1083.938938 25.836179
slice25/query/img_06342_c1_1287504386801304us.jpg 0.561254 0.571702 0.430499 -0.415718 -114.812530 -1084.893361 25.765135
slice25/query/img_06343_c1_1287504386867893us.jpg 0.557764 0.571908 0.432497 -0.418052 -115.798716 -1085.376876 25.725364
slice25/query/img_06344_c1_1287504387001245us.jpg 0.551377 0.571111 0.435885 -0.424052 -117.743807 -1086.362676 25.635937
slice25/query/img_06345_c1_1287504387067859us.jpg 0.548556 0.570257 0.437597 -0.427087 -118.714443 -1086.869630 25.593331
slice25/query/img_06346_c1_1287504387134471us.jpg 0.545657 0.569196 0.440226 -0.429505 -119.672931 -1087.384646 25.557480
slice25/query/img_06347_c1_1287504387267822us.jpg 0.541158 0.565120 0.446283 -0.434303 -121.607880 -1088.459538 25.481593
slice25/query/img_06348_c1_1287504387334433us.jpg 0.539705 0.562278 0.449139 -0.436848 -122.557612 -1089.010849 25.446173
slice25/query/img_06349_c1_1287504387467806us.jpg 0.537690 0.556208 0.454497 -0.441537 -124.433310 -1090.141215 25.379348
slice25/query/img_06350_c1_1287504387534398us.jpg 0.536363 0.553599 0.456534 -0.444319 -125.354373 -1090.716432 25.346000
slice25/query/img_06351_c1_1287504387667773us.jpg 0.532742 0.548933 0.460350 -0.450485 -127.206717 -1091.902247 25.268026
slice25/query/img_06352_c1_1287504387734365us.jpg 0.530301 0.547861 0.462335 -0.452632 -128.128041 -1092.508401 25.233404
slice25/query/img_06353_c1_1287504387934386us.jpg 0.522238 0.545004 0.468834 -0.458729 -130.892538 -1094.395354 25.089357
slice25/query/img_06354_c1_1287504388067772us.jpg 0.519359 0.541352 0.473265 -0.461763 -132.711116 -1095.684843 25.011974
slice25/query/img_06355_c1_1287504388134291us.jpg 0.518824 0.539493 0.474356 -0.463416 -133.602799 -1096.338177 24.976529
slice25/query/img_06356_c1_1287504388267645us.jpg 0.520074 0.533999 0.475210 -0.467486 -135.387921 -1097.668232 24.891207
slice25/query/img_06357_c1_1287504388334255us.jpg 0.521235 0.531704 0.475445 -0.468569 -136.264495 -1098.342758 24.860858
slice25/query/img_06358_c1_1287504388467631us.jpg 0.522756 0.527852 0.476726 -0.469927 -138.019231 -1099.689738 24.799104
slice25/query/img_06359_c1_1287504388534218us.jpg 0.522879 0.526755 0.478035 -0.469692 -138.896121 -1100.365208 24.778074
slice25/query/img_06360_c1_1287504388667592us.jpg 0.523359 0.525451 0.480082 -0.468527 -140.673447 -1101.744360 24.722225
slice25/query/img_06361_c1_1287504388734207us.jpg 0.523499 0.525233 0.480092 -0.468605 -141.550085 -1102.424095 24.688030
slice25/query/img_06362_c1_1287504388800920us.jpg 0.523581 0.524861 0.479882 -0.469145 -142.418539 -1103.097245 24.655205
slice25/query/img_06363_c1_1287504388934147us.jpg 0.523734 0.523917 0.480575 -0.469320 -144.165186 -1104.450593 24.594201
slice25/query/img_06364_c1_1287504389000885us.jpg 0.523817 0.523685 0.481190 -0.468856 -145.032210 -1105.127227 24.564203
slice25/query/img_06365_c1_1287504389134111us.jpg 0.524142 0.523962 0.481226 -0.468145 -146.762340 -1106.479133 24.502770
slice25/query/img_06366_c1_1287504389200848us.jpg 0.524470 0.524255 0.480568 -0.468126 -147.627235 -1107.153275 24.470301
slice25/query/img_06367_c1_1287504389334097us.jpg 0.524894 0.524753 0.479661 -0.468023 -149.347801 -1108.494570 24.409633
slice25/query/img_06368_c1_1287504389400811us.jpg 0.524545 0.525447 0.479332 -0.467973 -150.214652 -1109.159823 24.379405
slice25/query/img_06369_c1_1287504389534038us.jpg 0.524674 0.525969 0.478289 -0.468309 -151.950826 -1110.495818 24.319951
slice25/query/img_06370_c1_1287504389667411us.jpg 0.524934 0.527828 0.478225 -0.465985 -153.685841 -1111.835358 24.258402
slice25/query/img_06371_c1_1287504389734006us.jpg 0.525209 0.528521 0.477840 -0.465286 -154.558555 -1112.501087 24.226503
slice25/query/img_06372_c1_1287504389800739us.jpg 0.525799 0.528691 0.477219 -0.465063 -155.426478 -1113.166700 24.194099
slice25/query/img_06373_c1_1287504389933969us.jpg 0.526020 0.529532 0.476001 -0.465105 -157.163060 -1114.494317 24.127964
slice25/query/img_06374_c1_1287504390067319us.jpg 0.525540 0.531867 0.474085 -0.464938 -158.907075 -1115.799322 24.065874
slice25/query/img_06375_c1_1287504390133929us.jpg 0.525624 0.532585 0.473938 -0.464172 -159.778795 -1116.454643 24.038667
slice25/query/img_06376_c1_1287504390267353us.jpg 0.526277 0.533094 0.474893 -0.461865 -161.525088 -1117.757956 23.990026
slice25/query/img_06377_c1_1287504390333893us.jpg 0.526449 0.533624 0.474696 -0.461260 -162.396158 -1118.404681 23.961167
slice25/query/img_06378_c1_1287504390467266us.jpg 0.526208 0.535152 0.472640 -0.461875 -164.132786 -1119.681019 23.890486
slice25/query/img_06379_c1_1287504390600616us.jpg 0.524796 0.537023 0.471938 -0.462029 -165.880328 -1120.953641 23.824813
slice25/query/img_06380_c1_1287504390733826us.jpg 0.522492 0.540008 0.471551 -0.461555 -167.633066 -1122.218448 23.761117
slice25/query/img_06381_c1_1287504390800559us.jpg 0.521526 0.541464 0.471243 -0.461256 -168.509418 -1122.851301 23.729332
slice25/query/img_06382_c1_1287504390933810us.jpg 0.520057 0.544000 0.470850 -0.460332 -170.271022 -1124.117800 23.668124
slice25/query/img_06383_c1_1287504391000527us.jpg 0.519856 0.544688 0.470335 -0.460271 -171.149135 -1124.751079 23.638238
slice25/query/img_06384_c1_1287504391133751us.jpg 0.520511 0.545505 0.469118 -0.459806 -172.907145 -1126.020360 23.579724
slice25/query/img_06385_c1_1287504391200487us.jpg 0.521472 0.545672 0.468444 -0.459205 -173.785391 -1126.657273 23.551959
slice25/query/img_06386_c1_1287504391267100us.jpg 0.523030 0.545486 0.467464 -0.458653 -174.661919 -1127.291947 23.525170
slice25/query/img_06387_c1_1287504391400452us.jpg 0.526833 0.545446 0.464280 -0.457579 -176.407420 -1128.558320 23.474475
slice25/query/img_06388_c1_1287504391467064us.jpg 0.528411 0.546041 0.462530 -0.456823 -177.285343 -1129.186978 23.453964
slice25/query/img_06389_c1_1287504391600419us.jpg 0.531028 0.548021 0.459622 -0.454345 -179.068454 -1130.423364 23.406930
slice25/query/img_06390_c1_1287504391667028us.jpg 0.532054 0.549669 0.458294 -0.452493 -179.945811 -1131.033173 23.384125
slice25/query/img_06391_c1_1287504391800402us.jpg 0.534326 0.553304 0.454768 -0.448928 -181.743955 -1132.243693 23.347513
slice25/query/img_06392_c1_1287504391933616us.jpg 0.538357 0.555675 0.450588 -0.445383 -183.541558 -1133.427421 23.303968
slice25/query/img_06393_c1_1287504392000343us.jpg 0.540542 0.556757 0.448065 -0.443930 -184.442344 -1134.011028 23.280055
slice25/query/img_06394_c1_1287504392133591us.jpg 0.544586 0.559290 0.443833 -0.440038 -186.268421 -1135.156346 23.239163
slice25/query/img_06395_c1_1287504392200308us.jpg 0.546397 0.560865 0.441887 -0.437741 -187.187867 -1135.720369 23.220876
slice25/query/img_06396_c1_1287504392333534us.jpg 0.549632 0.564344 0.437873 -0.433229 -189.039815 -1136.830066 23.183552
slice25/query/img_06397_c1_1287504392466889us.jpg 0.553080 0.567376 0.433490 -0.429271 -190.912061 -1137.908740 23.139261
slice25/query/img_06398_c1_1287504392533498us.jpg 0.554715 0.569072 0.431288 -0.427130 -191.850615 -1138.436018 23.120265
slice25/query/img_06399_c1_1287504392666868us.jpg 0.557717 0.572807 0.426576 -0.422937 -193.727186 -1139.462244 23.082783
slice25/query/img_06400_c1_1287504392800223us.jpg 0.560410 0.576481 0.422500 -0.418454 -195.630751 -1140.458053 23.038191
slice25/query/img_06401_c1_1287504392866834us.jpg 0.561616 0.578461 0.420248 -0.416368 -196.591909 -1140.937696 23.012402
slice25/query/img_06402_c1_1287504393000165us.jpg 0.563962 0.582321 0.415833 -0.412229 -198.471690 -1141.873097 22.965569
slice25/query/img_06403_c1_1287504393134273us.jpg 0.566817 0.585720 0.411585 -0.407736 -200.420138 -1142.791258 22.920173
slice25/query/img_06404_c1_1287504393200130us.jpg 0.568474 0.587112 0.409183 -0.405841 -201.379862 -1143.232185 22.895261
slice25/query/img_06405_c1_1287504393266740us.jpg 0.570266 0.588176 0.406806 -0.404171 -202.326147 -1143.663320 22.875086
slice25/query/img_06406_c1_1287504393400112us.jpg 0.574217 0.590283 0.401747 -0.400550 -204.263778 -1144.528331 22.839839
slice25/query/img_06407_c1_1287504393466704us.jpg 0.575977 0.591586 0.399226 -0.398616 -205.241942 -1144.950873 22.820489
slice25/query/img_06408_c1_1287504393600078us.jpg 0.578642 0.594899 0.394687 -0.394323 -207.196061 -1145.763691 22.788632
slice25/query/img_06409_c1_1287504393666688us.jpg 0.579592 0.596808 0.392430 -0.392292 -208.183626 -1146.158950 22.772345
slice25/query/img_06410_c1_1287504393733282us.jpg 0.580441 0.598860 0.390264 -0.390064 -209.174073 -1146.546844 22.756403
slice25/query/img_06411_c1_1287504393933252us.jpg 0.583457 0.604195 0.383690 -0.383807 -212.165793 -1147.658412 22.707059
slice25/query/img_06412_c1_1287504394066630us.jpg 0.586894 0.606276 0.378854 -0.380072 -214.171552 -1148.373303 22.669013
slice25/query/img_06413_c1_1287504394133212us.jpg 0.588449 0.607472 0.376389 -0.378203 -215.173228 -1148.718283 22.652309
slice25/query/img_06414_c1_1287504394266580us.jpg 0.591016 0.609916 0.372655 -0.373939 -217.197452 -1149.392319 22.623487
slice25/query/img_06415_c1_1287504394333173us.jpg 0.592032 0.611250 0.370691 -0.372100 -218.215978 -1149.717548 22.607020
slice25/query/img_06416_c1_1287504394466525us.jpg 0.593795 0.614423 0.365648 -0.369044 -220.256859 -1150.342781 22.573843
slice25/query/img_06417_c1_1287504394599895us.jpg 0.595770 0.617188 0.360826 -0.365981 -222.324089 -1150.946660 22.539234
slice25/query/img_06418_c1_1287504394666487us.jpg 0.597024 0.618262 0.358116 -0.364785 -223.349482 -1151.238602 22.525208
slice25/query/img_06419_c1_1287504394799841us.jpg 0.599278 0.620067 0.354467 -0.361574 -225.414104 -1151.814279 22.506673
slice25/query/img_06420_c1_1287504394866458us.jpg 0.600531 0.621330 0.352412 -0.359329 -226.456566 -1152.089008 22.494043
slice25/query/img_06421_c1_1287504394999990us.jpg 0.603388 0.622957 0.347327 -0.356667 -228.530514 -1152.628147 22.476712
slice25/query/img_06422_c1_1287504395066436us.jpg 0.604613 0.623754 0.344414 -0.356023 -229.562575 -1152.883025 22.463812
slice25/query/img_06423_c1_1287504395199773us.jpg 0.606573 0.625528 0.339841 -0.353965 -231.674342 -1153.383236 22.440340
slice25/query/img_06424_c1_1287504395332996us.jpg 0.608645 0.626796 0.335354 -0.352443 -233.755865 -1153.845940 22.442233
slice25/query/img_06425_c1_1287504395399731us.jpg 0.610058 0.627375 0.332907 -0.351288 -234.814884 -1154.077756 22.451718
slice25/query/img_06426_c1_1287504395532959us.jpg 0.613256 0.627554 0.328963 -0.349108 -236.903753 -1154.526390 22.476500
slice25/query/img_06427_c1_1287504395599695us.jpg 0.615101 0.627294 0.327199 -0.347986 -237.957378 -1154.744618 22.499163
slice25/query/img_06428_c1_1287504395732943us.jpg 0.619248 0.626279 0.322709 -0.346650 -240.036336 -1155.172391 22.531960
slice25/query/img_06429_c1_1287504395799658us.jpg 0.621251 0.625852 0.320511 -0.345873 -241.081844 -1155.373596 22.553839
slice25/query/img_06430_c1_1287504395932886us.jpg 0.624387 0.625193 0.317287 -0.344389 -243.185453 -1155.757944 22.601332
slice25/query/img_06431_c1_1287504395999622us.jpg 0.624798 0.625919 0.315412 -0.344047 -244.223634 -1155.943836 22.627133
slice25/query/img_06432_c1_1287504396132853us.jpg 0.624745 0.627182 0.313456 -0.343630 -246.313318 -1156.296125 22.681082
slice25/query/img_06433_c1_1287504396199588us.jpg 0.624834 0.627374 0.312745 -0.343765 -247.368999 -1156.464067 22.710448
slice25/query/img_06434_c1_1287504396266200us.jpg 0.624991 0.627956 0.310952 -0.344043 -248.426328 -1156.630897 22.735290
slice25/query/img_06435_c1_1287504396399572us.jpg 0.625361 0.628233 0.308716 -0.344880 -250.527859 -1156.969160 22.797631
slice25/query/img_06436_c1_1287504396466163us.jpg 0.625955 0.627634 0.309052 -0.344592 -251.590599 -1157.137152 22.835089
slice25/query/img_06437_c1_1287504396599518us.jpg 0.625546 0.628424 0.309730 -0.343282 -253.729567 -1157.467675 22.910394
slice25/query/img_06438_c1_1287504396666129us.jpg 0.624415 0.629995 0.309249 -0.342895 -254.799005 -1157.629365 22.943887
slice25/query/img_06439_c1_1287504396799824us.jpg 0.622971 0.631405 0.307932 -0.344110 -256.931242 -1157.949558 23.004708
slice25/query/img_06440_c1_1287504396866092us.jpg 0.622796 0.631385 0.307113 -0.345194 -257.997557 -1158.109531 23.034814
slice25/query/img_06441_c1_1287504396932704us.jpg 0.622846 0.631242 0.306532 -0.345883 -259.064913 -1158.270895 23.066305
slice25/query/img_06442_c1_1287504397066057us.jpg 0.623680 0.630332 0.307720 -0.344983 -261.199983 -1158.602503 23.136627
slice25/query/img_06443_c1_1287504397132669us.jpg 0.624661 0.629700 0.309437 -0.342820 -262.264567 -1158.781727 23.177082
slice25/query/img_06444_c1_1287504397266021us.jpg 0.626237 0.628144 0.311337 -0.341073 -264.430341 -1159.116743 23.244672
slice25/query/img_06445_c1_1287504397332653us.jpg 0.626925 0.627551 0.311483 -0.340768 -265.495673 -1159.284977 23.277646
slice25/query/img_06446_c1_1287504397399372us.jpg 0.627153 0.627207 0.311433 -0.341027 -266.559295 -1159.457584 23.310830
slice25/query/img_06447_c1_1287504397532618us.jpg 0.625908 0.627882 0.309859 -0.343496 -268.696302 -1159.792910 23.369913
slice25/query/img_06448_c1_1287504397599334us.jpg 0.625421 0.628532 0.309504 -0.343517 -269.761863 -1159.960972 23.406374
slice25/query/img_06449_c1_1287504397732582us.jpg 0.624254 0.629785 0.309207 -0.343610 -271.902477 -1160.286554 23.476365
slice25/query/img_06450_c1_1287504397799298us.jpg 0.624635 0.629575 0.309437 -0.343097 -272.965750 -1160.455291 23.513659
slice25/query/img_06451_c1_1287504397932548us.jpg 0.624723 0.629405 0.309363 -0.343316 -275.096938 -1160.783423 23.585463
slice25/query/img_06452_c1_1287504397999283us.jpg 0.624968 0.629230 0.310119 -0.342506 -276.169104 -1160.947896 23.623348
slice25/query/img_06453_c1_1287504398065875us.jpg 0.624955 0.629175 0.310190 -0.342566 -277.235674 -1161.108000 23.657386
slice25/query/img_06454_c1_1287504398199248us.jpg 0.625291 0.628873 0.309508 -0.343125 -279.359077 -1161.429765 23.718809
slice25/query/img_06455_c1_1287504398265839us.jpg 0.625421 0.628836 0.308584 -0.343787 -280.422037 -1161.586136 23.746918
slice25/query/img_06456_c1_1287504398399193us.jpg 0.625657 0.628865 0.307873 -0.343941 -282.540693 -1161.901638 23.811158
slice25/query/img_06457_c1_1287504398465803us.jpg 0.625817 0.628799 0.308092 -0.343575 -283.594557 -1162.062817 23.847100
slice25/query/img_06458_c1_1287504398600087us.jpg 0.626278 0.628570 0.308413 -0.342866 -285.740495 -1162.401612 23.947828
slice25/query/img_06459_c1_1287504398665767us.jpg 0.626268 0.628758 0.308658 -0.342320 -286.806482 -1162.564872 23.982364
slice25/query/img_06460_c1_1287504398732380us.jpg 0.626054 0.629212 0.308356 -0.342148 -287.869702 -1162.725292 24.016075
slice25/query/img_06461_c1_1287504398865734us.jpg 0.624505 0.630844 0.308173 -0.342138 -290.034581 -1163.036373 24.107179
slice25/query/img_06462_c1_1287504398932344us.jpg 0.624015 0.631246 0.307917 -0.342520 -291.118934 -1163.217746 24.124781
slice25/query/img_06463_c1_1287504399065721us.jpg 0.623504 0.631211 0.307039 -0.344300 -293.289153 -1163.539059 24.200184
slice25/query/img_06464_c1_1287504399132309us.jpg 0.623751 0.631003 0.306883 -0.344373 -294.370334 -1163.701019 24.235019
slice25/query/img_06465_c1_1287504399199046us.jpg 0.624295 0.630524 0.307238 -0.343947 -295.454265 -1163.870769 24.272466
slice25/query/img_06466_c1_1287504399332278us.jpg 0.626061 0.629391 0.308530 -0.341649 -297.597601 -1164.203584 24.364404
slice25/query/img_06467_c1_1287504399399010us.jpg 0.626549 0.629139 0.308518 -0.341229 -298.673041 -1164.362424 24.411746
slice25/query/img_06468_c1_1287504399532262us.jpg 0.626519 0.628949 0.307917 -0.342176 -300.833916 -1164.695210 24.476538
slice25/query/img_06469_c1_1287504399598974us.jpg 0.625838 0.629351 0.307950 -0.342652 -301.907801 -1164.847740 24.505039
slice25/query/img_06470_c1_1287504399665588us.jpg 0.624822 0.630014 0.307726 -0.343489 -302.978635 -1164.993610 24.532565
slice25/query/img_06471_c1_1287504399798958us.jpg 0.623611 0.630801 0.308357 -0.343679 -305.143807 -1165.305464 24.616300
slice25/query/img_06472_c1_1287504399865552us.jpg 0.623446 0.630891 0.308480 -0.343703 -306.221247 -1165.473859 24.656405
slice25/query/img_06473_c1_1287504399998925us.jpg 0.624892 0.629023 0.309011 -0.344023 -308.385286 -1165.811098 24.745484
slice25/query/img_06474_c1_1287504400065515us.jpg 0.625656 0.628168 0.309532 -0.343730 -309.456730 -1165.970600 24.782957
slice25/query/img_06475_c1_1287504400198890us.jpg 0.626173 0.627528 0.309612 -0.343884 -311.623769 -1166.305458 24.860602
slice25/query/img_06476_c1_1287504400265534us.jpg 0.625859 0.627874 0.309370 -0.344041 -312.704660 -1166.468911 24.894467
slice25/query/img_06477_c1_1287504400332092us.jpg 0.625595 0.628160 0.308868 -0.344451 -313.785930 -1166.630816 24.923950
slice25/query/img_06478_c1_1287504400465443us.jpg 0.624720 0.629173 0.308759 -0.344288 -315.969557 -1166.957333 25.002184
slice25/query/img_06479_c1_1287504400532056us.jpg 0.624715 0.629203 0.309067 -0.343964 -317.053193 -1167.119195 25.040906
slice25/query/img_06480_c1_1287504400665409us.jpg 0.624941 0.628979 0.310865 -0.342339 -319.233813 -1167.432440 25.122324
slice25/query/img_06481_c1_1287504400732041us.jpg 0.625046 0.629219 0.311979 -0.340691 -320.333458 -1167.597521 25.162530
