slice25/query/img_08087_c1_1288106952495763us.jpg 0.625795 0.620186 0.336835 -0.332101 -65.942691 -1069.173818 27.488091
slice25/query/img_08088_c1_1288106952562374us.jpg 0.623514 0.620562 0.338824 -0.333662 -66.990478 -1069.345521 27.458088
slice25/query/img_08089_c1_1288106952695724us.jpg 0.620214 0.620003 0.346805 -0.332651 -69.091326 -1069.731936 27.433770
slice25/query/img_08090_c1_1288106952762333us.jpg 0.619480 0.618547 0.350229 -0.333141 -70.138136 -1069.932296 27.406542
slice25/query/img_08091_c1_1288106952828944us.jpg 0.619344 0.616834 0.352597 -0.334072 -71.181531 -1070.140226 27.372909
slice25/query/img_08092_c1_1288106952895680us.jpg 0.619321 0.614999 0.354102 -0.335901 -72.213558 -1070.353875 27.332635
slice25/query/img_08093_c1_1288106953028905us.jpg 0.617959 0.612047 0.356791 -0.340919 -74.272408 -1070.796453 27.247211
slice25/query/img_08094_c1_1288106953095638us.jpg 0.616917 0.610952 0.358498 -0.342973 -75.294484 -1071.025180 27.205643
slice25/query/img_08095_c1_1288106953162250us.jpg 0.615594 0.610123 0.360466 -0.344758 -76.317349 -1071.259074 27.166852
slice25/query/img_08096_c1_1288106953228862us.jpg 0.614289 0.609315 0.362780 -0.346086 -77.342653 -1071.499900 27.130602
slice25/query/img_08097_c1_1288106953362211us.jpg 0.612001 0.607437 0.366920 -0.349063 -79.385697 -1072.002970 27.049488
slice25/query/img_08098_c1_1288106953428822us.jpg 0.611137 0.606228 0.368960 -0.350524 -80.398008 -1072.262637 27.007091
slice25/query/img_08099_c1_1288106953562193us.jpg 0.608836 0.603908 0.372691 -0.354563 -82.457537 -1072.795948 26.920943
slice25/query/img_08100_c1_1288106953628780us.jpg 0.607541 0.603557 0.375383 -0.354544 -83.492911 -1073.079383 26.888294
slice25/query/img_08101_c1_1288106953695517us.jpg 0.606104 0.603052 0.378367 -0.354689 -84.529396 -1073.365255 26.849896
slice25/query/img_08102_c1_1288106953828751us.jpg 0.604864 0.601104 0.379694 -0.358673 -86.594027 -1073.948792 26.741701
slice25/query/img_08103_c1_1288106953895476us.jpg 0.604817 0.599493 0.379385 -0.361762 -87.625193 -1074.248556 26.684205
slice25/query/img_08104_c1_1288106953962086us.jpg 0.604492 0.598341 0.378591 -0.365029 -88.653713 -1074.551412 26.633128
slice25/query/img_08105_c1_1288106954028698us.jpg 0.603404 0.597873 0.378188 -0.368001 -89.678952 -1074.858162 26.588423
slice25/query/img_08106_c1_1288106954162068us.jpg 0.599307 0.598310 0.380493 -0.371593 -91.748824 -1075.479703 26.511981
slice25/query/img_08107_c1_1288106954228657us.jpg 0.596318 0.598692 0.383921 -0.372261 -92.786444 -1075.793761 26.482470
slice25/query/img_08108_c1_1288106954295393us.jpg 0.593586 0.598480 0.387850 -0.372894 -93.815994 -1076.116791 26.453698
slice25/query/img_08109_c1_1288106954362004us.jpg 0.591601 0.597740 0.390821 -0.374131 -94.842804 -1076.448893 26.417229
slice25/query/img_08110_c1_1288106954495357us.jpg 0.590803 0.593334 0.393651 -0.379402 -96.880814 -1077.149829 26.329446
slice25/query/img_08111_c1_1288106954561964us.jpg 0.592595 0.589215 0.391800 -0.384902 -97.891451 -1077.513875 26.276354
slice25/query/img_08112_c1_1288106954761923us.jpg 0.590122 0.584286 0.393873 -0.393992 -100.903954 -1078.632650 26.190991
slice25/query/img_08113_c1_1288106954895295us.jpg 0.581291 0.587031 0.401564 -0.395273 -102.938307 -1079.380371 26.148559
slice25/query/img_08114_c1_1288106954961905us.jpg 0.576625 0.588856 0.404848 -0.396044 -103.964200 -1079.771717 26.123764
slice25/query/img_08115_c1_1288106955028493us.jpg 0.573141 0.589560 0.407230 -0.397607 -104.980578 -1080.177490 26.092442
slice25/query/img_08116_c1_1288106955095229us.jpg 0.571093 0.588601 0.409512 -0.399626 -105.993070 -1080.592592 26.058170
slice25/query/img_08117_c1_1288106955228476us.jpg 0.571171 0.583049 0.412394 -0.404658 -108.003419 -1081.459740 25.982661
slice25/query/img_08118_c1_1288106955295189us.jpg 0.572168 0.579508 0.413758 -0.406939 -108.997223 -1081.907499 25.947739
slice25/query/img_08119_c1_1288106955361800us.jpg 0.572785 0.576383 0.415389 -0.408841 -109.988559 -1082.361225 25.915569
slice25/query/img_08120_c1_1288106955428412us.jpg 0.572512 0.574026 0.417465 -0.410423 -110.977224 -1082.817946 25.888341
slice25/query/img_08121_c1_1288106955561783us.jpg 0.568783 0.571902 0.422971 -0.412928 -112.958734 -1083.735825 25.828315
slice25/query/img_08122_c1_1288106955628373us.jpg 0.565739 0.571964 0.425709 -0.414207 -113.948321 -1084.200685 25.796730
slice25/query/img_08123_c1_1288106955695107us.jpg 0.562477 0.572114 0.428107 -0.415967 -114.935610 -1084.669274 25.760081
slice25/query/img_08124_c1_1288106955761718us.jpg 0.559297 0.572336 0.429942 -0.418054 -115.912908 -1085.144848 25.720043
slice25/query/img_08125_c1_1288106955828330us.jpg 0.556205 0.572114 0.431721 -0.420641 -116.883330 -1085.625114 25.677920
slice25/query/img_08126_c1_1288106955961681us.jpg 0.550007 0.571130 0.434755 -0.426956 -118.807616 -1086.605916 25.591856
slice25/query/img_08127_c1_1288106956028289us.jpg 0.546985 0.570212 0.437045 -0.429718 -119.765473 -1087.109675 25.552029
slice25/query/img_08128_c1_1288106956095026us.jpg 0.543803 0.568367 0.440359 -0.432807 -120.718641 -1087.619597 25.515040
slice25/query/img_08129_c1_1288106956161637us.jpg 0.541008 0.566209 0.443478 -0.435942 -121.658657 -1088.140446 25.478271
slice25/query/img_08130_c1_1288106956295015us.jpg 0.537091 0.560186 0.449884 -0.441961 -123.544260 -1089.241895 25.412006
slice25/query/img_08131_c1_1288106956361597us.jpg 0.535467 0.557064 0.453109 -0.444575 -124.476398 -1089.809740 25.381537
slice25/query/img_08132_c1_1288106956428207us.jpg 0.533616 0.554402 0.455858 -0.447310 -125.403809 -1090.385979 25.349217
slice25/query/img_08133_c1_1288106956494945us.jpg 0.531301 0.551973 0.458202 -0.450662 -126.318577 -1090.966676 25.314864
slice25/query/img_08134_c1_1288106956628192us.jpg 0.525352 0.548105 0.463625 -0.456770 -128.140371 -1092.147926 25.249932
slice25/query/img_08135_c1_1288106956694903us.jpg 0.521977 0.546866 0.466587 -0.459101 -129.047677 -1092.756049 25.213043
slice25/query/img_08136_c1_1288106956761515us.jpg 0.518637 0.545422 0.470370 -0.460742 -129.948621 -1093.376334 25.181715
slice25/query/img_08137_c1_1288106956896254us.jpg 0.515215 0.541703 0.475566 -0.463626 -131.722210 -1094.654638 25.114407
slice25/query/img_08138_c1_1288106956961496us.jpg 0.514791 0.539398 0.477450 -0.464845 -132.594224 -1095.307991 25.083473
slice25/query/img_08139_c1_1288106957028087us.jpg 0.515337 0.536977 0.478421 -0.466044 -133.459102 -1095.971200 25.046486
slice25/query/img_08140_c1_1288106957094823us.jpg 0.516081 0.534678 0.478845 -0.467426 -134.315686 -1096.636472 25.011123
slice25/query/img_08141_c1_1288106957228048us.jpg 0.518704 0.530096 0.478200 -0.470393 -136.043031 -1097.984390 24.922060
slice25/query/img_08142_c1_1288106957294781us.jpg 0.519311 0.529070 0.477535 -0.471551 -136.898036 -1098.653555 24.882359
slice25/query/img_08143_c1_1288106957361394us.jpg 0.519428 0.528365 0.477814 -0.471932 -137.752781 -1099.320068 24.854783
slice25/query/img_08144_c1_1288106957428004us.jpg 0.519266 0.527903 0.478695 -0.471733 -138.608013 -1099.987050 24.830943
slice25/query/img_08145_c1_1288106957561355us.jpg 0.519731 0.527058 0.480363 -0.470468 -140.340796 -1101.337649 24.770722
slice25/query/img_08146_c1_1288106957627965us.jpg 0.519988 0.526871 0.480488 -0.470268 -141.200161 -1102.009452 24.735938
slice25/query/img_08147_c1_1288106957694700us.jpg 0.520344 0.526749 0.480035 -0.470473 -142.048818 -1102.675251 24.702856
slice25/query/img_08148_c1_1288106957761313us.jpg 0.520581 0.526275 0.479632 -0.471152 -142.897100 -1103.336542 24.668475
slice25/query/img_08149_c1_1288106957894663us.jpg 0.520883 0.525494 0.479990 -0.471324 -144.599494 -1104.662860 24.604235
slice25/query/img_08150_c1_1288106957961272us.jpg 0.520933 0.525441 0.480428 -0.470883 -145.450531 -1105.328966 24.571289
slice25/query/img_08151_c1_1288106958027884us.jpg 0.520831 0.525550 0.480459 -0.470842 -146.298172 -1105.988953 24.535611
slice25/query/img_08152_c1_1288106958094620us.jpg 0.520695 0.526058 0.480046 -0.470846 -147.140697 -1106.650313 24.501224
slice25/query/img_08153_c1_1288106958227845us.jpg 0.520524 0.526656 0.479126 -0.471303 -148.846235 -1107.978735 24.426129
slice25/query/img_08154_c1_1288106958294580us.jpg 0.520097 0.527040 0.478969 -0.471505 -149.689759 -1108.634855 24.395166
slice25/query/img_08155_c1_1288106958361191us.jpg 0.519716 0.527635 0.478809 -0.471423 -150.541832 -1109.293488 24.362577
slice25/query/img_08156_c1_1288106958494548us.jpg 0.520027 0.527008 0.478069 -0.472530 -152.239416 -1110.611380 24.303353
slice25/query/img_08157_c1_1288106958561152us.jpg 0.520568 0.527689 0.477965 -0.471277 -153.086297 -1111.270742 24.276061
slice25/query/img_08158_c1_1288106958627763us.jpg 0.520786 0.528776 0.477660 -0.470127 -153.923911 -1111.925965 24.249331
slice25/query/img_08159_c1_1288106958761111us.jpg 0.520861 0.529369 0.477477 -0.469562 -155.619248 -1113.241292 24.190838
slice25/query/img_08160_c1_1288106958827723us.jpg 0.520906 0.529452 0.477120 -0.469781 -156.468336 -1113.894897 24.158261
slice25/query/img_08161_c1_1288106958894459us.jpg 0.520768 0.530037 0.476422 -0.469983 -157.313328 -1114.545481 24.124620
slice25/query/img_08162_c1_1288106959027705us.jpg 0.520714 0.531558 0.474992 -0.469772 -159.005854 -1115.834222 24.061427
slice25/query/img_08163_c1_1288106959094419us.jpg 0.521029 0.531962 0.474986 -0.468970 -159.853362 -1116.479150 24.033242
slice25/query/img_08164_c1_1288106959161030us.jpg 0.521530 0.531933 0.475454 -0.467972 -160.698896 -1117.120520 24.005306
slice25/query/img_08165_c1_1288106959294380us.jpg 0.522273 0.532680 0.475730 -0.466008 -162.396208 -1118.411098 23.951523
slice25/query/img_08166_c1_1288106959360993us.jpg 0.522150 0.533794 0.474770 -0.465850 -163.234713 -1119.044758 23.920563
slice25/query/img_08167_c1_1288106959494360us.jpg 0.521748 0.536003 0.472121 -0.466456 -164.926275 -1120.312131 23.854869
slice25/query/img_08168_c1_1288106959560950us.jpg 0.521044 0.537242 0.471851 -0.466090 -165.777212 -1120.944651 23.826069
slice25/query/img_08169_c1_1288106959627562us.jpg 0.520804 0.538815 0.471038 -0.465365 -166.626109 -1121.574993 23.796448
slice25/query/img_08170_c1_1288106959760912us.jpg 0.521573 0.540957 0.468969 -0.464107 -168.324788 -1122.827695 23.742211
slice25/query/img_08171_c1_1288106959827520us.jpg 0.521814 0.542429 0.468268 -0.462824 -169.161185 -1123.443962 23.718476
slice25/query/img_08172_c1_1288106960027501us.jpg 0.522518 0.545807 0.466931 -0.459396 -171.773627 -1125.325163 23.620654
slice25/query/img_08173_c1_1288106960160829us.jpg 0.523246 0.547948 0.464799 -0.458180 -173.512547 -1126.559747 23.558000
slice25/query/img_08174_c1_1288106960227441us.jpg 0.524380 0.548333 0.463652 -0.457585 -174.380607 -1127.176203 23.528102
slice25/query/img_08175_c1_1288106960294177us.jpg 0.525672 0.548546 0.462331 -0.457183 -175.245437 -1127.786286 23.499687
slice25/query/img_08176_c1_1288106960427406us.jpg 0.528495 0.549366 0.458762 -0.456538 -176.978387 -1129.008112 23.446535
slice25/query/img_08177_c1_1288106960494139us.jpg 0.529658 0.550100 0.457239 -0.455834 -177.852618 -1129.609504 23.423154
slice25/query/img_08178_c1_1288106960560748us.jpg 0.530567 0.551122 0.455951 -0.454832 -178.724687 -1130.207174 23.400967
slice25/query/img_08179_c1_1288106960627360us.jpg 0.531274 0.552662 0.454791 -0.453296 -179.598166 -1130.799045 23.383269
slice25/query/img_08180_c1_1288106960760714us.jpg 0.533213 0.555719 0.452021 -0.450042 -181.364058 -1131.980657 23.343417
slice25/query/img_08181_c1_1288106960827319us.jpg 0.534801 0.556764 0.450369 -0.448520 -182.251664 -1132.564453 23.320742
slice25/query/img_08182_c1_1288106960894056us.jpg 0.536591 0.557696 0.448546 -0.447048 -183.138289 -1133.140685 23.299990
slice25/query/img_08183_c1_1288106960960668us.jpg 0.538753 0.558373 0.446339 -0.445809 -184.022244 -1133.712195 23.279673
slice25/query/img_08184_c1_1288106961094020us.jpg 0.542746 0.560328 0.442194 -0.442633 -185.805545 -1134.841326 23.241797
slice25/query/img_08185_c1_1288106961160627us.jpg 0.544530 0.561462 0.440524 -0.440666 -186.709880 -1135.394612 23.222671
slice25/query/img_08186_c1_1288106961227239us.jpg 0.546211 0.562758 0.438932 -0.438516 -187.619347 -1135.941851 23.203613
slice25/query/img_08187_c1_1288106961360611us.jpg 0.549426 0.565919 0.435148 -0.434181 -189.451422 -1137.022607 23.161903
slice25/query/img_08188_c1_1288106961427199us.jpg 0.551194 0.567384 0.432947 -0.432225 -190.387230 -1137.550331 23.135428
slice25/query/img_08189_c1_1288106961493936us.jpg 0.553047 0.568805 0.430800 -0.430130 -191.320055 -1138.068424 23.109778
slice25/query/img_08190_c1_1288106961560548us.jpg 0.554803 0.570337 0.428659 -0.427972 -192.230641 -1138.577316 23.089737
slice25/query/img_08191_c1_1288106961693918us.jpg 0.557888 0.573927 0.424010 -0.423774 -194.110411 -1139.587612 23.043395
slice25/query/img_08192_c1_1288106961760510us.jpg 0.559216 0.575785 0.422012 -0.421493 -195.050719 -1140.079680 23.022130
slice25/query/img_08193_c1_1288106961827120us.jpg 0.560466 0.577670 0.419823 -0.419431 -195.994121 -1140.564427 22.999599
slice25/query/img_08194_c1_1288106961960491us.jpg 0.562870 0.581850 0.415072 -0.415143 -197.911859 -1141.522171 22.954266
slice25/query/img_08195_c1_1288106962027102us.jpg 0.564224 0.583782 0.412805 -0.412845 -198.869806 -1141.991132 22.933074
slice25/query/img_08196_c1_1288106962093816us.jpg 0.565859 0.585361 0.410700 -0.410466 -199.834041 -1142.455092 22.913710
slice25/query/img_08197_c1_1288106962160428us.jpg 0.567791 0.586797 0.408346 -0.408089 -200.801367 -1142.912205 22.893060
slice25/query/img_08198_c1_1288106962293778us.jpg 0.572010 0.589020 0.403400 -0.403891 -202.737109 -1143.801657 22.858061
slice25/query/img_08199_c1_1288106962360384us.jpg 0.574077 0.590033 0.400831 -0.402035 -203.702101 -1144.233092 22.836432
slice25/query/img_08200_c1_1288106962493757us.jpg 0.577729 0.592816 0.395561 -0.397909 -205.682437 -1145.073210 22.799748
slice25/query/img_08201_c1_1288106962560340us.jpg 0.579013 0.594678 0.393043 -0.395752 -206.675662 -1145.479962 22.781728
slice25/query/img_08202_c1_1288106962626951us.jpg 0.579966 0.596754 0.390652 -0.393593 -207.669793 -1145.880655 22.766657
slice25/query/img_08203_c1_1288106962760299us.jpg 0.581630 0.601086 0.385960 -0.389150 -209.677834 -1146.654966 22.731974
slice25/query/img_08204_c1_1288106962826907us.jpg 0.582610 0.603029 0.383723 -0.386883 -210.687337 -1147.032492 22.714658
slice25/query/img_08205_c1_1288106962893641us.jpg 0.583719 0.604788 0.381538 -0.384620 -211.700401 -1147.402238 22.696486
slice25/query/img_08206_c1_1288106962960251us.jpg 0.585296 0.606100 0.379014 -0.382648 -212.710869 -1147.764760 22.678372
slice25/query/img_08207_c1_1288106963093620us.jpg 0.589066 0.608127 0.373951 -0.378607 -214.746519 -1148.475439 22.647124
slice25/query/img_08208_c1_1288106963160207us.jpg 0.590722 0.609294 0.371462 -0.376597 -215.774519 -1148.814738 22.630047
slice25/query/img_08209_c1_1288106963226817us.jpg 0.592057 0.610480 0.369343 -0.374657 -216.807129 -1149.144669 22.612325
slice25/query/img_08210_c1_1288106963293553us.jpg 0.593326 0.611745 0.367325 -0.372565 -217.838722 -1149.471397 22.595800
slice25/query/img_08211_c1_1288106963426772us.jpg 0.595192 0.614874 0.362857 -0.368797 -219.904728 -1150.103680 22.564439
slice25/query/img_08212_c1_1288106963493509us.jpg 0.595845 0.616605 0.360167 -0.367487 -220.938273 -1150.400234 22.555906
slice25/query/img_08213_c1_1288106963626741us.jpg 0.598081 0.619349 0.355220 -0.364039 -223.038469 -1150.983111 22.522170
slice25/query/img_08214_c1_1288106963693463us.jpg 0.599646 0.619957 0.352470 -0.363102 -224.073097 -1151.268461 22.509898
slice25/query/img_08215_c1_1288106963760074us.jpg 0.601105 0.620941 0.350452 -0.360956 -225.109061 -1151.546479 22.503085
slice25/query/img_08216_c1_1288106963893442us.jpg 0.603020 0.622807 0.347362 -0.357517 -227.231088 -1152.101648 22.493891
slice25/query/img_08217_c1_1288106963960030us.jpg 0.603904 0.623722 0.344941 -0.356772 -228.300889 -1152.368336 22.485005
slice25/query/img_08218_c1_1288106964026640us.jpg 0.604068 0.624783 0.342603 -0.356891 -229.374106 -1152.624999 22.476736
slice25/query/img_08219_c1_1288106964159994us.jpg 0.604827 0.626703 0.338714 -0.355950 -231.509999 -1153.124236 22.465102
slice25/query/img_08220_c1_1288106964226596us.jpg 0.605164 0.627467 0.337166 -0.355500 -232.589412 -1153.370324 22.463396
slice25/query/img_08221_c1_1288106964293331us.jpg 0.606012 0.627744 0.335394 -0.355242 -233.660456 -1153.613951 22.464810
slice25/query/img_08222_c1_1288106964426574us.jpg 0.608443 0.627700 0.332126 -0.354235 -235.837817 -1154.100615 22.473628
slice25/query/img_08223_c1_1288106964493286us.jpg 0.609966 0.627100 0.330851 -0.353870 -236.929219 -1154.338916 22.482157
slice25/query/img_08224_c1_1288106964559897us.jpg 0.612028 0.626051 0.329447 -0.353477 -238.018181 -1154.576780 22.492453
slice25/query/img_08225_c1_1288106964693265us.jpg 0.616529 0.624146 0.325697 -0.352498 -240.194876 -1155.047338 22.524296
slice25/query/img_08226_c1_1288106964759851us.jpg 0.618364 0.623508 0.323846 -0.352119 -241.287405 -1155.275807 22.541233
slice25/query/img_08227_c1_1288106964826462us.jpg 0.620064 0.622688 0.322371 -0.351933 -242.377852 -1155.494347 22.562313
slice25/query/img_08228_c1_1288106964893197us.jpg 0.621140 0.622541 0.321156 -0.351407 -243.465620 -1155.712742 22.586143
slice25/query/img_08229_c1_1288106965026440us.jpg 0.621947 0.623732 0.318056 -0.350686 -245.675335 -1156.137448 22.639053
slice25/query/img_08230_c1_1288106965093153us.jpg 0.622972 0.623516 0.317173 -0.350051 -246.785048 -1156.348269 22.672758
slice25/query/img_08231_c1_1288106965159764us.jpg 0.624133 0.623586 0.315781 -0.349115 -247.894187 -1156.556836 22.701064
slice25/query/img_08232_c1_1288106965293113us.jpg 0.626189 0.623990 0.311756 -0.348327 -250.089555 -1156.959567 22.769976
slice25/query/img_08233_c1_1288106965359724us.jpg 0.627682 0.623260 0.311062 -0.347567 -251.198645 -1157.155660 22.808545
slice25/query/img_08234_c1_1288106965426330us.jpg 0.628951 0.622942 0.310778 -0.346093 -252.311644 -1157.347607 22.852557
slice25/query/img_08235_c1_1288106965493065us.jpg 0.629247 0.623703 0.310498 -0.344433 -253.428008 -1157.533961 22.893659
slice25/query/img_08236_c1_1288106965626309us.jpg 0.627601 0.627479 0.307948 -0.342863 -255.676830 -1157.877489 22.961827
slice25/query/img_08237_c1_1288106965693021us.jpg 0.626780 0.628793 0.306666 -0.343107 -256.795553 -1158.044590 22.993073
slice25/query/img_08238_c1_1288106965759631us.jpg 0.625683 0.629793 0.305428 -0.344376 -257.917839 -1158.199109 23.022536
slice25/query/img_08239_c1_1288106965826242us.jpg 0.625133 0.630467 0.304527 -0.344940 -259.040120 -1158.363580 23.054908
slice25/query/img_08240_c1_1288106965959590us.jpg 0.623735 0.631510 0.304587 -0.345509 -261.310402 -1158.715324 23.130677
slice25/query/img_08241_c1_1288106966026197us.jpg 0.623544 0.631626 0.306176 -0.344235 -262.439160 -1158.883954 23.168568
slice25/query/img_08242_c1_1288106966092933us.jpg 0.623790 0.631122 0.307716 -0.343340 -263.573056 -1159.051236 23.207669
slice25/query/img_08243_c1_1288106966159545us.jpg 0.624310 0.630280 0.308724 -0.343036 -264.704177 -1159.231172 23.244100
slice25/query/img_08244_c1_1288106966292895us.jpg 0.626317 0.627925 0.309355 -0.343129 -266.972315 -1159.607806 23.318663
slice25/query/img_08245_c1_1288106966359499us.jpg 0.626168 0.627705 0.309164 -0.343975 -268.100358 -1159.780112 23.353471
slice25/query/img_08246_c1_1288106966426110us.jpg 0.626027 0.627571 0.308766 -0.344830 -269.230660 -1159.951668 23.375392
slice25/query/img_08247_c1_1288106966559461us.jpg 0.625100 0.628536 0.308393 -0.345089 -271.505279 -1160.323277 23.458785
slice25/query/img_08248_c1_1288106966626068us.jpg 0.624851 0.628583 0.308647 -0.345227 -272.637630 -1160.491716 23.490743
slice25/query/img_08249_c1_1288106966692801us.jpg 0.625123 0.628721 0.308513 -0.344603 -273.771393 -1160.666097 23.525932
slice25/query/img_08250_c1_1288106966759411us.jpg 0.625539 0.628378 0.308990 -0.344046 -274.896941 -1160.838870 23.561710
slice25/query/img_08251_c1_1288106966892762us.jpg 0.626314 0.628120 0.309216 -0.342901 -277.155696 -1161.185893 23.661064
slice25/query/img_08252_c1_1288106966959368us.jpg 0.626841 0.627884 0.308838 -0.342711 -278.275563 -1161.352969 23.696110
slice25/query/img_08253_c1_1288106967025977us.jpg 0.627247 0.627790 0.307693 -0.343170 -279.398035 -1161.519937 23.726858
slice25/query/img_08254_c1_1288106967159348us.jpg 0.628377 0.627378 0.306389 -0.343022 -281.656917 -1161.863446 23.819944
slice25/query/img_08255_c1_1288106967225937us.jpg 0.628282 0.627784 0.306149 -0.342668 -282.786664 -1162.034562 23.858744
slice25/query/img_08256_c1_1288106967292669us.jpg 0.628380 0.628050 0.305531 -0.342554 -283.926197 -1162.203496 23.894583
slice25/query/img_08257_c1_1288106967359280us.jpg 0.628577 0.628156 0.305557 -0.341973 -285.063684 -1162.378011 23.931346
slice25/query/img_08258_c1_1288106967492628us.jpg 0.628373 0.629031 0.305512 -0.340777 -287.340755 -1162.713832 24.018689
slice25/query/img_08259_c1_1288106967559236us.jpg 0.628297 0.629472 0.305449 -0.340160 -288.477014 -1162.873954 24.055405
slice25/query/img_08260_c1_1288106967625846us.jpg 0.627845 0.630186 0.305331 -0.339779 -289.617356 -1163.030350 24.088766
slice25/query/img_08261_c1_1288106967759195us.jpg 0.627361 0.630933 0.304014 -0.340467 -291.911390 -1163.406596 24.145070
slice25/query/img_08262_c1_1288106967892543us.jpg 0.627052 0.631167 0.302799 -0.341683 -294.191609 -1163.749329 24.218906
slice25/query/img_08263_c1_1288106967959170us.jpg 0.627377 0.631003 0.302977 -0.341231 -295.327084 -1163.918753 24.261401
slice25/query/img_08264_c1_1288106968025759us.jpg 0.627914 0.630622 0.303848 -0.340170 -296.458062 -1164.087208 24.301767
slice25/query/img_08265_c1_1288106968092494us.jpg 0.628575 0.630216 0.304523 -0.339096 -297.593975 -1164.250251 24.345276
slice25/query/img_08266_c1_1288106968225744us.jpg 0.629530 0.629479 0.304534 -0.338683 -299.855045 -1164.568672 24.428476
slice25/query/img_08267_c1_1288106968292451us.jpg 0.629449 0.629418 0.304395 -0.339073 -300.984987 -1164.717315 24.465703
slice25/query/img_08268_c1_1288106968359061us.jpg 0.628786 0.629814 0.304324 -0.339631 -302.118738 -1164.867209 24.496320
slice25/query/img_08269_c1_1288106968492432us.jpg 0.627362 0.631119 0.304159 -0.339988 -304.381517 -1165.208495 24.561660
slice25/query/img_08270_c1_1288106968692395us.jpg 0.627970 0.630727 0.303757 -0.339954 -307.810307 -1165.717381 24.682053
slice25/query/img_08271_c1_1288106968958963us.jpg 0.630037 0.628759 0.304281 -0.339306 -312.357696 -1166.409768 24.852246
slice25/query/img_08272_c1_1288106969025541us.jpg 0.629487 0.629348 0.303685 -0.339769 -313.487320 -1166.571206 24.887089
slice25/query/img_08273_c1_1288106969092276us.jpg 0.629034 0.629876 0.303353 -0.339925 -314.617805 -1166.730380 24.922818
slice25/query/img_08274_c1_1288106969225520us.jpg 0.628072 0.630985 0.303477 -0.339537 -316.870879 -1167.036849 25.002842
slice25/query/img_08275_c1_1288106969292233us.jpg 0.628258 0.630898 0.304325 -0.338593 -318.008201 -1167.199192 25.045172
slice25/query/img_08276_c1_1288106969358844us.jpg 0.628352 0.630810 0.305123 -0.337866 -319.140601 -1167.365295 25.090439
