slice25/query/img_08904_c1_1288793107508113us.jpg 0.623421 0.622017 0.337287 -0.332685 -66.984658 -1069.223105 27.469042
slice25/query/img_08905_c1_1288793107641466us.jpg 0.619134 0.621498 0.346042 -0.332668 -69.065393 -1069.590405 27.438491
slice25/query/img_08906_c1_1288793107708096us.jpg 0.617817 0.620289 0.349804 -0.333437 -70.102595 -1069.784256 27.410760
slice25/query/img_08907_c1_1288793107774814us.jpg 0.617383 0.618452 0.352452 -0.334863 -71.125685 -1069.990364 27.377800
slice25/query/img_08908_c1_1288793107841427us.jpg 0.617123 0.616736 0.354103 -0.336760 -72.147767 -1070.203470 27.342153
slice25/query/img_08909_c1_1288793107974798us.jpg 0.616627 0.612845 0.357195 -0.341473 -74.179801 -1070.645688 27.260018
slice25/query/img_08910_c1_1288793108041390us.jpg 0.616265 0.611103 0.359271 -0.343066 -75.190344 -1070.878347 27.221186
slice25/query/img_08911_c1_1288793108108003us.jpg 0.615616 0.609738 0.361236 -0.344595 -76.199569 -1071.114556 27.185607
slice25/query/img_08912_c1_1288793108241375us.jpg 0.613276 0.608064 0.365346 -0.347380 -78.218568 -1071.598665 27.112285
slice25/query/img_08913_c1_1288793108307967us.jpg 0.612030 0.607507 0.367387 -0.348399 -79.224098 -1071.850466 27.077991
slice25/query/img_08914_c1_1288793108374704us.jpg 0.610835 0.606935 0.369711 -0.349034 -80.230316 -1072.107254 27.045584
slice25/query/img_08915_c1_1288793108507934us.jpg 0.607410 0.604867 0.371681 -0.356429 -82.237958 -1072.609189 26.937932
slice25/query/img_08916_c1_1288793108574668us.jpg 0.605761 0.604855 0.373806 -0.357034 -83.249993 -1072.895641 26.903612
slice25/query/img_08917_c1_1288793108641281us.jpg 0.604576 0.604349 0.376865 -0.356683 -84.265533 -1073.187517 26.866327
slice25/query/img_08918_c1_1288793108774631us.jpg 0.602473 0.602474 0.379747 -0.360340 -86.280195 -1073.748445 26.762452
slice25/query/img_08919_c1_1288793108841245us.jpg 0.602182 0.600660 0.379969 -0.363605 -87.284955 -1074.044575 26.706907
slice25/query/img_08920_c1_1288793108974616us.jpg 0.601230 0.597787 0.379767 -0.370068 -89.290526 -1074.650227 26.609427
slice25/query/img_08921_c1_1288793109041227us.jpg 0.600258 0.597268 0.379980 -0.372260 -90.288182 -1074.959969 26.570805
slice25/query/img_08922_c1_1288793109107819us.jpg 0.598598 0.596957 0.381675 -0.373692 -91.289253 -1075.272121 26.539435
slice25/query/img_08923_c1_1288793109174559us.jpg 0.596821 0.596532 0.384994 -0.373811 -92.293611 -1075.590998 26.514298
slice25/query/img_08924_c1_1288793109307785us.jpg 0.593263 0.595751 0.391041 -0.374440 -94.303065 -1076.254510 26.450430
slice25/query/img_08925_c1_1288793109441137us.jpg 0.591742 0.593156 0.393668 -0.378197 -96.303699 -1076.953250 26.372158
slice25/query/img_08926_c1_1288793109507747us.jpg 0.592504 0.590234 0.393438 -0.381798 -97.287524 -1077.310128 26.329677
slice25/query/img_08927_c1_1288793109574486us.jpg 0.593924 0.586623 0.391899 -0.386708 -98.259198 -1077.672974 26.289407
slice25/query/img_08928_c1_1288793109707713us.jpg 0.592572 0.583724 0.392931 -0.392085 -100.224972 -1078.414792 26.233287
slice25/query/img_08929_c1_1288793109774449us.jpg 0.589416 0.584453 0.396116 -0.392551 -101.218962 -1078.774920 26.217520
slice25/query/img_08930_c1_1288793109841062us.jpg 0.585006 0.586030 0.399986 -0.392871 -102.207835 -1079.143391 26.203614
slice25/query/img_08931_c1_1288793109974414us.jpg 0.575508 0.589866 0.406085 -0.394898 -104.175696 -1079.901013 26.145527
slice25/query/img_08932_c1_1288793110041025us.jpg 0.572486 0.589949 0.408377 -0.396798 -105.157518 -1080.287862 26.110125
slice25/query/img_08933_c1_1288793110107637us.jpg 0.571069 0.588224 0.410456 -0.399247 -106.130633 -1080.684174 26.073755
slice25/query/img_08934_c1_1288793110240990us.jpg 0.571543 0.581849 0.413278 -0.404959 -108.066400 -1081.517299 25.997259
slice25/query/img_08935_c1_1288793110307601us.jpg 0.572321 0.578262 0.414994 -0.407237 -109.024707 -1081.948288 25.965100
slice25/query/img_08936_c1_1288793110374338us.jpg 0.572353 0.575264 0.417138 -0.409242 -109.979751 -1082.382543 25.935458
slice25/query/img_08937_c1_1288793110507588us.jpg 0.569436 0.571981 0.422225 -0.412682 -111.890496 -1083.272410 25.877519
slice25/query/img_08938_c1_1288793110574325us.jpg 0.566412 0.571572 0.425452 -0.414094 -112.850121 -1083.719607 25.845529
slice25/query/img_08939_c1_1288793110640914us.jpg 0.562953 0.571639 0.428366 -0.415710 -113.804909 -1084.171791 25.814255
slice25/query/img_08940_c1_1288793110707528us.jpg 0.559453 0.571742 0.430728 -0.417848 -114.752628 -1084.627577 25.777847
slice25/query/img_08941_c1_1288793110840882us.jpg 0.553845 0.570642 0.434306 -0.423086 -116.626194 -1085.574193 25.698155
slice25/query/img_08942_c1_1288793110907491us.jpg 0.551699 0.569441 0.435910 -0.425849 -117.559586 -1086.064257 25.660709
slice25/query/img_08943_c1_1288793110974229us.jpg 0.549523 0.568364 0.437287 -0.428681 -118.483902 -1086.562937 25.623718
slice25/query/img_08944_c1_1288793111107461us.jpg 0.544906 0.565635 0.442274 -0.433046 -120.358423 -1087.598424 25.554019
slice25/query/img_08945_c1_1288793111174214us.jpg 0.542968 0.563833 0.444999 -0.435033 -121.295156 -1088.131765 25.521054
slice25/query/img_08946_c1_1288793111240805us.jpg 0.541281 0.561586 0.447571 -0.437397 -122.219489 -1088.668818 25.490432
slice25/query/img_08947_c1_1288793111307418us.jpg 0.540113 0.559068 0.449885 -0.439687 -123.135475 -1089.213304 25.458098
slice25/query/img_08948_c1_1288793111440772us.jpg 0.538572 0.554139 0.453536 -0.444043 -124.944970 -1090.329034 25.385231
slice25/query/img_08949_c1_1288793111507381us.jpg 0.537184 0.552246 0.454939 -0.446641 -125.838375 -1090.890519 25.353190
slice25/query/img_08950_c1_1288793111574119us.jpg 0.535142 0.550530 0.456447 -0.449662 -126.728997 -1091.455322 25.319771
slice25/query/img_08951_c1_1288793111640731us.jpg 0.532519 0.548912 0.458988 -0.452161 -127.618665 -1092.025187 25.292449
slice25/query/img_08952_c1_1288793111774085us.jpg 0.525885 0.548384 0.463981 -0.455458 -129.394018 -1093.192487 25.228989
slice25/query/img_08953_c1_1288793111840694us.jpg 0.522678 0.548123 0.466546 -0.456842 -130.276393 -1093.789170 25.197328
slice25/query/img_08954_c1_1288793111907308us.jpg 0.520232 0.546890 0.469594 -0.457987 -131.152465 -1094.395184 25.166517
slice25/query/img_08955_c1_1288793112043102us.jpg 0.518919 0.541923 0.473691 -0.461150 -132.863516 -1095.625411 25.085250
slice25/query/img_08956_c1_1288793112107272us.jpg 0.518593 0.539547 0.474718 -0.463242 -133.716305 -1096.253306 25.040653
slice25/query/img_08957_c1_1288793112174008us.jpg 0.518514 0.537007 0.475522 -0.465452 -134.563128 -1096.885987 25.001493
slice25/query/img_08958_c1_1288793112240623us.jpg 0.518774 0.534600 0.476031 -0.467408 -135.394953 -1097.520006 24.966545
slice25/query/img_08959_c1_1288793112373974us.jpg 0.521615 0.529373 0.476155 -0.470062 -137.024477 -1098.808551 24.881916
slice25/query/img_08960_c1_1288793112440585us.jpg 0.521365 0.528438 0.477143 -0.470390 -137.855367 -1099.449070 24.856368
slice25/query/img_08961_c1_1288793112507199us.jpg 0.521043 0.527431 0.478699 -0.470297 -138.687146 -1100.089160 24.836246
slice25/query/img_08962_c1_1288793112640551us.jpg 0.521725 0.525235 0.480609 -0.470050 -140.339669 -1101.376581 24.780669
slice25/query/img_08963_c1_1288793112707161us.jpg 0.522641 0.524317 0.480916 -0.469743 -141.162666 -1102.026399 24.751667
slice25/query/img_08964_c1_1288793112840533us.jpg 0.524277 0.522514 0.480254 -0.470604 -142.798122 -1103.317694 24.685779
slice25/query/img_08965_c1_1288793112907125us.jpg 0.524719 0.521808 0.480492 -0.470652 -143.619425 -1103.962306 24.656200
slice25/query/img_08966_c1_1288793112973862us.jpg 0.524731 0.521462 0.481059 -0.470444 -144.439023 -1104.604398 24.629251
slice25/query/img_08967_c1_1288793113107774us.jpg 0.523960 0.522320 0.481702 -0.469692 -146.084810 -1105.890867 24.564383
slice25/query/img_08968_c1_1288793113173826us.jpg 0.523650 0.523065 0.481376 -0.469543 -146.903431 -1106.534346 24.532184
slice25/query/img_08969_c1_1288793113240439us.jpg 0.523583 0.523666 0.480736 -0.469604 -147.723196 -1107.181024 24.499859
slice25/query/img_08970_c1_1288793113307052us.jpg 0.523798 0.523792 0.480183 -0.469790 -148.539482 -1107.823934 24.468408
slice25/query/img_08971_c1_1288793113440425us.jpg 0.523739 0.524325 0.479789 -0.469662 -150.179911 -1109.100722 24.410619
slice25/query/img_08972_c1_1288793113507015us.jpg 0.523515 0.524899 0.479402 -0.469667 -151.001084 -1109.737225 24.379946
slice25/query/img_08973_c1_1288793113573753us.jpg 0.523782 0.524426 0.478856 -0.470453 -151.818121 -1110.372061 24.349043
slice25/query/img_08974_c1_1288793113706981us.jpg 0.523652 0.525655 0.479394 -0.468676 -153.468180 -1111.651095 24.292678
slice25/query/img_08975_c1_1288793113773717us.jpg 0.523621 0.526478 0.479546 -0.467630 -154.299087 -1112.292402 24.263093
slice25/query/img_08976_c1_1288793113840329us.jpg 0.523869 0.526848 0.478774 -0.467726 -155.119109 -1112.926377 24.232011
slice25/query/img_08977_c1_1288793113973683us.jpg 0.523736 0.527674 0.477673 -0.468070 -156.760800 -1114.179046 24.168758
slice25/query/img_08978_c1_1288793114040292us.jpg 0.523466 0.528827 0.476686 -0.468076 -157.583142 -1114.805674 24.135360
slice25/query/img_08979_c1_1288793114106905us.jpg 0.523400 0.529863 0.475662 -0.468020 -158.403511 -1115.430957 24.102843
slice25/query/img_08980_c1_1288793114240258us.jpg 0.524161 0.530443 0.475399 -0.466778 -160.046274 -1116.676201 24.046773
slice25/query/img_08981_c1_1288793114306870us.jpg 0.524983 0.530157 0.475973 -0.465593 -160.875226 -1117.305407 24.020097
slice25/query/img_08982_c1_1288793114373607us.jpg 0.525586 0.530179 0.476156 -0.464699 -161.697917 -1117.928515 23.993418
slice25/query/img_08983_c1_1288793114440220us.jpg 0.525798 0.530729 0.475839 -0.464156 -162.524531 -1118.551011 23.961225
slice25/query/img_08984_c1_1288793114573574us.jpg 0.525176 0.533156 0.473332 -0.464641 -164.182569 -1119.785245 23.895804
slice25/query/img_08985_c1_1288793114640182us.jpg 0.524806 0.534465 0.472298 -0.464608 -165.011894 -1120.398796 23.862119
slice25/query/img_08986_c1_1288793114706800us.jpg 0.523888 0.536166 0.471610 -0.464383 -165.843440 -1121.009917 23.828899
slice25/query/img_08987_c1_1288793114840168us.jpg 0.523313 0.538935 0.470486 -0.462964 -167.500372 -1122.227678 23.770181
slice25/query/img_08988_c1_1288793114906760us.jpg 0.523768 0.539759 0.469619 -0.462369 -168.327978 -1122.833976 23.746815
slice25/query/img_08989_c1_1288793115040133us.jpg 0.524591 0.541884 0.468520 -0.460061 -169.996276 -1124.044166 23.692879
slice25/query/img_08990_c1_1288793115106745us.jpg 0.524623 0.543083 0.467833 -0.459309 -170.835647 -1124.644553 23.664020
slice25/query/img_08991_c1_1288793115173461us.jpg 0.524548 0.544324 0.467054 -0.458718 -171.676398 -1125.243743 23.634778
slice25/query/img_08992_c1_1288793115240075us.jpg 0.524494 0.545695 0.465935 -0.458287 -172.516447 -1125.841053 23.604506
slice25/query/img_08993_c1_1288793115373446us.jpg 0.525425 0.547389 0.464200 -0.456960 -174.200814 -1127.026032 23.546438
slice25/query/img_08994_c1_1288793115440036us.jpg 0.526525 0.547809 0.462887 -0.456521 -175.040560 -1127.616780 23.518753
slice25/query/img_08995_c1_1288793115506650us.jpg 0.527892 0.548129 0.461313 -0.456153 -175.878581 -1128.208110 23.492865
slice25/query/img_08996_c1_1288793115640022us.jpg 0.530444 0.548936 0.458395 -0.455163 -177.568167 -1129.381778 23.447043
slice25/query/img_08997_c1_1288793115706612us.jpg 0.531429 0.549728 0.457162 -0.454297 -178.417092 -1129.961672 23.424701
slice25/query/img_08998_c1_1288793115773351us.jpg 0.531996 0.551065 0.456193 -0.452986 -179.270991 -1130.536233 23.403633
slice25/query/img_08999_c1_1288793115839963us.jpg 0.532579 0.552622 0.455178 -0.451421 -180.127824 -1131.106354 23.380746
slice25/query/img_09000_c1_1288793115973317us.jpg 0.534504 0.555268 0.452341 -0.448743 -181.853164 -1132.240502 23.334374
slice25/query/img_09001_c1_1288793116039926us.jpg 0.535833 0.556310 0.450809 -0.447408 -182.714486 -1132.799587 23.313123
slice25/query/img_09002_c1_1288793116106539us.jpg 0.537446 0.557099 0.448923 -0.446387 -183.573746 -1133.354661 23.292500
slice25/query/img_09003_c1_1288793116239914us.jpg 0.540998 0.558763 0.445066 -0.443870 -185.309501 -1134.455657 23.251235
slice25/query/img_09004_c1_1288793116306503us.jpg 0.542595 0.559809 0.443598 -0.442069 -186.181716 -1135.000453 23.233475
slice25/query/img_09005_c1_1288793116373241us.jpg 0.544262 0.560901 0.442237 -0.439994 -187.058574 -1135.540332 23.216140
slice25/query/img_09006_c1_1288793116507125us.jpg 0.547526 0.563530 0.438924 -0.435883 -188.823775 -1136.600844 23.179195
slice25/query/img_09007_c1_1288793116573207us.jpg 0.549370 0.564708 0.436933 -0.434037 -189.707736 -1137.124409 23.159459
slice25/query/img_09008_c1_1288793116639818us.jpg 0.551387 0.565749 0.434898 -0.432162 -190.599145 -1137.643578 23.139674
slice25/query/img_09009_c1_1288793116706429us.jpg 0.553059 0.567123 0.432884 -0.430243 -191.490282 -1138.153544 23.121229
slice25/query/img_09010_c1_1288793116839802us.jpg 0.555932 0.570629 0.428453 -0.426323 -193.286798 -1139.154729 23.077975
slice25/query/img_09011_c1_1288793116906393us.jpg 0.557190 0.572455 0.426394 -0.424291 -194.188159 -1139.644156 23.056798
slice25/query/img_09012_c1_1288793116973130us.jpg 0.558403 0.574382 0.424325 -0.422160 -195.092659 -1140.125989 23.035866
slice25/query/img_09013_c1_1288793117106379us.jpg 0.560756 0.578306 0.419781 -0.418208 -196.909396 -1141.074549 22.990238
slice25/query/img_09014_c1_1288793117173117us.jpg 0.562053 0.580224 0.417409 -0.416180 -197.826749 -1141.537985 22.967961
slice25/query/img_09015_c1_1288793117239706us.jpg 0.563521 0.581925 0.415325 -0.413900 -198.741465 -1141.993140 22.948238
slice25/query/img_09016_c1_1288793117306320us.jpg 0.565122 0.583427 0.413322 -0.411600 -199.655954 -1142.443827 22.929195
slice25/query/img_09017_c1_1288793117439673us.jpg 0.568572 0.586341 0.408645 -0.407356 -201.502459 -1143.326096 22.890363
slice25/query/img_09018_c1_1288793117506283us.jpg 0.570542 0.587415 0.406300 -0.405396 -202.432573 -1143.754049 22.872642
slice25/query/img_09019_c1_1288793117573021us.jpg 0.572616 0.588485 0.403664 -0.403550 -203.368961 -1144.179609 22.851877
slice25/query/img_09020_c1_1288793117706248us.jpg 0.576249 0.591077 0.398371 -0.399832 -205.245249 -1145.002956 22.813761
slice25/query/img_09021_c1_1288793117772985us.jpg 0.577715 0.592667 0.395948 -0.397764 -206.191661 -1145.402927 22.795420
slice25/query/img_09022_c1_1288793117839597us.jpg 0.578894 0.594578 0.393648 -0.395474 -207.142489 -1145.794322 22.778611
slice25/query/img_09023_c1_1288793117972969us.jpg 0.580892 0.598487 0.389106 -0.391120 -209.063839 -1146.557104 22.740571
slice25/query/img_09024_c1_1288793118039561us.jpg 0.581859 0.600319 0.387130 -0.388827 -210.024336 -1146.925362 22.724543
slice25/query/img_09025_c1_1288793118106173us.jpg 0.582988 0.602185 0.384907 -0.386451 -210.987031 -1147.286531 22.708064
slice25/query/img_09026_c1_1288793118239526us.jpg 0.586011 0.605020 0.380031 -0.382254 -212.918307 -1147.993160 22.674664
slice25/query/img_09027_c1_1288793118306142us.jpg 0.587985 0.605885 0.377477 -0.380379 -213.891162 -1148.336286 22.655474
slice25/query/img_09028_c1_1288793118372874us.jpg 0.589839 0.606948 0.374910 -0.378348 -214.863961 -1148.672038 22.637594
slice25/query/img_09029_c1_1288793118439488us.jpg 0.591434 0.608237 0.372467 -0.376194 -215.837341 -1148.997367 22.622041
slice25/query/img_09030_c1_1288793118572838us.jpg 0.594069 0.610914 0.368502 -0.371580 -217.807515 -1149.626472 22.594010
slice25/query/img_09031_c1_1288793118639451us.jpg 0.595251 0.612375 0.366273 -0.369483 -218.788934 -1149.931674 22.578959
slice25/query/img_09032_c1_1288793118772804us.jpg 0.597401 0.615690 0.360707 -0.365963 -220.768706 -1150.513759 22.548642
slice25/query/img_09033_c1_1288793118839437us.jpg 0.598636 0.617159 0.358016 -0.364107 -221.761933 -1150.798899 22.534407
slice25/query/img_09034_c1_1288793118906027us.jpg 0.599799 0.618480 0.355406 -0.362505 -222.755241 -1151.078512 22.521031
slice25/query/img_09035_c1_1288793118972765us.jpg 0.601348 0.619345 0.352476 -0.361322 -223.750710 -1151.350629 22.510192
slice25/query/img_09036_c1_1288793119105992us.jpg 0.602900 0.622250 0.348503 -0.357578 -225.755025 -1151.872126 22.488097
slice25/query/img_09037_c1_1288793119172728us.jpg 0.603232 0.623445 0.347024 -0.356374 -226.765132 -1152.112895 22.479959
slice25/query/img_09038_c1_1288793119305956us.jpg 0.603783 0.625221 0.343130 -0.356098 -228.794438 -1152.595573 22.460253
slice25/query/img_09039_c1_1288793119372693us.jpg 0.603925 0.626010 0.341185 -0.356341 -229.811744 -1152.828761 22.450791
slice25/query/img_09040_c1_1288793119507162us.jpg 0.604542 0.627473 0.338270 -0.355499 -231.852425 -1153.296294 22.447172
slice25/query/img_09041_c1_1288793119572661us.jpg 0.605661 0.627645 0.336476 -0.354993 -232.870650 -1153.527017 22.446670
slice25/query/img_09042_c1_1288793119639269us.jpg 0.607238 0.627330 0.334984 -0.354266 -233.882285 -1153.756006 22.450551
slice25/query/img_09043_c1_1288793119772642us.jpg 0.610859 0.626625 0.331774 -0.352305 -235.928264 -1154.207978 22.469186
slice25/query/img_09044_c1_1288793119839231us.jpg 0.612605 0.626051 0.330605 -0.351392 -236.950744 -1154.426864 22.480041
slice25/query/img_09045_c1_1288793119905845us.jpg 0.614498 0.625358 0.329054 -0.350776 -237.976493 -1154.644683 22.491529
slice25/query/img_09046_c1_1288793120039197us.jpg 0.617586 0.625161 0.324282 -0.350146 -240.008029 -1155.067036 22.514367
slice25/query/img_09047_c1_1288793120105808us.jpg 0.619081 0.625022 0.322139 -0.349733 -241.025935 -1155.267843 22.529776
slice25/query/img_09048_c1_1288793120172545us.jpg 0.620860 0.624406 0.320514 -0.349171 -242.046535 -1155.468005 22.549665
slice25/query/img_09049_c1_1288793120306775us.jpg 0.623237 0.624390 0.317310 -0.347888 -244.087169 -1155.849452 22.597164
slice25/query/img_09050_c1_1288793120372510us.jpg 0.623826 0.624891 0.315692 -0.347406 -245.108066 -1156.032580 22.621987
slice25/query/img_09051_c1_1288793120439122us.jpg 0.624333 0.624938 0.315426 -0.346652 -246.134214 -1156.212255 22.651793
slice25/query/img_09052_c1_1288793120505734us.jpg 0.625618 0.624369 0.314576 -0.346132 -247.156352 -1156.393240 22.682863
slice25/query/img_09053_c1_1288793120639107us.jpg 0.627140 0.625360 0.310350 -0.345403 -249.181139 -1156.736593 22.742191
slice25/query/img_09054_c1_1288793120705697us.jpg 0.627848 0.625423 0.309028 -0.345188 -250.191409 -1156.903972 22.775046
slice25/query/img_09055_c1_1288793120772436us.jpg 0.628566 0.624998 0.308714 -0.344932 -251.213180 -1157.067277 22.809797
slice25/query/img_09056_c1_1288793120905686us.jpg 0.628371 0.625906 0.308543 -0.343791 -253.257324 -1157.379217 22.879218
slice25/query/img_09057_c1_1288793120972402us.jpg 0.627260 0.627745 0.307779 -0.343153 -254.283276 -1157.531841 22.909405
slice25/query/img_09058_c1_1288793121039011us.jpg 0.626127 0.629635 0.306697 -0.342727 -255.307811 -1157.683382 22.939278
slice25/query/img_09059_c1_1288793121105625us.jpg 0.625244 0.630668 0.305994 -0.343067 -256.333624 -1157.833125 22.967585
slice25/query/img_09060_c1_1288793121238997us.jpg 0.624733 0.630804 0.304470 -0.345099 -258.389553 -1158.129874 23.021239
slice25/query/img_09061_c1_1288793121305591us.jpg 0.624414 0.630836 0.304003 -0.346027 -259.420986 -1158.287008 23.051407
slice25/query/img_09062_c1_1288793121372326us.jpg 0.624089 0.630906 0.304495 -0.346054 -260.451752 -1158.448399 23.088296
slice25/query/img_09063_c1_1288793121438939us.jpg 0.624333 0.630676 0.305358 -0.345272 -261.489915 -1158.613439 23.128648
slice25/query/img_09064_c1_1288793121572314us.jpg 0.625889 0.628541 0.309556 -0.342599 -263.575528 -1158.925650 23.204799
slice25/query/img_09065_c1_1288793121638925us.jpg 0.626664 0.627457 0.310767 -0.342072 -264.617601 -1159.093775 23.239952
slice25/query/img_09066_c1_1288793121705515us.jpg 0.626978 0.626855 0.311230 -0.342180 -265.656336 -1159.258033 23.273235
slice25/query/img_09067_c1_1288793121772253us.jpg 0.626880 0.626595 0.310861 -0.343170 -266.696249 -1159.425148 23.304719
slice25/query/img_09068_c1_1288793121905480us.jpg 0.625543 0.627147 0.309738 -0.345607 -268.770950 -1159.739798 23.369248
slice25/query/img_09069_c1_1288793121972238us.jpg 0.624877 0.627636 0.309438 -0.346193 -269.814221 -1159.899832 23.398562
slice25/query/img_09070_c1_1288793122038829us.jpg 0.624148 0.628222 0.309775 -0.346145 -270.854857 -1160.066108 23.431282
slice25/query/img_09071_c1_1288793122105442us.jpg 0.624066 0.628288 0.309834 -0.346120 -271.896363 -1160.233575 23.466933
slice25/query/img_09072_c1_1288793122238816us.jpg 0.624440 0.627859 0.309497 -0.346524 -273.974471 -1160.567953 23.536879
slice25/query/img_09073_c1_1288793122305434us.jpg 0.624728 0.627673 0.309623 -0.346229 -275.011340 -1160.736752 23.571462
slice25/query/img_09074_c1_1288793122372143us.jpg 0.624804 0.627545 0.310203 -0.345805 -276.046210 -1160.898391 23.606880
slice25/query/img_09075_c1_1288793122438756us.jpg 0.624658 0.627692 0.310155 -0.345847 -277.075770 -1161.061726 23.640356
slice25/query/img_09076_c1_1288793122572113us.jpg 0.624831 0.627521 0.309463 -0.346463 -279.146522 -1161.389006 23.709840
slice25/query/img_09077_c1_1288793122638721us.jpg 0.624976 0.627460 0.308614 -0.347069 -280.183036 -1161.551898 23.738961
slice25/query/img_09078_c1_1288793122705332us.jpg 0.625166 0.627397 0.308153 -0.347250 -281.228360 -1161.716024 23.772632
slice25/query/img_09079_c1_1288793122838688us.jpg 0.625543 0.626980 0.308194 -0.347286 -283.298251 -1162.053694 23.843373
slice25/query/img_09080_c1_1288793122905299us.jpg 0.625766 0.626731 0.308397 -0.347156 -284.354758 -1162.213702 23.878721
slice25/query/img_09081_c1_1288793122972033us.jpg 0.625943 0.626855 0.308468 -0.346549 -285.406026 -1162.379219 23.915375
slice25/query/img_09082_c1_1288793123038646us.jpg 0.625675 0.627237 0.308354 -0.346443 -286.460292 -1162.544631 23.954993
slice25/query/img_09083_c1_1288793123172001us.jpg 0.625406 0.628306 0.307698 -0.345573 -288.572036 -1162.854995 24.040137
slice25/query/img_09084_c1_1288793123238610us.jpg 0.625066 0.628922 0.307650 -0.345109 -289.627036 -1163.021411 24.072355
slice25/query/img_09085_c1_1288793123305223us.jpg 0.624949 0.629289 0.307493 -0.344793 -290.693870 -1163.178669 24.105112
slice25/query/img_09086_c1_1288793123371961us.jpg 0.624967 0.629381 0.307219 -0.344836 -291.756606 -1163.339855 24.136406
slice25/query/img_09087_c1_1288793123505191us.jpg 0.625595 0.629106 0.305690 -0.345557 -293.869732 -1163.647820 24.215141
slice25/query/img_09088_c1_1288793123571924us.jpg 0.625943 0.629110 0.305262 -0.345298 -294.942989 -1163.811556 24.251699
slice25/query/img_09089_c1_1288793123638537us.jpg 0.626740 0.628765 0.305759 -0.344040 -296.006954 -1163.979784 24.291733
slice25/query/img_09090_c1_1288793123771908us.jpg 0.628231 0.628125 0.306622 -0.341713 -298.122760 -1164.272403 24.384121
slice25/query/img_09091_c1_1288793123838500us.jpg 0.628644 0.628011 0.306090 -0.341641 -299.184577 -1164.430601 24.418880
slice25/query/img_09092_c1_1288793123905113us.jpg 0.628530 0.628129 0.305798 -0.341895 -300.244074 -1164.577568 24.450699
slice25/query/img_09093_c1_1288793123971851us.jpg 0.627980 0.628660 0.305218 -0.342448 -301.304216 -1164.724662 24.483192
slice25/query/img_09094_c1_1288793124105080us.jpg 0.625956 0.630115 0.305401 -0.343313 -303.425615 -1164.993382 24.553187
slice25/query/img_09095_c1_1288793124171815us.jpg 0.624884 0.630766 0.305481 -0.343998 -304.489492 -1165.143166 24.587813
slice25/query/img_09096_c1_1288793124238427us.jpg 0.624185 0.631214 0.306142 -0.343859 -305.556686 -1165.290527 24.623336
slice25/query/img_09097_c1_1288793124305041us.jpg 0.624058 0.630959 0.306228 -0.344481 -306.624930 -1165.441405 24.654643
slice25/query/img_09098_c1_1288793124438403us.jpg 0.625409 0.628846 0.307181 -0.345044 -308.771085 -1165.734510 24.749631
slice25/query/img_09099_c1_1288793124505003us.jpg 0.625981 0.627947 0.307836 -0.345063 -309.857377 -1165.906525 24.786703
slice25/query/img_09100_c1_1288793124571742us.jpg 0.626027 0.627435 0.308311 -0.345485 -310.938793 -1166.073700 24.821502
slice25/query/img_09101_c1_1288793124638354us.jpg 0.625912 0.627181 0.309095 -0.345454 -312.017382 -1166.251930 24.853907
slice25/query/img_09102_c1_1288793124771707us.jpg 0.624600 0.627535 0.309033 -0.347237 -314.166888 -1166.586133 24.930837
slice25/query/img_09103_c1_1288793124838317us.jpg 0.624007 0.627983 0.309189 -0.347354 -315.244615 -1166.743210 24.963204
slice25/query/img_09104_c1_1288793124904931us.jpg 0.623478 0.628407 0.309584 -0.347185 -316.307185 -1166.907129 24.998869
slice25/query/img_09105_c1_1288793125038304us.jpg 0.624006 0.627706 0.311412 -0.345867 -318.450940 -1167.243839 25.090897
slice25/query/img_09106_c1_1288793125238246us.jpg 0.626154 0.626515 0.312733 -0.342940 -321.545881 -1167.755601 25.179544
