slice25/query/img_08258_c1_1289590360816643us.jpg 0.619299 0.620508 0.345039 -0.335240 -68.618225 -1069.658905 27.431206
slice25/query/img_08259_c1_1289590360949879us.jpg 0.618599 0.617309 0.351213 -0.336027 -70.735015 -1070.078520 27.377855
slice25/query/img_08260_c1_1289590361016598us.jpg 0.618368 0.615607 0.353045 -0.337651 -71.782231 -1070.295503 27.341652
slice25/query/img_08261_c1_1289590361149825us.jpg 0.617206 0.612825 0.355727 -0.341995 -73.868395 -1070.744252 27.261243
slice25/query/img_08262_c1_1289590361216563us.jpg 0.616192 0.611730 0.357421 -0.344011 -74.907896 -1070.973910 27.219220
slice25/query/img_08263_c1_1289590361349807us.jpg 0.613124 0.610303 0.361220 -0.348037 -76.976251 -1071.443576 27.141050
slice25/query/img_08264_c1_1289590361416533us.jpg 0.611538 0.609699 0.363058 -0.349967 -78.005268 -1071.682106 27.101983
slice25/query/img_08265_c1_1289590361483141us.jpg 0.610157 0.608971 0.365093 -0.351526 -79.028920 -1071.931319 27.065341
slice25/query/img_08266_c1_1289590361616494us.jpg 0.608073 0.606473 0.369040 -0.355313 -81.067419 -1072.447809 26.985685
slice25/query/img_08267_c1_1289590361683106us.jpg 0.607105 0.605351 0.371364 -0.356459 -82.116531 -1072.728363 26.946463
slice25/query/img_08268_c1_1289590361749720us.jpg 0.605130 0.605058 0.374109 -0.357442 -83.167989 -1073.007994 26.910296
slice25/query/img_08269_c1_1289590361816458us.jpg 0.602670 0.605034 0.377382 -0.358196 -84.220914 -1073.290335 26.871153
slice25/query/img_08270_c1_1289590361949756us.jpg 0.600279 0.603010 0.380259 -0.362557 -86.364243 -1073.898055 26.752190
slice25/query/img_08271_c1_1289590362016422us.jpg 0.599809 0.601130 0.380768 -0.365907 -87.424417 -1074.210949 26.697033
slice25/query/img_08272_c1_1289590362083036us.jpg 0.599413 0.599415 0.380602 -0.369525 -88.478837 -1074.532214 26.641775
slice25/query/img_08273_c1_1289590362216396us.jpg 0.597756 0.597442 0.380830 -0.375126 -90.578397 -1075.196114 26.555595
slice25/query/img_08274_c1_1289590362283001us.jpg 0.596219 0.597229 0.382838 -0.375867 -91.630764 -1075.535813 26.526350
slice25/query/img_08275_c1_1289590362349614us.jpg 0.594230 0.597078 0.386041 -0.375980 -92.688895 -1075.879560 26.501781
slice25/query/img_08276_c1_1289590362416353us.jpg 0.592368 0.596763 0.389294 -0.376065 -93.745406 -1076.229107 26.470817
slice25/query/img_08277_c1_1289590362549599us.jpg 0.590558 0.594490 0.392986 -0.378663 -95.884584 -1076.958606 26.382364
slice25/query/img_08278_c1_1289590362616317us.jpg 0.590739 0.592113 0.393668 -0.381385 -96.935096 -1077.330808 26.333385
slice25/query/img_08279_c1_1289590362749553us.jpg 0.592153 0.586304 0.391258 -0.390538 -99.007249 -1078.088171 26.246416
slice25/query/img_08280_c1_1289590362816282us.jpg 0.591137 0.585062 0.392046 -0.393141 -100.044908 -1078.474756 26.220827
slice25/query/img_08281_c1_1289590362882895us.jpg 0.588843 0.584924 0.394474 -0.394358 -101.082324 -1078.864378 26.203136
slice25/query/img_08282_c1_1289590363016343us.jpg 0.579912 0.587488 0.401947 -0.396230 -103.151314 -1079.649101 26.171991
slice25/query/img_08283_c1_1289590363082860us.jpg 0.575347 0.589113 0.405427 -0.396927 -104.190761 -1080.058708 26.147069
slice25/query/img_08284_c1_1289590363149475us.jpg 0.571715 0.589526 0.408252 -0.398662 -105.237022 -1080.477135 26.114058
slice25/query/img_08285_c1_1289590363282828us.jpg 0.568516 0.585864 0.413023 -0.403689 -107.283818 -1081.346181 26.052156
slice25/query/img_08286_c1_1289590363349440us.jpg 0.568597 0.582669 0.414595 -0.406578 -108.306319 -1081.803062 26.019202
slice25/query/img_08287_c1_1289590363482794us.jpg 0.568873 0.575946 0.418519 -0.411719 -110.360457 -1082.741043 25.946653
slice25/query/img_08288_c1_1289590363549406us.jpg 0.567908 0.573747 0.420824 -0.413765 -111.387936 -1083.222011 25.912174
slice25/query/img_08289_c1_1289590363616143us.jpg 0.566116 0.572399 0.423604 -0.415249 -112.411596 -1083.707637 25.879074
slice25/query/img_08290_c1_1289590363749372us.jpg 0.560900 0.571244 0.429585 -0.417766 -114.463689 -1084.705668 25.807839
slice25/query/img_08291_c1_1289590363816106us.jpg 0.557846 0.571033 0.431863 -0.419790 -115.483408 -1085.208414 25.767644
slice25/query/img_08292_c1_1289590363882719us.jpg 0.555028 0.570809 0.433552 -0.422082 -116.495150 -1085.721146 25.722326
slice25/query/img_08293_c1_1289590364016095us.jpg 0.549121 0.569946 0.436296 -0.428103 -118.499324 -1086.765579 25.631961
slice25/query/img_08294_c1_1289590364082706us.jpg 0.545703 0.569319 0.438686 -0.430858 -119.497937 -1087.297545 25.589468
slice25/query/img_08295_c1_1289590364149298us.jpg 0.542291 0.568240 0.441613 -0.433592 -120.493385 -1087.840261 25.550434
slice25/query/img_08296_c1_1289590364282658us.jpg 0.537170 0.564012 0.447529 -0.439384 -122.475212 -1088.977111 25.470601
slice25/query/img_08297_c1_1289590364349263us.jpg 0.535400 0.561165 0.450534 -0.442108 -123.464902 -1089.565399 25.431266
slice25/query/img_08298_c1_1289590364416001us.jpg 0.534040 0.558206 0.453293 -0.444672 -124.447067 -1090.166758 25.393905
slice25/query/img_08299_c1_1289590364549251us.jpg 0.531057 0.552447 0.457437 -0.451146 -126.395540 -1091.400189 25.316262
slice25/query/img_08300_c1_1289590364615966us.jpg 0.529302 0.549614 0.459696 -0.454361 -127.365986 -1092.032908 25.276517
slice25/query/img_08301_c1_1289590364682579us.jpg 0.527033 0.548058 0.461945 -0.456591 -128.335803 -1092.673032 25.240320
slice25/query/img_08302_c1_1289590364815954us.jpg 0.520985 0.545719 0.467599 -0.460561 -130.244389 -1093.962199 25.165848
slice25/query/img_08303_c1_1289590364882545us.jpg 0.518534 0.544165 0.470749 -0.461955 -131.189034 -1094.622666 25.129148
slice25/query/img_08304_c1_1289590364949158us.jpg 0.517149 0.542543 0.473097 -0.463015 -132.122964 -1095.299487 25.091704
slice25/query/img_08305_c1_1289590365015897us.jpg 0.516169 0.540787 0.474820 -0.464396 -133.053556 -1095.983133 25.050881
slice25/query/img_08306_c1_1289590365149127us.jpg 0.518309 0.534367 0.476237 -0.467981 -134.898380 -1097.376374 24.949460
slice25/query/img_08307_c1_1289590365215861us.jpg 0.519006 0.532323 0.476136 -0.469638 -135.804274 -1098.076757 24.912037
slice25/query/img_08308_c1_1289590365282473us.jpg 0.520041 0.530098 0.476327 -0.470814 -136.711035 -1098.779082 24.878651
slice25/query/img_08309_c1_1289590365415849us.jpg 0.521404 0.527289 0.477641 -0.471130 -138.518677 -1100.193296 24.820321
slice25/query/img_08310_c1_1289590365482441us.jpg 0.521503 0.526532 0.478828 -0.470661 -139.427029 -1100.897387 24.795508
slice25/query/img_08311_c1_1289590365549052us.jpg 0.521582 0.525885 0.479766 -0.470342 -140.328567 -1101.599636 24.768282
slice25/query/img_08312_c1_1289590365682428us.jpg 0.521478 0.525320 0.480125 -0.470721 -142.130663 -1103.000456 24.700672
slice25/query/img_08313_c1_1289590365749020us.jpg 0.521489 0.524789 0.480274 -0.471150 -143.025689 -1103.697365 24.665539
slice25/query/img_08314_c1_1289590365815755us.jpg 0.521444 0.524213 0.480671 -0.471436 -143.924979 -1104.396231 24.628023
slice25/query/img_08315_c1_1289590365948989us.jpg 0.521581 0.523779 0.481595 -0.470824 -145.727643 -1105.808761 24.559735
slice25/query/img_08316_c1_1289590366015721us.jpg 0.521752 0.523905 0.481346 -0.470749 -146.620275 -1106.510400 24.523532
slice25/query/img_08317_c1_1289590366082334us.jpg 0.522214 0.524188 0.480535 -0.470750 -147.508057 -1107.215880 24.485956
slice25/query/img_08318_c1_1289590366148947us.jpg 0.522645 0.524264 0.479823 -0.470913 -148.395541 -1107.916473 24.448204
slice25/query/img_08319_c1_1289590366282322us.jpg 0.523684 0.524628 0.478996 -0.470194 -150.187082 -1109.319746 24.383398
slice25/query/img_08320_c1_1289590366348911us.jpg 0.523672 0.525367 0.478498 -0.469890 -151.069837 -1110.012020 24.351505
slice25/query/img_08321_c1_1289590366415651us.jpg 0.524273 0.524744 0.477897 -0.470528 -151.957654 -1110.704648 24.320813
slice25/query/img_08322_c1_1289590366548880us.jpg 0.524932 0.527371 0.477290 -0.467462 -153.749011 -1112.090189 24.264036
slice25/query/img_08323_c1_1289590366615618us.jpg 0.524499 0.528424 0.476922 -0.467135 -154.647039 -1112.778225 24.227257
slice25/query/img_08324_c1_1289590366682229us.jpg 0.524390 0.528905 0.476635 -0.467006 -155.544536 -1113.464301 24.192532
slice25/query/img_08325_c1_1289590366815584us.jpg 0.524110 0.529918 0.475803 -0.467020 -157.338626 -1114.830764 24.129193
slice25/query/img_08326_c1_1289590366882193us.jpg 0.523930 0.530873 0.474792 -0.467165 -158.236956 -1115.510663 24.093878
slice25/query/img_08327_c1_1289590366948807us.jpg 0.523719 0.531815 0.474053 -0.467082 -159.132596 -1116.186714 24.060797
slice25/query/img_08328_c1_1289590367082183us.jpg 0.524379 0.532415 0.474704 -0.464992 -160.928206 -1117.543286 24.008904
slice25/query/img_08329_c1_1289590367148792us.jpg 0.525065 0.532656 0.474675 -0.463971 -161.825544 -1118.221169 23.980795
slice25/query/img_08330_c1_1289590367215510us.jpg 0.525466 0.533334 0.473986 -0.463442 -162.720150 -1118.896641 23.948999
slice25/query/img_08331_c1_1289590367348747us.jpg 0.525137 0.535133 0.472019 -0.463747 -164.517615 -1120.237219 23.878742
slice25/query/img_08332_c1_1289590367415497us.jpg 0.524524 0.536421 0.471415 -0.463568 -165.426607 -1120.903416 23.845550
slice25/query/img_08333_c1_1289590367482088us.jpg 0.523472 0.538243 0.470796 -0.463274 -166.325687 -1121.562472 23.814271
slice25/query/img_08334_c1_1289590367615443us.jpg 0.522611 0.540915 0.468800 -0.463158 -168.125782 -1122.875721 23.753626
slice25/query/img_08335_c1_1289590367682057us.jpg 0.522538 0.542356 0.468423 -0.461935 -169.031876 -1123.532560 23.725059
slice25/query/img_08336_c1_1289590367748666us.jpg 0.522307 0.543538 0.468495 -0.460733 -169.940087 -1124.194030 23.699407
slice25/query/img_08337_c1_1289590367815404us.jpg 0.522162 0.544596 0.468383 -0.459760 -170.849421 -1124.848127 23.670864
slice25/query/img_08338_c1_1289590367948659us.jpg 0.522867 0.546131 0.466655 -0.458894 -172.665996 -1126.151587 23.605043
slice25/query/img_08339_c1_1289590368015370us.jpg 0.523379 0.546765 0.465647 -0.458579 -173.574008 -1126.800895 23.574902
slice25/query/img_08340_c1_1289590368081983us.jpg 0.524035 0.547597 0.464214 -0.458290 -174.482127 -1127.447707 23.546246
slice25/query/img_08341_c1_1289590368215337us.jpg 0.526143 0.548608 0.461046 -0.457864 -176.291880 -1128.733555 23.491413
slice25/query/img_08342_c1_1289590368281949us.jpg 0.527114 0.549083 0.459747 -0.457484 -177.213486 -1129.375153 23.464293
slice25/query/img_08343_c1_1289590368348561us.jpg 0.527860 0.549555 0.458908 -0.456899 -178.131893 -1130.008947 23.441624
slice25/query/img_08344_c1_1289590368481916us.jpg 0.529462 0.551763 0.457112 -0.454177 -179.975032 -1131.278407 23.402295
slice25/query/img_08345_c1_1289590368548527us.jpg 0.530588 0.553027 0.455855 -0.452586 -180.904171 -1131.908403 23.381105
slice25/query/img_08346_c1_1289590368615264us.jpg 0.532187 0.554045 0.454222 -0.451103 -181.831560 -1132.534208 23.358776
slice25/query/img_08347_c1_1289590368748494us.jpg 0.536761 0.555140 0.450680 -0.447879 -183.704659 -1133.757249 23.301512
slice25/query/img_08348_c1_1289590368815234us.jpg 0.539008 0.555873 0.448340 -0.446617 -184.639662 -1134.361938 23.274862
slice25/query/img_08349_c1_1289590368881843us.jpg 0.540963 0.556758 0.446408 -0.445083 -185.570985 -1134.957945 23.251631
slice25/query/img_08350_c1_1289590369015197us.jpg 0.544321 0.559298 0.443201 -0.440992 -187.447832 -1136.134544 23.211261
slice25/query/img_08351_c1_1289590369081829us.jpg 0.545807 0.561123 0.441216 -0.438822 -188.397847 -1136.710728 23.188019
slice25/query/img_08352_c1_1289590369148420us.jpg 0.547468 0.562838 0.439073 -0.436699 -189.339447 -1137.277852 23.168901
slice25/query/img_08353_c1_1289590369282900us.jpg 0.552034 0.565449 0.434679 -0.431949 -191.260377 -1138.407461 23.125131
slice25/query/img_08354_c1_1289590369348407us.jpg 0.554315 0.566823 0.432337 -0.429570 -192.217881 -1138.958799 23.105287
slice25/query/img_08355_c1_1289590369415124us.jpg 0.556376 0.568369 0.429804 -0.427400 -193.181802 -1139.499931 23.082373
slice25/query/img_08356_c1_1289590369481737us.jpg 0.558175 0.570221 0.427324 -0.425068 -194.144097 -1140.029680 23.060060
slice25/query/img_08357_c1_1289590369615093us.jpg 0.561105 0.574834 0.422142 -0.420147 -196.112498 -1141.074907 23.015925
slice25/query/img_08358_c1_1289590369681702us.jpg 0.562410 0.577337 0.419557 -0.417552 -197.096282 -1141.580227 22.993965
slice25/query/img_08359_c1_1289590369748316us.jpg 0.563651 0.579829 0.417121 -0.414855 -198.078425 -1142.075944 22.974073
slice25/query/img_08360_c1_1289590369881671us.jpg 0.566997 0.583839 0.412081 -0.409678 -200.041936 -1143.034757 22.932160
slice25/query/img_08361_c1_1289590369948301us.jpg 0.569134 0.585406 0.409236 -0.407323 -201.031468 -1143.504628 22.909566
slice25/query/img_08362_c1_1289590370015019us.jpg 0.571416 0.586873 0.406460 -0.404789 -202.020278 -1143.967217 22.891306
slice25/query/img_08363_c1_1289590370148248us.jpg 0.576178 0.589528 0.400506 -0.400089 -204.010403 -1144.864239 22.854706
slice25/query/img_08364_c1_1289590370214984us.jpg 0.578373 0.591065 0.397388 -0.397757 -205.013668 -1145.298750 22.835895
slice25/query/img_08365_c1_1289590370281597us.jpg 0.580220 0.592830 0.394481 -0.395325 -206.029182 -1145.724767 22.815533
slice25/query/img_08366_c1_1289590370348210us.jpg 0.581740 0.595018 0.391670 -0.392590 -207.048669 -1146.140842 22.797114
slice25/query/img_08367_c1_1289590370481584us.jpg 0.584566 0.599121 0.386440 -0.387299 -209.108522 -1146.941027 22.754708
slice25/query/img_08368_c1_1289590370548175us.jpg 0.585878 0.601162 0.383934 -0.384638 -210.133653 -1147.322091 22.737734
slice25/query/img_08369_c1_1289590370614913us.jpg 0.587295 0.603190 0.381183 -0.382029 -211.157311 -1147.695991 22.721534
slice25/query/img_08370_c1_1289590370681527us.jpg 0.588963 0.604786 0.378337 -0.379760 -212.187824 -1148.060746 22.703371
slice25/query/img_08371_c1_1289590370814882us.jpg 0.592620 0.607512 0.372771 -0.375197 -214.260730 -1148.766430 22.667542
slice25/query/img_08372_c1_1289590370881491us.jpg 0.594011 0.609122 0.370004 -0.373121 -215.302143 -1149.103474 22.645949
slice25/query/img_08373_c1_1289590370948105us.jpg 0.595035 0.610787 0.367721 -0.371018 -216.352254 -1149.431916 22.628433
slice25/query/img_08374_c1_1289590371081457us.jpg 0.596004 0.614343 0.363676 -0.367563 -218.460779 -1150.069615 22.597975
slice25/query/img_08375_c1_1289590371148070us.jpg 0.596099 0.616334 0.361333 -0.366383 -219.511975 -1150.374138 22.583880
slice25/query/img_08376_c1_1289590371281439us.jpg 0.596746 0.619424 0.357086 -0.364277 -221.629407 -1150.964479 22.549018
slice25/query/img_08377_c1_1289590371414798us.jpg 0.598829 0.620841 0.352939 -0.362484 -223.768417 -1151.543634 22.517543
slice25/query/img_08378_c1_1289590371481412us.jpg 0.600230 0.621451 0.351283 -0.360725 -224.840713 -1151.826448 22.506193
slice25/query/img_08379_c1_1289590371547998us.jpg 0.601243 0.622360 0.349616 -0.359087 -225.918167 -1152.100944 22.493696
slice25/query/img_08380_c1_1289590371614738us.jpg 0.602432 0.622821 0.348264 -0.357605 -226.988190 -1152.375356 22.484568
slice25/query/img_08381_c1_1289590371747989us.jpg 0.605306 0.623481 0.344512 -0.355229 -229.122567 -1152.913583 22.482643
slice25/query/img_08382_c1_1289590371814702us.jpg 0.606231 0.624087 0.342449 -0.354582 -230.210325 -1153.167928 22.468211
slice25/query/img_08383_c1_1289590371881316us.jpg 0.606863 0.625005 0.340420 -0.353838 -231.287800 -1153.418076 22.461009
slice25/query/img_08384_c1_1289590372014668us.jpg 0.608780 0.626302 0.335676 -0.352782 -233.446055 -1153.911170 22.453303
slice25/query/img_08385_c1_1289590372081280us.jpg 0.610137 0.626574 0.333263 -0.352241 -234.527310 -1154.145297 22.455548
slice25/query/img_08386_c1_1289590372214633us.jpg 0.613469 0.626584 0.329379 -0.350082 -236.701292 -1154.620255 22.468742
slice25/query/img_08387_c1_1289590372281248us.jpg 0.615459 0.626152 0.327596 -0.349035 -237.789647 -1154.848126 22.479741
slice25/query/img_08388_c1_1289590372347859us.jpg 0.617682 0.625515 0.325575 -0.348140 -238.879800 -1155.072212 22.494625
slice25/query/img_08389_c1_1289590372414598us.jpg 0.619891 0.624796 0.323309 -0.347615 -239.970074 -1155.289722 22.508880
slice25/query/img_08390_c1_1289590372547825us.jpg 0.623417 0.623711 0.319497 -0.346781 -242.113363 -1155.700092 22.561460
slice25/query/img_08391_c1_1289590372614562us.jpg 0.624496 0.623614 0.318290 -0.346123 -243.195173 -1155.900255 22.586123
slice25/query/img_08392_c1_1289590372747811us.jpg 0.625605 0.624362 0.315365 -0.345450 -245.357284 -1156.277867 22.636630
slice25/query/img_08393_c1_1289590372814531us.jpg 0.626016 0.624288 0.315248 -0.344945 -246.443269 -1156.459161 22.663860
slice25/query/img_08394_c1_1289590372881140us.jpg 0.626600 0.624147 0.314472 -0.344848 -247.525530 -1156.636857 22.689686
slice25/query/img_08395_c1_1289590372947753us.jpg 0.626951 0.624564 0.312255 -0.345470 -248.609995 -1156.809579 22.709262
slice25/query/img_08396_c1_1289590373081127us.jpg 0.627667 0.624646 0.309772 -0.346255 -250.752254 -1157.165011 22.786038
slice25/query/img_08397_c1_1289590373147718us.jpg 0.628033 0.624477 0.309514 -0.346126 -251.833187 -1157.337145 22.821507
slice25/query/img_08398_c1_1289590373281095us.jpg 0.627627 0.625725 0.309300 -0.344799 -254.005027 -1157.686309 22.899899
slice25/query/img_08399_c1_1289590373347704us.jpg 0.626789 0.627298 0.308569 -0.344119 -255.103039 -1157.853314 22.935710
slice25/query/img_08400_c1_1289590373414421us.jpg 0.625868 0.628326 0.308192 -0.344257 -256.199552 -1158.013990 22.968866
slice25/query/img_08401_c1_1289590373481034us.jpg 0.625348 0.628918 0.307487 -0.344752 -257.291756 -1158.176875 23.002889
slice25/query/img_08402_c1_1289590373614395us.jpg 0.625956 0.628610 0.306040 -0.345497 -259.477909 -1158.527178 23.068981
slice25/query/img_08403_c1_1289590373681000us.jpg 0.626245 0.628646 0.306223 -0.344744 -260.569151 -1158.699647 23.107600
slice25/query/img_08404_c1_1289590373747613us.jpg 0.626814 0.628558 0.306767 -0.343384 -261.659257 -1158.874015 23.153308
slice25/query/img_08405_c1_1289590373814351us.jpg 0.627735 0.628325 0.307622 -0.341360 -262.759895 -1159.052920 23.191721
slice25/query/img_08406_c1_1289590373947601us.jpg 0.629609 0.626960 0.308901 -0.339254 -264.951314 -1159.409377 23.262669
slice25/query/img_08407_c1_1289590374014317us.jpg 0.630066 0.626528 0.309018 -0.339097 -266.053479 -1159.578101 23.295590
slice25/query/img_08408_c1_1289590374080930us.jpg 0.629781 0.626586 0.308507 -0.339985 -267.149851 -1159.738491 23.326125
slice25/query/img_08409_c1_1289590374147543us.jpg 0.629089 0.627209 0.307405 -0.341111 -268.258743 -1159.899630 23.357857
slice25/query/img_08410_c1_1289590374280917us.jpg 0.626339 0.629342 0.306951 -0.342650 -270.507162 -1160.211377 23.431344
slice25/query/img_08411_c1_1289590374347508us.jpg 0.625444 0.630057 0.306909 -0.343008 -271.618093 -1160.376077 23.463665
slice25/query/img_08412_c1_1289590374414246us.jpg 0.624715 0.630340 0.306882 -0.343839 -272.720420 -1160.538072 23.493875
slice25/query/img_08413_c1_1289590374480859us.jpg 0.624462 0.630126 0.307161 -0.344442 -273.821051 -1160.701710 23.531709
slice25/query/img_08414_c1_1289590374614235us.jpg 0.625239 0.628943 0.308350 -0.344131 -276.020624 -1161.050551 23.596016
slice25/query/img_08415_c1_1289590374680824us.jpg 0.625845 0.628267 0.309026 -0.343659 -277.129034 -1161.222883 23.631030
slice25/query/img_08416_c1_1289590374747438us.jpg 0.625840 0.627834 0.309633 -0.343914 -278.234720 -1161.388157 23.667207
slice25/query/img_08417_c1_1289590374882119us.jpg 0.626203 0.627168 0.308416 -0.345557 -280.448369 -1161.722545 23.724665
slice25/query/img_08418_c1_1289590374947424us.jpg 0.625770 0.627249 0.308168 -0.346414 -281.552193 -1161.887486 23.756120
slice25/query/img_08419_c1_1289590375014140us.jpg 0.625456 0.627273 0.308228 -0.346886 -282.654501 -1162.056626 23.788604
slice25/query/img_08420_c1_1289590375080754us.jpg 0.624965 0.627527 0.308226 -0.347312 -283.740943 -1162.223866 23.824366
slice25/query/img_08421_c1_1289590375214108us.jpg 0.624679 0.627362 0.309415 -0.347068 -285.992641 -1162.619676 23.943123
slice25/query/img_08422_c1_1289590375280723us.jpg 0.624646 0.627315 0.309979 -0.346708 -287.113300 -1162.795184 23.976222
slice25/query/img_08423_c1_1289590375347332us.jpg 0.624496 0.627369 0.309983 -0.346878 -288.226975 -1162.971703 24.010890
slice25/query/img_08424_c1_1289590375414071us.jpg 0.624340 0.627385 0.310201 -0.346933 -289.344413 -1163.148143 24.045420
slice25/query/img_08425_c1_1289590375547751us.jpg 0.624318 0.627145 0.310323 -0.347298 -291.603674 -1163.613415 24.163650
slice25/query/img_08426_c1_1289590375614058us.jpg 0.624508 0.626850 0.309831 -0.347928 -292.695523 -1163.778780 24.191866
slice25/query/img_08427_c1_1289590375680648us.jpg 0.624765 0.626643 0.309249 -0.348357 -293.783652 -1163.943453 24.219286
slice25/query/img_08428_c1_1289590375747261us.jpg 0.625459 0.626293 0.309103 -0.347868 -294.846065 -1164.122182 24.255414
slice25/query/img_08429_c1_1289590375880617us.jpg 0.627356 0.625680 0.309372 -0.345308 -297.109305 -1164.537105 24.345878
slice25/query/img_08430_c1_1289590375947247us.jpg 0.628528 0.625410 0.309345 -0.343687 -298.258748 -1164.728153 24.386713
slice25/query/img_08431_c1_1289590376013965us.jpg 0.629651 0.625063 0.308304 -0.343198 -299.400821 -1164.912928 24.424603
slice25/query/img_08432_c1_1289590376080579us.jpg 0.630409 0.625206 0.307101 -0.342623 -300.547754 -1165.092706 24.463129
slice25/query/img_08433_c1_1289590376213952us.jpg 0.631152 0.626013 0.305692 -0.341040 -302.779822 -1165.421548 24.547145
slice25/query/img_08434_c1_1289590376280544us.jpg 0.631047 0.626927 0.304837 -0.340318 -303.907736 -1165.578481 24.580517
slice25/query/img_08435_c1_1289590376347156us.jpg 0.630855 0.627910 0.304088 -0.339532 -305.037962 -1165.735640 24.612053
slice25/query/img_08436_c1_1289590376413895us.jpg 0.630612 0.628725 0.303222 -0.339249 -306.166377 -1165.892196 24.646581
slice25/query/img_08437_c1_1289590376547144us.jpg 0.631562 0.628665 0.301716 -0.338936 -308.408058 -1166.195751 24.718937
slice25/query/img_08438_c1_1289590376613859us.jpg 0.631561 0.629033 0.301338 -0.338592 -309.547980 -1166.346233 24.753659
slice25/query/img_08439_c1_1289590376680473us.jpg 0.631495 0.629331 0.301153 -0.338323 -310.684464 -1166.499958 24.791424
slice25/query/img_08440_c1_1289590376747086us.jpg 0.631173 0.629730 0.301012 -0.338309 -311.826896 -1166.650525 24.825544
slice25/query/img_08441_c1_1289590376880440us.jpg 0.630607 0.630156 0.300622 -0.338916 -314.109963 -1166.954044 24.916334
slice25/query/img_08442_c1_1289590376947050us.jpg 0.630176 0.630382 0.300589 -0.339328 -315.245741 -1167.097615 24.951793
slice25/query/img_08443_c1_1289590377013788us.jpg 0.629667 0.630699 0.301326 -0.339029 -316.385414 -1167.247129 24.992630
slice25/query/img_08444_c1_1289590377147021us.jpg 0.629597 0.630294 0.303043 -0.338382 -318.689806 -1167.565432 25.098546
slice25/query/img_08445_c1_1289590377213756us.jpg 0.628163 0.631418 0.304761 -0.337406 -319.578839 -1167.858551 25.373139
