slice25/query/img_07945_c1_1290445369535839us.jpg 0.620534 0.621787 0.339311 -0.336433 -67.090684 -1069.368936 27.457440
slice25/query/img_07946_c1_1290445369602574us.jpg 0.618392 0.621627 0.343988 -0.335922 -68.134882 -1069.559228 27.437897
slice25/query/img_07947_c1_1290445369737203us.jpg 0.617530 0.618542 0.351136 -0.335806 -70.202478 -1069.968693 27.401905
slice25/query/img_07948_c1_1290445369802559us.jpg 0.617782 0.616380 0.353419 -0.336923 -71.232036 -1070.180690 27.367405
slice25/query/img_07949_c1_1290445369869171us.jpg 0.617873 0.614652 0.354853 -0.338402 -72.251142 -1070.398251 27.335969
slice25/query/img_07950_c1_1290445370002523us.jpg 0.616841 0.611754 0.357439 -0.342784 -74.278032 -1070.840195 27.257272
slice25/query/img_07951_c1_1290445370069111us.jpg 0.615853 0.610850 0.359082 -0.344451 -75.285930 -1071.068249 27.219211
slice25/query/img_07952_c1_1290445370202482us.jpg 0.613194 0.609504 0.363031 -0.347428 -77.304781 -1071.529795 27.144598
slice25/query/img_07953_c1_1290445370269074us.jpg 0.611818 0.608831 0.364981 -0.348988 -78.298169 -1071.765023 27.108899
slice25/query/img_07954_c1_1290445370402424us.jpg 0.609869 0.606773 0.369025 -0.351720 -80.278987 -1072.257754 27.031325
slice25/query/img_07955_c1_1290445370469036us.jpg 0.609037 0.605616 0.370798 -0.353288 -81.260655 -1072.511049 26.991301
slice25/query/img_07956_c1_1290445370535649us.jpg 0.607826 0.604886 0.373026 -0.354277 -82.232795 -1072.774993 26.960180
slice25/query/img_07957_c1_1290445370669005us.jpg 0.603084 0.605065 0.377750 -0.357059 -84.263461 -1073.308343 26.870700
slice25/query/img_07958_c1_1290445370735616us.jpg 0.601978 0.604208 0.379609 -0.358404 -85.304062 -1073.595806 26.819232
slice25/query/img_07959_c1_1290445370802350us.jpg 0.601199 0.602891 0.380277 -0.361208 -86.330251 -1073.887374 26.762722
slice25/query/img_07960_c1_1290445370935599us.jpg 0.600402 0.599874 0.380061 -0.367726 -88.373925 -1074.494475 26.658566
slice25/query/img_07961_c1_1290445371002310us.jpg 0.599682 0.598745 0.379868 -0.370926 -89.378592 -1074.802919 26.613385
slice25/query/img_07962_c1_1290445371068924us.jpg 0.598599 0.598173 0.380048 -0.373406 -90.382181 -1075.116586 26.575706
slice25/query/img_07963_c1_1290445371202295us.jpg 0.594597 0.597867 0.384338 -0.375890 -92.428805 -1075.754932 26.504927
slice25/query/img_07964_c1_1290445371268886us.jpg 0.592532 0.597665 0.387503 -0.376224 -93.446019 -1076.080927 26.472941
slice25/query/img_07965_c1_1290445371402260us.jpg 0.589717 0.596001 0.392341 -0.378266 -95.468915 -1076.755265 26.400245
slice25/query/img_07966_c1_1290445371468848us.jpg 0.589753 0.593958 0.393581 -0.380132 -96.470499 -1077.107799 26.360390
slice25/query/img_07967_c1_1290445371535460us.jpg 0.590987 0.590577 0.393209 -0.383850 -97.461010 -1077.466385 26.317589
slice25/query/img_07968_c1_1290445371602198us.jpg 0.592567 0.586746 0.392247 -0.388248 -98.446751 -1077.830567 26.272664
slice25/query/img_07969_c1_1290445371735444us.jpg 0.591620 0.584273 0.393093 -0.392542 -100.421920 -1078.574052 26.221712
slice25/query/img_07970_c1_1290445371802164us.jpg 0.588549 0.585081 0.396176 -0.392855 -101.417059 -1078.947866 26.209155
slice25/query/img_07971_c1_1290445371868772us.jpg 0.584508 0.586782 0.399698 -0.392784 -102.417643 -1079.321379 26.193427
slice25/query/img_07972_c1_1290445371935386us.jpg 0.579822 0.588856 0.402757 -0.393498 -103.407419 -1079.694955 26.171335
slice25/query/img_07973_c1_1290445372069417us.jpg 0.572189 0.590810 0.407555 -0.396791 -105.363296 -1080.484188 26.116232
slice25/query/img_07974_c1_1290445372135348us.jpg 0.570433 0.589508 0.409471 -0.399274 -106.350709 -1080.889075 26.079772
slice25/query/img_07975_c1_1290445372202084us.jpg 0.569976 0.587041 0.411227 -0.401750 -107.334384 -1081.307409 26.044718
slice25/query/img_07976_c1_1290445372268696us.jpg 0.570407 0.583960 0.412359 -0.404459 -108.307945 -1081.737050 26.008666
slice25/query/img_07977_c1_1290445372403048us.jpg 0.571401 0.577716 0.415636 -0.408646 -110.245848 -1082.624407 25.945974
slice25/query/img_07978_c1_1290445372468660us.jpg 0.570550 0.575658 0.418055 -0.410268 -111.223285 -1083.072321 25.919114
slice25/query/img_07979_c1_1290445372535271us.jpg 0.568807 0.574141 0.421084 -0.411714 -112.196475 -1083.523528 25.890936
slice25/query/img_07980_c1_1290445372602009us.jpg 0.566021 0.573487 0.424465 -0.412991 -113.177178 -1083.978598 25.859565
slice25/query/img_07981_c1_1290445372668622us.jpg 0.562484 0.573378 0.427516 -0.414825 -114.152189 -1084.438330 25.824480
slice25/query/img_07982_c1_1290445372801977us.jpg 0.555017 0.573170 0.432441 -0.420034 -116.087519 -1085.375638 25.735350
slice25/query/img_07983_c1_1290445372868584us.jpg 0.551342 0.572589 0.434734 -0.423284 -117.040151 -1085.854216 25.691416
slice25/query/img_07984_c1_1290445372935198us.jpg 0.547662 0.571760 0.436692 -0.427150 -117.984470 -1086.336703 25.646320
slice25/query/img_07985_c1_1290445373001934us.jpg 0.544385 0.570532 0.439157 -0.430440 -118.916068 -1086.833007 25.605105
slice25/query/img_07986_c1_1290445373135167us.jpg 0.538847 0.566577 0.445493 -0.436085 -120.799579 -1087.859931 25.522984
slice25/query/img_07987_c1_1290445373201903us.jpg 0.536863 0.563542 0.448756 -0.439109 -121.710516 -1088.386621 25.487398
slice25/query/img_07988_c1_1290445373268508us.jpg 0.535427 0.560016 0.452117 -0.441917 -122.611178 -1088.926577 25.456939
slice25/query/img_07989_c1_1290445373401861us.jpg 0.533486 0.553211 0.457380 -0.447386 -124.431027 -1090.062442 25.379117
slice25/query/img_07990_c1_1290445373468473us.jpg 0.532269 0.550269 0.459646 -0.450132 -125.329893 -1090.641934 25.343998
slice25/query/img_07991_c1_1290445373535084us.jpg 0.530553 0.547770 0.461466 -0.453333 -126.217191 -1091.223588 25.309531
slice25/query/img_07992_c1_1290445373601823us.jpg 0.529082 0.545513 0.462931 -0.456271 -127.104259 -1091.816023 25.270649
slice25/query/img_07993_c1_1290445373735068us.jpg 0.525684 0.543098 0.466617 -0.459315 -128.881637 -1093.028822 25.199124
slice25/query/img_07994_c1_1290445373801785us.jpg 0.524265 0.541739 0.469018 -0.460095 -129.762880 -1093.645292 25.161997
slice25/query/img_07995_c1_1290445373868396us.jpg 0.523683 0.540293 0.470789 -0.460649 -130.641427 -1094.269767 25.128975
slice25/query/img_07996_c1_1290445373935008us.jpg 0.523183 0.538902 0.472388 -0.461209 -131.511924 -1094.896458 25.095624
slice25/query/img_07997_c1_1290445374068361us.jpg 0.523690 0.536588 0.473267 -0.462429 -133.252546 -1096.174101 25.020276
slice25/query/img_07998_c1_1290445374134974us.jpg 0.524013 0.535439 0.472985 -0.463682 -134.131259 -1096.821295 24.973982
slice25/query/img_07999_c1_1290445374201708us.jpg 0.524114 0.534395 0.472750 -0.465010 -134.998730 -1097.463386 24.936937
slice25/query/img_08000_c1_1290445374334936us.jpg 0.523715 0.533226 0.472443 -0.467108 -136.733081 -1098.756735 24.869886
slice25/query/img_08001_c1_1290445374401671us.jpg 0.523195 0.533232 0.472857 -0.467265 -137.602117 -1099.406463 24.841945
slice25/query/img_08002_c1_1290445374468282us.jpg 0.522543 0.533205 0.473724 -0.467148 -138.465671 -1100.053967 24.815304
slice25/query/img_08003_c1_1290445374601834us.jpg 0.522131 0.532208 0.475634 -0.466804 -140.191176 -1101.347754 24.759327
slice25/query/img_08004_c1_1290445374668246us.jpg 0.522322 0.531528 0.476058 -0.466934 -141.043008 -1101.993744 24.730797
slice25/query/img_08005_c1_1290445374734857us.jpg 0.522551 0.530923 0.476030 -0.467394 -141.893595 -1102.637464 24.699295
slice25/query/img_08006_c1_1290445374801595us.jpg 0.522671 0.530298 0.475679 -0.468326 -142.734136 -1103.279732 24.667783
slice25/query/img_08007_c1_1290445374934826us.jpg 0.522255 0.529249 0.476744 -0.468892 -144.444017 -1104.576194 24.607747
slice25/query/img_08008_c1_1290445375001563us.jpg 0.521633 0.529042 0.477782 -0.468762 -145.298150 -1105.224877 24.577677
slice25/query/img_08009_c1_1290445375068170us.jpg 0.521037 0.529078 0.478177 -0.468982 -146.146201 -1105.874122 24.545671
slice25/query/img_08010_c1_1290445375134783us.jpg 0.520524 0.529155 0.478318 -0.469320 -146.991523 -1106.527086 24.512728
slice25/query/img_08011_c1_1290445375268163us.jpg 0.519820 0.528953 0.478464 -0.470178 -148.683851 -1107.833579 24.453226
slice25/query/img_08012_c1_1290445375334745us.jpg 0.519514 0.528919 0.478718 -0.470297 -149.528741 -1108.488602 24.423988
slice25/query/img_08013_c1_1290445375401483us.jpg 0.519218 0.529051 0.478650 -0.470544 -150.371234 -1109.136630 24.392439
slice25/query/img_08014_c1_1290445375534730us.jpg 0.520239 0.528503 0.477413 -0.471288 -152.053122 -1110.442030 24.330961
slice25/query/img_08015_c1_1290445375601444us.jpg 0.521339 0.528653 0.477000 -0.470322 -152.893516 -1111.094959 24.301163
slice25/query/img_08016_c1_1290445375668057us.jpg 0.521530 0.529334 0.477453 -0.468882 -153.734942 -1111.746153 24.272836
slice25/query/img_08017_c1_1290445375734669us.jpg 0.522082 0.529625 0.477204 -0.468193 -154.573703 -1112.391687 24.240788
slice25/query/img_08018_c1_1290445375868024us.jpg 0.522440 0.529890 0.476450 -0.468261 -156.256055 -1113.672636 24.181802
slice25/query/img_08019_c1_1290445375934633us.jpg 0.522133 0.530940 0.475555 -0.468323 -157.095870 -1114.311447 24.151350
slice25/query/img_08020_c1_1290445376068005us.jpg 0.521543 0.533757 0.473535 -0.467825 -158.775852 -1115.589356 24.096597
slice25/query/img_08021_c1_1290445376134595us.jpg 0.521744 0.534682 0.473069 -0.467016 -159.621962 -1116.228957 24.069287
slice25/query/img_08022_c1_1290445376201332us.jpg 0.522460 0.534998 0.473308 -0.465608 -160.469864 -1116.870972 24.047762
slice25/query/img_08023_c1_1290445376334562us.jpg 0.524144 0.535180 0.473468 -0.463339 -162.160830 -1118.150469 23.991443
slice25/query/img_08024_c1_1290445376401295us.jpg 0.524494 0.535950 0.472724 -0.462813 -163.005728 -1118.787173 23.963278
slice25/query/img_08025_c1_1290445376534660us.jpg 0.523722 0.537779 0.470786 -0.463540 -164.698816 -1120.043521 23.891550
slice25/query/img_08026_c1_1290445376601259us.jpg 0.522553 0.539105 0.470386 -0.463726 -165.556289 -1120.669750 23.858323
slice25/query/img_08027_c1_1290445376667869us.jpg 0.520950 0.540650 0.470505 -0.463609 -166.416259 -1121.291210 23.828723
slice25/query/img_08028_c1_1290445376734481us.jpg 0.519351 0.542448 0.470223 -0.463590 -167.273329 -1121.912372 23.800350
slice25/query/img_08029_c1_1290445376867833us.jpg 0.517003 0.545379 0.470026 -0.462976 -168.977276 -1123.159020 23.736666
slice25/query/img_08030_c1_1290445376934444us.jpg 0.516353 0.546270 0.469906 -0.462771 -169.839596 -1123.784331 23.698564
slice25/query/img_08031_c1_1290445377067798us.jpg 0.516015 0.546750 0.469610 -0.462881 -171.563930 -1125.034152 23.643434
slice25/query/img_08032_c1_1290445377134409us.jpg 0.516257 0.546733 0.469402 -0.462843 -172.414666 -1125.656312 23.617742
slice25/query/img_08033_c1_1290445377201145us.jpg 0.516812 0.546520 0.469087 -0.462795 -173.273573 -1126.283263 23.587098
slice25/query/img_08034_c1_1290445377334390us.jpg 0.518831 0.545943 0.467972 -0.462344 -174.983051 -1127.533410 23.531270
slice25/query/img_08035_c1_1290445377401106us.jpg 0.520055 0.546094 0.466563 -0.462215 -175.828883 -1128.154912 23.506681
slice25/query/img_08036_c1_1290445377601068us.jpg 0.525080 0.547548 0.461844 -0.459546 -178.371482 -1130.024798 23.449524
slice25/query/img_08037_c1_1290445377734327us.jpg 0.528186 0.550316 0.458691 -0.455823 -180.095351 -1131.240790 23.410304
slice25/query/img_08038_c1_1290445377801032us.jpg 0.529982 0.551885 0.456803 -0.453732 -180.958382 -1131.837285 23.390450
slice25/query/img_08039_c1_1290445377867643us.jpg 0.532285 0.553257 0.454595 -0.451578 -181.831304 -1132.429747 23.366713
slice25/query/img_08040_c1_1290445377934256us.jpg 0.534752 0.554469 0.452531 -0.449245 -182.698722 -1133.013526 23.347083
slice25/query/img_08041_c1_1290445378067608us.jpg 0.539802 0.557040 0.447142 -0.445404 -184.454804 -1134.163593 23.299871
slice25/query/img_08042_c1_1290445378134240us.jpg 0.542162 0.558522 0.444669 -0.443152 -185.342796 -1134.726683 23.278911
slice25/query/img_08043_c1_1290445378200956us.jpg 0.544330 0.559968 0.442773 -0.440558 -186.235752 -1135.280623 23.261060
slice25/query/img_08044_c1_1290445378267568us.jpg 0.546279 0.561645 0.440826 -0.437957 -187.127312 -1135.823971 23.244495
slice25/query/img_08045_c1_1290445378400919us.jpg 0.549775 0.565568 0.436380 -0.432959 -188.938313 -1136.894554 23.202816
slice25/query/img_08046_c1_1290445378467530us.jpg 0.551469 0.567350 0.433978 -0.430881 -189.842712 -1137.412070 23.178330
slice25/query/img_08047_c1_1290445378600883us.jpg 0.555302 0.570572 0.429467 -0.426199 -191.663451 -1138.429791 23.137360
slice25/query/img_08048_c1_1290445378667493us.jpg 0.557207 0.572218 0.427041 -0.423936 -192.578253 -1138.928348 23.116893
slice25/query/img_08049_c1_1290445378734105us.jpg 0.558689 0.574046 0.424703 -0.421859 -193.496838 -1139.418191 23.096484
slice25/query/img_08050_c1_1290445378800844us.jpg 0.559888 0.575933 0.422812 -0.419591 -194.431320 -1139.900240 23.073934
slice25/query/img_08051_c1_1290445378934090us.jpg 0.561437 0.580186 0.418580 -0.415889 -196.306740 -1140.843756 23.024860
slice25/query/img_08052_c1_1290445379000806us.jpg 0.562151 0.582413 0.416165 -0.414231 -197.256155 -1141.305643 22.997272
slice25/query/img_08053_c1_1290445379067417us.jpg 0.562833 0.584499 0.413952 -0.412581 -198.210311 -1141.762659 22.970005
slice25/query/img_08054_c1_1290445379200772us.jpg 0.565220 0.587578 0.410160 -0.408714 -200.110016 -1142.659628 22.919521
slice25/query/img_08055_c1_1290445379267381us.jpg 0.566791 0.588657 0.407961 -0.407185 -201.059027 -1143.095877 22.893954
slice25/query/img_08056_c1_1290445379333992us.jpg 0.568670 0.589320 0.406090 -0.405472 -202.008071 -1143.528498 22.872532
slice25/query/img_08057_c1_1290445379467364us.jpg 0.572397 0.590819 0.401296 -0.402810 -203.905154 -1144.392439 22.822826
slice25/query/img_08058_c1_1290445379600716us.jpg 0.575275 0.593216 0.396780 -0.399649 -205.896923 -1145.214733 22.777629
slice25/query/img_08059_c1_1290445379667327us.jpg 0.576075 0.594870 0.395053 -0.397745 -206.863327 -1145.608035 22.757891
slice25/query/img_08060_c1_1290445379733917us.jpg 0.576676 0.596680 0.393120 -0.396073 -207.819234 -1145.994097 22.740117
slice25/query/img_08061_c1_1290445379800656us.jpg 0.577148 0.598523 0.391185 -0.394519 -208.764767 -1146.372115 22.723348
slice25/query/img_08062_c1_1290445379933910us.jpg 0.578864 0.601675 0.387591 -0.390739 -210.733317 -1147.129247 22.681273
slice25/query/img_08063_c1_1290445380000713us.jpg 0.580266 0.602871 0.385644 -0.388738 -211.709943 -1147.498894 22.662651
slice25/query/img_08064_c1_1290445380067230us.jpg 0.581953 0.603726 0.383606 -0.386900 -212.683610 -1147.864179 22.647693
slice25/query/img_08065_c1_1290445380200604us.jpg 0.586420 0.604852 0.379011 -0.382904 -214.670879 -1148.595005 22.608095
slice25/query/img_08066_c1_1290445380267193us.jpg 0.588307 0.605877 0.376818 -0.380548 -215.669891 -1148.947070 22.592692
slice25/query/img_08067_c1_1290445380333805us.jpg 0.589761 0.607073 0.374756 -0.378421 -216.663947 -1149.288785 22.575771
slice25/query/img_08068_c1_1290445380467159us.jpg 0.592050 0.610194 0.370056 -0.374432 -218.673798 -1149.946486 22.534561
slice25/query/img_08069_c1_1290445380533768us.jpg 0.592921 0.612100 0.367205 -0.372745 -219.660121 -1150.262483 22.517978
slice25/query/img_08070_c1_1290445380667119us.jpg 0.595045 0.615430 0.361792 -0.369154 -221.651830 -1150.877764 22.503432
slice25/query/img_08071_c1_1290445380733730us.jpg 0.596406 0.616655 0.359039 -0.367596 -222.662307 -1151.172594 22.489447
slice25/query/img_08072_c1_1290445380800467us.jpg 0.598182 0.617426 0.356250 -0.366128 -223.660831 -1151.465286 22.483788
slice25/query/img_08073_c1_1290445380933714us.jpg 0.601053 0.619778 0.352031 -0.361504 -225.669342 -1152.025671 22.480721
slice25/query/img_08074_c1_1290445381000431us.jpg 0.602233 0.621156 0.349672 -0.359457 -226.696247 -1152.296426 22.471786
slice25/query/img_08075_c1_1290445381067043us.jpg 0.603507 0.622203 0.347250 -0.357856 -227.723797 -1152.562744 22.462039
slice25/query/img_08076_c1_1290445381200394us.jpg 0.606158 0.623780 0.342196 -0.355490 -229.758239 -1153.065530 22.440538
slice25/query/img_08077_c1_1290445381267006us.jpg 0.606959 0.624816 0.340174 -0.354242 -230.753076 -1153.311408 22.445038
slice25/query/img_08078_c1_1290445381333617us.jpg 0.607615 0.625967 0.337925 -0.353237 -231.750084 -1153.539243 22.454058
slice25/query/img_08079_c1_1290445381466967us.jpg 0.610304 0.627204 0.333257 -0.350834 -233.791671 -1153.985034 22.467242
slice25/query/img_08080_c1_1290445381533579us.jpg 0.611913 0.627386 0.330689 -0.350134 -234.799815 -1154.193597 22.461180
slice25/query/img_08081_c1_1290445381666930us.jpg 0.614771 0.628023 0.326772 -0.347654 -236.851232 -1154.607776 22.480375
slice25/query/img_08082_c1_1290445381733561us.jpg 0.616262 0.627916 0.325240 -0.346643 -237.867595 -1154.809117 22.492797
slice25/query/img_08083_c1_1290445381800279us.jpg 0.618095 0.627523 0.323299 -0.345907 -238.893761 -1155.004927 22.506017
slice25/query/img_08084_c1_1290445381866892us.jpg 0.619756 0.627246 0.321022 -0.345557 -239.925701 -1155.208426 22.519664
slice25/query/img_08085_c1_1290445382000264us.jpg 0.622560 0.626705 0.317138 -0.345085 -241.982455 -1155.592845 22.560496
slice25/query/img_08086_c1_1290445382066855us.jpg 0.623385 0.626521 0.315911 -0.345055 -242.994492 -1155.777393 22.578853
slice25/query/img_08087_c1_1290445382133468us.jpg 0.623735 0.626757 0.314728 -0.345074 -244.013333 -1155.957047 22.600486
slice25/query/img_08088_c1_1290445382266839us.jpg 0.623642 0.627174 0.314016 -0.345133 -246.064180 -1156.297758 22.652746
slice25/query/img_08089_c1_1290445382333428us.jpg 0.624537 0.626486 0.313692 -0.345060 -247.088643 -1156.476634 22.683263
slice25/query/img_08090_c1_1290445382400167us.jpg 0.625486 0.626417 0.312279 -0.344747 -248.098215 -1156.654790 22.707627
slice25/query/img_08091_c1_1290445382533394us.jpg 0.627248 0.626009 0.309619 -0.344687 -250.124634 -1157.003032 22.776686
slice25/query/img_08092_c1_1290445382600129us.jpg 0.627991 0.625252 0.309689 -0.344645 -251.157177 -1157.166838 22.814889
slice25/query/img_08093_c1_1290445382733378us.jpg 0.627953 0.625633 0.310250 -0.343517 -253.207519 -1157.491159 22.891928
slice25/query/img_08094_c1_1290445382800112us.jpg 0.626912 0.627258 0.309764 -0.342891 -254.246809 -1157.645858 22.922814
slice25/query/img_08095_c1_1290445382866703us.jpg 0.625781 0.628834 0.308878 -0.342870 -255.278067 -1157.801439 22.949984
slice25/query/img_08096_c1_1290445382933316us.jpg 0.625256 0.629626 0.308331 -0.342867 -256.315444 -1157.955493 22.976323
slice25/query/img_08097_c1_1290445383066672us.jpg 0.623923 0.630687 0.306283 -0.345174 -258.375239 -1158.267193 23.042044
slice25/query/img_08098_c1_1290445383133279us.jpg 0.623962 0.630743 0.305789 -0.345438 -259.402663 -1158.445240 23.079589
slice25/query/img_08099_c1_1290445383200016us.jpg 0.624656 0.630681 0.305779 -0.344304 -260.453415 -1158.619630 23.117050
slice25/query/img_08100_c1_1290445383333264us.jpg 0.626179 0.629019 0.308364 -0.342267 -262.547029 -1158.905113 23.183091
slice25/query/img_08101_c1_1290445383399978us.jpg 0.627031 0.628453 0.309063 -0.341115 -263.607290 -1159.072231 23.214630
slice25/query/img_08102_c1_1290445383466592us.jpg 0.627334 0.628314 0.309639 -0.340290 -264.652572 -1159.244779 23.258256
slice25/query/img_08103_c1_1290445383599942us.jpg 0.627933 0.627144 0.310368 -0.340679 -266.705605 -1159.553042 23.318338
slice25/query/img_08104_c1_1290445383666553us.jpg 0.627339 0.627520 0.309597 -0.341780 -267.733396 -1159.708978 23.341526
slice25/query/img_08105_c1_1290445383733168us.jpg 0.626090 0.628285 0.308723 -0.343453 -268.766633 -1159.863325 23.369620
slice25/query/img_08106_c1_1290445383866538us.jpg 0.624168 0.629669 0.308835 -0.344312 -270.836495 -1160.183538 23.428866
slice25/query/img_08107_c1_1290445383933128us.jpg 0.624185 0.629601 0.309260 -0.344025 -271.890527 -1160.351162 23.465470
slice25/query/img_08108_c1_1290445383999866us.jpg 0.624366 0.629338 0.309113 -0.344311 -272.938560 -1160.513021 23.503809
slice25/query/img_08109_c1_1290445384133778us.jpg 0.625180 0.628299 0.309631 -0.344265 -275.008872 -1160.837030 23.576235
slice25/query/img_08110_c1_1290445384199850us.jpg 0.625232 0.627980 0.310395 -0.344065 -276.044253 -1160.995704 23.610137
slice25/query/img_08111_c1_1290445384266442us.jpg 0.625457 0.627589 0.310863 -0.343948 -277.075224 -1161.154856 23.643056
slice25/query/img_08112_c1_1290445384333053us.jpg 0.625134 0.627834 0.310783 -0.344160 -278.103099 -1161.314120 23.673768
slice25/query/img_08113_c1_1290445384466406us.jpg 0.624764 0.628074 0.308816 -0.346159 -280.179119 -1161.739325 23.677328
slice25/query/img_08114_c1_1290445384533018us.jpg 0.624810 0.628475 0.307958 -0.346112 -281.155430 -1161.910326 23.721367
slice25/query/img_08115_c1_1290445384666370us.jpg 0.625334 0.628017 0.308006 -0.345953 -283.194270 -1162.254734 23.813444
slice25/query/img_08116_c1_1290445384733000us.jpg 0.626048 0.627429 0.308271 -0.345494 -284.272310 -1162.422664 23.849915
slice25/query/img_08117_c1_1290445384799715us.jpg 0.626728 0.627244 0.308346 -0.344530 -285.345985 -1162.590005 23.888506
slice25/query/img_08118_c1_1290445384866328us.jpg 0.626923 0.627360 0.308403 -0.343910 -286.405434 -1162.770305 23.931245
slice25/query/img_08119_c1_1290445384999701us.jpg 0.626583 0.628360 0.307368 -0.343632 -288.513972 -1163.067253 23.998429
slice25/query/img_08120_c1_1290445385066290us.jpg 0.626097 0.629066 0.307017 -0.343540 -289.582021 -1163.220645 24.028421
slice25/query/img_08121_c1_1290445385132905us.jpg 0.625833 0.629591 0.306743 -0.343303 -290.639880 -1163.378283 24.059038
slice25/query/img_08122_c1_1290445385266949us.jpg 0.625340 0.630284 0.305388 -0.344138 -292.655883 -1163.685985 24.195766
slice25/query/img_08123_c1_1290445385332889us.jpg 0.625501 0.630506 0.304530 -0.344197 -293.658332 -1163.826809 24.228002
slice25/query/img_08124_c1_1290445385399603us.jpg 0.626201 0.630187 0.304272 -0.343736 -294.676451 -1163.967745 24.254645
slice25/query/img_08125_c1_1290445385533091us.jpg 0.627443 0.629264 0.305090 -0.342435 -296.819886 -1164.340618 24.318429
slice25/query/img_08126_c1_1290445385599588us.jpg 0.627750 0.629240 0.305436 -0.341608 -297.868791 -1164.496561 24.351731
slice25/query/img_08127_c1_1290445385666179us.jpg 0.627786 0.629293 0.305304 -0.341563 -298.905411 -1164.657677 24.386993
slice25/query/img_08128_c1_1290445385799553us.jpg 0.627023 0.629783 0.304592 -0.342694 -301.063481 -1164.981443 24.431206
slice25/query/img_08129_c1_1290445385866141us.jpg 0.626374 0.630108 0.304640 -0.343240 -302.102623 -1165.128102 24.466071
slice25/query/img_08130_c1_1290445385932804us.jpg 0.625710 0.630656 0.304546 -0.343528 -303.151782 -1165.279157 24.500698
slice25/query/img_08131_c1_1290445386066106us.jpg 0.625177 0.630939 0.304772 -0.343779 -305.233482 -1165.614995 24.562379
slice25/query/img_08132_c1_1290445386132715us.jpg 0.625611 0.630574 0.304985 -0.343470 -306.268462 -1165.772221 24.603980
slice25/query/img_08133_c1_1290445386199454us.jpg 0.626354 0.629918 0.304914 -0.343384 -307.322975 -1165.926019 24.652653
slice25/query/img_08134_c1_1290445386332680us.jpg 0.627317 0.628622 0.305258 -0.343695 -309.390536 -1166.239472 24.740717
slice25/query/img_08135_c1_1290445386399416us.jpg 0.627205 0.628548 0.305385 -0.343920 -310.397233 -1166.382017 24.771481
slice25/query/img_08136_c1_1290445386466029us.jpg 0.627062 0.628783 0.305548 -0.343607 -311.425205 -1166.526540 24.802505
slice25/query/img_08137_c1_1290445386600644us.jpg 0.625872 0.629576 0.304859 -0.344932 -313.448759 -1166.830379 24.889575
slice25/query/img_08138_c1_1290445386665998us.jpg 0.625550 0.629797 0.304646 -0.345302 -314.362266 -1166.869317 24.889694
slice25/query/img_08139_c1_1290445386799343us.jpg 0.625425 0.630074 0.304717 -0.344962 -316.646063 -1167.277081 25.045487
slice25/query/img_08140_c1_1290445386865953us.jpg 0.625897 0.629767 0.305525 -0.343950 -317.701461 -1167.429354 25.084770
slice25/query/img_08141_c1_1290445386932566us.jpg 0.626682 0.629200 0.307260 -0.342007 -318.764698 -1167.584156 25.118987
slice25/query/img_08142_c1_1290445387065919us.jpg 0.626774 0.629537 0.308245 -0.340328 -320.836726 -1167.921380 25.217035
