slice25/query/img_08321_c1_1299251266248606us.jpg 0.621362 0.627424 0.334215 -0.329468 -65.915727 -1071.689978 27.388492
slice25/query/img_08322_c1_1299251266315232us.jpg 0.620171 0.625746 0.338653 -0.330370 -67.039389 -1071.874844 27.374061
slice25/query/img_08323_c1_1299251266448613us.jpg 0.618618 0.622617 0.346667 -0.330881 -69.272930 -1072.265145 27.328816
slice25/query/img_08324_c1_1299251266515233us.jpg 0.617688 0.620660 0.349348 -0.333465 -70.381907 -1072.465620 27.286869
slice25/query/img_08325_c1_1299251266581983us.jpg 0.617033 0.618534 0.351161 -0.336707 -71.482835 -1072.680300 27.242179
slice25/query/img_08326_c1_1299251266715241us.jpg 0.614068 0.615709 0.354825 -0.343398 -73.700911 -1073.137258 27.150350
slice25/query/img_08327_c1_1299251266781983us.jpg 0.611825 0.615118 0.357139 -0.346052 -74.818448 -1073.374823 27.107988
slice25/query/img_08328_c1_1299251266848610us.jpg 0.609786 0.614503 0.359665 -0.348120 -75.930059 -1073.627147 27.068896
slice25/query/img_08329_c1_1299251266982010us.jpg 0.606848 0.612022 0.365267 -0.351775 -78.159291 -1074.153946 26.987187
slice25/query/img_08330_c1_1299251267048612us.jpg 0.605929 0.610306 0.368547 -0.352916 -79.268295 -1074.434777 26.953721
slice25/query/img_08331_c1_1299251267115236us.jpg 0.605248 0.608461 0.371357 -0.354322 -80.372848 -1074.724173 26.917369
slice25/query/img_08332_c1_1299251267248636us.jpg 0.602933 0.605669 0.377376 -0.356685 -82.590607 -1075.318634 26.838916
slice25/query/img_08333_c1_1299251267315259us.jpg 0.601025 0.605158 0.380584 -0.357363 -83.691101 -1075.629949 26.796241
slice25/query/img_08334_c1_1299251267381986us.jpg 0.598836 0.604753 0.383062 -0.359072 -84.793912 -1075.944734 26.746144
slice25/query/img_08335_c1_1299251267448611us.jpg 0.597103 0.604032 0.384362 -0.361772 -85.891754 -1076.259844 26.687583
slice25/query/img_08336_c1_1299251267582014us.jpg 0.594769 0.601634 0.384715 -0.369161 -88.109921 -1076.929843 26.556446
slice25/query/img_08337_c1_1299251267648613us.jpg 0.594282 0.599756 0.385169 -0.372514 -89.208931 -1077.280829 26.505672
slice25/query/img_08338_c1_1299251267715238us.jpg 0.594357 0.597676 0.385934 -0.374938 -90.309518 -1077.641024 26.461303
slice25/query/img_08339_c1_1299251267848638us.jpg 0.593646 0.593966 0.390647 -0.377073 -92.513831 -1078.382399 26.395307
slice25/query/img_08340_c1_1299251267915239us.jpg 0.592738 0.592648 0.393891 -0.377200 -93.612478 -1078.763650 26.365560
slice25/query/img_08341_c1_1299251267981990us.jpg 0.591531 0.591602 0.397179 -0.377289 -94.713568 -1079.149795 26.330578
slice25/query/img_08342_c1_1299251268048615us.jpg 0.589862 0.590874 0.399110 -0.379002 -95.802953 -1079.538277 26.286703
slice25/query/img_08343_c1_1299251268182017us.jpg 0.585780 0.589791 0.399076 -0.386971 -97.982765 -1080.321377 26.173150
slice25/query/img_08344_c1_1299251268248616us.jpg 0.584990 0.586693 0.400842 -0.391029 -99.070050 -1080.726527 26.130531
slice25/query/img_08345_c1_1299251268315242us.jpg 0.585780 0.582385 0.403536 -0.393507 -100.143595 -1081.148403 26.098224
slice25/query/img_08346_c1_1299251268448624us.jpg 0.588937 0.573388 0.409864 -0.395463 -102.300567 -1082.038406 26.045292
slice25/query/img_08347_c1_1299251268515243us.jpg 0.590739 0.569038 0.413106 -0.395685 -103.368745 -1082.498885 26.022971
slice25/query/img_08348_c1_1299251268581994us.jpg 0.591757 0.564958 0.416257 -0.396708 -104.419915 -1082.954557 25.994556
slice25/query/img_08349_c1_1299251268648619us.jpg 0.591696 0.561719 0.419111 -0.398389 -105.479728 -1083.414865 25.967326
slice25/query/img_08350_c1_1299251268782020us.jpg 0.587350 0.559201 0.423434 -0.403755 -107.600983 -1084.345110 25.884837
slice25/query/img_08351_c1_1299251268848619us.jpg 0.583639 0.559307 0.425576 -0.406725 -108.668862 -1084.820894 25.836310
slice25/query/img_08352_c1_1299251268915245us.jpg 0.579500 0.560677 0.425919 -0.410383 -109.719088 -1085.300494 25.788544
slice25/query/img_08353_c1_1299251269048627us.jpg 0.572465 0.562059 0.427368 -0.416809 -111.819490 -1086.282850 25.693201
slice25/query/img_08354_c1_1299251269115246us.jpg 0.570384 0.561184 0.429039 -0.419118 -112.857680 -1086.793728 25.659824
slice25/query/img_08355_c1_1299251269181996us.jpg 0.569055 0.559943 0.430967 -0.420605 -113.901355 -1087.316140 25.629224
slice25/query/img_08356_c1_1299251269315272us.jpg 0.566886 0.557096 0.435451 -0.422691 -115.966372 -1088.382137 25.567283
slice25/query/img_08357_c1_1299251269382022us.jpg 0.565633 0.555888 0.437397 -0.423948 -116.997158 -1088.923467 25.532522
slice25/query/img_08358_c1_1299251269448622us.jpg 0.564166 0.554693 0.439141 -0.425661 -118.027863 -1089.463422 25.492879
slice25/query/img_08359_c1_1299251269515249us.jpg 0.561557 0.554004 0.440799 -0.428287 -119.047438 -1090.000419 25.452075
slice25/query/img_08360_c1_1299251269648627us.jpg 0.553779 0.554014 0.444600 -0.434428 -121.084760 -1091.101776 25.362885
slice25/query/img_08361_c1_1299251269715249us.jpg 0.548767 0.554073 0.447140 -0.438092 -122.087409 -1091.658609 25.317483
slice25/query/img_08362_c1_1299251269848632us.jpg 0.539168 0.554131 0.451821 -0.445078 -124.092298 -1092.832011 25.237239
slice25/query/img_08363_c1_1299251269915275us.jpg 0.534890 0.553726 0.454275 -0.448235 -125.087764 -1093.433512 25.204425
slice25/query/img_08364_c1_1299251269982004us.jpg 0.531306 0.552616 0.456621 -0.451472 -126.072329 -1094.044548 25.173497
slice25/query/img_08365_c1_1299251270115257us.jpg 0.528190 0.546559 0.464512 -0.454441 -128.002430 -1095.316472 25.130908
slice25/query/img_08366_c1_1299251270182002us.jpg 0.528300 0.541860 0.469280 -0.455042 -128.963068 -1095.976762 25.110172
slice25/query/img_08367_c1_1299251270248626us.jpg 0.528710 0.537320 0.472618 -0.456492 -129.911361 -1096.646804 25.079292
slice25/query/img_08368_c1_1299251270382029us.jpg 0.527477 0.530184 0.476364 -0.462331 -131.774004 -1097.998779 24.998740
slice25/query/img_08369_c1_1299251270448631us.jpg 0.525804 0.527910 0.477477 -0.465679 -132.700078 -1098.680462 24.953624
slice25/query/img_08370_c1_1299251270515253us.jpg 0.523208 0.526565 0.478680 -0.468879 -133.616344 -1099.365603 24.912460
slice25/query/img_08371_c1_1299251270582003us.jpg 0.520407 0.525813 0.480254 -0.471225 -134.530614 -1100.058719 24.873799
slice25/query/img_08372_c1_1299251270715281us.jpg 0.515542 0.523611 0.484303 -0.474867 -136.360979 -1101.464786 24.798598
slice25/query/img_08373_c1_1299251270782004us.jpg 0.514110 0.522153 0.486451 -0.475828 -137.261698 -1102.179986 24.769564
slice25/query/img_08374_c1_1299251270848630us.jpg 0.513785 0.520285 0.488491 -0.476137 -138.150311 -1102.903433 24.741902
slice25/query/img_08375_c1_1299251270982009us.jpg 0.516331 0.515188 0.490857 -0.476490 -139.898365 -1104.366359 24.684599
slice25/query/img_08376_c1_1299251271048631us.jpg 0.518296 0.512774 0.490827 -0.476991 -140.765996 -1105.095748 24.652277
slice25/query/img_08377_c1_1299251271115257us.jpg 0.520244 0.510683 0.490683 -0.477262 -141.622047 -1105.823136 24.619193
slice25/query/img_08378_c1_1299251271315999us.jpg 0.523726 0.509064 0.488513 -0.477408 -144.224421 -1108.024827 24.508582
slice25/query/img_08379_c1_1299251271382013us.jpg 0.523501 0.510065 0.487819 -0.477298 -145.097250 -1108.745558 24.475842
slice25/query/img_08380_c1_1299251271448635us.jpg 0.523153 0.511581 0.486884 -0.477012 -145.970062 -1109.467361 24.443988
slice25/query/img_08381_c1_1299251271582035us.jpg 0.522659 0.514365 0.485813 -0.475649 -147.726122 -1110.903422 24.380035
slice25/query/img_08382_c1_1299251271648635us.jpg 0.522801 0.515453 0.485372 -0.474765 -148.607734 -1111.619174 24.350570
slice25/query/img_08383_c1_1299251271715260us.jpg 0.523356 0.516219 0.484660 -0.474047 -149.484516 -1112.330432 24.321380
slice25/query/img_08384_c1_1299251271848639us.jpg 0.525166 0.517234 0.482953 -0.472679 -151.239760 -1113.743628 24.258455
slice25/query/img_08385_c1_1299251271915262us.jpg 0.526208 0.517727 0.481862 -0.472094 -152.118523 -1114.440598 24.227091
slice25/query/img_08386_c1_1299251271982012us.jpg 0.527217 0.518352 0.480878 -0.471284 -152.992649 -1115.136255 24.196496
slice25/query/img_08387_c1_1299251272115262us.jpg 0.528533 0.520401 0.478884 -0.469580 -154.741974 -1116.518920 24.137849
slice25/query/img_08388_c1_1299251272182012us.jpg 0.528654 0.521918 0.478217 -0.468439 -155.623471 -1117.201526 24.107776
slice25/query/img_08389_c1_1299251272248637us.jpg 0.528416 0.523644 0.477529 -0.467482 -156.505573 -1117.877715 24.078142
slice25/query/img_08390_c1_1299251272382057us.jpg 0.528395 0.526956 0.475168 -0.466188 -158.285343 -1119.230545 24.014025
slice25/query/img_08391_c1_1299251272448638us.jpg 0.528677 0.528277 0.473780 -0.465786 -159.172590 -1119.900196 23.984463
slice25/query/img_08392_c1_1299251272515264us.jpg 0.529036 0.529581 0.472484 -0.465214 -160.062695 -1120.566245 23.957472
slice25/query/img_08393_c1_1299251272648641us.jpg 0.530406 0.531668 0.470863 -0.462912 -161.845301 -1121.894092 23.909524
slice25/query/img_08394_c1_1299251272715267us.jpg 0.530919 0.532705 0.470250 -0.461752 -162.740132 -1122.553467 23.888284
slice25/query/img_08395_c1_1299251272848664us.jpg 0.532163 0.534524 0.468671 -0.459820 -164.529118 -1123.861578 23.830952
slice25/query/img_08396_c1_1299251272915266us.jpg 0.532655 0.535569 0.467799 -0.458922 -165.433630 -1124.508925 23.802496
slice25/query/img_08397_c1_1299251272982017us.jpg 0.533166 0.536418 0.466941 -0.458209 -166.334711 -1125.156663 23.775172
slice25/query/img_08398_c1_1299251273115292us.jpg 0.534012 0.538250 0.464562 -0.457494 -168.150407 -1126.442786 23.716081
slice25/query/img_08399_c1_1299251273182064us.jpg 0.534294 0.539242 0.463588 -0.456983 -169.062836 -1127.080046 23.689414
slice25/query/img_08400_c1_1299251273248643us.jpg 0.534589 0.539963 0.462968 -0.456416 -169.980527 -1127.714875 23.663652
slice25/query/img_08401_c1_1299251273382079us.jpg 0.535359 0.541402 0.461810 -0.454978 -171.818753 -1128.979717 23.610732
slice25/query/img_08402_c1_1299251273448645us.jpg 0.535569 0.542471 0.460976 -0.454304 -172.740190 -1129.609674 23.584406
slice25/query/img_08403_c1_1299251273515270us.jpg 0.535487 0.543676 0.460267 -0.453679 -173.654475 -1130.231659 23.559052
slice25/query/img_08404_c1_1299251273582020us.jpg 0.535383 0.544800 0.459456 -0.453275 -174.563652 -1130.851418 23.538861
slice25/query/img_08405_c1_1299251273715271us.jpg 0.535782 0.546496 0.457300 -0.452943 -176.402012 -1132.082428 23.488355
slice25/query/img_08406_c1_1299251273782045us.jpg 0.536534 0.546812 0.456462 -0.452515 -177.316253 -1132.697466 23.466034
slice25/query/img_08407_c1_1299251273848646us.jpg 0.537387 0.547162 0.455558 -0.451992 -178.234011 -1133.307253 23.444275
slice25/query/img_08408_c1_1299251273915272us.jpg 0.538556 0.547390 0.454751 -0.451135 -179.151859 -1133.914594 23.422741
slice25/query/img_08409_c1_1299251274048674us.jpg 0.541469 0.548013 0.453145 -0.448500 -180.980417 -1135.127740 23.386097
slice25/query/img_08410_c1_1299251274115297us.jpg 0.543087 0.548505 0.452026 -0.447069 -181.906467 -1135.729420 23.362518
slice25/query/img_08411_c1_1299251274182023us.jpg 0.544697 0.549236 0.450832 -0.445415 -182.829796 -1136.326722 23.340753
slice25/query/img_08412_c1_1299251274248648us.jpg 0.545931 0.550541 0.449307 -0.443831 -183.744754 -1136.918737 23.321536
slice25/query/img_08413_c1_1299251274382031us.jpg 0.548620 0.553599 0.445460 -0.440580 -185.608221 -1138.094123 23.272341
slice25/query/img_08414_c1_1299251274448648us.jpg 0.549947 0.554996 0.443881 -0.438758 -186.537117 -1138.670056 23.253217
slice25/query/img_08415_c1_1299251274515274us.jpg 0.551671 0.556166 0.442383 -0.436618 -187.471175 -1139.235905 23.233346
slice25/query/img_08416_c1_1299251274582025us.jpg 0.553795 0.557158 0.440704 -0.434357 -188.404880 -1139.796812 23.212888
slice25/query/img_08417_c1_1299251274715279us.jpg 0.559281 0.559028 0.435650 -0.430002 -190.272781 -1140.908477 23.173667
slice25/query/img_08418_c1_1299251274782026us.jpg 0.562231 0.560246 0.432488 -0.427756 -191.214063 -1141.455161 23.154412
slice25/query/img_08419_c1_1299251274848651us.jpg 0.564730 0.561685 0.429556 -0.425526 -192.159865 -1141.988281 23.134503
slice25/query/img_08420_c1_1299251274915276us.jpg 0.566627 0.563669 0.426836 -0.423110 -193.108716 -1142.511231 23.120365
slice25/query/img_08421_c1_1299251275048654us.jpg 0.569081 0.569110 0.421896 -0.417451 -195.036827 -1143.526617 23.089263
slice25/query/img_08422_c1_1299251275115278us.jpg 0.569858 0.572254 0.419459 -0.414537 -196.004406 -1144.022349 23.075494
slice25/query/img_08423_c1_1299251275182028us.jpg 0.570975 0.575059 0.416702 -0.411892 -196.982092 -1144.506678 23.054237
slice25/query/img_08424_c1_1299251275315284us.jpg 0.574543 0.579342 0.411411 -0.406207 -198.896949 -1145.454090 23.026434
slice25/query/img_08425_c1_1299251275448654us.jpg 0.579001 0.582514 0.405698 -0.401054 -200.869112 -1146.354362 22.984706
slice25/query/img_08426_c1_1299251275515281us.jpg 0.580709 0.584421 0.402844 -0.398680 -201.858865 -1146.791618 22.962033
slice25/query/img_08427_c1_1299251275582030us.jpg 0.581999 0.586360 0.400369 -0.396440 -202.853253 -1147.216688 22.941880
slice25/query/img_08428_c1_1299251275715309us.jpg 0.583353 0.590562 0.396027 -0.392554 -204.871819 -1148.043297 22.898442
slice25/query/img_08429_c1_1299251275782032us.jpg 0.583638 0.592825 0.393929 -0.390825 -205.879564 -1148.445285 22.877773
slice25/query/img_08430_c1_1299251275848656us.jpg 0.584033 0.594820 0.391640 -0.389503 -206.895638 -1148.834988 22.855505
slice25/query/img_08431_c1_1299251275982071us.jpg 0.585471 0.598232 0.387134 -0.386612 -208.940408 -1149.605737 22.814274
slice25/query/img_08432_c1_1299251276048662us.jpg 0.586504 0.599307 0.385376 -0.385136 -209.952030 -1149.980025 22.799829
slice25/query/img_08433_c1_1299251276115283us.jpg 0.587680 0.600134 0.383878 -0.383549 -210.969829 -1150.347246 22.784723
slice25/query/img_08434_c1_1299251276182034us.jpg 0.588887 0.600932 0.382358 -0.381961 -211.999654 -1150.703453 22.766510
slice25/query/img_08435_c1_1299251276315309us.jpg 0.591651 0.602671 0.378779 -0.378501 -214.062382 -1151.424137 22.727202
slice25/query/img_08436_c1_1299251276382036us.jpg 0.593214 0.603244 0.376955 -0.376960 -215.098734 -1151.770458 22.705625
slice25/query/img_08437_c1_1299251276448661us.jpg 0.594797 0.603770 0.375084 -0.375487 -216.134868 -1152.112953 22.689079
slice25/query/img_08438_c1_1299251276582059us.jpg 0.597322 0.605548 0.371059 -0.372604 -218.203356 -1152.782675 22.661986
slice25/query/img_08439_c1_1299251276715311us.jpg 0.599244 0.607721 0.367285 -0.369708 -220.284592 -1153.418059 22.625226
slice25/query/img_08440_c1_1299251276848667us.jpg 0.601148 0.610125 0.363741 -0.366143 -222.404241 -1154.050478 22.603167
slice25/query/img_08441_c1_1299251276915353us.jpg 0.602212 0.611193 0.361518 -0.364812 -223.462550 -1154.356137 22.591491
slice25/query/img_08442_c1_1299251276982038us.jpg 0.603407 0.612179 0.359052 -0.363619 -224.521800 -1154.665009 22.573305
slice25/query/img_08443_c1_1299251277048663us.jpg 0.604546 0.613176 0.356929 -0.362133 -225.582865 -1154.949374 22.559089
slice25/query/img_08444_c1_1299251277182040us.jpg 0.607072 0.614485 0.353223 -0.359312 -227.726380 -1155.511332 22.529623
slice25/query/img_08445_c1_1299251277248665us.jpg 0.608493 0.615193 0.350774 -0.358094 -228.788124 -1155.794612 22.520054
slice25/query/img_08446_c1_1299251277315291us.jpg 0.609565 0.616076 0.348359 -0.357109 -229.850857 -1156.052467 22.515230
slice25/query/img_08447_c1_1299251277448666us.jpg 0.611664 0.617667 0.344396 -0.354606 -231.959816 -1156.568187 22.505473
slice25/query/img_08448_c1_1299251277515290us.jpg 0.612812 0.618404 0.342364 -0.353306 -233.015020 -1156.818863 22.507689
slice25/query/img_08449_c1_1299251277582041us.jpg 0.614241 0.618732 0.340643 -0.351911 -234.063516 -1157.061264 22.513786
slice25/query/img_08450_c1_1299251277715303us.jpg 0.617158 0.619687 0.336366 -0.349232 -236.179050 -1157.536417 22.526308
slice25/query/img_08451_c1_1299251277782042us.jpg 0.618688 0.620008 0.334304 -0.347932 -237.245560 -1157.768084 22.537818
slice25/query/img_08452_c1_1299251277848667us.jpg 0.620168 0.620217 0.332253 -0.346886 -238.312776 -1157.986064 22.542191
slice25/query/img_08453_c1_1299251277982067us.jpg 0.623162 0.620475 0.327844 -0.345252 -240.419225 -1158.415439 22.573603
slice25/query/img_08454_c1_1299251278048669us.jpg 0.624729 0.620622 0.325290 -0.344570 -241.474035 -1158.625521 22.591064
slice25/query/img_08455_c1_1299251278115294us.jpg 0.626373 0.620834 0.322628 -0.343705 -242.529810 -1158.830775 22.606379
slice25/query/img_08456_c1_1299251278248681us.jpg 0.628899 0.621295 0.317729 -0.342823 -244.646345 -1159.214830 22.653130
slice25/query/img_08457_c1_1299251278315297us.jpg 0.629657 0.621214 0.317527 -0.341762 -245.711849 -1159.395722 22.678923
slice25/query/img_08458_c1_1299251278382045us.jpg 0.631060 0.621405 0.315199 -0.340983 -246.770221 -1159.579359 22.709607
slice25/query/img_08459_c1_1299251278448671us.jpg 0.632312 0.621708 0.311680 -0.341343 -247.823054 -1159.756131 22.735593
slice25/query/img_08460_c1_1299251278582049us.jpg 0.633474 0.622100 0.307765 -0.342029 -249.944319 -1160.088012 22.805641
slice25/query/img_08461_c1_1299251278648671us.jpg 0.633325 0.622643 0.307546 -0.341513 -251.010822 -1160.247503 22.846364
slice25/query/img_08462_c1_1299251278715296us.jpg 0.632927 0.623452 0.308097 -0.340275 -252.084269 -1160.407488 22.887638
slice25/query/img_08463_c1_1299251278848699us.jpg 0.631390 0.625017 0.310122 -0.338416 -254.228953 -1160.710890 22.964008
slice25/query/img_08464_c1_1299251278915321us.jpg 0.630841 0.625524 0.309807 -0.338791 -255.296922 -1160.863975 22.995997
slice25/query/img_08465_c1_1299251278982048us.jpg 0.630710 0.625599 0.308868 -0.339753 -256.363901 -1161.016687 23.026352
slice25/query/img_08466_c1_1299251279048681us.jpg 0.630531 0.625814 0.307733 -0.340716 -257.431501 -1161.175046 23.058124
slice25/query/img_08467_c1_1299251279182076us.jpg 0.629931 0.626299 0.306998 -0.341598 -259.584404 -1161.499078 23.124525
slice25/query/img_08468_c1_1299251279248675us.jpg 0.629382 0.626648 0.307825 -0.341226 -260.662887 -1161.661041 23.161448
slice25/query/img_08469_c1_1299251279315300us.jpg 0.628494 0.627176 0.308791 -0.341018 -261.750003 -1161.811039 23.192893
slice25/query/img_08470_c1_1299251279382051us.jpg 0.627663 0.627743 0.309333 -0.341016 -262.836737 -1161.968705 23.224806
slice25/query/img_08471_c1_1299251279515328us.jpg 0.626008 0.628487 0.310094 -0.341994 -264.995814 -1162.301705 23.296112
slice25/query/img_08472_c1_1299251279582052us.jpg 0.625664 0.628164 0.310430 -0.342910 -266.082827 -1162.464247 23.328758
slice25/query/img_08473_c1_1299251279648685us.jpg 0.625684 0.627551 0.310595 -0.343846 -267.171817 -1162.630271 23.361974
slice25/query/img_08474_c1_1299251279782080us.jpg 0.626195 0.626310 0.310738 -0.345047 -269.340537 -1162.972471 23.432043
slice25/query/img_08475_c1_1299251279848702us.jpg 0.626466 0.625800 0.310913 -0.345322 -270.427573 -1163.144626 23.468379
slice25/query/img_08476_c1_1299251279915303us.jpg 0.626904 0.625378 0.311102 -0.345122 -271.513589 -1163.318802 23.504882
slice25/query/img_08477_c1_1299251279982053us.jpg 0.627239 0.625167 0.311109 -0.344889 -272.603744 -1163.494890 23.542581
slice25/query/img_08478_c1_1299251280115331us.jpg 0.627962 0.624681 0.311473 -0.344125 -274.772681 -1163.835007 23.614038
slice25/query/img_08479_c1_1299251280182055us.jpg 0.628345 0.624591 0.311622 -0.343453 -275.851752 -1164.007235 23.650744
slice25/query/img_08480_c1_1299251280248684us.jpg 0.628775 0.624717 0.311125 -0.342887 -276.930412 -1164.175823 23.682799
slice25/query/img_08481_c1_1299251280382058us.jpg 0.629964 0.624839 0.308811 -0.342574 -279.086768 -1164.504122 23.746650
slice25/query/img_08482_c1_1299251280448696us.jpg 0.630857 0.624779 0.307623 -0.342109 -280.164029 -1164.664722 23.780217
slice25/query/img_08483_c1_1299251280515306us.jpg 0.631739 0.624907 0.306556 -0.341205 -281.237526 -1164.826913 23.816092
slice25/query/img_08484_c1_1299251280648692us.jpg 0.633022 0.625541 0.305389 -0.338702 -283.381061 -1165.141077 23.892001
slice25/query/img_08485_c1_1299251280715308us.jpg 0.633531 0.626117 0.304716 -0.337290 -284.450847 -1165.302861 23.932856
slice25/query/img_08486_c1_1299251280782058us.jpg 0.634080 0.626731 0.303516 -0.336196 -285.527047 -1165.454454 23.969355
slice25/query/img_08487_c1_1299251280848686us.jpg 0.634600 0.627380 0.302109 -0.335274 -286.607215 -1165.596526 24.003180
slice25/query/img_08488_c1_1299251280982084us.jpg 0.635689 0.628588 0.300056 -0.332781 -288.772253 -1165.878300 24.075653
slice25/query/img_08489_c1_1299251281048685us.jpg 0.635883 0.629428 0.299143 -0.331642 -289.852800 -1166.011275 24.116455
slice25/query/img_08490_c1_1299251281115309us.jpg 0.636441 0.630120 0.297931 -0.330348 -290.937786 -1166.146165 24.150433
slice25/query/img_08491_c1_1299251281248693us.jpg 0.637901 0.630964 0.295143 -0.328416 -293.112873 -1166.391815 24.242562
slice25/query/img_08492_c1_1299251281315313us.jpg 0.638605 0.631404 0.294042 -0.327187 -294.200527 -1166.507369 24.277801
slice25/query/img_08493_c1_1299251281382062us.jpg 0.638953 0.632182 0.293275 -0.325692 -295.285814 -1166.617674 24.315651
slice25/query/img_08494_c1_1299251281515339us.jpg 0.639699 0.633477 0.291620 -0.323187 -297.443542 -1166.843024 24.393124
slice25/query/img_08495_c1_1299251281582071us.jpg 0.640550 0.633796 0.290252 -0.322105 -298.531845 -1166.947615 24.423373
slice25/query/img_08496_c1_1299251281648689us.jpg 0.640641 0.634466 0.288606 -0.322084 -299.620849 -1167.037093 24.451081
slice25/query/img_08497_c1_1299251281715313us.jpg 0.640268 0.635477 0.287424 -0.321890 -300.707039 -1167.125880 24.487529
slice25/query/img_08498_c1_1299251281848714us.jpg 0.640330 0.636043 0.287833 -0.320280 -302.875416 -1167.305881 24.550465
slice25/query/img_08499_c1_1299251281915314us.jpg 0.640085 0.636459 0.287700 -0.320063 -303.959292 -1167.392854 24.581609
slice25/query/img_08500_c1_1299251281982064us.jpg 0.639435 0.637289 0.287451 -0.319934 -305.041644 -1167.478317 24.615364
slice25/query/img_08501_c1_1299251282048689us.jpg 0.638862 0.637790 0.287197 -0.320308 -306.121258 -1167.564298 24.647028
slice25/query/img_08502_c1_1299251282182067us.jpg 0.638133 0.637921 0.287211 -0.321485 -308.284721 -1167.736463 24.712213
slice25/query/img_08503_c1_1299251282248690us.jpg 0.637785 0.637964 0.287461 -0.321866 -309.370320 -1167.825247 24.747485
slice25/query/img_08504_c1_1299251282315316us.jpg 0.637264 0.637876 0.287940 -0.322645 -310.455546 -1167.910663 24.782007
slice25/query/img_08505_c1_1299251282382066us.jpg 0.636667 0.637988 0.288471 -0.323126 -311.544555 -1167.998530 24.816481
slice25/query/img_08506_c1_1299251282515343us.jpg 0.635752 0.637842 0.289430 -0.324357 -313.722954 -1168.195033 24.915440
slice25/query/img_08507_c1_1299251282582068us.jpg 0.635202 0.637764 0.289799 -0.325256 -314.813703 -1168.296203 24.954438
slice25/query/img_08508_c1_1299251282648693us.jpg 0.634623 0.637836 0.290457 -0.325658 -315.909662 -1168.403621 24.997539
slice25/query/img_08509_c1_1299251282782071us.jpg 0.633680 0.637661 0.292924 -0.325628 -318.085615 -1168.597078 25.066804
slice25/query/img_08510_c1_1299251282848694us.jpg 0.632990 0.637628 0.294812 -0.325332 -319.160104 -1168.689848 25.101438
slice25/query/img_08511_c1_1299251282982095us.jpg 0.632340 0.637619 0.295511 -0.325978 -321.345464 -1168.870584 25.154119
