slice25/database/img_07701_c1_1303399158916424us.jpg 0.624234 0.622557 0.335996 -0.331454 -66.702143 -1069.372170 27.468824
slice25/database/img_07702_c1_1303399158983170us.jpg 0.622442 0.622549 0.339599 -0.331167 -67.635781 -1069.528653 27.447239
slice25/database/img_07703_c1_1303399159116428us.jpg 0.621354 0.619792 0.345875 -0.331884 -69.529342 -1069.881221 27.400705
slice25/database/img_07704_c1_1303399159183204us.jpg 0.621761 0.617526 0.347811 -0.333319 -70.467844 -1070.071720 27.371629
slice25/database/img_07705_c1_1303399159249795us.jpg 0.622194 0.615410 0.349116 -0.335056 -71.399210 -1070.266286 27.339284
slice25/database/img_07706_c1_1303399159383176us.jpg 0.622302 0.611876 0.351826 -0.338476 -73.268949 -1070.661454 27.262640
slice25/database/img_07707_c1_1303399159516426us.jpg 0.619856 0.610580 0.355667 -0.341281 -75.119323 -1071.058608 27.205397
slice25/database/img_07708_c1_1303399159583173us.jpg 0.617927 0.610646 0.357759 -0.342472 -76.045063 -1071.264851 27.177224
slice25/database/img_07709_c1_1303399159716449us.jpg 0.614049 0.610524 0.361593 -0.345623 -77.885025 -1071.685771 27.110303
slice25/database/img_07710_c1_1303399159783174us.jpg 0.612669 0.609899 0.363267 -0.347414 -78.797890 -1071.907565 27.077359
slice25/database/img_07711_c1_1303399159849801us.jpg 0.611823 0.608683 0.365252 -0.348953 -79.715888 -1072.140705 27.046610
slice25/database/img_07712_c1_1303399159983180us.jpg 0.610626 0.605939 0.369041 -0.351827 -81.555189 -1072.620486 26.971978
slice25/database/img_07713_c1_1303399160049801us.jpg 0.609472 0.604863 0.371377 -0.353218 -82.471969 -1072.865995 26.933201
slice25/database/img_07714_c1_1303399160249839us.jpg 0.602202 0.604560 0.378478 -0.358628 -85.274058 -1073.616312 26.799392
slice25/database/img_07715_c1_1303399160449845us.jpg 0.600672 0.599196 0.379782 -0.368678 -88.147310 -1074.442399 26.621377
slice25/database/img_07716_c1_1303399160583183us.jpg 0.599037 0.597077 0.380602 -0.373892 -90.010804 -1075.035860 26.548904
slice25/database/img_07717_c1_1303399160649804us.jpg 0.597486 0.596578 0.382219 -0.375518 -90.941823 -1075.339390 26.521657
slice25/database/img_07718_c1_1303399160716429us.jpg 0.595472 0.596419 0.385295 -0.375827 -91.876609 -1075.647282 26.499484
slice25/database/img_07719_c1_1303399160783179us.jpg 0.593072 0.596412 0.388713 -0.376113 -92.809670 -1075.958748 26.476594
slice25/database/img_07720_c1_1303399160916455us.jpg 0.589259 0.594988 0.394656 -0.378167 -94.659271 -1076.600012 26.416144
slice25/database/img_07721_c1_1303399160983180us.jpg 0.589262 0.593104 0.395757 -0.379965 -95.576283 -1076.936437 26.378913
slice25/database/img_07722_c1_1303399161049805us.jpg 0.590834 0.590373 0.395901 -0.381623 -96.483307 -1077.282751 26.341682
slice25/database/img_07723_c1_1303399161183183us.jpg 0.597461 0.581531 0.392331 -0.388508 -98.278710 -1077.992992 26.266858
slice25/database/img_07724_c1_1303399161249831us.jpg 0.599299 0.579203 0.390903 -0.390588 -99.176666 -1078.348500 26.241604
slice25/database/img_07725_c1_1303399161316432us.jpg 0.598527 0.579374 0.392177 -0.390242 -100.089093 -1078.700162 26.228046
slice25/database/img_07726_c1_1303399161383182us.jpg 0.595787 0.580856 0.394971 -0.389411 -101.008500 -1079.043476 26.218444
slice25/database/img_07727_c1_1303399161516434us.jpg 0.586435 0.586364 0.400938 -0.389256 -102.838967 -1079.710489 26.174810
slice25/database/img_07728_c1_1303399161583192us.jpg 0.581192 0.589596 0.402732 -0.390384 -103.760879 -1080.054687 26.141986
slice25/database/img_07729_c1_1303399161649809us.jpg 0.576808 0.591563 0.404162 -0.392426 -104.678228 -1080.401896 26.106521
slice25/database/img_07730_c1_1303399161783185us.jpg 0.573133 0.589088 0.407118 -0.398433 -106.481996 -1081.129291 26.030649
slice25/database/img_07731_c1_1303399161849809us.jpg 0.573712 0.585468 0.408548 -0.401460 -107.377754 -1081.512517 25.996113
slice25/database/img_07732_c1_1303399161916434us.jpg 0.574579 0.581463 0.410519 -0.404022 -108.266472 -1081.905012 25.967592
slice25/database/img_07733_c1_1303399162049812us.jpg 0.574671 0.575342 0.415460 -0.407588 -110.056366 -1082.718902 25.916138
slice25/database/img_07734_c1_1303399162116436us.jpg 0.573161 0.573736 0.418263 -0.409109 -110.949410 -1083.131500 25.891755
slice25/database/img_07735_c1_1303399162183189us.jpg 0.570635 0.572881 0.421222 -0.410798 -111.843440 -1083.546104 25.866786
slice25/database/img_07736_c1_1303399162316462us.jpg 0.563009 0.572697 0.427873 -0.414685 -113.632205 -1084.395956 25.808573
slice25/database/img_07737_c1_1303399162383191us.jpg 0.559123 0.572608 0.430381 -0.417462 -114.521274 -1084.831462 25.771367
slice25/database/img_07738_c1_1303399162449813us.jpg 0.555837 0.571994 0.432515 -0.420475 -115.400272 -1085.274413 25.734299
slice25/database/img_07739_c1_1303399162583226us.jpg 0.551506 0.569000 0.436001 -0.426595 -117.148104 -1086.195309 25.653321
slice25/database/img_07740_c1_1303399162649815us.jpg 0.549887 0.566914 0.437814 -0.429595 -118.011297 -1086.667562 25.618933
slice25/database/img_07741_c1_1303399162716439us.jpg 0.548449 0.564873 0.440154 -0.431726 -118.871385 -1087.150134 25.586667
slice25/database/img_07742_c1_1303399162783193us.jpg 0.546598 0.563195 0.442944 -0.433409 -119.727379 -1087.638685 25.557163
slice25/database/img_07743_c1_1303399162916466us.jpg 0.542364 0.559727 0.448708 -0.437273 -121.435265 -1088.637882 25.493399
slice25/database/img_07744_c1_1303399162983201us.jpg 0.540523 0.557578 0.451337 -0.439586 -122.281860 -1089.148109 25.459184
slice25/database/img_07745_c1_1303399163049816us.jpg 0.539115 0.555322 0.453417 -0.442023 -123.117805 -1089.663988 25.424438
slice25/database/img_07746_c1_1303399163183226us.jpg 0.537674 0.550732 0.456293 -0.446540 -124.778864 -1090.727388 25.351725
slice25/database/img_07747_c1_1303399163249818us.jpg 0.537782 0.547706 0.457625 -0.448762 -125.601175 -1091.267544 25.321067
slice25/database/img_07748_c1_1303399163316444us.jpg 0.537816 0.544907 0.458827 -0.450897 -126.417122 -1091.812087 25.293206
slice25/database/img_07749_c1_1303399163449846us.jpg 0.537019 0.541505 0.460872 -0.453851 -128.044964 -1092.921346 25.232909
slice25/database/img_07750_c1_1303399163516447us.jpg 0.535971 0.540725 0.462778 -0.454080 -128.858612 -1093.479554 25.206801
slice25/database/img_07751_c1_1303399163649822us.jpg 0.533333 0.539637 0.466837 -0.454324 -130.493867 -1094.610433 25.146494
slice25/database/img_07752_c1_1303399163716449us.jpg 0.531993 0.539547 0.468168 -0.454633 -131.304618 -1095.176465 25.114881
slice25/database/img_07753_c1_1303399163783198us.jpg 0.530767 0.539472 0.468888 -0.455412 -132.111086 -1095.745858 25.078389
slice25/database/img_07754_c1_1303399163849820us.jpg 0.529627 0.539469 0.468762 -0.456870 -132.913616 -1096.314572 25.037843
slice25/database/img_07755_c1_1303399163983200us.jpg 0.528627 0.538286 0.468236 -0.459953 -134.520622 -1097.472997 24.959734
slice25/database/img_07756_c1_1303399164049822us.jpg 0.528552 0.537164 0.468226 -0.461359 -135.321399 -1098.055201 24.926338
slice25/database/img_07757_c1_1303399164116447us.jpg 0.528448 0.536309 0.468300 -0.462396 -136.121041 -1098.640060 24.895146
slice25/database/img_07758_c1_1303399164249848us.jpg 0.527508 0.535213 0.469801 -0.463217 -137.715148 -1099.809869 24.840164
slice25/database/img_07759_c1_1303399164316448us.jpg 0.527148 0.534680 0.471091 -0.462931 -138.514432 -1100.399979 24.815960
slice25/database/img_07760_c1_1303399164383202us.jpg 0.526812 0.533941 0.472541 -0.462689 -139.310319 -1100.989890 24.793578
slice25/database/img_07761_c1_1303399164516476us.jpg 0.526152 0.532542 0.474067 -0.463491 -140.902791 -1102.178408 24.735238
slice25/database/img_07762_c1_1303399164583233us.jpg 0.525602 0.532125 0.473932 -0.464730 -141.689425 -1102.767611 24.702433
slice25/database/img_07763_c1_1303399164649826us.jpg 0.525158 0.531388 0.474086 -0.465917 -142.474062 -1103.359263 24.670292
slice25/database/img_07764_c1_1303399164716450us.jpg 0.524802 0.530566 0.474831 -0.466496 -143.260682 -1103.953534 24.640676
slice25/database/img_07765_c1_1303399164849959us.jpg 0.523922 0.529420 0.476920 -0.466655 -144.830963 -1105.147788 24.583380
slice25/database/img_07766_c1_1303399164916452us.jpg 0.523407 0.529116 0.477581 -0.466902 -145.610568 -1105.745586 24.551785
slice25/database/img_07767_c1_1303399165049852us.jpg 0.523856 0.528461 0.477310 -0.467418 -147.164461 -1106.949230 24.491394
slice25/database/img_07768_c1_1303399165116453us.jpg 0.524845 0.528138 0.476352 -0.467650 -147.934183 -1107.549310 24.461480
slice25/database/img_07769_c1_1303399165183203us.jpg 0.525784 0.527930 0.475866 -0.467325 -148.702111 -1108.147146 24.434239
slice25/database/img_07770_c1_1303399165316459us.jpg 0.527033 0.528288 0.474880 -0.466517 -150.248001 -1109.340792 24.379957
slice25/database/img_07771_c1_1303399165383204us.jpg 0.527037 0.529183 0.474189 -0.466199 -151.032246 -1109.937116 24.349260
slice25/database/img_07772_c1_1303399165449830us.jpg 0.527158 0.528991 0.473434 -0.467047 -151.805233 -1110.525958 24.322115
slice25/database/img_07773_c1_1303399165583223us.jpg 0.525775 0.531920 0.473809 -0.464894 -153.368576 -1111.706230 24.269960
slice25/database/img_07774_c1_1303399165649830us.jpg 0.524713 0.533420 0.473834 -0.464350 -154.149917 -1112.294039 24.240500
slice25/database/img_07775_c1_1303399165716455us.jpg 0.524230 0.533673 0.473759 -0.464681 -154.934800 -1112.883289 24.210022
slice25/database/img_07776_c1_1303399165849834us.jpg 0.523963 0.534138 0.472722 -0.465504 -156.496153 -1114.060669 24.152484
slice25/database/img_07777_c1_1303399165916457us.jpg 0.523757 0.534744 0.471933 -0.465840 -157.277717 -1114.650213 24.124712
slice25/database/img_07778_c1_1303399165983206us.jpg 0.523677 0.535236 0.471289 -0.466017 -158.063722 -1115.241465 24.096699
slice25/database/img_07779_c1_1303399166116460us.jpg 0.523781 0.535183 0.471456 -0.465792 -159.639199 -1116.426228 24.046980
slice25/database/img_07780_c1_1303399166183208us.jpg 0.523826 0.534985 0.472327 -0.465085 -160.432763 -1117.022349 24.023873
slice25/database/img_07781_c1_1303399166249833us.jpg 0.523549 0.534971 0.473219 -0.464506 -161.224704 -1117.616797 23.999169
slice25/database/img_07782_c1_1303399166383238us.jpg 0.522256 0.536288 0.473166 -0.464498 -162.805778 -1118.807988 23.941884
slice25/database/img_07783_c1_1303399166449835us.jpg 0.521225 0.537453 0.472160 -0.465332 -163.595244 -1119.404041 23.906863
slice25/database/img_07784_c1_1303399166583214us.jpg 0.519143 0.538971 0.471517 -0.466553 -165.182059 -1120.587988 23.844667
slice25/database/img_07785_c1_1303399166649857us.jpg 0.518242 0.539843 0.471516 -0.466549 -165.979765 -1121.183531 23.816746
slice25/database/img_07786_c1_1303399166716461us.jpg 0.517525 0.540579 0.471635 -0.466371 -166.773173 -1121.779636 23.790619
slice25/database/img_07787_c1_1303399166849859us.jpg 0.518568 0.540661 0.470839 -0.465922 -168.353929 -1122.976626 23.743637
slice25/database/img_07788_c1_1303399166916483us.jpg 0.519507 0.541367 0.470575 -0.464321 -169.142697 -1123.574167 23.722142
slice25/database/img_07789_c1_1303399166983213us.jpg 0.520617 0.541944 0.470193 -0.462789 -169.934088 -1124.171826 23.700739
slice25/database/img_07790_c1_1303399167116486us.jpg 0.522687 0.543765 0.467913 -0.460625 -171.527974 -1125.356407 23.645465
slice25/database/img_07791_c1_1303399167183213us.jpg 0.523530 0.544928 0.466127 -0.460104 -172.325920 -1125.939212 23.614450
slice25/database/img_07792_c1_1303399167249839us.jpg 0.524480 0.545836 0.464819 -0.459267 -173.124910 -1126.521577 23.586724
slice25/database/img_07793_c1_1303399167383238us.jpg 0.526771 0.547986 0.461770 -0.457157 -174.730119 -1127.674001 23.531774
slice25/database/img_07794_c1_1303399167449840us.jpg 0.528079 0.549069 0.459855 -0.456277 -175.540330 -1128.243933 23.504721
slice25/database/img_07795_c1_1303399167516466us.jpg 0.529309 0.550016 0.457921 -0.455657 -176.340500 -1128.805646 23.478804
slice25/database/img_07796_c1_1303399167649869us.jpg 0.530939 0.552487 0.455026 -0.453666 -177.968037 -1129.927814 23.440651
slice25/database/img_07797_c1_1303399167716466us.jpg 0.531501 0.553986 0.453899 -0.452307 -178.792629 -1130.485467 23.420343
slice25/database/img_07798_c1_1303399167783217us.jpg 0.531892 0.555569 0.452798 -0.451008 -179.617221 -1131.034952 23.399084
slice25/database/img_07799_c1_1303399167916470us.jpg 0.533500 0.558307 0.450028 -0.448493 -181.274514 -1132.133030 23.354492
slice25/database/img_07800_c1_1303399167983218us.jpg 0.534964 0.559097 0.448612 -0.447181 -182.105321 -1132.677661 23.333612
slice25/database/img_07801_c1_1303399168049844us.jpg 0.536580 0.559767 0.447118 -0.445900 -182.929278 -1133.214749 23.314936
slice25/database/img_07802_c1_1303399168183245us.jpg 0.540278 0.561277 0.443107 -0.443535 -184.601147 -1134.280402 23.274495
slice25/database/img_07803_c1_1303399168249844us.jpg 0.542177 0.562233 0.441397 -0.441709 -185.441627 -1134.808562 23.257431
slice25/database/img_07804_c1_1303399168316470us.jpg 0.543972 0.563195 0.440039 -0.439627 -186.284973 -1135.331055 23.242825
slice25/database/img_07805_c1_1303399168449847us.jpg 0.547384 0.565587 0.436770 -0.435561 -187.986514 -1136.358058 23.207793
slice25/database/img_07806_c1_1303399168516473us.jpg 0.548844 0.567228 0.434759 -0.433598 -188.839966 -1136.862118 23.188164
slice25/database/img_07807_c1_1303399168583221us.jpg 0.550423 0.568565 0.432861 -0.431740 -189.696349 -1137.360732 23.168918
slice25/database/img_07808_c1_1303399168649846us.jpg 0.552045 0.569870 0.431030 -0.429776 -190.553736 -1137.853043 23.151282
slice25/database/img_07809_c1_1303399168783248us.jpg 0.555401 0.572887 0.426713 -0.425730 -192.289505 -1138.827509 23.110317
slice25/database/img_07810_c1_1303399168849847us.jpg 0.557006 0.574522 0.424355 -0.423783 -193.159512 -1139.303148 23.091380
slice25/database/img_07811_c1_1303399168983246us.jpg 0.560083 0.577855 0.420318 -0.419194 -194.908519 -1140.234066 23.061140
slice25/database/img_07812_c1_1303399169049848us.jpg 0.561335 0.579697 0.418322 -0.416968 -195.787700 -1140.685401 23.043238
slice25/database/img_07813_c1_1303399169183225us.jpg 0.563791 0.583519 0.413791 -0.412822 -197.560026 -1141.571190 23.000700
slice25/database/img_07814_c1_1303399169249850us.jpg 0.565012 0.585530 0.411530 -0.410559 -198.455369 -1142.007343 22.980400
slice25/database/img_07815_c1_1303399169316474us.jpg 0.566343 0.587253 0.409356 -0.408433 -199.351656 -1142.437777 22.959226
slice25/database/img_07816_c1_1303399169449873us.jpg 0.569512 0.590560 0.404523 -0.404049 -201.179606 -1143.284037 22.916720
slice25/database/img_07817_c1_1303399169516476us.jpg 0.571381 0.591745 0.402139 -0.402052 -202.093133 -1143.694748 22.893668
slice25/database/img_07818_c1_1303399169583226us.jpg 0.573441 0.592770 0.399506 -0.400230 -203.000565 -1144.098450 22.873641
slice25/database/img_07819_c1_1303399169716477us.jpg 0.577195 0.595260 0.394471 -0.396110 -204.832385 -1144.886339 22.837835
slice25/database/img_07820_c1_1303399169783227us.jpg 0.578781 0.596509 0.392274 -0.394096 -205.742597 -1145.265796 22.823114
slice25/database/img_07821_c1_1303399169916499us.jpg 0.580791 0.600078 0.388097 -0.389832 -207.593632 -1146.000313 22.789232
slice25/database/img_07822_c1_1303399169983229us.jpg 0.581315 0.602165 0.385838 -0.388072 -208.519428 -1146.354704 22.768783
slice25/database/img_07823_c1_1303399170116485us.jpg 0.582030 0.606058 0.382191 -0.384532 -210.378380 -1147.044734 22.731155
slice25/database/img_07824_c1_1303399170183230us.jpg 0.582373 0.607761 0.380301 -0.383197 -211.306973 -1147.378748 22.710617
slice25/database/img_07825_c1_1303399170249855us.jpg 0.583066 0.609054 0.378360 -0.382010 -212.236181 -1147.708265 22.690037
slice25/database/img_07826_c1_1303399170316480us.jpg 0.584114 0.609960 0.376480 -0.380818 -213.166593 -1148.034544 22.671458
slice25/database/img_07827_c1_1303399170449860us.jpg 0.586605 0.611359 0.372928 -0.378232 -215.025069 -1148.672228 22.637352
slice25/database/img_07828_c1_1303399170516482us.jpg 0.587722 0.612013 0.371477 -0.376865 -215.966698 -1148.982713 22.617653
slice25/database/img_07829_c1_1303399170716535us.jpg 0.590154 0.614619 0.367846 -0.372358 -218.837696 -1149.899966 22.571130
slice25/database/img_07830_c1_1303399170983263us.jpg 0.592417 0.619217 0.358829 -0.369937 -222.699196 -1151.150386 22.500363
slice25/database/img_07831_c1_1303399171049860us.jpg 0.593929 0.619251 0.356736 -0.369479 -223.672092 -1151.435609 22.488405
slice25/database/img_07832_c1_1303399171116484us.jpg 0.595514 0.619774 0.355177 -0.367550 -224.646082 -1151.717526 22.479763
slice25/database/img_07833_c1_1303399171183235us.jpg 0.596865 0.620735 0.353706 -0.365148 -225.618410 -1151.996773 22.475846
slice25/database/img_07834_c1_1303399171316511us.jpg 0.600696 0.621559 0.349955 -0.361055 -227.575323 -1152.543380 22.464732
slice25/database/img_07835_c1_1303399171383243us.jpg 0.602880 0.621986 0.347188 -0.359346 -228.552000 -1152.805926 22.458866
slice25/database/img_07836_c1_1303399171449861us.jpg 0.604655 0.622593 0.344260 -0.358128 -229.528439 -1153.057149 22.452077
slice25/database/img_07837_c1_1303399171583241us.jpg 0.607499 0.624747 0.339053 -0.354512 -231.472840 -1153.545929 22.454599
slice25/database/img_07838_c1_1303399171649861us.jpg 0.608692 0.626059 0.335754 -0.353290 -232.459214 -1153.779252 22.451464
slice25/database/img_07839_c1_1303399171716488us.jpg 0.610167 0.626901 0.332707 -0.352133 -233.445507 -1154.006176 22.450353
slice25/database/img_07840_c1_1303399171849901us.jpg 0.613123 0.628750 0.326690 -0.349324 -235.417151 -1154.442427 22.463679
slice25/database/img_07841_c1_1303399171916489us.jpg 0.614597 0.629408 0.324676 -0.347422 -236.410704 -1154.650065 22.472332
slice25/database/img_07842_c1_1303399171983239us.jpg 0.616080 0.629571 0.322830 -0.346219 -237.402159 -1154.848297 22.482458
slice25/database/img_07843_c1_1303399172049864us.jpg 0.617610 0.629564 0.320884 -0.345313 -238.391335 -1155.042618 22.494843
slice25/database/img_07844_c1_1303399172183248us.jpg 0.620302 0.629168 0.316897 -0.344890 -240.368732 -1155.413841 22.526046
slice25/database/img_07845_c1_1303399172249866us.jpg 0.621305 0.628892 0.315116 -0.345220 -241.357733 -1155.590359 22.541605
slice25/database/img_07846_c1_1303399172316491us.jpg 0.622164 0.628816 0.313569 -0.345219 -242.352936 -1155.766650 22.560267
slice25/database/img_07847_c1_1303399172449893us.jpg 0.623460 0.629086 0.311051 -0.344668 -244.338009 -1156.116001 22.606223
slice25/database/img_07848_c1_1303399172516492us.jpg 0.624142 0.629078 0.309980 -0.344412 -245.339319 -1156.282268 22.632465
slice25/database/img_07849_c1_1303399172583242us.jpg 0.624793 0.628630 0.310161 -0.343887 -246.340699 -1156.447418 22.663104
slice25/database/img_07850_c1_1303399172716518us.jpg 0.625545 0.628686 0.308448 -0.343959 -248.328680 -1156.773805 22.720745
slice25/database/img_07851_c1_1303399172783243us.jpg 0.625599 0.628967 0.307098 -0.344554 -249.321037 -1156.933142 22.747809
slice25/database/img_07852_c1_1303399172849869us.jpg 0.625862 0.628650 0.306391 -0.345283 -250.316969 -1157.088606 22.778506
slice25/database/img_07853_c1_1303399172916494us.jpg 0.626206 0.628326 0.306452 -0.345195 -251.320284 -1157.246295 22.812845
slice25/database/img_07854_c1_1303399173049894us.jpg 0.625704 0.629181 0.306941 -0.344113 -253.336185 -1157.558751 22.886067
slice25/database/img_07855_c1_1303399173116494us.jpg 0.624917 0.630566 0.306409 -0.343480 -254.347715 -1157.712678 22.917679
slice25/database/img_07856_c1_1303399173183246us.jpg 0.624410 0.631689 0.305438 -0.343204 -255.353916 -1157.867443 22.948173
slice25/database/img_07857_c1_1303399173316501us.jpg 0.624327 0.631674 0.304574 -0.344150 -257.357846 -1158.172153 23.008795
slice25/database/img_07858_c1_1303399173383247us.jpg 0.624804 0.631509 0.303525 -0.344512 -258.360805 -1158.326606 23.039616
slice25/database/img_07859_c1_1303399173449872us.jpg 0.625409 0.630987 0.303139 -0.344711 -259.367655 -1158.478375 23.072641
slice25/database/img_07860_c1_1303399173583724us.jpg 0.627467 0.629563 0.304337 -0.342513 -261.414798 -1158.789602 23.138185
slice25/database/img_07861_c1_1303399173649878us.jpg 0.627771 0.629652 0.305190 -0.341030 -262.431311 -1158.945608 23.177583
slice25/database/img_07862_c1_1303399173716499us.jpg 0.628258 0.629242 0.306124 -0.340051 -263.444923 -1159.099362 23.213980
slice25/database/img_07863_c1_1303399173783249us.jpg 0.628847 0.628696 0.306907 -0.339264 -264.467274 -1159.250808 23.247575
slice25/database/img_07864_c1_1303399173916502us.jpg 0.629374 0.628164 0.306674 -0.339483 -266.493913 -1159.554789 23.307170
slice25/database/img_07865_c1_1303399173983250us.jpg 0.628700 0.628644 0.306189 -0.340281 -267.517072 -1159.702889 23.333032
slice25/database/img_07866_c1_1303399174049875us.jpg 0.627498 0.629395 0.305303 -0.341906 -268.532248 -1159.845765 23.356081
slice25/database/img_07867_c1_1303399174184430us.jpg 0.625228 0.630955 0.305405 -0.343093 -270.548326 -1160.123593 23.418503
slice25/database/img_07868_c1_1303399174249876us.jpg 0.624645 0.631220 0.305619 -0.343479 -271.570536 -1160.274047 23.450230
slice25/database/img_07869_c1_1303399174316502us.jpg 0.624079 0.631445 0.305799 -0.343934 -272.590389 -1160.427878 23.482849
slice25/database/img_07870_c1_1303399174383252us.jpg 0.624250 0.631174 0.305501 -0.344383 -273.603249 -1160.585609 23.516750
slice25/database/img_07871_c1_1303399174516528us.jpg 0.624888 0.630133 0.306577 -0.344179 -275.630606 -1160.898377 23.588300
slice25/database/img_07872_c1_1303399174583253us.jpg 0.625321 0.629596 0.307106 -0.343903 -276.641103 -1161.054634 23.621387
slice25/database/img_07873_c1_1303399174649878us.jpg 0.625541 0.629285 0.307162 -0.344021 -277.650424 -1161.209387 23.651522
slice25/database/img_07874_c1_1303399174716505us.jpg 0.626108 0.628731 0.306817 -0.344311 -278.654527 -1161.367202 23.680928
slice25/database/img_07875_c1_1303399174849881us.jpg 0.627146 0.628132 0.305402 -0.344771 -280.683981 -1161.682447 23.744808
slice25/database/img_07876_c1_1303399174916505us.jpg 0.627492 0.628224 0.304806 -0.344503 -281.696232 -1161.837908 23.777882
slice25/database/img_07877_c1_1303399174983257us.jpg 0.627614 0.628295 0.304621 -0.344313 -282.707139 -1161.992901 23.810833
slice25/database/img_07878_c1_1303399175116508us.jpg 0.628212 0.628231 0.304689 -0.343278 -284.753857 -1162.286633 23.880144
slice25/database/img_07879_c1_1303399175183258us.jpg 0.628117 0.628587 0.304581 -0.342896 -285.780347 -1162.421181 23.910914
slice25/database/img_07880_c1_1303399175316512us.jpg 0.627852 0.629749 0.303956 -0.341803 -287.888701 -1162.815361 24.020925
slice25/database/img_07881_c1_1303399175383258us.jpg 0.627380 0.630491 0.303822 -0.341420 -288.928889 -1162.961650 24.052582
slice25/database/img_07882_c1_1303399175449885us.jpg 0.626738 0.631249 0.303638 -0.341361 -289.964226 -1163.107808 24.083577
slice25/database/img_07883_c1_1303399175583282us.jpg 0.625915 0.631725 0.303025 -0.342535 -292.063518 -1163.401688 24.143262
slice25/database/img_07884_c1_1303399175649883us.jpg 0.625738 0.631570 0.302564 -0.343550 -293.106947 -1163.547567 24.173524
slice25/database/img_07885_c1_1303399175716509us.jpg 0.625691 0.631473 0.302328 -0.344021 -294.138540 -1163.699148 24.210998
slice25/database/img_07886_c1_1303399175849911us.jpg 0.626684 0.630387 0.304059 -0.342675 -296.215777 -1164.011937 24.300950
slice25/database/img_07887_c1_1303399175916535us.jpg 0.627295 0.630016 0.304715 -0.341657 -297.264208 -1164.172477 24.339761
slice25/database/img_07888_c1_1303399175983261us.jpg 0.627695 0.629717 0.304990 -0.341229 -298.314404 -1164.328084 24.375137
slice25/database/img_07889_c1_1303399176049887us.jpg 0.628155 0.629050 0.304959 -0.341639 -299.354254 -1164.483966 24.406746
slice25/database/img_07890_c1_1303399176183265us.jpg 0.627323 0.629083 0.304621 -0.343404 -301.403105 -1164.783472 24.469755
slice25/database/img_07891_c1_1303399176249888us.jpg 0.626283 0.629606 0.304648 -0.344318 -302.443440 -1164.931124 24.499085
slice25/database/img_07892_c1_1303399176316512us.jpg 0.625159 0.630340 0.305105 -0.344614 -303.478760 -1165.081242 24.534373
slice25/database/img_07893_c1_1303399176449894us.jpg 0.624338 0.630840 0.305758 -0.344609 -305.542671 -1165.389625 24.599236
slice25/database/img_07894_c1_1303399176516514us.jpg 0.625033 0.630236 0.305884 -0.344341 -306.581706 -1165.555385 24.636051
slice25/database/img_07895_c1_1303399176583263us.jpg 0.626407 0.629018 0.305519 -0.344396 -307.610833 -1165.723702 24.670897
slice25/database/img_07896_c1_1303399176716923us.jpg 0.629073 0.626717 0.306031 -0.343275 -309.688295 -1166.062185 24.759479
slice25/database/img_07897_c1_1303399176783272us.jpg 0.629789 0.626288 0.305974 -0.342797 -310.729565 -1166.225270 24.796314
slice25/database/img_07898_c1_1303399176849890us.jpg 0.630005 0.626414 0.305701 -0.342411 -311.771141 -1166.383739 24.830300
slice25/database/img_07899_c1_1303399176916516us.jpg 0.629819 0.626879 0.305028 -0.342503 -312.816251 -1166.539283 24.865095
slice25/database/img_07900_c1_1303399177049895us.jpg 0.628755 0.628507 0.303498 -0.342833 -314.908628 -1166.840403 24.949644
slice25/database/img_07901_c1_1303399177116517us.jpg 0.628378 0.629380 0.303412 -0.342000 -315.960369 -1166.997029 24.985511
slice25/database/img_07902_c1_1303399177183267us.jpg 0.628181 0.629795 0.303448 -0.341564 -317.016131 -1167.149259 25.021586
slice25/database/img_07903_c1_1303399177316543us.jpg 0.629069 0.629501 0.305184 -0.338915 -319.114042 -1167.459611 25.100060
slice25/database/img_07904_c1_1303399177383268us.jpg 0.629119 0.630060 0.305855 -0.337174 -320.185559 -1167.615042 25.132692
slice25/database/img_07905_c1_1303399177449893us.jpg 0.629347 0.630228 0.305320 -0.336921 -321.244717 -1167.767726 25.160628
