0.000000000000000000e+00 0.000000000000000000e+00 0.000000000000000000e+00
0.000000000000000000e+00 0.000000000000000000e+00 1.280000000000000000e+02
0.000000000000000000e+00 1.280000000000000000e+02 0.000000000000000000e+00
0.000000000000000000e+00 1.280000000000000000e+02 1.280000000000000000e+02
1.280000000000000000e+02 0.000000000000000000e+00 0.000000000000000000e+00
1.280000000000000000e+02 0.000000000000000000e+00 1.280000000000000000e+02
1.280000000000000000e+02 1.280000000000000000e+02 0.000000000000000000e+00
1.280000000000000000e+02 1.280000000000000000e+02 1.280000000000000000e+02
0.000000000000000000e+00 0.000000000000000000e+00 6.400000000000000000e+01
0.000000000000000000e+00 0.000000000000000000e+00 1.920000000000000000e+02
0.000000000000000000e+00 1.280000000000000000e+02 6.400000000000000000e+01
0.000000000000000000e+00 1.280000000000000000e+02 1.920000000000000000e+02
1.280000000000000000e+02 0.000000000000000000e+00 6.400000000000000000e+01
1.280000000000000000e+02 0.000000000000000000e+00 1.920000000000000000e+02
1.280000000000000000e+02 1.280000000000000000e+02 6.400000000000000000e+01
1.280000000000000000e+02 1.280000000000000000e+02 1.920000000000000000e+02
0.000000000000000000e+00 6.400000000000000000e+01 0.000000000000000000e+00
0.000000000000000000e+00 6.400000000000000000e+01 1.280000000000000000e+02
0.000000000000000000e+00 1.920000000000000000e+02 0.000000000000000000e+00
0.000000000000000000e+00 1.920000000000000000e+02 1.280000000000000000e+02
1.280000000000000000e+02 6.400000000000000000e+01 0.000000000000000000e+00
1.280000000000000000e+02 6.400000000000000000e+01 1.280000000000000000e+02
1.280000000000000000e+02 1.920000000000000000e+02 0.000000000000000000e+00
1.280000000000000000e+02 1.920000000000000000e+02 1.280000000000000000e+02
0.000000000000000000e+00 6.400000000000000000e+01 6.400000000000000000e+01
0.000000000000000000e+00 6.400000000000000000e+01 1.920000000000000000e+02
0.000000000000000000e+00 1.920000000000000000e+02 6.400000000000000000e+01
0.000000000000000000e+00 1.920000000000000000e+02 1.920000000000000000e+02
1.280000000000000000e+02 6.400000000000000000e+01 6.400000000000000000e+01
1.280000000000000000e+02 6.400000000000000000e+01 1.920000000000000000e+02
1.280000000000000000e+02 1.920000000000000000e+02 6.400000000000000000e+01
1.280000000000000000e+02 1.920000000000000000e+02 1.920000000000000000e+02
6.400000000000000000e+01 0.000000000000000000e+00 0.000000000000000000e+00
6.400000000000000000e+01 0.000000000000000000e+00 1.280000000000000000e+02
6.400000000000000000e+01 1.280000000000000000e+02 0.000000000000000000e+00
6.400000000000000000e+01 1.280000000000000000e+02 1.280000000000000000e+02
1.920000000000000000e+02 0.000000000000000000e+00 0.000000000000000000e+00
1.920000000000000000e+02 0.000000000000000000e+00 1.280000000000000000e+02
1.920000000000000000e+02 1.280000000000000000e+02 0.000000000000000000e+00
1.920000000000000000e+02 1.280000000000000000e+02 1.280000000000000000e+02
6.400000000000000000e+01 0.000000000000000000e+00 6.400000000000000000e+01
6.400000000000000000e+01 0.000000000000000000e+00 1.920000000000000000e+02
6.400000000000000000e+01 1.280000000000000000e+02 6.400000000000000000e+01
6.400000000000000000e+01 1.280000000000000000e+02 1.920000000000000000e+02
1.920000000000000000e+02 0.000000000000000000e+00 6.400000000000000000e+01
1.920000000000000000e+02 0.000000000000000000e+00 1.920000000000000000e+02
1.920000000000000000e+02 1.280000000000000000e+02 6.400000000000000000e+01
1.920000000000000000e+02 1.280000000000000000e+02 1.920000000000000000e+02
6.400000000000000000e+01 6.400000000000000000e+01 0.000000000000000000e+00
6.400000000000000000e+01 6.400000000000000000e+01 1.280000000000000000e+02
6.400000000000000000e+01 1.920000000000000000e+02 0.000000000000000000e+00
6.400000000000000000e+01 1.920000000000000000e+02 1.280000000000000000e+02
1.920000000000000000e+02 6.400000000000000000e+01 0.000000000000000000e+00
1.920000000000000000e+02 6.400000000000000000e+01 1.280000000000000000e+02
1.920000000000000000e+02 1.920000000000000000e+02 0.000000000000000000e+00
1.920000000000000000e+02 1.920000000000000000e+02 1.280000000000000000e+02
6.400000000000000000e+01 6.400000000000000000e+01 6.400000000000000000e+01
6.400000000000000000e+01 6.400000000000000000e+01 1.920000000000000000e+02
6.400000000000000000e+01 1.920000000000000000e+02 6.400000000000000000e+01
6.400000000000000000e+01 1.920000000000000000e+02 1.920000000000000000e+02
1.920000000000000000e+02 6.400000000000000000e+01 6.400000000000000000e+01
1.920000000000000000e+02 6.400000000000000000e+01 1.920000000000000000e+02
1.920000000000000000e+02 1.920000000000000000e+02 6.400000000000000000e+01
1.920000000000000000e+02 1.920000000000000000e+02 1.920000000000000000e+02
0.000000000000000000e+00 0.000000000000000000e+00 3.200000000000000000e+01
0.000000000000000000e+00 0.000000000000000000e+00 1.600000000000000000e+02
0.000000000000000000e+00 1.280000000000000000e+02 3.200000000000000000e+01
0.000000000000000000e+00 1.280000000000000000e+02 1.600000000000000000e+02
1.280000000000000000e+02 0.000000000000000000e+00 3.200000000000000000e+01
1.280000000000000000e+02 0.000000000000000000e+00 1.600000000000000000e+02
1.280000000000000000e+02 1.280000000000000000e+02 3.200000000000000000e+01
1.280000000000000000e+02 1.280000000000000000e+02 1.600000000000000000e+02
0.000000000000000000e+00 0.000000000000000000e+00 9.600000000000000000e+01
0.000000000000000000e+00 0.000000000000000000e+00 2.240000000000000000e+02
0.000000000000000000e+00 1.280000000000000000e+02 9.600000000000000000e+01
0.000000000000000000e+00 1.280000000000000000e+02 2.240000000000000000e+02
1.280000000000000000e+02 0.000000000000000000e+00 9.600000000000000000e+01
1.280000000000000000e+02 0.000000000000000000e+00 2.240000000000000000e+02
1.280000000000000000e+02 1.280000000000000000e+02 9.600000000000000000e+01
1.280000000000000000e+02 1.280000000000000000e+02 2.240000000000000000e+02
0.000000000000000000e+00 6.400000000000000000e+01 3.200000000000000000e+01
0.000000000000000000e+00 6.400000000000000000e+01 1.600000000000000000e+02
0.000000000000000000e+00 1.920000000000000000e+02 3.200000000000000000e+01
0.000000000000000000e+00 1.920000000000000000e+02 1.600000000000000000e+02
1.280000000000000000e+02 6.400000000000000000e+01 3.200000000000000000e+01
1.280000000000000000e+02 6.400000000000000000e+01 1.600000000000000000e+02
1.280000000000000000e+02 1.920000000000000000e+02 3.200000000000000000e+01
1.280000000000000000e+02 1.920000000000000000e+02 1.600000000000000000e+02
0.000000000000000000e+00 6.400000000000000000e+01 9.600000000000000000e+01
0.000000000000000000e+00 6.400000000000000000e+01 2.240000000000000000e+02
0.000000000000000000e+00 1.920000000000000000e+02 9.600000000000000000e+01
0.000000000000000000e+00 1.920000000000000000e+02 2.240000000000000000e+02
1.280000000000000000e+02 6.400000000000000000e+01 9.600000000000000000e+01
1.280000000000000000e+02 6.400000000000000000e+01 2.240000000000000000e+02
1.280000000000000000e+02 1.920000000000000000e+02 9.600000000000000000e+01
1.280000000000000000e+02 1.920000000000000000e+02 2.240000000000000000e+02
6.400000000000000000e+01 0.000000000000000000e+00 3.200000000000000000e+01
6.400000000000000000e+01 0.000000000000000000e+00 1.600000000000000000e+02
6.400000000000000000e+01 1.280000000000000000e+02 3.200000000000000000e+01
6.400000000000000000e+01 1.280000000000000000e+02 1.600000000000000000e+02
1.920000000000000000e+02 0.000000000000000000e+00 3.200000000000000000e+01
1.920000000000000000e+02 0.000000000000000000e+00 1.600000000000000000e+02
1.920000000000000000e+02 1.280000000000000000e+02 3.200000000000000000e+01
1.920000000000000000e+02 1.280000000000000000e+02 1.600000000000000000e+02
6.400000000000000000e+01 0.000000000000000000e+00 9.600000000000000000e+01
6.400000000000000000e+01 0.000000000000000000e+00 2.240000000000000000e+02
6.400000000000000000e+01 1.280000000000000000e+02 9.600000000000000000e+01
6.400000000000000000e+01 1.280000000000000000e+02 2.240000000000000000e+02
1.920000000000000000e+02 0.000000000000000000e+00 9.600000000000000000e+01
1.920000000000000000e+02 0.000000000000000000e+00 2.240000000000000000e+02
1.920000000000000000e+02 1.280000000000000000e+02 9.600000000000000000e+01
1.920000000000000000e+02 1.280000000000000000e+02 2.240000000000000000e+02
6.400000000000000000e+01 6.400000000000000000e+01 3.200000000000000000e+01
6.400000000000000000e+01 6.400000000000000000e+01 1.600000000000000000e+02
6.400000000000000000e+01 1.920000000000000000e+02 3.200000000000000000e+01
6.400000000000000000e+01 1.920000000000000000e+02 1.600000000000000000e+02
1.920000000000000000e+02 6.400000000000000000e+01 3.200000000000000000e+01
1.920000000000000000e+02 6.400000000000000000e+01 1.600000000000000000e+02
1.920000000000000000e+02 1.920000000000000000e+02 3.200000000000000000e+01
1.920000000000000000e+02 1.920000000000000000e+02 1.600000000000000000e+02
6.400000000000000000e+01 6.400000000000000000e+01 9.600000000000000000e+01
6.400000000000000000e+01 6.400000000000000000e+01 2.240000000000000000e+02
6.400000000000000000e+01 1.920000000000000000e+02 9.600000000000000000e+01
6.400000000000000000e+01 1.920000000000000000e+02 2.240000000000000000e+02
1.920000000000000000e+02 6.400000000000000000e+01 9.600000000000000000e+01
1.920000000000000000e+02 6.400000000000000000e+01 2.240000000000000000e+02
1.920000000000000000e+02 1.920000000000000000e+02 9.600000000000000000e+01
1.920000000000000000e+02 1.920000000000000000e+02 2.240000000000000000e+02
0.000000000000000000e+00 3.200000000000000000e+01 0.000000000000000000e+00
0.000000000000000000e+00 3.200000000000000000e+01 1.280000000000000000e+02
0.000000000000000000e+00 1.600000000000000000e+02 0.000000000000000000e+00
0.000000000000000000e+00 1.600000000000000000e+02 1.280000000000000000e+02
1.280000000000000000e+02 3.200000000000000000e+01 0.000000000000000000e+00
1.280000000000000000e+02 3.200000000000000000e+01 1.280000000000000000e+02
1.280000000000000000e+02 1.600000000000000000e+02 0.000000000000000000e+00
1.280000000000000000e+02 1.600000000000000000e+02 1.280000000000000000e+02
0.000000000000000000e+00 3.200000000000000000e+01 6.400000000000000000e+01
0.000000000000000000e+00 3.200000000000000000e+01 1.920000000000000000e+02
0.000000000000000000e+00 1.600000000000000000e+02 6.400000000000000000e+01
0.000000000000000000e+00 1.600000000000000000e+02 1.920000000000000000e+02
1.280000000000000000e+02 3.200000000000000000e+01 6.400000000000000000e+01
1.280000000000000000e+02 3.200000000000000000e+01 1.920000000000000000e+02
1.280000000000000000e+02 1.600000000000000000e+02 6.400000000000000000e+01
1.280000000000000000e+02 1.600000000000000000e+02 1.920000000000000000e+02
0.000000000000000000e+00 9.600000000000000000e+01 0.000000000000000000e+00
0.000000000000000000e+00 9.600000000000000000e+01 1.280000000000000000e+02
0.000000000000000000e+00 2.240000000000000000e+02 0.000000000000000000e+00
0.000000000000000000e+00 2.240000000000000000e+02 1.280000000000000000e+02
1.280000000000000000e+02 9.600000000000000000e+01 0.000000000000000000e+00
1.280000000000000000e+02 9.600000000000000000e+01 1.280000000000000000e+02
1.280000000000000000e+02 2.240000000000000000e+02 0.000000000000000000e+00
1.280000000000000000e+02 2.240000000000000000e+02 1.280000000000000000e+02
0.000000000000000000e+00 9.600000000000000000e+01 6.400000000000000000e+01
0.000000000000000000e+00 9.600000000000000000e+01 1.920000000000000000e+02
0.000000000000000000e+00 2.240000000000000000e+02 6.400000000000000000e+01
0.000000000000000000e+00 2.240000000000000000e+02 1.920000000000000000e+02
1.280000000000000000e+02 9.600000000000000000e+01 6.400000000000000000e+01
1.280000000000000000e+02 9.600000000000000000e+01 1.920000000000000000e+02
1.280000000000000000e+02 2.240000000000000000e+02 6.400000000000000000e+01
1.280000000000000000e+02 2.240000000000000000e+02 1.920000000000000000e+02
6.400000000000000000e+01 3.200000000000000000e+01 0.000000000000000000e+00
6.400000000000000000e+01 3.200000000000000000e+01 1.280000000000000000e+02
6.400000000000000000e+01 1.600000000000000000e+02 0.000000000000000000e+00
6.400000000000000000e+01 1.600000000000000000e+02 1.280000000000000000e+02
1.920000000000000000e+02 3.200000000000000000e+01 0.000000000000000000e+00
1.920000000000000000e+02 3.200000000000000000e+01 1.280000000000000000e+02
1.920000000000000000e+02 1.600000000000000000e+02 0.000000000000000000e+00
1.920000000000000000e+02 1.600000000000000000e+02 1.280000000000000000e+02
6.400000000000000000e+01 3.200000000000000000e+01 6.400000000000000000e+01
6.400000000000000000e+01 3.200000000000000000e+01 1.920000000000000000e+02
6.400000000000000000e+01 1.600000000000000000e+02 6.400000000000000000e+01
6.400000000000000000e+01 1.600000000000000000e+02 1.920000000000000000e+02
1.920000000000000000e+02 3.200000000000000000e+01 6.400000000000000000e+01
1.920000000000000000e+02 3.200000000000000000e+01 1.920000000000000000e+02
1.920000000000000000e+02 1.600000000000000000e+02 6.400000000000000000e+01
1.920000000000000000e+02 1.600000000000000000e+02 1.920000000000000000e+02
6.400000000000000000e+01 9.600000000000000000e+01 0.000000000000000000e+00
6.400000000000000000e+01 9.600000000000000000e+01 1.280000000000000000e+02
6.400000000000000000e+01 2.240000000000000000e+02 0.000000000000000000e+00
6.400000000000000000e+01 2.240000000000000000e+02 1.280000000000000000e+02
1.920000000000000000e+02 9.600000000000000000e+01 0.000000000000000000e+00
1.920000000000000000e+02 9.600000000000000000e+01 1.280000000000000000e+02
1.920000000000000000e+02 2.240000000000000000e+02 0.000000000000000000e+00
1.920000000000000000e+02 2.240000000000000000e+02 1.280000000000000000e+02
6.400000000000000000e+01 9.600000000000000000e+01 6.400000000000000000e+01
6.400000000000000000e+01 9.600000000000000000e+01 1.920000000000000000e+02
6.400000000000000000e+01 2.240000000000000000e+02 6.400000000000000000e+01
6.400000000000000000e+01 2.240000000000000000e+02 1.920000000000000000e+02
1.920000000000000000e+02 9.600000000000000000e+01 6.400000000000000000e+01
1.920000000000000000e+02 9.600000000000000000e+01 1.920000000000000000e+02
1.920000000000000000e+02 2.240000000000000000e+02 6.400000000000000000e+01
1.920000000000000000e+02 2.240000000000000000e+02 1.920000000000000000e+02
0.000000000000000000e+00 3.200000000000000000e+01 3.200000000000000000e+01
0.000000000000000000e+00 3.200000000000000000e+01 1.600000000000000000e+02
0.000000000000000000e+00 1.600000000000000000e+02 3.200000000000000000e+01
0.000000000000000000e+00 1.600000000000000000e+02 1.600000000000000000e+02
1.280000000000000000e+02 3.200000000000000000e+01 3.200000000000000000e+01
1.280000000000000000e+02 3.200000000000000000e+01 1.600000000000000000e+02
1.280000000000000000e+02 1.600000000000000000e+02 3.200000000000000000e+01
1.280000000000000000e+02 1.600000000000000000e+02 1.600000000000000000e+02
0.000000000000000000e+00 3.200000000000000000e+01 9.600000000000000000e+01
0.000000000000000000e+00 3.200000000000000000e+01 2.240000000000000000e+02
0.000000000000000000e+00 1.600000000000000000e+02 9.600000000000000000e+01
0.000000000000000000e+00 1.600000000000000000e+02 2.240000000000000000e+02
1.280000000000000000e+02 3.200000000000000000e+01 9.600000000000000000e+01
1.280000000000000000e+02 3.200000000000000000e+01 2.240000000000000000e+02
1.280000000000000000e+02 1.600000000000000000e+02 9.600000000000000000e+01
1.280000000000000000e+02 1.600000000000000000e+02 2.240000000000000000e+02
0.000000000000000000e+00 9.600000000000000000e+01 3.200000000000000000e+01
0.000000000000000000e+00 9.600000000000000000e+01 1.600000000000000000e+02
0.000000000000000000e+00 2.240000000000000000e+02 3.200000000000000000e+01
0.000000000000000000e+00 2.240000000000000000e+02 1.600000000000000000e+02
1.280000000000000000e+02 9.600000000000000000e+01 3.200000000000000000e+01
1.280000000000000000e+02 9.600000000000000000e+01 1.600000000000000000e+02
1.280000000000000000e+02 2.240000000000000000e+02 3.200000000000000000e+01
1.280000000000000000e+02 2.240000000000000000e+02 1.600000000000000000e+02
0.000000000000000000e+00 9.600000000000000000e+01 9.600000000000000000e+01
0.000000000000000000e+00 9.600000000000000000e+01 2.240000000000000000e+02
0.000000000000000000e+00 2.240000000000000000e+02 9.600000000000000000e+01
0.000000000000000000e+00 2.240000000000000000e+02 2.240000000000000000e+02
1.280000000000000000e+02 9.600000000000000000e+01 9.600000000000000000e+01
1.280000000000000000e+02 9.600000000000000000e+01 2.240000000000000000e+02
1.280000000000000000e+02 2.240000000000000000e+02 9.600000000000000000e+01
1.280000000000000000e+02 2.240000000000000000e+02 2.240000000000000000e+02
6.400000000000000000e+01 3.200000000000000000e+01 3.200000000000000000e+01
6.400000000000000000e+01 3.200000000000000000e+01 1.600000000000000000e+02
6.400000000000000000e+01 1.600000000000000000e+02 3.200000000000000000e+01
6.400000000000000000e+01 1.600000000000000000e+02 1.600000000000000000e+02
1.920000000000000000e+02 3.200000000000000000e+01 3.200000000000000000e+01
1.920000000000000000e+02 3.200000000000000000e+01 1.600000000000000000e+02
1.920000000000000000e+02 1.600000000000000000e+02 3.200000000000000000e+01
1.920000000000000000e+02 1.600000000000000000e+02 1.600000000000000000e+02
6.400000000000000000e+01 3.200000000000000000e+01 9.600000000000000000e+01
6.400000000000000000e+01 3.200000000000000000e+01 2.240000000000000000e+02
6.400000000000000000e+01 1.600000000000000000e+02 9.600000000000000000e+01
6.400000000000000000e+01 1.600000000000000000e+02 2.240000000000000000e+02
1.920000000000000000e+02 3.200000000000000000e+01 9.600000000000000000e+01
1.920000000000000000e+02 3.200000000000000000e+01 2.240000000000000000e+02
1.920000000000000000e+02 1.600000000000000000e+02 9.600000000000000000e+01
1.920000000000000000e+02 1.600000000000000000e+02 2.240000000000000000e+02
6.400000000000000000e+01 9.600000000000000000e+01 3.200000000000000000e+01
6.400000000000000000e+01 9.600000000000000000e+01 1.600000000000000000e+02
6.400000000000000000e+01 2.240000000000000000e+02 3.200000000000000000e+01
6.400000000000000000e+01 2.240000000000000000e+02 1.600000000000000000e+02
1.920000000000000000e+02 9.600000000000000000e+01 3.200000000000000000e+01
1.920000000000000000e+02 9.600000000000000000e+01 1.600000000000000000e+02
1.920000000000000000e+02 2.240000000000000000e+02 3.200000000000000000e+01
1.920000000000000000e+02 2.240000000000000000e+02 1.600000000000000000e+02
6.400000000000000000e+01 9.600000000000000000e+01 9.600000000000000000e+01
6.400000000000000000e+01 9.600000000000000000e+01 2.240000000000000000e+02
6.400000000000000000e+01 2.240000000000000000e+02 9.600000000000000000e+01
6.400000000000000000e+01 2.240000000000000000e+02 2.240000000000000000e+02
1.920000000000000000e+02 9.600000000000000000e+01 9.600000000000000000e+01
1.920000000000000000e+02 9.600000000000000000e+01 2.240000000000000000e+02
1.920000000000000000e+02 2.240000000000000000e+02 9.600000000000000000e+01
1.920000000000000000e+02 2.240000000000000000e+02 2.240000000000000000e+02
