slice22/query/img_09910_c0_1283348635532952us.jpg 0.497081 0.494354 0.508538 -0.499914 730.067081 -1280.425414 57.822355
slice22/query/img_09911_c0_1283348635599545us.jpg 0.494636 0.494142 0.509414 -0.501654 729.629531 -1279.983388 57.837710
slice22/query/img_09912_c0_1283348635666283us.jpg 0.493645 0.493023 0.510270 -0.502859 729.184362 -1279.556652 57.831863
slice22/query/img_09913_c0_1283348635799508us.jpg 0.492964 0.488147 0.514151 -0.504328 728.241064 -1278.679331 57.793174
slice22/query/img_09915_c0_1283348635932861us.jpg 0.490635 0.484944 0.516704 -0.507074 727.311579 -1277.811810 57.781594
slice22/query/img_09916_c0_1283348636066236us.jpg 0.487931 0.481978 0.518818 -0.510341 726.369508 -1276.953385 57.775565
slice22/query/img_09917_c0_1283348636132848us.jpg 0.486565 0.480607 0.519786 -0.511951 725.892960 -1276.528556 57.772297
slice22/query/img_09918_c0_1283348636199439us.jpg 0.485354 0.479012 0.520971 -0.513389 725.417542 -1276.107958 57.770048
slice22/query/img_09919_c0_1283348636266179us.jpg 0.484054 0.477338 0.522248 -0.514877 724.943105 -1275.691487 57.766995
slice22/query/img_09920_c0_1283348636399405us.jpg 0.481174 0.474261 0.524401 -0.518221 723.982234 -1274.861470 57.763357
slice22/query/img_09921_c0_1283348636466143us.jpg 0.479812 0.472599 0.525700 -0.519683 723.498029 -1274.453490 57.761050
slice22/query/img_09923_c0_1283348636666576us.jpg 0.476556 0.468301 0.529731 -0.522469 722.029124 -1273.244575 57.756829
slice22/query/img_09924_c0_1283348636732721us.jpg 0.475705 0.466966 0.531378 -0.522766 721.531493 -1272.847656 57.754971
slice22/query/img_09925_c0_1283348636799334us.jpg 0.474773 0.465735 0.533060 -0.523000 721.028499 -1272.454783 57.750035
slice22/query/img_09926_c0_1283348636866073us.jpg 0.473739 0.464668 0.534849 -0.523060 720.526948 -1272.064833 57.746257
slice22/query/img_09927_c0_1283348636999317us.jpg 0.471246 0.462873 0.538636 -0.523018 719.515717 -1271.284213 57.742213
slice22/query/img_09928_c0_1283348637066036us.jpg 0.470130 0.462317 0.539688 -0.523429 719.004880 -1270.895478 57.741780
slice22/query/img_09929_c0_1283348637199264us.jpg 0.468780 0.460512 0.541601 -0.524253 717.979628 -1270.117309 57.735470
slice22/query/img_09930_c0_1283348637266001us.jpg 0.468142 0.459414 0.542682 -0.524670 717.464007 -1269.732223 57.732107
slice22/query/img_09931_c0_1283348637332615us.jpg 0.467501 0.458246 0.543822 -0.525082 716.948921 -1269.349408 57.728549
slice22/query/img_09932_c0_1283348637465968us.jpg 0.466639 0.455490 0.544938 -0.527086 715.915412 -1268.577573 57.722861
slice22/query/img_09933_c0_1283348637532579us.jpg 0.466175 0.454446 0.544671 -0.528671 715.394196 -1268.191014 57.722860
slice22/query/img_09934_c0_1283348637599192us.jpg 0.465751 0.453329 0.544667 -0.530006 714.872649 -1267.809686 57.724237
slice22/query/img_09935_c0_1283348637732548us.jpg 0.463904 0.451652 0.545568 -0.532127 713.819142 -1267.044531 57.729163
slice22/query/img_09936_c0_1283348637799157us.jpg 0.462692 0.451112 0.546022 -0.533173 713.288556 -1266.663788 57.734094
slice22/query/img_09937_c0_1283348637865895us.jpg 0.461263 0.450678 0.546659 -0.534125 712.757171 -1266.287870 57.736722
slice22/query/img_09938_c0_1283348637999124us.jpg 0.458862 0.449570 0.548215 -0.535530 711.685182 -1265.535795 57.746730
slice22/query/img_09939_c0_1283348638065860us.jpg 0.458134 0.448551 0.549010 -0.536193 711.143168 -1265.162598 57.747512
slice22/query/img_09940_c0_1283348638132472us.jpg 0.457344 0.447532 0.549752 -0.536959 710.600607 -1264.789803 57.748446
slice22/query/img_09941_c0_1283348638265827us.jpg 0.455987 0.445367 0.550804 -0.538831 709.515699 -1264.049067 57.750270
slice22/query/img_09942_c0_1283348638465808us.jpg 0.452734 0.442447 0.552174 -0.542564 707.886226 -1262.937915 57.761308
slice22/query/img_09943_c0_1283348638599047us.jpg 0.450337 0.440323 0.553149 -0.545287 706.780781 -1262.202525 57.767915
slice22/query/img_09944_c0_1283348638665755us.jpg 0.449159 0.439269 0.553677 -0.546572 706.221962 -1261.839506 57.771257
slice22/query/img_09945_c0_1283348638732369us.jpg 0.448044 0.438020 0.554529 -0.547625 705.661144 -1261.478917 57.773092
slice22/query/img_09946_c0_1283348638798983us.jpg 0.446653 0.436758 0.555800 -0.548479 705.099264 -1261.122082 57.774584
slice22/query/img_09947_c0_1283348638932336us.jpg 0.443954 0.434486 0.558197 -0.550038 703.964152 -1260.412963 57.776961
slice22/query/img_09948_c0_1283348638998946us.jpg 0.442891 0.432988 0.559153 -0.551105 703.391948 -1260.061182 57.779414
slice22/query/img_09949_c0_1283348639065685us.jpg 0.442032 0.431622 0.559711 -0.552299 702.819807 -1259.713399 57.781483
slice22/query/img_09950_c0_1283348639198941us.jpg 0.440484 0.428352 0.560964 -0.554804 701.664376 -1259.015926 57.783762
slice22/query/img_09951_c0_1283348639265650us.jpg 0.439297 0.427033 0.561754 -0.555962 701.081500 -1258.670731 57.786455
slice22/query/img_09952_c0_1283348639332264us.jpg 0.438055 0.425651 0.562766 -0.556976 700.495989 -1258.327963 57.788885
slice22/query/img_09953_c0_1283348639398878us.jpg 0.436796 0.424324 0.563977 -0.557754 699.909288 -1257.988049 57.790592
slice22/query/img_09954_c0_1283348639532230us.jpg 0.434550 0.421664 0.566699 -0.558765 698.728039 -1257.316298 57.793196
slice22/query/img_09955_c0_1283348639598841us.jpg 0.433569 0.420391 0.568081 -0.559083 698.129771 -1256.984836 57.792148
slice22/query/img_09956_c0_1283348639665580us.jpg 0.432691 0.418905 0.569770 -0.559160 697.530458 -1256.655000 57.791833
slice22/query/img_09957_c0_1283348639798823us.jpg 0.430517 0.416378 0.572940 -0.559485 696.323567 -1255.999582 57.791681
slice22/query/img_09958_c0_1283348639865547us.jpg 0.429372 0.415184 0.573837 -0.560333 695.719188 -1255.672043 57.793624
slice22/query/img_09959_c0_1283348639998794us.jpg 0.426941 0.412737 0.575002 -0.562799 694.506443 -1255.013209 57.799056
slice22/query/img_09960_c0_1283348640065507us.jpg 0.425694 0.411509 0.575259 -0.564379 693.893191 -1254.686529 57.801070
slice22/query/img_09961_c0_1283348640132122us.jpg 0.424459 0.410516 0.575392 -0.565894 693.280907 -1254.365248 57.806030
slice22/query/img_09962_c0_1283348640265501us.jpg 0.421883 0.408364 0.576483 -0.568261 692.047227 -1253.728021 57.814065
slice22/query/img_09963_c0_1283348640332087us.jpg 0.420327 0.407477 0.577422 -0.569097 691.425326 -1253.416446 57.818042
slice22/query/img_09964_c0_1283348640398699us.jpg 0.418775 0.406568 0.578460 -0.569836 690.800194 -1253.103365 57.822188
slice22/query/img_09965_c0_1283348640532059us.jpg 0.416222 0.404418 0.580261 -0.571404 689.542797 -1252.486712 57.828504
slice22/query/img_09966_c0_1283348640598665us.jpg 0.415251 0.403054 0.581232 -0.572087 688.913158 -1252.182241 57.829813
slice22/query/img_09967_c0_1283348640665404us.jpg 0.414349 0.401566 0.582235 -0.572767 688.282770 -1251.882841 57.829379
slice22/query/img_09968_c0_1283348640800097us.jpg 0.412257 0.398785 0.583858 -0.574565 687.012650 -1251.284628 57.831946
slice22/query/img_09969_c0_1283348640865368us.jpg 0.411106 0.397517 0.584498 -0.575616 686.372951 -1250.988815 57.834193
slice22/query/img_09970_c0_1283348640931982us.jpg 0.409929 0.396217 0.585133 -0.576705 685.731889 -1250.693212 57.837236
slice22/query/img_09971_c0_1283348640998596us.jpg 0.408705 0.395152 0.585761 -0.577667 685.088663 -1250.400404 57.838636
slice22/query/img_09972_c0_1283348641131949us.jpg 0.406436 0.392647 0.587131 -0.579582 683.789123 -1249.827137 57.837723
slice22/query/img_09973_c0_1283348641198559us.jpg 0.405406 0.391403 0.587783 -0.580483 683.131711 -1249.546026 57.841783
slice22/query/img_09974_c0_1283348641265298us.jpg 0.404383 0.390007 0.588510 -0.581398 682.473590 -1249.265967 57.847030
slice22/query/img_09975_c0_1283348641398547us.jpg 0.402191 0.387262 0.589892 -0.583351 681.148115 -1248.702381 57.856506
slice22/query/img_09976_c0_1283348641465283us.jpg 0.400694 0.386240 0.590688 -0.584253 680.482031 -1248.425220 57.862590
slice22/query/img_09977_c0_1283348641531875us.jpg 0.399171 0.385298 0.591326 -0.585270 679.812357 -1248.149036 57.868348
slice22/query/img_09978_c0_1283348641598490us.jpg 0.397746 0.384262 0.592089 -0.586150 679.142342 -1247.877505 57.873964
slice22/query/img_09979_c0_1283348641731843us.jpg 0.395755 0.381250 0.593875 -0.587655 677.791271 -1247.341054 57.880327
slice22/query/img_09980_c0_1283348641798454us.jpg 0.394723 0.379934 0.594683 -0.588384 677.113493 -1247.077602 57.884384
slice22/query/img_09981_c0_1283348641865192us.jpg 0.393613 0.378753 0.595391 -0.589172 676.438106 -1246.818263 57.889237
slice22/query/img_09982_c0_1283348641998426us.jpg 0.391320 0.376449 0.596589 -0.590962 675.080179 -1246.300964 57.901379
slice22/query/img_09983_c0_1283348642065158us.jpg 0.390233 0.375100 0.597247 -0.591874 674.396496 -1246.044975 57.907204
slice22/query/img_09984_c0_1283348642131770us.jpg 0.389008 0.373918 0.597698 -0.592971 673.714286 -1245.793784 57.912590
slice22/query/img_09985_c0_1283348642265124us.jpg 0.386017 0.372145 0.598514 -0.595214 672.339006 -1245.296346 57.928181
slice22/query/img_09986_c0_1283348642331756us.jpg 0.384669 0.370979 0.599121 -0.596204 671.649079 -1245.053702 57.934328
slice22/query/img_09987_c0_1283348642398348us.jpg 0.383396 0.369740 0.599796 -0.597114 670.959145 -1244.813937 57.939779
slice22/query/img_09988_c0_1283348642531705us.jpg 0.381177 0.366973 0.601484 -0.598542 669.578168 -1244.337763 57.953665
slice22/query/img_09989_c0_1283348642598313us.jpg 0.380250 0.365570 0.602418 -0.599050 668.883964 -1244.107256 57.957327
slice22/query/img_09990_c0_1283348642665052us.jpg 0.379336 0.364177 0.603562 -0.599326 668.191374 -1243.880458 57.962691
slice22/query/img_09991_c0_1283348642798411us.jpg 0.377992 0.361589 0.604524 -0.600772 666.786711 -1243.435463 57.971502
slice22/query/img_09992_c0_1283348642865016us.jpg 0.377015 0.360466 0.605112 -0.601468 666.088228 -1243.214934 57.977870
slice22/query/img_09993_c0_1283348642931627us.jpg 0.375749 0.359385 0.605792 -0.602221 665.391800 -1242.997256 57.984010
slice22/query/img_09994_c0_1283348643064980us.jpg 0.372675 0.358427 0.606303 -0.604186 663.973606 -1242.573653 57.992708
slice22/query/img_09995_c0_1283348643131593us.jpg 0.371301 0.357919 0.606063 -0.605572 663.260460 -1242.358480 57.999689
slice22/query/img_09996_c0_1283348643198206us.jpg 0.370282 0.357160 0.605868 -0.606837 662.543761 -1242.146826 58.005568
slice22/query/img_09997_c0_1283348643331580us.jpg 0.368825 0.354548 0.606260 -0.608862 661.092862 -1241.733689 58.010986
slice22/query/img_09998_c0_1283348643398170us.jpg 0.367761 0.353380 0.606640 -0.609805 660.369185 -1241.524447 58.014076
slice22/query/img_09999_c0_1283348643464911us.jpg 0.366403 0.352428 0.607049 -0.610766 659.647829 -1241.316022 58.020779
slice22/query/img_10000_c0_1283348643598141us.jpg 0.363868 0.351065 0.607439 -0.612676 658.197874 -1240.906680 58.034353
slice22/query/img_10001_c0_1283348643664875us.jpg 0.362804 0.350084 0.608026 -0.613286 657.469152 -1240.707954 58.041381
slice22/query/img_10002_c0_1283348643731490us.jpg 0.361651 0.349152 0.608857 -0.613673 656.739105 -1240.513250 58.046200
slice22/query/img_10003_c0_1283348643864844us.jpg 0.359804 0.346630 0.610990 -0.614068 655.275507 -1240.132759 58.057320
slice22/query/img_10004_c0_1283348643931454us.jpg 0.359209 0.345310 0.612371 -0.613784 654.541280 -1239.947859 58.060506
slice22/query/img_10005_c0_1283348643998068us.jpg 0.358482 0.344610 0.612470 -0.614505 653.804822 -1239.761444 58.064452
slice22/query/img_10006_c0_1283348644131425us.jpg 0.356574 0.344089 0.612092 -0.616280 652.318458 -1239.394328 58.076347
slice22/query/img_10007_c0_1283348644198032us.jpg 0.355729 0.342953 0.612781 -0.616717 651.576914 -1239.210637 58.080225
slice22/query/img_10008_c0_1283348644264770us.jpg 0.354745 0.341302 0.613636 -0.617349 650.839550 -1239.026536 58.084449
slice22/query/img_10009_c0_1283348644331383us.jpg 0.353767 0.340322 0.613394 -0.618690 650.096732 -1238.843707 58.091403
slice22/query/img_10010_c0_1283348644464758us.jpg 0.351742 0.340186 0.611897 -0.621396 648.604523 -1238.490008 58.106624
slice22/query/img_10011_c0_1283348644531349us.jpg 0.350972 0.340018 0.612023 -0.621799 647.851549 -1238.315227 58.112820
slice22/query/img_10012_c0_1283348644597961us.jpg 0.350390 0.339494 0.612949 -0.621501 647.102679 -1238.144347 58.118651
slice22/query/img_10013_c0_1283348644731317us.jpg 0.349756 0.338624 0.614469 -0.620832 645.592106 -1237.803510 58.120534
slice22/query/img_10014_c0_1283348644797926us.jpg 0.349745 0.338643 0.614655 -0.620643 644.829772 -1237.632005 58.122639
slice22/query/img_10015_c0_1283348644864674us.jpg 0.350086 0.338819 0.614308 -0.620698 644.070485 -1237.463216 58.125701
slice22/query/img_10016_c0_1283348644997913us.jpg 0.351126 0.338473 0.613784 -0.620818 642.536603 -1237.116532 58.126907
slice22/query/img_10017_c0_1283348645064629us.jpg 0.351689 0.337776 0.613534 -0.621127 641.765882 -1236.941354 58.126110
slice22/query/img_10018_c0_1283348645131243us.jpg 0.352485 0.337254 0.613083 -0.621404 640.994554 -1236.764002 58.129888
slice22/query/img_10019_c0_1283348645264596us.jpg 0.353545 0.338087 0.611843 -0.621572 639.464591 -1236.416130 58.148052
slice22/query/img_10020_c0_1283348645331209us.jpg 0.352596 0.339620 0.611604 -0.621510 638.686717 -1236.238073 58.160343
slice22/query/img_10021_c0_1283348645397822us.jpg 0.350833 0.341247 0.611797 -0.621427 637.912416 -1236.058515 58.171793
slice22/query/img_10022_c0_1283348645531174us.jpg 0.348386 0.342739 0.611895 -0.621885 636.369631 -1235.696388 58.177561
slice22/query/img_10023_c0_1283348645597786us.jpg 0.348151 0.342175 0.611556 -0.622660 635.596374 -1235.514709 58.181028
slice22/query/img_10024_c0_1283348645664526us.jpg 0.348864 0.340808 0.611049 -0.623509 634.830364 -1235.331520 58.181366
slice22/query/img_10025_c0_1283348645797805us.jpg 0.351665 0.337259 0.610449 -0.624452 633.287657 -1234.967712 58.187236
slice22/query/img_10026_c0_1283348645864493us.jpg 0.352836 0.336116 0.610236 -0.624617 632.509474 -1234.788412 58.191993
slice22/query/img_10027_c0_1283348645931103us.jpg 0.352625 0.335878 0.610583 -0.624524 631.728760 -1234.607140 58.201680
slice22/query/img_10028_c0_1283348645997716us.jpg 0.351611 0.335893 0.611144 -0.624539 630.949016 -1234.426618 58.218329
slice22/query/img_10029_c0_1283348646131070us.jpg 0.349750 0.336029 0.610661 -0.625981 629.372730 -1234.079919 58.232827
slice22/query/img_10030_c0_1283348646197681us.jpg 0.348650 0.336434 0.609445 -0.627561 628.586680 -1233.896912 58.249853
slice22/query/img_10031_c0_1283348646264425us.jpg 0.347875 0.336435 0.608293 -0.629106 627.809952 -1233.711483 58.268270
slice22/query/img_10032_c0_1283348646397677us.jpg 0.347088 0.334778 0.608524 -0.630200 626.246178 -1233.351954 58.298393
slice22/query/img_10033_c0_1283348646464384us.jpg 0.346279 0.334429 0.609141 -0.630234 625.462078 -1233.175620 58.311559
slice22/query/img_10034_c0_1283348646530998us.jpg 0.345552 0.334229 0.609793 -0.630109 624.678955 -1233.004973 58.325178
slice22/query/img_10035_c0_1283348646597612us.jpg 0.344849 0.334173 0.610201 -0.630129 623.892870 -1232.835335 58.337576
slice22/query/img_10036_c0_1283348646730986us.jpg 0.344031 0.332827 0.611375 -0.630150 622.316603 -1232.495450 58.363265
slice22/query/img_10037_c0_1283348646797577us.jpg 0.343788 0.331765 0.611761 -0.630468 621.526174 -1232.324694 58.373497
slice22/query/img_10038_c0_1283348646864316us.jpg 0.343214 0.331043 0.612076 -0.630855 620.733032 -1232.154592 58.385497
slice22/query/img_10039_c0_1283348646997564us.jpg 0.342241 0.330115 0.611597 -0.632332 619.141841 -1231.820705 58.413743
slice22/query/img_10040_c0_1283348647064279us.jpg 0.341497 0.329633 0.611826 -0.632764 618.348248 -1231.654745 58.429499
slice22/query/img_10041_c0_1283348647197524us.jpg 0.340653 0.328628 0.612661 -0.632934 616.748745 -1231.326751 58.460697
slice22/query/img_10042_c0_1283348647264243us.jpg 0.340442 0.328191 0.612770 -0.633169 615.951625 -1231.166298 58.473628
slice22/query/img_10043_c0_1283348647397496us.jpg 0.339886 0.327398 0.612821 -0.633828 614.337433 -1230.848347 58.503918
slice22/query/img_10044_c0_1283348647464208us.jpg 0.339088 0.327284 0.613128 -0.634018 613.530566 -1230.685875 58.520987
slice22/query/img_10045_c0_1283348647530822us.jpg 0.338003 0.327555 0.613306 -0.634285 612.726132 -1230.523474 58.537134
slice22/query/img_10046_c0_1283348647664181us.jpg 0.336761 0.327934 0.612819 -0.635220 611.102245 -1230.205639 58.564574
slice22/query/img_10047_c0_1283348647730807us.jpg 0.336729 0.328046 0.612488 -0.635497 610.290957 -1230.047706 58.578491
slice22/query/img_10048_c0_1283348647797400us.jpg 0.336795 0.327715 0.612437 -0.635683 609.474065 -1229.890180 58.589518
slice22/query/img_10049_c0_1283348647930768us.jpg 0.338472 0.326003 0.613421 -0.634723 607.842571 -1229.582296 58.610236
slice22/query/img_10050_c0_1283348647997367us.jpg 0.339135 0.325686 0.613663 -0.634298 607.018135 -1229.425091 58.619290
slice22/query/img_10051_c0_1283348648064105us.jpg 0.339290 0.326335 0.613476 -0.634062 606.192136 -1229.268335 58.633348
slice22/query/img_10052_c0_1283348648197333us.jpg 0.339569 0.327305 0.613762 -0.633136 604.545620 -1228.948958 58.667706
slice22/query/img_10053_c0_1283348648264069us.jpg 0.340234 0.327359 0.613750 -0.632762 603.722084 -1228.792426 58.683448
slice22/query/img_10054_c0_1283348648330683us.jpg 0.340740 0.327190 0.613550 -0.632771 602.896633 -1228.630325 58.696749
slice22/query/img_10055_c0_1283348648397297us.jpg 0.340934 0.327706 0.613107 -0.632828 602.074382 -1228.468603 58.713418
slice22/query/img_10056_c0_1283348648530675us.jpg 0.339864 0.330004 0.611428 -0.633835 600.418906 -1228.130241 58.750725
slice22/query/img_10057_c0_1283348648597261us.jpg 0.340263 0.329554 0.610727 -0.634529 599.593275 -1227.961172 58.764588
slice22/query/img_10058_c0_1283348648663999us.jpg 0.340765 0.328591 0.610568 -0.634912 598.771069 -1227.793301 58.774043
slice22/query/img_10059_c0_1283348648797228us.jpg 0.342035 0.327756 0.609791 -0.635408 597.118572 -1227.457707 58.806457
slice22/query/img_10060_c0_1283348648863964us.jpg 0.342451 0.327994 0.609091 -0.635732 596.288765 -1227.290218 58.824231
slice22/query/img_10061_c0_1283348648930578us.jpg 0.342483 0.328719 0.608697 -0.635719 595.459406 -1227.123184 58.844787
slice22/query/img_10062_c0_1283348648997192us.jpg 0.342245 0.329325 0.608646 -0.635581 594.631983 -1226.958170 58.863944
slice22/query/img_10063_c0_1283348649130565us.jpg 0.341575 0.329403 0.608297 -0.636235 592.979151 -1226.612330 58.903756
slice22/query/img_10064_c0_1283348649197156us.jpg 0.341309 0.329296 0.607668 -0.637034 592.151219 -1226.439011 58.922950
slice22/query/img_10065_c0_1283348649263894us.jpg 0.341078 0.329709 0.606584 -0.637976 591.322109 -1226.263369 58.939648
slice22/query/img_10066_c0_1283348649397143us.jpg 0.340447 0.330985 0.605464 -0.638716 589.661788 -1225.920392 58.979795
slice22/query/img_10067_c0_1283348649463859us.jpg 0.340557 0.330689 0.606111 -0.638197 588.831520 -1225.749989 58.995802
slice22/query/img_10068_c0_1283348649530472us.jpg 0.340603 0.330038 0.607672 -0.637024 588.001866 -1225.583258 59.009744
slice22/query/img_10069_c0_1283348649663846us.jpg 0.340449 0.330643 0.608278 -0.636214 586.338048 -1225.250847 59.046440
slice22/query/img_10070_c0_1283348649730437us.jpg 0.339320 0.332009 0.607460 -0.636886 585.503881 -1225.076763 59.062835
slice22/query/img_10071_c0_1283348649797050us.jpg 0.338053 0.332677 0.607205 -0.637455 584.673637 -1224.901571 59.083243
slice22/query/img_10072_c0_1283348649930428us.jpg 0.337280 0.331667 0.606855 -0.638722 583.013118 -1224.553677 59.108465
slice22/query/img_10073_c0_1283348649997016us.jpg 0.337424 0.330980 0.606026 -0.639789 582.182401 -1224.380492 59.118369
slice22/query/img_10074_c0_1283348650063754us.jpg 0.338258 0.329990 0.605352 -0.640498 581.351092 -1224.213458 59.130600
slice22/query/img_10075_c0_1283348650196983us.jpg 0.339975 0.329067 0.604987 -0.640409 579.677401 -1223.882477 59.161878
slice22/query/img_10076_c0_1283348650263739us.jpg 0.339393 0.328996 0.606195 -0.639611 578.836194 -1223.718170 59.180814
slice22/query/img_10077_c0_1283348650330332us.jpg 0.338604 0.329643 0.607616 -0.638346 577.994797 -1223.554890 59.201512
slice22/query/img_10078_c0_1283348650396945us.jpg 0.338464 0.329005 0.608637 -0.637777 577.157249 -1223.393726 59.219842
slice22/query/img_10079_c0_1283348650530299us.jpg 0.339190 0.327644 0.609600 -0.637171 575.478919 -1223.069285 59.253277
slice22/query/img_10080_c0_1283348650596910us.jpg 0.338796 0.328800 0.609169 -0.637198 574.635317 -1222.903706 59.274915
slice22/query/img_10081_c0_1283348650663650us.jpg 0.337920 0.329565 0.608790 -0.637630 573.792451 -1222.736815 59.295132
slice22/query/img_10082_c0_1283348650796898us.jpg 0.336243 0.329130 0.609075 -0.638469 572.101886 -1222.400453 59.325171
slice22/query/img_10083_c0_1283348650863613us.jpg 0.336457 0.327715 0.610104 -0.638100 571.262573 -1222.236654 59.333987
slice22/query/img_10084_c0_1283348650930229us.jpg 0.336582 0.327605 0.609310 -0.638850 570.428287 -1222.069785 59.347357
slice22/query/img_10085_c0_1283348651063581us.jpg 0.335169 0.328871 0.606264 -0.641834 568.739072 -1221.734826 59.395112
slice22/query/img_10086_c0_1283348651130192us.jpg 0.335189 0.327987 0.606523 -0.642030 567.898617 -1221.572302 59.410618
slice22/query/img_10087_c0_1283348651196805us.jpg 0.335111 0.326721 0.607466 -0.641824 567.058720 -1221.409809 59.424215
slice22/query/img_10088_c0_1283348651263543us.jpg 0.335236 0.326314 0.607705 -0.641740 566.216908 -1221.250694 59.440385
slice22/query/img_10089_c0_1283348651396770us.jpg 0.335837 0.325383 0.607789 -0.641819 564.532441 -1220.937709 59.476674
slice22/query/img_10090_c0_1283348651463508us.jpg 0.336218 0.324629 0.609530 -0.640349 563.688524 -1220.786128 59.491176
slice22/query/img_10091_c0_1283348651530122us.jpg 0.336389 0.323639 0.611368 -0.639007 562.845549 -1220.637634 59.507168
slice22/query/img_10092_c0_1283348651663499us.jpg 0.335358 0.326228 0.613347 -0.636330 561.153335 -1220.343775 59.551675
slice22/query/img_10093_c0_1283348651730087us.jpg 0.334458 0.327535 0.613849 -0.635648 560.306016 -1220.190080 59.571965
slice22/query/img_10094_c0_1283348651796700us.jpg 0.334490 0.327153 0.614326 -0.635366 559.471082 -1220.034472 59.584652
slice22/query/img_10095_c0_1283348651930076us.jpg 0.334970 0.326024 0.611911 -0.638019 557.807373 -1219.713718 59.616767
slice22/query/img_10096_c0_1283348651996670us.jpg 0.335093 0.326256 0.609348 -0.640285 556.971934 -1219.551770 59.634827
slice22/query/img_10097_c0_1283348652063404us.jpg 0.335180 0.326126 0.607565 -0.641998 556.135432 -1219.387302 59.650530
slice22/query/img_10098_c0_1283348652196632us.jpg 0.336213 0.325180 0.607775 -0.641739 554.463416 -1219.077568 59.687239
slice22/query/img_10099_c0_1283348652263368us.jpg 0.336560 0.324954 0.608898 -0.640606 553.624995 -1218.923901 59.704168
slice22/query/img_10100_c0_1283348652329982us.jpg 0.336518 0.325210 0.609789 -0.639649 552.782999 -1218.769391 59.721105
slice22/query/img_10101_c0_1283348652396594us.jpg 0.336666 0.325758 0.610298 -0.638807 551.944389 -1218.616856 59.742079
slice22/query/img_10102_c0_1283348652529948us.jpg 0.336281 0.326967 0.610076 -0.638604 550.259359 -1218.300527 59.776481
slice22/query/img_10103_c0_1283348652596559us.jpg 0.336268 0.327247 0.609601 -0.638920 549.423829 -1218.141443 59.794883
slice22/query/img_10104_c0_1283348652729934us.jpg 0.336112 0.327286 0.608150 -0.640365 547.742890 -1217.813075 59.829911
slice22/query/img_10105_c0_1283348652796547us.jpg 0.336350 0.326933 0.607013 -0.641498 546.903653 -1217.647480 59.846037
slice22/query/img_10106_c0_1283348652863262us.jpg 0.336883 0.326727 0.606335 -0.641963 546.068078 -1217.484073 59.863168
slice22/query/img_10107_c0_1283348652996515us.jpg 0.337679 0.326352 0.606763 -0.641332 544.382334 -1217.162565 59.895702
slice22/query/img_10108_c0_1283348653063249us.jpg 0.337792 0.326414 0.607671 -0.640379 543.537230 -1217.003142 59.911307
slice22/query/img_10109_c0_1283348653129840us.jpg 0.337964 0.326747 0.608434 -0.639394 542.695570 -1216.845286 59.930451
slice22/query/img_10110_c0_1283348653196454us.jpg 0.337906 0.327183 0.608962 -0.638698 541.851071 -1216.684415 59.950548
slice22/query/img_10111_c0_1283348653329811us.jpg 0.337105 0.328279 0.608650 -0.638857 540.161105 -1216.352207 59.986502
slice22/query/img_10112_c0_1283348653396420us.jpg 0.336639 0.328617 0.608172 -0.639384 539.318519 -1216.184263 60.004313
slice22/query/img_10113_c0_1283348653463156us.jpg 0.336333 0.328593 0.607397 -0.640293 538.478226 -1216.015960 60.020280
slice22/query/img_10114_c0_1283348653596408us.jpg 0.336722 0.327670 0.606338 -0.641565 536.795105 -1215.676113 60.047949
slice22/query/img_10115_c0_1283348653663144us.jpg 0.336978 0.327450 0.606168 -0.641702 535.954285 -1215.513886 60.061194
slice22/query/img_10116_c0_1283348653729737us.jpg 0.337413 0.327506 0.606574 -0.641062 535.110044 -1215.352150 60.077006
slice22/query/img_10117_c0_1283348653796349us.jpg 0.337798 0.327671 0.607057 -0.640317 534.265235 -1215.192104 60.090442
slice22/query/img_10118_c0_1283348653929710us.jpg 0.337851 0.328063 0.608455 -0.638759 532.570088 -1214.872720 60.125138
slice22/query/img_10119_c0_1283348653996313us.jpg 0.337718 0.328045 0.608884 -0.638430 531.725048 -1214.710890 60.143894
slice22/query/img_10120_c0_1283348654063053us.jpg 0.337608 0.328087 0.609030 -0.638328 530.882348 -1214.551238 60.161474
slice22/query/img_10121_c0_1283348654196303us.jpg 0.337474 0.328167 0.608347 -0.639008 529.183610 -1214.220263 60.195156
slice22/query/img_10122_c0_1283348654263038us.jpg 0.337528 0.328557 0.608223 -0.638897 528.335172 -1214.060824 60.214622
slice22/query/img_10123_c0_1283348654329631us.jpg 0.337639 0.328609 0.608254 -0.638782 527.483357 -1213.898576 60.230751
slice22/query/img_10124_c0_1283348654396245us.jpg 0.337752 0.328677 0.608678 -0.638283 526.634389 -1213.736267 60.246380
slice22/query/img_10125_c0_1283348654529599us.jpg 0.338182 0.328128 0.609238 -0.637804 524.929335 -1213.405824 60.277727
slice22/query/img_10126_c0_1283348654596210us.jpg 0.338443 0.327814 0.609372 -0.637699 524.079353 -1213.242358 60.290945
slice22/query/img_10127_c0_1283348654662948us.jpg 0.338633 0.327683 0.609193 -0.637837 523.228102 -1213.077339 60.305820
slice22/query/img_10128_c0_1283348654729561us.jpg 0.338798 0.327826 0.608918 -0.637938 522.381385 -1212.913004 60.324135
slice22/query/img_10129_c0_1283348654862947us.jpg 0.338390 0.328347 0.609112 -0.637702 520.684012 -1212.575164 60.359130
slice22/query/img_10130_c0_1283348654929528us.jpg 0.337863 0.328740 0.609450 -0.637456 519.830751 -1212.407760 60.376544
slice22/query/img_10131_c0_1283348654996140us.jpg 0.337869 0.328881 0.609533 -0.637300 518.978418 -1212.242863 60.393561
slice22/query/img_10132_c0_1283348655129493us.jpg 0.338079 0.328691 0.609303 -0.637507 517.281430 -1211.906879 60.423580
slice22/query/img_10133_c0_1283348655196104us.jpg 0.338010 0.328703 0.609198 -0.637637 516.428610 -1211.737606 60.438217
slice22/query/img_10134_c0_1283348655262842us.jpg 0.337656 0.329024 0.609207 -0.637650 515.573792 -1211.568385 60.454470
slice22/query/img_10135_c0_1283348655329455us.jpg 0.337326 0.329404 0.609181 -0.637654 514.720379 -1211.400059 60.471115
slice22/query/img_10136_c0_1283348655462836us.jpg 0.337169 0.329891 0.609308 -0.637363 513.010550 -1211.065872 60.505956
slice22/query/img_10137_c0_1283348655529426us.jpg 0.336964 0.330189 0.609122 -0.637495 512.153836 -1210.895678 60.520956
slice22/query/img_10138_c0_1283348655596034us.jpg 0.336895 0.330234 0.609255 -0.637381 511.297001 -1210.728321 60.534722
slice22/query/img_10139_c0_1283348655662773us.jpg 0.336919 0.330056 0.609462 -0.637264 510.440455 -1210.562063 60.549474
slice22/query/img_10140_c0_1283348655796023us.jpg 0.336724 0.330021 0.609631 -0.637223 508.726568 -1210.217549 60.574120
slice22/query/img_10141_c0_1283348655862737us.jpg 0.336823 0.330325 0.609484 -0.637154 507.869019 -1210.049073 60.587568
slice22/query/img_10142_c0_1283348655929351us.jpg 0.336803 0.330634 0.609448 -0.637038 507.010905 -1209.881238 60.601336
slice22/query/img_10143_c0_1283348656062709us.jpg 0.336960 0.330594 0.609765 -0.636673 505.297982 -1209.542970 60.627521
slice22/query/img_10144_c0_1283348656129316us.jpg 0.336725 0.330634 0.609936 -0.636612 504.439937 -1209.370640 60.640801
slice22/query/img_10145_c0_1283348656195929us.jpg 0.336668 0.330671 0.609825 -0.636730 503.582350 -1209.200882 60.651734
slice22/query/img_10146_c0_1283348656329283us.jpg 0.335926 0.331505 0.609633 -0.636871 501.862522 -1208.855221 60.676328
slice22/query/img_10147_c0_1283348656395894us.jpg 0.335649 0.331795 0.609701 -0.636802 501.005973 -1208.684474 60.687487
slice22/query/img_10148_c0_1283348656462632us.jpg 0.335331 0.331963 0.610127 -0.636473 500.151108 -1208.512141 60.696206
slice22/query/img_10149_c0_1283348656529246us.jpg 0.335283 0.332009 0.610781 -0.635847 499.297173 -1208.346131 60.705913
slice22/query/img_10150_c0_1283348656662600us.jpg 0.334850 0.331808 0.611653 -0.635342 497.583422 -1207.997974 60.720948
slice22/query/img_10151_c0_1283348656729211us.jpg 0.334728 0.331910 0.611572 -0.635431 496.721417 -1207.828132 60.728967
slice22/query/img_10152_c0_1283348656795823us.jpg 0.334522 0.331919 0.611357 -0.635741 495.866374 -1207.656477 60.732716
slice22/query/img_10153_c0_1283348656929178us.jpg 0.333989 0.332049 0.611410 -0.635903 494.152606 -1207.317156 60.744182
slice22/query/img_10154_c0_1283348656995811us.jpg 0.332953 0.332801 0.611459 -0.636006 493.296010 -1207.146633 60.750691
slice22/query/img_10155_c0_1283348657062527us.jpg 0.331607 0.333795 0.611169 -0.636467 492.435565 -1206.975310 60.758641
slice22/query/img_10156_c0_1283348657129138us.jpg 0.330749 0.334363 0.610586 -0.637174 491.580422 -1206.804860 60.763149
slice22/query/img_10157_c0_1283348657262489us.jpg 0.330465 0.333854 0.609812 -0.638329 489.874162 -1206.466241 60.770343
slice22/query/img_10158_c0_1283348657329154us.jpg 0.330427 0.333319 0.609526 -0.638901 489.016738 -1206.298261 60.767932
slice22/query/img_10159_c0_1283348657395719us.jpg 0.330240 0.333053 0.609324 -0.639329 488.162148 -1206.129257 60.765931
