slice22/query/img_05287_c0_1311875289717537us.jpg 0.499138 0.493176 0.505685 -0.501918 731.875939 -1282.792577 57.655560
slice22/query/img_05288_c0_1311875289984129us.jpg 0.494869 0.486707 0.513080 -0.504946 729.028794 -1280.178284 57.620895
slice22/query/img_05289_c0_1311875290317544us.jpg 0.487973 0.480133 0.520172 -0.510662 725.489860 -1276.972010 57.669147
slice22/query/img_05290_c0_1311875290584133us.jpg 0.481095 0.475819 0.526416 -0.514811 722.535650 -1274.434528 57.686784
slice22/query/img_05291_c0_1311875290850756us.jpg 0.475484 0.470063 0.533824 -0.517675 719.524346 -1271.976787 57.707950
slice22/query/img_05292_c0_1311875291184139us.jpg 0.468685 0.461526 0.540939 -0.524131 715.656743 -1268.902109 57.716470
slice22/query/img_05293_c0_1311875291450759us.jpg 0.462884 0.455010 0.545939 -0.529769 712.462238 -1266.530300 57.733940
slice22/query/img_05294_c0_1311875291784147us.jpg 0.454742 0.447174 0.550297 -0.538904 708.450166 -1263.731348 57.747871
slice22/query/img_05295_c0_1311875292050769us.jpg 0.448168 0.440102 0.553829 -0.546561 705.135315 -1261.554843 57.769370
slice22/query/img_05296_c0_1311875292317517us.jpg 0.440676 0.433111 0.558657 -0.553282 701.726573 -1259.467176 57.801478
slice22/query/img_05297_c0_1311875292650774us.jpg 0.433329 0.423356 0.565528 -0.559619 697.365804 -1256.954324 57.816927
slice22/query/img_05298_c0_1311875292917521us.jpg 0.427273 0.417035 0.571662 -0.562780 693.787916 -1255.048686 57.845049
slice22/query/img_05299_c0_1311875293184147us.jpg 0.421713 0.410465 0.576975 -0.566372 690.150003 -1253.235511 57.866197
slice22/query/img_05300_c0_1311875293517525us.jpg 0.412651 0.403417 0.581162 -0.573781 685.516174 -1251.066071 57.879160
slice22/query/img_05301_c0_1311875293784150us.jpg 0.409134 0.395621 0.587093 -0.575687 681.760982 -1249.429277 57.890299
slice22/query/img_05302_c0_1311875294117565us.jpg 0.400402 0.388561 0.589075 -0.584541 677.026719 -1247.440198 57.923928
slice22/query/img_05303_c0_1311875294384190us.jpg 0.394232 0.382228 0.594752 -0.587156 673.153075 -1245.898981 58.014072
slice22/query/img_05304_c0_1311875294650780us.jpg 0.388998 0.374712 0.597580 -0.592596 669.210377 -1244.456323 57.866750
slice22/query/img_05305_c0_1311875294984195us.jpg 0.380475 0.366826 0.601341 -0.599222 664.239527 -1242.752316 57.925710
slice22/query/img_05306_c0_1311875295250791us.jpg 0.372048 0.361026 0.604608 -0.604723 660.261121 -1241.479858 58.010841
slice22/query/img_05307_c0_1311875295517571us.jpg 0.364432 0.355436 0.607612 -0.609641 656.146359 -1240.394005 58.010162
slice22/query/img_05308_c0_1311875295784164us.jpg 0.359970 0.347344 0.611262 -0.613297 652.067135 -1239.366319 58.088454
slice22/query/img_05309_c0_1311875296050788us.jpg 0.352271 0.342425 0.613979 -0.617803 647.859962 -1238.208841 58.095156
slice22/query/img_05310_c0_1311875296384170us.jpg 0.348483 0.336502 0.616067 -0.621118 642.361118 -1236.896736 58.074168
slice22/query/img_05311_c0_1311875296650823us.jpg 0.348818 0.334026 0.618256 -0.620090 637.963177 -1235.976337 58.109570
slice22/query/img_05312_c0_1311875296917542us.jpg 0.345914 0.334456 0.617113 -0.622619 633.583569 -1235.006747 58.163598
slice22/query/img_05313_c0_1311875297250804us.jpg 0.346689 0.332265 0.617009 -0.623463 628.055221 -1233.845121 58.244504
slice22/query/img_05314_c0_1311875297517551us.jpg 0.344925 0.332936 0.616488 -0.624598 623.590459 -1232.897821 58.327519
slice22/query/img_05315_c0_1311875297784174us.jpg 0.343563 0.332845 0.614654 -0.627199 619.045778 -1231.934526 58.403742
slice22/query/img_05316_c0_1311875298050799us.jpg 0.343676 0.331822 0.613804 -0.628511 614.500720 -1231.026935 58.400063
slice22/query/img_05317_c0_1311875298384185us.jpg 0.341043 0.332825 0.614406 -0.628826 608.834379 -1229.904128 58.559202
slice22/query/img_05318_c0_1311875298650857us.jpg 0.341169 0.331130 0.612360 -0.631642 604.266924 -1228.978609 58.569954
slice22/query/img_05319_c0_1311875298917592us.jpg 0.338623 0.333185 0.604676 -0.639289 599.642406 -1228.038559 58.666152
slice22/query/img_05320_c0_1311875299184186us.jpg 0.342186 0.330010 0.609006 -0.634912 595.009429 -1227.125411 58.746098
slice22/query/img_05321_c0_1311875299450807us.jpg 0.343625 0.329718 0.616783 -0.626727 590.348041 -1226.234146 58.832986
slice22/query/img_05322_c0_1311875299784185us.jpg 0.339261 0.333472 0.607070 -0.636526 584.484123 -1225.038170 59.048479
slice22/query/img_05323_c0_1311875300117569us.jpg 0.341747 0.331367 0.611402 -0.632134 578.668872 -1223.835564 59.171970
slice22/query/img_05324_c0_1311875300384224us.jpg 0.338927 0.332285 0.610638 -0.633905 573.950206 -1222.865081 59.257931
slice22/query/img_05325_c0_1311875300650859us.jpg 0.336824 0.333608 0.610234 -0.634720 569.201667 -1221.946147 59.332963
slice22/query/img_05326_c0_1311875300984203us.jpg 0.338211 0.330755 0.610361 -0.635353 563.280541 -1220.861316 59.389314
slice22/query/img_05327_c0_1311875301250817us.jpg 0.336687 0.331891 0.611421 -0.634551 558.596773 -1219.982276 59.450092
slice22/query/img_05328_c0_1311875301584206us.jpg 0.336608 0.330949 0.606681 -0.639614 552.807660 -1218.805586 59.510651
slice22/query/img_05329_c0_1311875301850866us.jpg 0.337592 0.331658 0.607978 -0.637494 548.088105 -1217.944294 59.636550
slice22/query/img_05330_c0_1311875302184204us.jpg 0.338893 0.332746 0.606716 -0.637439 542.163107 -1216.842500 59.768333
