slice22/query/img_07434_c0_1284563900989508us.jpg 0.492713 0.488111 0.513428 -0.505345 731.184573 -1281.647778 57.779107
slice22/query/img_07435_c0_1284563901056247us.jpg 0.491647 0.487023 0.515087 -0.505745 730.548846 -1281.063745 57.773283
slice22/query/img_07436_c0_1284563901189498us.jpg 0.489449 0.485664 0.518042 -0.506164 729.262565 -1279.909191 57.771510
slice22/query/img_07437_c0_1284563901256212us.jpg 0.488713 0.484490 0.519646 -0.506357 728.615907 -1279.336206 57.766551
slice22/query/img_07438_c0_1284563901322825us.jpg 0.488144 0.482998 0.521354 -0.506575 727.970619 -1278.766782 57.763140
slice22/query/img_07439_c0_1284563901389439us.jpg 0.487503 0.481650 0.522642 -0.507148 727.323222 -1278.198826 57.761516
slice22/query/img_07440_c0_1284563901522793us.jpg 0.485769 0.479613 0.523364 -0.509990 726.018122 -1277.055117 57.767453
slice22/query/img_07441_c0_1284563901589403us.jpg 0.484776 0.478604 0.523276 -0.511970 725.362470 -1276.484886 57.769575
slice22/query/img_07442_c0_1284563901656141us.jpg 0.483442 0.477631 0.523364 -0.514045 724.709013 -1275.918241 57.773720
slice22/query/img_07443_c0_1284563901789398us.jpg 0.480547 0.475376 0.524160 -0.518024 723.386455 -1274.785126 57.780657
slice22/query/img_07444_c0_1284563901856107us.jpg 0.479111 0.474057 0.525048 -0.519660 722.718034 -1274.224428 57.783920
slice22/query/img_07445_c0_1284563901922719us.jpg 0.478033 0.472566 0.526168 -0.520878 722.042262 -1273.669688 57.784729
slice22/query/img_07446_c0_1284563901989331us.jpg 0.477009 0.471009 0.527676 -0.521699 721.364519 -1273.119273 57.784026
slice22/query/img_07447_c0_1284563902122687us.jpg 0.474304 0.468068 0.532303 -0.522113 719.988487 -1272.022234 57.775351
slice22/query/img_07448_c0_1284563902189297us.jpg 0.472502 0.466898 0.535004 -0.522033 719.294564 -1271.480987 57.772629
slice22/query/img_07449_c0_1284563902256035us.jpg 0.470810 0.465768 0.537226 -0.522289 718.594223 -1270.943615 57.771260
slice22/query/img_07450_c0_1284563902322649us.jpg 0.469307 0.464515 0.538976 -0.522954 717.892744 -1270.406593 57.770106
slice22/query/img_07451_c0_1284563902456003us.jpg 0.466944 0.461109 0.541725 -0.525239 716.486217 -1269.336746 57.765065
slice22/query/img_07452_c0_1284563902522615us.jpg 0.465963 0.459115 0.542654 -0.526895 715.781029 -1268.808731 57.764715
slice22/query/img_07453_c0_1284563902589227us.jpg 0.465250 0.456996 0.543091 -0.528914 715.074426 -1268.282647 57.765279
slice22/query/img_07454_c0_1284563902722602us.jpg 0.462729 0.453456 0.543937 -0.533284 713.649971 -1267.227369 57.774288
slice22/query/img_07455_c0_1284563902789191us.jpg 0.460714 0.452340 0.544574 -0.535322 712.927429 -1266.707755 57.780677
slice22/query/img_07456_c0_1284563902855929us.jpg 0.458422 0.451576 0.545464 -0.537027 712.201412 -1266.192639 57.789807
slice22/query/img_07457_c0_1284563902989164us.jpg 0.454923 0.449537 0.547609 -0.539524 710.730010 -1265.173006 57.796463
slice22/query/img_07458_c0_1284563903055913us.jpg 0.453694 0.448207 0.548747 -0.540508 709.985953 -1264.669834 57.796905
slice22/query/img_07459_c0_1284563903122507us.jpg 0.452578 0.446614 0.550118 -0.541368 709.241236 -1264.169061 57.796502
slice22/query/img_07460_c0_1284563903189121us.jpg 0.451496 0.445021 0.551440 -0.542237 708.493913 -1263.672237 57.795990
slice22/query/img_07461_c0_1284563903322497us.jpg 0.449220 0.442018 0.553097 -0.544890 706.987770 -1262.685654 57.795054
slice22/query/img_07462_c0_1284563903389086us.jpg 0.447792 0.440758 0.553494 -0.546680 706.229139 -1262.193456 57.798032
slice22/query/img_07463_c0_1284563903589058us.jpg 0.443526 0.437628 0.555374 -0.550750 703.952122 -1260.732943 57.799101
slice22/query/img_07464_c0_1284563903789028us.jpg 0.440941 0.433045 0.558759 -0.553021 701.649874 -1259.289631 57.781242
slice22/query/img_07465_c0_1284563903855755us.jpg 0.440078 0.431317 0.560058 -0.553744 700.869003 -1258.819069 57.779105
slice22/query/img_07466_c0_1284563903922367us.jpg 0.438857 0.429654 0.561424 -0.554622 700.084228 -1258.349439 57.778080
slice22/query/img_07467_c0_1284563904055722us.jpg 0.436074 0.426644 0.563796 -0.556731 698.500217 -1257.422559 57.781516
slice22/query/img_07468_c0_1284563904122337us.jpg 0.434903 0.425282 0.564931 -0.557537 697.701126 -1256.966307 57.782970
slice22/query/img_07469_c0_1284563904188945us.jpg 0.433665 0.423985 0.566381 -0.558018 696.900891 -1256.512425 57.785295
slice22/query/img_07470_c0_1284563904255684us.jpg 0.432409 0.422607 0.567984 -0.558408 696.095457 -1256.063149 57.787333
slice22/query/img_07471_c0_1284563904388913us.jpg 0.429851 0.419525 0.571182 -0.559445 694.479005 -1255.162321 57.788716
slice22/query/img_07472_c0_1284563904455648us.jpg 0.428376 0.417947 0.572292 -0.560620 693.667009 -1254.716105 57.792955
slice22/query/img_07473_c0_1284563904522263us.jpg 0.426982 0.416528 0.572702 -0.562319 692.852383 -1254.270782 57.795677
slice22/query/img_07474_c0_1284563904588876us.jpg 0.425435 0.415089 0.572951 -0.564299 692.036860 -1253.829775 57.799378
slice22/query/img_07475_c0_1284563904722229us.jpg 0.421487 0.412642 0.573824 -0.568156 690.395505 -1252.946828 57.799945
slice22/query/img_07476_c0_1284563904788839us.jpg 0.419570 0.411398 0.574489 -0.569803 689.558452 -1252.514598 57.805277
slice22/query/img_07477_c0_1284563904855577us.jpg 0.417998 0.409893 0.575323 -0.571200 688.721645 -1252.087698 57.805011
slice22/query/img_07478_c0_1284563904988807us.jpg 0.415456 0.406234 0.578016 -0.572947 687.035095 -1251.256441 57.795894
slice22/query/img_07479_c0_1284563905055549us.jpg 0.414219 0.404205 0.579645 -0.573632 686.188947 -1250.850240 57.790040
slice22/query/img_07480_c0_1284563905122158us.jpg 0.412963 0.402180 0.581186 -0.574400 685.338113 -1250.444548 57.788583
slice22/query/img_07481_c0_1284563905188770us.jpg 0.411474 0.400401 0.582361 -0.575521 684.487074 -1250.047232 57.787550
slice22/query/img_07482_c0_1284563905322144us.jpg 0.408261 0.397003 0.583830 -0.578666 682.764811 -1249.249911 57.779061
slice22/query/img_07483_c0_1284563905388732us.jpg 0.406438 0.395500 0.584420 -0.580380 681.895893 -1248.859718 57.781290
slice22/query/img_07484_c0_1284563905455473us.jpg 0.404804 0.393854 0.584916 -0.582140 681.028325 -1248.481218 57.790846
slice22/query/img_07485_c0_1284563905522088us.jpg 0.402761 0.392573 0.585754 -0.583578 680.154094 -1248.103517 57.800910
slice22/query/img_07486_c0_1284563905655461us.jpg 0.399243 0.389392 0.587700 -0.586163 678.387606 -1247.358778 57.801683
slice22/query/img_07487_c0_1284563905788667us.jpg 0.396562 0.385479 0.589972 -0.588284 676.600220 -1246.630950 57.801062
slice22/query/img_07488_c0_1284563905855407us.jpg 0.394876 0.383785 0.591128 -0.589363 675.697395 -1246.271110 57.807751
slice22/query/img_07489_c0_1284563905922015us.jpg 0.393494 0.382023 0.592022 -0.590535 674.792100 -1245.919010 57.816350
slice22/query/img_07490_c0_1284563905988628us.jpg 0.391887 0.380199 0.592857 -0.591941 673.883925 -1245.572746 57.826256
slice22/query/img_07491_c0_1284563906121982us.jpg 0.387906 0.377214 0.594258 -0.595060 672.060040 -1244.894851 57.847937
slice22/query/img_07492_c0_1284563906188594us.jpg 0.385795 0.375664 0.594920 -0.596749 671.150798 -1244.558372 57.859603
slice22/query/img_07493_c0_1284563906255332us.jpg 0.384055 0.373864 0.595538 -0.598383 670.236806 -1244.229422 57.870944
slice22/query/img_07494_c0_1284563906321946us.jpg 0.382495 0.372002 0.596354 -0.599729 669.321000 -1243.906252 57.879669
slice22/query/img_07495_c0_1284563906455321us.jpg 0.379761 0.368277 0.598901 -0.601225 667.472325 -1243.282867 57.897699
slice22/query/img_07496_c0_1284563906521911us.jpg 0.378580 0.366259 0.600374 -0.601733 666.541827 -1242.977367 57.906101
slice22/query/img_07497_c0_1284563906588523us.jpg 0.377152 0.364410 0.601909 -0.602218 665.613851 -1242.676858 57.913236
slice22/query/img_07498_c0_1284563906721896us.jpg 0.373235 0.362051 0.603600 -0.604386 663.725029 -1242.092416 57.927179
slice22/query/img_07499_c0_1284563906788510us.jpg 0.371005 0.361059 0.603484 -0.606464 662.777266 -1241.797236 57.937176
slice22/query/img_07500_c0_1284563906855227us.jpg 0.369132 0.359567 0.603074 -0.608897 661.833512 -1241.500611 57.947680
slice22/query/img_07501_c0_1284563906921840us.jpg 0.367253 0.357835 0.602799 -0.611320 660.879933 -1241.212048 57.957543
slice22/query/img_07502_c0_1284563907055214us.jpg 0.363702 0.354478 0.602585 -0.615595 658.957876 -1240.654722 57.973860
slice22/query/img_07503_c0_1284563907121826us.jpg 0.361678 0.353143 0.603074 -0.617074 657.987207 -1240.384383 57.983565
slice22/query/img_07504_c0_1284563907188417us.jpg 0.360020 0.351833 0.603908 -0.617977 657.015722 -1240.121438 57.993354
slice22/query/img_07505_c0_1284563907255156us.jpg 0.358435 0.350849 0.604934 -0.618454 656.034980 -1239.867548 58.002419
slice22/query/img_07506_c0_1284563907388408us.jpg 0.355623 0.345694 0.610482 -0.617527 654.074262 -1239.372347 58.007755
slice22/query/img_07507_c0_1284563907455121us.jpg 0.354171 0.344285 0.612249 -0.617399 653.087000 -1239.127659 58.013194
slice22/query/img_07508_c0_1284563907521735us.jpg 0.352907 0.343325 0.612714 -0.618196 652.092402 -1238.886269 58.019347
slice22/query/img_07509_c0_1284563907588348us.jpg 0.352236 0.341669 0.612754 -0.619455 651.099109 -1238.651052 58.025754
slice22/query/img_07510_c0_1284563907721702us.jpg 0.349672 0.339383 0.612193 -0.622711 649.086054 -1238.178691 58.035716
slice22/query/img_07511_c0_1284563907788313us.jpg 0.347451 0.338916 0.611889 -0.624504 648.071682 -1237.939504 58.046439
slice22/query/img_07512_c0_1284563907855049us.jpg 0.345546 0.338780 0.611425 -0.626088 647.050621 -1237.707824 58.057463
slice22/query/img_07513_c0_1284563907988302us.jpg 0.343553 0.338479 0.610117 -0.628618 644.999319 -1237.256578 58.069198
slice22/query/img_07514_c0_1284563908055015us.jpg 0.343067 0.337707 0.610614 -0.628815 643.973820 -1237.034129 58.078101
slice22/query/img_07515_c0_1284563908121628us.jpg 0.343156 0.336017 0.611931 -0.628392 642.943192 -1236.816675 58.083268
slice22/query/img_07516_c0_1284563908254982us.jpg 0.344269 0.332390 0.614360 -0.627341 640.874361 -1236.400967 58.094437
slice22/query/img_07517_c0_1284563908321593us.jpg 0.344706 0.331515 0.614098 -0.627821 639.831029 -1236.188529 58.106421
slice22/query/img_07518_c0_1284563908388206us.jpg 0.343297 0.332234 0.613832 -0.628472 638.777863 -1235.975611 58.124584
slice22/query/img_07519_c0_1284563908454944us.jpg 0.340891 0.333512 0.614228 -0.628718 637.725868 -1235.759971 58.144407
slice22/query/img_07520_c0_1284563908588191us.jpg 0.337306 0.334500 0.614948 -0.629423 635.593003 -1235.327613 58.169566
slice22/query/img_07521_c0_1284563908654912us.jpg 0.337141 0.333770 0.614879 -0.629967 634.538041 -1235.116757 58.176904
slice22/query/img_07522_c0_1284563908721524us.jpg 0.338039 0.332241 0.614757 -0.630412 633.482741 -1234.912744 58.180617
slice22/query/img_07523_c0_1284563908854877us.jpg 0.340965 0.329211 0.615088 -0.630103 631.365600 -1234.509447 58.198807
slice22/query/img_07524_c0_1284563908921488us.jpg 0.341676 0.328264 0.615800 -0.629516 630.307204 -1234.305311 58.213962
slice22/query/img_07525_c0_1284563908988102us.jpg 0.341747 0.328102 0.615933 -0.629432 629.241199 -1234.099052 58.232109
slice22/query/img_07526_c0_1284563909054841us.jpg 0.341117 0.329025 0.615409 -0.629804 628.176641 -1233.892679 58.257853
slice22/query/img_07527_c0_1284563909188089us.jpg 0.339737 0.330368 0.613792 -0.631423 626.022770 -1233.483884 58.290609
slice22/query/img_07528_c0_1284563909254805us.jpg 0.338561 0.331585 0.613475 -0.631724 624.947391 -1233.271660 58.315872
slice22/query/img_07529_c0_1284563909321418us.jpg 0.337733 0.332701 0.613246 -0.631804 623.869562 -1233.058735 58.334443
slice22/query/img_07530_c0_1284563909388031us.jpg 0.337774 0.332978 0.613198 -0.631682 622.790985 -1232.845220 58.351216
slice22/query/img_07531_c0_1284563909521385us.jpg 0.339206 0.331775 0.614344 -0.630433 620.617479 -1232.407631 58.362681
slice22/query/img_07532_c0_1284563909587996us.jpg 0.340137 0.331238 0.614785 -0.629783 619.540068 -1232.193758 58.375011
slice22/query/img_07533_c0_1284563909654735us.jpg 0.340805 0.330913 0.614909 -0.629472 618.458087 -1231.978859 58.389645
slice22/query/img_07534_c0_1284563909788425us.jpg 0.340965 0.331122 0.614631 -0.629547 616.272588 -1231.539859 58.420145
slice22/query/img_07535_c0_1284563909854699us.jpg 0.341191 0.331605 0.613754 -0.630026 615.183081 -1231.320787 58.436793
slice22/query/img_07536_c0_1284563909921312us.jpg 0.341135 0.332128 0.612923 -0.630589 614.097447 -1231.099823 58.459603
slice22/query/img_07537_c0_1284563909987926us.jpg 0.340453 0.332933 0.612615 -0.630833 613.001331 -1230.873895 58.480252
slice22/query/img_07538_c0_1284563910121303us.jpg 0.339782 0.334175 0.612040 -0.631097 610.797122 -1230.429773 58.511956
slice22/query/img_07539_c0_1284563910187910us.jpg 0.339922 0.334546 0.611497 -0.631350 609.694474 -1230.200219 58.529464
slice22/query/img_07540_c0_1284563910254629us.jpg 0.340446 0.334386 0.611119 -0.631519 608.594485 -1229.974476 58.543307
slice22/query/img_07541_c0_1284563910321243us.jpg 0.341262 0.333648 0.611128 -0.631460 607.497865 -1229.749722 58.557020
slice22/query/img_07542_c0_1284563910454622us.jpg 0.341964 0.333565 0.611384 -0.630876 605.287544 -1229.291264 58.586010
slice22/query/img_07543_c0_1284563910521207us.jpg 0.342192 0.333645 0.611404 -0.630691 604.173009 -1229.060314 58.605584
slice22/query/img_07544_c0_1284563910587822us.jpg 0.342660 0.333527 0.611276 -0.630623 603.063267 -1228.826340 58.623828
slice22/query/img_07545_c0_1284563910654560us.jpg 0.342800 0.333716 0.611304 -0.630420 601.950875 -1228.594469 58.643445
slice22/query/img_07546_c0_1284563910787808us.jpg 0.341743 0.335095 0.610441 -0.631098 599.716256 -1228.127089 58.688830
slice22/query/img_07547_c0_1284563910854523us.jpg 0.342236 0.334235 0.609731 -0.631972 598.602929 -1227.888509 58.706920
slice22/query/img_07548_c0_1284563910921137us.jpg 0.342400 0.333474 0.608995 -0.632995 597.488671 -1227.651183 58.726025
slice22/query/img_07549_c0_1284563910987750us.jpg 0.342638 0.332954 0.607850 -0.634239 596.376657 -1227.415159 58.747740
slice22/query/img_07550_c0_1284563911121103us.jpg 0.342421 0.332855 0.605658 -0.636501 594.145387 -1226.932523 58.787154
slice22/query/img_07551_c0_1284563911187715us.jpg 0.341712 0.332692 0.605427 -0.637187 593.027915 -1226.687794 58.812501
slice22/query/img_07552_c0_1284563911254452us.jpg 0.341149 0.332416 0.605531 -0.637534 591.907078 -1226.449294 58.836399
slice22/query/img_07553_c0_1284563911387725us.jpg 0.339905 0.333032 0.605327 -0.638070 589.670234 -1225.978083 58.878322
slice22/query/img_07554_c0_1284563911454419us.jpg 0.339563 0.332952 0.605581 -0.638053 588.543483 -1225.745603 58.902079
slice22/query/img_07555_c0_1284563911521031us.jpg 0.339312 0.332773 0.606582 -0.637328 587.417804 -1225.518548 58.924447
slice22/query/img_07556_c0_1284563911587645us.jpg 0.338998 0.332853 0.607159 -0.636905 586.285322 -1225.296168 58.949504
slice22/query/img_07557_c0_1284563911721001us.jpg 0.337106 0.334719 0.607303 -0.636793 584.035466 -1224.833791 59.000027
slice22/query/img_07558_c0_1284563911787635us.jpg 0.336459 0.334550 0.607066 -0.637450 582.905762 -1224.600928 59.020254
slice22/query/img_07559_c0_1284563911854348us.jpg 0.336313 0.333982 0.606439 -0.638420 581.782161 -1224.365880 59.040343
slice22/query/img_07560_c0_1284563911920961us.jpg 0.337000 0.332812 0.605911 -0.639171 580.654672 -1224.136173 59.059852
slice22/query/img_07561_c0_1284563912054314us.jpg 0.337496 0.331380 0.605344 -0.640190 578.395686 -1223.675173 59.108202
slice22/query/img_07562_c0_1284563912120926us.jpg 0.337216 0.331625 0.605945 -0.639642 577.261792 -1223.446796 59.133599
slice22/query/img_07563_c0_1284563912187539us.jpg 0.337872 0.330032 0.607029 -0.639090 576.134177 -1223.225828 59.157480
slice22/query/img_07564_c0_1284563912254277us.jpg 0.337169 0.329695 0.607964 -0.638747 575.003260 -1223.005876 59.185938
slice22/query/img_07565_c0_1284563912387506us.jpg 0.335537 0.331872 0.608561 -0.637910 572.743358 -1222.557498 59.242767
slice22/query/img_07566_c0_1284563912454242us.jpg 0.334190 0.330868 0.608687 -0.639017 571.619978 -1222.334175 59.261535
slice22/query/img_07567_c0_1284563912587492us.jpg 0.332846 0.330597 0.607263 -0.641211 569.368179 -1221.890982 59.307778
slice22/query/img_07568_c0_1284563912654230us.jpg 0.332461 0.330388 0.605577 -0.643109 568.243921 -1221.667921 59.330322
slice22/query/img_07569_c0_1284563912720820us.jpg 0.332041 0.329452 0.604635 -0.644691 567.115834 -1221.447574 59.351770
slice22/query/img_07570_c0_1284563912787433us.jpg 0.331030 0.328229 0.604362 -0.646089 565.985824 -1221.233203 59.376979
slice22/query/img_07571_c0_1284563912920813us.jpg 0.330559 0.325491 0.605909 -0.646266 563.717672 -1220.819510 59.429692
slice22/query/img_07572_c0_1284563912987401us.jpg 0.330469 0.324143 0.608527 -0.644528 562.578863 -1220.625083 59.453695
slice22/query/img_07573_c0_1284563913054138us.jpg 0.330452 0.324745 0.610912 -0.641972 561.437978 -1220.439152 59.482341
slice22/query/img_07574_c0_1284563913187390us.jpg 0.328982 0.324783 0.614124 -0.639639 559.157972 -1220.062288 59.532456
slice22/query/img_07575_c0_1284563913254103us.jpg 0.328719 0.323745 0.614818 -0.639634 558.024473 -1219.866009 59.548539
slice22/query/img_07576_c0_1284563913320713us.jpg 0.327836 0.323098 0.613763 -0.641426 556.891149 -1219.667694 59.570252
slice22/query/img_07577_c0_1284563913454070us.jpg 0.326516 0.321453 0.609886 -0.646602 554.631908 -1219.266219 59.621773
slice22/query/img_07578_c0_1284563913520699us.jpg 0.325384 0.320815 0.608426 -0.648861 553.503003 -1219.067439 59.648611
slice22/query/img_07579_c0_1284563913587291us.jpg 0.324395 0.320210 0.608065 -0.649992 552.372824 -1218.878760 59.677488
slice22/query/img_07580_c0_1284563913654030us.jpg 0.323597 0.320248 0.608776 -0.649706 551.238795 -1218.698162 59.710263
slice22/query/img_07581_c0_1284563913787261us.jpg 0.322653 0.319929 0.611332 -0.647930 548.963594 -1218.349999 59.765326
slice22/query/img_07582_c0_1284563913853995us.jpg 0.322222 0.319323 0.612767 -0.647087 547.834092 -1218.180733 59.790991
slice22/query/img_07583_c0_1284563913920614us.jpg 0.322018 0.318240 0.613554 -0.646977 546.702820 -1218.007175 59.812641
slice22/query/img_07584_c0_1284563914054004us.jpg 0.321691 0.316126 0.612845 -0.648846 544.448209 -1217.654847 59.862406
slice22/query/img_07585_c0_1284563914120571us.jpg 0.321201 0.315315 0.612194 -0.650096 543.323490 -1217.483513 59.890121
slice22/query/img_07586_c0_1284563914187187us.jpg 0.320392 0.314830 0.611708 -0.651186 542.195123 -1217.314921 59.918414
slice22/query/img_07587_c0_1284563914320541us.jpg 0.318088 0.314985 0.610891 -0.653006 539.936485 -1216.982960 59.980237
slice22/query/img_07588_c0_1284563914387152us.jpg 0.316598 0.315272 0.610790 -0.653685 538.807292 -1216.821401 60.012492
slice22/query/img_07589_c0_1284563914453890us.jpg 0.315322 0.315390 0.610984 -0.654064 537.677058 -1216.664726 60.042021
slice22/query/img_07590_c0_1284563914520504us.jpg 0.314303 0.314891 0.611772 -0.654058 536.550479 -1216.509359 60.067296
slice22/query/img_07591_c0_1284563914653858us.jpg 0.313967 0.313072 0.613715 -0.653272 534.287306 -1216.217932 60.106754
slice22/query/img_07592_c0_1284563914720468us.jpg 0.314705 0.312133 0.614854 -0.652294 533.157300 -1216.082754 60.126767
slice22/query/img_07593_c0_1284563914787080us.jpg 0.315295 0.311241 0.616188 -0.651176 532.025407 -1215.946901 60.148616
slice22/query/img_07594_c0_1284563914853820us.jpg 0.315525 0.310672 0.617648 -0.649952 530.893925 -1215.810785 60.171765
slice22/query/img_07595_c0_1284563914987070us.jpg 0.314979 0.310118 0.619077 -0.649122 528.630047 -1215.520208 60.222923
slice22/query/img_07596_c0_1284563915053785us.jpg 0.314599 0.310438 0.619108 -0.649124 527.499751 -1215.377904 60.250654
slice22/query/img_07597_c0_1284563915120399us.jpg 0.314363 0.310765 0.618714 -0.649456 526.367435 -1215.234627 60.276466
slice22/query/img_07598_c0_1284563915187011us.jpg 0.314372 0.310885 0.618443 -0.649653 525.236687 -1215.091008 60.301336
slice22/query/img_07599_c0_1284563915320369us.jpg 0.315780 0.311328 0.618761 -0.648454 522.979950 -1214.813309 60.351815
slice22/query/img_07600_c0_1284563915386976us.jpg 0.316804 0.311266 0.619521 -0.647257 521.853081 -1214.674674 60.374120
slice22/query/img_07601_c0_1284563915453714us.jpg 0.317841 0.311390 0.620343 -0.645901 520.726455 -1214.536399 60.394034
slice22/query/img_07602_c0_1284563915586969us.jpg 0.319242 0.312436 0.621713 -0.643383 518.472036 -1214.244916 60.437147
slice22/query/img_07603_c0_1284563915653699us.jpg 0.319941 0.313121 0.622293 -0.642140 517.346852 -1214.097217 60.459189
slice22/query/img_07604_c0_1284563915720293us.jpg 0.320441 0.313906 0.622635 -0.641176 516.221898 -1213.943674 60.482342
slice22/query/img_07605_c0_1284563915853642us.jpg 0.321526 0.315684 0.622473 -0.639916 513.974161 -1213.626631 60.532955
slice22/query/img_07606_c0_1284563915920257us.jpg 0.322304 0.316419 0.621967 -0.639654 512.852463 -1213.465621 60.555689
slice22/query/img_07607_c0_1284563916053612us.jpg 0.323243 0.318618 0.620679 -0.639339 510.610388 -1213.136193 60.602947
slice22/query/img_07608_c0_1284563916120221us.jpg 0.323232 0.319847 0.620371 -0.639029 509.488916 -1212.967312 60.623669
slice22/query/img_07609_c0_1284563916186834us.jpg 0.323619 0.320881 0.619993 -0.638682 508.370937 -1212.796140 60.643297
slice22/query/img_07610_c0_1284563916320189us.jpg 0.324710 0.322957 0.619500 -0.637559 506.138227 -1212.448063 60.687019
slice22/query/img_07611_c0_1284563916386800us.jpg 0.325371 0.323655 0.619644 -0.636727 505.025352 -1212.268610 60.705513
slice22/query/img_07612_c0_1284563916453538us.jpg 0.325892 0.324320 0.619754 -0.636015 503.909457 -1212.087290 60.720065
slice22/query/img_07613_c0_1284563916586791us.jpg 0.326590 0.326244 0.619827 -0.634601 501.675793 -1211.713116 60.753158
slice22/query/img_07614_c0_1284563916653525us.jpg 0.326769 0.327278 0.619713 -0.634088 500.558880 -1211.523134 60.766769
slice22/query/img_07615_c0_1284563916720117us.jpg 0.326907 0.328183 0.619547 -0.633711 499.442045 -1211.332055 60.777790
slice22/query/img_07616_c0_1284563916786729us.jpg 0.327187 0.329193 0.618956 -0.633620 498.328596 -1211.135093 60.785358
slice22/query/img_07617_c0_1284563916920083us.jpg 0.327625 0.331072 0.618143 -0.633208 496.100308 -1210.742012 60.805246
slice22/query/img_07618_c0_1284563916986716us.jpg 0.327995 0.331865 0.617710 -0.633024 494.990130 -1210.542526 60.810459
slice22/query/img_07619_c0_1284563917053433us.jpg 0.328361 0.332842 0.617247 -0.632773 493.878897 -1210.344143 60.815163
slice22/query/img_07620_c0_1284563917120048us.jpg 0.328596 0.333793 0.617051 -0.632341 492.769899 -1210.139925 60.821833
slice22/query/img_07621_c0_1284563917253420us.jpg 0.328729 0.336003 0.617266 -0.630889 490.550375 -1209.731870 60.829923
slice22/query/img_07622_c0_1284563917320012us.jpg 0.328892 0.337139 0.617432 -0.630035 489.440761 -1209.528947 60.830714
slice22/query/img_07623_c0_1284563917386675us.jpg 0.329307 0.337911 0.617268 -0.629566 488.337975 -1209.318309 60.831961
