slice22/query/img_07559_c0_1285950324156155us.jpg 0.488322 0.485025 0.515954 -0.509984 730.175792 -1280.915952 57.785854
slice22/query/img_07560_c0_1285950324222767us.jpg 0.486496 0.484029 0.517895 -0.510708 729.451785 -1280.275622 57.783621
slice22/query/img_07561_c0_1285950324289503us.jpg 0.485138 0.482806 0.519765 -0.511258 728.723697 -1279.640488 57.781909
slice22/query/img_07562_c0_1285950324422752us.jpg 0.483665 0.478576 0.524135 -0.512167 727.270407 -1278.393342 57.772893
slice22/query/img_07563_c0_1285950324489469us.jpg 0.482856 0.476705 0.525586 -0.513188 726.539573 -1277.773941 57.768437
slice22/query/img_07564_c0_1285950324556082us.jpg 0.481976 0.474853 0.526574 -0.514718 725.803555 -1277.149890 57.766843
slice22/query/img_07565_c0_1285950324689435us.jpg 0.479051 0.472413 0.527443 -0.518788 724.323027 -1275.907450 57.773546
slice22/query/img_07566_c0_1285950324756047us.jpg 0.477306 0.471430 0.528082 -0.520637 723.573510 -1275.287858 57.779170
slice22/query/img_07567_c0_1285950324822660us.jpg 0.475675 0.470603 0.528725 -0.522222 722.814793 -1274.671413 57.781753
slice22/query/img_07568_c0_1285950324889399us.jpg 0.474463 0.469522 0.529710 -0.523299 722.052841 -1274.059637 57.785343
slice22/query/img_07569_c0_1285950325022647us.jpg 0.472978 0.467302 0.532836 -0.523457 720.511549 -1272.845902 57.782411
slice22/query/img_07570_c0_1285950325089363us.jpg 0.471931 0.466504 0.534979 -0.522928 719.734771 -1272.247699 57.778650
slice22/query/img_07571_c0_1285950325222614us.jpg 0.469520 0.464926 0.539192 -0.522175 718.168109 -1271.042145 57.770878
slice22/query/img_07572_c0_1285950325289329us.jpg 0.468557 0.463917 0.540516 -0.522569 717.379258 -1270.441048 57.768521
slice22/query/img_07573_c0_1285950325355941us.jpg 0.467737 0.462701 0.541509 -0.523351 716.585884 -1269.844677 57.765007
slice22/query/img_07574_c0_1285950325422554us.jpg 0.467167 0.461073 0.542079 -0.524707 715.795174 -1269.245427 57.761165
slice22/query/img_07575_c0_1285950325555923us.jpg 0.466315 0.457303 0.542226 -0.528597 714.209272 -1268.057741 57.756298
slice22/query/img_07576_c0_1285950325622520us.jpg 0.465316 0.455761 0.542267 -0.530763 713.409642 -1267.466259 57.759070
slice22/query/img_07577_c0_1285950325689257us.jpg 0.463610 0.454960 0.542390 -0.532813 712.605227 -1266.878206 57.766724
slice22/query/img_07578_c0_1285950325822485us.jpg 0.459397 0.453900 0.543848 -0.535872 710.975084 -1265.705793 57.784467
slice22/query/img_07579_c0_1285950325889222us.jpg 0.457617 0.452963 0.544964 -0.537052 710.151319 -1265.123512 57.784867
slice22/query/img_07580_c0_1285950326022448us.jpg 0.454947 0.449887 0.547564 -0.539257 708.489785 -1263.978365 57.782138
slice22/query/img_07581_c0_1285950326089187us.jpg 0.453689 0.448155 0.548552 -0.540753 707.654593 -1263.409343 57.779088
slice22/query/img_07582_c0_1285950326222414us.jpg 0.450577 0.444725 0.549899 -0.544804 705.976365 -1262.276065 57.777536
slice22/query/img_07583_c0_1285950326289152us.jpg 0.448756 0.443153 0.550313 -0.547165 705.129469 -1261.716406 57.779112
slice22/query/img_07584_c0_1285950326355765us.jpg 0.446661 0.441595 0.551144 -0.549298 704.280828 -1261.159343 57.784665
slice22/query/img_07585_c0_1285950326489122us.jpg 0.442907 0.438389 0.552898 -0.553129 702.559733 -1260.066373 57.789932
slice22/query/img_07586_c0_1285950326555730us.jpg 0.441373 0.436302 0.553994 -0.554906 701.695457 -1259.530581 57.790475
slice22/query/img_07587_c0_1285950326622344us.jpg 0.439892 0.434052 0.555514 -0.556326 700.826226 -1258.998097 57.790417
slice22/query/img_07588_c0_1285950326689083us.jpg 0.438103 0.431951 0.557326 -0.557559 699.950548 -1258.472336 57.790254
slice22/query/img_07589_c0_1285950326822331us.jpg 0.434465 0.427981 0.561315 -0.559462 698.195074 -1257.438138 57.793345
slice22/query/img_07590_c0_1285950326889046us.jpg 0.432988 0.425977 0.563435 -0.560005 697.299757 -1256.932783 57.792372
slice22/query/img_07591_c0_1285950326955660us.jpg 0.431565 0.424182 0.565477 -0.560409 696.401832 -1256.430856 57.793205
slice22/query/img_07592_c0_1285950327089014us.jpg 0.428645 0.420910 0.569270 -0.561275 694.598401 -1255.444413 57.794194
slice22/query/img_07593_c0_1285950327155626us.jpg 0.427143 0.419181 0.570960 -0.561997 693.693221 -1254.959786 57.795182
slice22/query/img_07594_c0_1285950327222239us.jpg 0.425432 0.417623 0.572161 -0.563232 692.785996 -1254.482021 57.797424
slice22/query/img_07595_c0_1285950327356003us.jpg 0.421472 0.414933 0.573519 -0.566805 690.962069 -1253.529964 57.795552
slice22/query/img_07596_c0_1285950327422226us.jpg 0.419123 0.413839 0.574002 -0.568853 690.044828 -1253.060812 57.799084
slice22/query/img_07597_c0_1285950327488943us.jpg 0.416979 0.412450 0.574536 -0.570895 689.128472 -1252.594777 57.803738
slice22/query/img_07598_c0_1285950327555558us.jpg 0.415161 0.410807 0.575274 -0.572660 688.207930 -1252.135026 57.807333
slice22/query/img_07599_c0_1285950327688910us.jpg 0.412071 0.406694 0.577675 -0.575404 686.360386 -1251.224037 57.805200
slice22/query/img_07600_c0_1285950327755520us.jpg 0.410633 0.404430 0.579264 -0.576429 685.428242 -1250.775499 57.801495
slice22/query/img_07601_c0_1285950327822135us.jpg 0.409052 0.402315 0.580852 -0.577433 684.491779 -1250.332752 57.799397
slice22/query/img_07602_c0_1285950327955487us.jpg 0.405725 0.398142 0.583434 -0.580065 682.592588 -1249.495482 57.809359
slice22/query/img_07603_c0_1285950328022096us.jpg 0.403821 0.396259 0.584351 -0.581757 681.638329 -1249.077442 57.817948
slice22/query/img_07604_c0_1285950328088834us.jpg 0.401919 0.394295 0.585196 -0.583556 680.682467 -1248.664395 57.825685
slice22/query/img_07605_c0_1285950328222088us.jpg 0.397548 0.391371 0.587068 -0.586631 678.759693 -1247.848186 57.839996
slice22/query/img_07606_c0_1285950328288804us.jpg 0.396053 0.389698 0.588100 -0.587720 677.795402 -1247.452634 57.845728
slice22/query/img_07607_c0_1285950328355414us.jpg 0.394830 0.387934 0.589333 -0.588475 676.826725 -1247.062111 57.851045
slice22/query/img_07608_c0_1285950328422026us.jpg 0.393628 0.386366 0.590418 -0.589224 675.853077 -1246.679991 57.856427
slice22/query/img_07609_c0_1285950328555403us.jpg 0.391271 0.382935 0.592647 -0.590794 673.891969 -1245.933108 57.863067
slice22/query/img_07610_c0_1285950328621993us.jpg 0.389721 0.381477 0.593545 -0.591859 672.917026 -1245.560710 57.872422
slice22/query/img_07611_c0_1285950328688732us.jpg 0.387839 0.380266 0.594337 -0.593078 671.942451 -1245.191814 57.883809
slice22/query/img_07612_c0_1285950328821983us.jpg 0.384148 0.377371 0.595648 -0.596007 669.980276 -1244.478733 57.895793
slice22/query/img_07613_c0_1285950328888719us.jpg 0.382356 0.375662 0.596496 -0.597390 668.994585 -1244.125850 57.902956
slice22/query/img_07614_c0_1285950328955310us.jpg 0.380738 0.373770 0.597339 -0.598765 668.000815 -1243.775293 57.909127
slice22/query/img_07615_c0_1285950329021924us.jpg 0.379558 0.371676 0.598150 -0.600008 667.010539 -1243.435999 57.911784
slice22/query/img_07616_c0_1285950329155299us.jpg 0.376915 0.367414 0.600774 -0.601675 665.031436 -1242.781986 57.922963
slice22/query/img_07617_c0_1285950329221888us.jpg 0.374692 0.366024 0.602202 -0.602483 664.036784 -1242.459290 57.935354
slice22/query/img_07618_c0_1285950329288626us.jpg 0.372457 0.364826 0.603031 -0.603765 663.036327 -1242.146902 57.949701
slice22/query/img_07619_c0_1285950329421854us.jpg 0.369402 0.361416 0.602363 -0.608342 661.000675 -1241.600976 57.899395
slice22/query/img_07620_c0_1285950329488610us.jpg 0.367353 0.359475 0.602363 -0.610727 660.003392 -1241.294106 57.910795
slice22/query/img_07621_c0_1285950329555205us.jpg 0.365135 0.357605 0.602442 -0.613073 658.999933 -1240.993504 57.922814
slice22/query/img_07622_c0_1285950329688557us.jpg 0.361378 0.354040 0.603726 -0.616097 656.980881 -1240.432145 57.945219
slice22/query/img_07623_c0_1285950329755168us.jpg 0.359579 0.352601 0.604934 -0.616791 655.967148 -1240.158439 57.955622
slice22/query/img_07624_c0_1285950329821783us.jpg 0.357604 0.350042 0.607930 -0.616450 654.956402 -1239.893824 57.964610
slice22/query/img_07625_c0_1285950329888522us.jpg 0.356443 0.347863 0.611198 -0.615123 653.941532 -1239.636510 57.971469
slice22/query/img_07626_c0_1285950330021771us.jpg 0.355036 0.345579 0.613951 -0.614483 651.898827 -1239.137430 57.978297
slice22/query/img_07627_c0_1285950330088486us.jpg 0.355040 0.343952 0.614470 -0.614874 650.873541 -1238.889048 57.983152
slice22/query/img_07628_c0_1285950330155099us.jpg 0.354585 0.342580 0.614408 -0.615963 649.843450 -1238.639527 57.991962
slice22/query/img_07629_c0_1285950330288451us.jpg 0.351390 0.341520 0.612994 -0.619781 647.767812 -1238.131610 58.009142
slice22/query/img_07630_c0_1285950330355063us.jpg 0.349452 0.341506 0.612125 -0.621740 646.731072 -1237.883134 58.025193
slice22/query/img_07631_c0_1285950330421677us.jpg 0.348054 0.341254 0.611470 -0.623305 645.692556 -1237.636389 58.040724
slice22/query/img_07632_c0_1285950330555054us.jpg 0.346797 0.340178 0.611245 -0.624813 643.607669 -1237.162792 58.057781
slice22/query/img_07633_c0_1285950330621663us.jpg 0.346741 0.338667 0.612325 -0.624607 642.561745 -1236.935053 58.063544
slice22/query/img_07634_c0_1285950330688380us.jpg 0.347271 0.336905 0.613615 -0.623998 641.519410 -1236.710515 58.070635
slice22/query/img_07635_c0_1285950330821613us.jpg 0.348564 0.334928 0.614383 -0.623586 639.446491 -1236.270334 58.093711
slice22/query/img_07636_c0_1285950330888346us.jpg 0.347248 0.335772 0.614656 -0.623597 638.401843 -1236.046005 58.111561
slice22/query/img_07637_c0_1285950330954959us.jpg 0.344903 0.337340 0.615069 -0.623646 637.359091 -1235.825143 58.133108
slice22/query/img_07638_c0_1285950331088309us.jpg 0.342158 0.338503 0.615574 -0.624029 635.258699 -1235.375461 58.167661
slice22/query/img_07639_c0_1285950331154922us.jpg 0.342397 0.337853 0.615093 -0.624724 634.204990 -1235.154414 58.173420
slice22/query/img_07640_c0_1285950331221536us.jpg 0.343653 0.336703 0.614468 -0.625270 633.146065 -1234.936466 58.175238
slice22/query/img_07641_c0_1285950331354889us.jpg 0.346460 0.334412 0.614031 -0.625381 631.033206 -1234.505312 58.187992
slice22/query/img_07642_c0_1285950331421501us.jpg 0.346903 0.333545 0.614451 -0.625185 629.978481 -1234.282805 58.201429
slice22/query/img_07643_c0_1285950331488239us.jpg 0.346593 0.333627 0.614389 -0.625374 628.918962 -1234.060035 58.222000
slice22/query/img_07644_c0_1285950331621489us.jpg 0.345224 0.335114 0.612459 -0.627226 626.807586 -1233.620214 58.255970
slice22/query/img_07645_c0_1285950331688225us.jpg 0.344108 0.335938 0.611776 -0.628065 625.747200 -1233.395777 58.274346
slice22/query/img_07646_c0_1285950331754818us.jpg 0.342971 0.337164 0.611449 -0.628348 624.685616 -1233.169706 58.297382
slice22/query/img_07647_c0_1285950331821432us.jpg 0.342448 0.338001 0.611209 -0.628417 623.618259 -1232.945693 58.311938
slice22/query/img_07648_c0_1285950331954783us.jpg 0.343418 0.337646 0.611690 -0.627611 621.498338 -1232.490451 58.331701
slice22/query/img_07649_c0_1285950332021397us.jpg 0.344030 0.336987 0.612106 -0.627223 620.438852 -1232.260550 58.338002
slice22/query/img_07650_c0_1285950332088136us.jpg 0.344625 0.336488 0.612208 -0.627065 619.375954 -1232.034141 58.347414
slice22/query/img_07651_c0_1285950332154747us.jpg 0.345192 0.336160 0.612121 -0.627014 618.319084 -1231.812629 58.362777
slice22/query/img_07652_c0_1285950332288100us.jpg 0.344914 0.336708 0.611223 -0.627749 616.196044 -1231.345821 58.403883
slice22/query/img_07653_c0_1285950332354713us.jpg 0.344925 0.337110 0.610355 -0.628371 615.128517 -1231.116200 58.422648
slice22/query/img_07654_c0_1285950332421328us.jpg 0.344723 0.337592 0.609588 -0.628968 614.056691 -1230.891367 58.443111
slice22/query/img_07655_c0_1285950332554701us.jpg 0.343611 0.338475 0.609135 -0.629540 611.928489 -1230.435020 58.451743
slice22/query/img_07656_c0_1285950332621295us.jpg 0.343006 0.338787 0.608741 -0.630084 610.859645 -1230.202061 58.473504
slice22/query/img_07657_c0_1285950332688031us.jpg 0.342576 0.338962 0.607995 -0.630942 609.788359 -1229.967878 58.492381
slice22/query/img_07658_c0_1285950332754643us.jpg 0.342340 0.338466 0.607238 -0.632065 608.716028 -1229.728429 58.502850
slice22/query/img_07659_c0_1285950332888013us.jpg 0.342185 0.335558 0.607263 -0.633673 606.571899 -1229.252027 58.517013
slice22/query/img_07660_c0_1285950332954605us.jpg 0.341528 0.334825 0.607569 -0.634122 605.501744 -1229.021152 58.533295
slice22/query/img_07661_c0_1285950333088025us.jpg 0.340722 0.333146 0.608095 -0.634935 603.347056 -1228.568440 58.574720
slice22/query/img_07662_c0_1285950333154570us.jpg 0.340374 0.332412 0.608643 -0.634981 602.269435 -1228.348089 58.597888
slice22/query/img_07663_c0_1285950333221183us.jpg 0.338960 0.332652 0.609121 -0.635154 601.186805 -1228.125554 58.624374
slice22/query/img_07664_c0_1285950333287923us.jpg 0.337375 0.332866 0.609360 -0.635656 600.103872 -1227.906828 58.649623
slice22/query/img_07665_c0_1285950333421165us.jpg 0.336941 0.329974 0.609418 -0.637337 597.942034 -1227.471899 58.681948
slice22/query/img_07666_c0_1285950333487889us.jpg 0.337108 0.329104 0.609033 -0.638065 596.854821 -1227.258718 58.703294
slice22/query/img_07667_c0_1285950333554500us.jpg 0.337436 0.328929 0.608226 -0.638751 595.765602 -1227.049492 58.726147
slice22/query/img_07668_c0_1285950333687855us.jpg 0.337367 0.329115 0.608388 -0.638537 593.586283 -1226.632169 58.775468
slice22/query/img_07669_c0_1285950333754486us.jpg 0.337305 0.328865 0.608910 -0.638202 592.493207 -1226.417901 58.798194
slice22/query/img_07670_c0_1285950333821081us.jpg 0.337211 0.328823 0.609214 -0.637983 591.403678 -1226.202269 58.823695
slice22/query/img_07671_c0_1285950333887820us.jpg 0.336911 0.329639 0.608901 -0.638019 590.312580 -1225.989003 58.851722
slice22/query/img_07672_c0_1285950334021045us.jpg 0.337091 0.330401 0.608391 -0.638017 588.129762 -1225.563470 58.893041
slice22/query/img_07673_c0_1285950334087784us.jpg 0.337170 0.330683 0.609058 -0.637192 587.033851 -1225.354654 58.913470
slice22/query/img_07674_c0_1285950334154397us.jpg 0.337328 0.331498 0.609069 -0.636674 585.937639 -1225.141271 58.936439
slice22/query/img_07675_c0_1285950334287749us.jpg 0.336077 0.333428 0.609284 -0.636122 583.749645 -1224.701676 58.980355
slice22/query/img_07676_c0_1285950334354362us.jpg 0.335957 0.333345 0.608666 -0.636820 582.656851 -1224.480083 58.992408
slice22/query/img_07677_c0_1285950334420975us.jpg 0.336119 0.332753 0.607933 -0.637743 581.566908 -1224.258403 59.008444
slice22/query/img_07678_c0_1285950334487712us.jpg 0.336809 0.331741 0.607059 -0.638738 580.478015 -1224.038591 59.026295
slice22/query/img_07679_c0_1285950334620942us.jpg 0.336380 0.331111 0.606131 -0.640171 578.298962 -1223.611197 59.077223
slice22/query/img_07680_c0_1285950334687678us.jpg 0.335974 0.331130 0.606682 -0.639853 577.210681 -1223.396874 59.103897
slice22/query/img_07681_c0_1285950334754292us.jpg 0.336472 0.330029 0.607807 -0.639092 576.122817 -1223.189182 59.125510
slice22/query/img_07682_c0_1285950334887643us.jpg 0.336005 0.331486 0.609797 -0.636684 573.932268 -1222.777115 59.179595
slice22/query/img_07683_c0_1285950334954275us.jpg 0.335282 0.332532 0.609769 -0.636546 572.835226 -1222.570249 59.206792
slice22/query/img_07684_c0_1285950335020873us.jpg 0.334510 0.332088 0.610474 -0.636507 571.743590 -1222.359888 59.229394
slice22/query/img_07685_c0_1285950335087608us.jpg 0.335251 0.331476 0.611151 -0.635786 570.654550 -1222.152838 59.248175
slice22/query/img_07686_c0_1285950335220840us.jpg 0.334548 0.332968 0.608104 -0.638295 568.483458 -1221.734785 59.305452
slice22/query/img_07687_c0_1285950335354184us.jpg 0.334123 0.331585 0.605417 -0.641781 566.327994 -1221.305605 59.353452
slice22/query/img_07688_c0_1285950335420797us.jpg 0.334031 0.331363 0.604630 -0.642685 565.243333 -1221.092376 59.377415
slice22/query/img_07689_c0_1285950335487538us.jpg 0.334380 0.330173 0.605137 -0.642639 564.163023 -1220.884587 59.400741
slice22/query/img_07690_c0_1285950335620767us.jpg 0.335922 0.329603 0.609366 -0.638115 561.991450 -1220.479720 59.438968
slice22/query/img_07691_c0_1285950335687503us.jpg 0.335458 0.331295 0.611316 -0.635612 560.897389 -1220.282241 59.461373
slice22/query/img_07692_c0_1285950335754122us.jpg 0.335503 0.332000 0.612927 -0.633667 559.807385 -1220.082315 59.483140
slice22/query/img_07693_c0_1285950335887468us.jpg 0.335931 0.331089 0.613466 -0.633396 557.652742 -1219.676372 59.527431
slice22/query/img_07694_c0_1285950335954080us.jpg 0.335800 0.331199 0.611512 -0.635293 556.575186 -1219.458575 59.550997
slice22/query/img_07695_c0_1285950336020695us.jpg 0.335546 0.331176 0.608960 -0.637886 555.497224 -1219.236490 59.574830
slice22/query/img_07696_c0_1285950336087433us.jpg 0.335594 0.330916 0.606868 -0.639986 554.419706 -1219.018403 59.598169
slice22/query/img_07697_c0_1285950336220657us.jpg 0.335513 0.331326 0.606060 -0.640582 552.261877 -1218.594902 59.649705
slice22/query/img_07698_c0_1285950336287398us.jpg 0.335621 0.331804 0.606935 -0.639449 551.178846 -1218.387959 59.677019
slice22/query/img_07699_c0_1285950336354012us.jpg 0.335851 0.332435 0.608086 -0.637905 550.098200 -1218.184894 59.704439
slice22/query/img_07700_c0_1285950336487361us.jpg 0.336341 0.332889 0.609622 -0.635941 547.938903 -1217.768650 59.752863
slice22/query/img_07701_c0_1285950336553975us.jpg 0.336630 0.332722 0.609495 -0.635997 546.863807 -1217.552996 59.773796
slice22/query/img_07702_c0_1285950336620589us.jpg 0.336982 0.332276 0.608734 -0.636772 545.790867 -1217.336245 59.795468
slice22/query/img_07703_c0_1285950336753962us.jpg 0.337164 0.331625 0.607053 -0.638617 543.650286 -1216.903182 59.839441
slice22/query/img_07704_c0_1285950336820553us.jpg 0.336857 0.331755 0.606573 -0.639167 542.578725 -1216.689093 59.863600
slice22/query/img_07705_c0_1285950336887292us.jpg 0.336298 0.332157 0.606460 -0.639360 541.507161 -1216.478023 59.890311
slice22/query/img_07706_c0_1285950337020520us.jpg 0.334849 0.333298 0.607115 -0.638905 539.361625 -1216.056802 59.943477
slice22/query/img_07707_c0_1285950337087256us.jpg 0.334550 0.333138 0.607712 -0.638577 538.295504 -1215.849360 59.964186
slice22/query/img_07708_c0_1285950337153871us.jpg 0.334664 0.332434 0.608198 -0.638422 537.227393 -1215.641938 59.982960
slice22/query/img_07709_c0_1285950337220484us.jpg 0.334932 0.331622 0.608378 -0.638532 536.159686 -1215.430879 60.000296
slice22/query/img_07710_c0_1285950337353836us.jpg 0.335304 0.330816 0.608337 -0.638794 534.017420 -1215.017064 60.039068
slice22/query/img_07711_c0_1285950337420450us.jpg 0.335003 0.330807 0.608555 -0.638749 532.951262 -1214.813587 60.061740
slice22/query/img_07712_c0_1285950337487186us.jpg 0.334476 0.330870 0.608955 -0.638612 531.879264 -1214.608661 60.085115
slice22/query/img_07713_c0_1285950337620414us.jpg 0.333994 0.330758 0.609890 -0.638029 529.735548 -1214.209510 60.123368
slice22/query/img_07714_c0_1285950337687155us.jpg 0.334006 0.330825 0.610202 -0.637690 528.668296 -1214.009242 60.141988
slice22/query/img_07715_c0_1285950337753766us.jpg 0.333972 0.330921 0.610682 -0.637198 527.599137 -1213.809577 60.162982
slice22/query/img_07716_c0_1285950337887277us.jpg 0.334305 0.330815 0.611258 -0.636526 525.464143 -1213.408374 60.204636
slice22/query/img_07717_c0_1285950337953730us.jpg 0.334563 0.330272 0.611441 -0.636496 524.395787 -1213.206062 60.223929
slice22/query/img_07718_c0_1285950338020340us.jpg 0.334653 0.330040 0.611424 -0.636586 523.333229 -1213.005715 60.243530
slice22/query/img_07719_c0_1285950338153715us.jpg 0.334511 0.330221 0.610929 -0.637041 521.205796 -1212.604851 60.286110
slice22/query/img_07720_c0_1285950338220306us.jpg 0.334295 0.330574 0.610846 -0.637052 520.140860 -1212.406003 60.307307
slice22/query/img_07721_c0_1285950338287044us.jpg 0.333920 0.330902 0.611131 -0.636805 519.077135 -1212.205633 60.329897
slice22/query/img_07722_c0_1285950338420294us.jpg 0.333628 0.330895 0.611310 -0.636789 516.956740 -1211.794920 60.367355
slice22/query/img_07723_c0_1285950338487012us.jpg 0.333570 0.330863 0.611494 -0.636660 515.898704 -1211.595447 60.389589
slice22/query/img_07724_c0_1285950338553625us.jpg 0.333159 0.331106 0.611578 -0.636668 514.838357 -1211.391346 60.406855
slice22/query/img_07725_c0_1285950338620238us.jpg 0.332836 0.331305 0.611477 -0.636830 513.776183 -1211.185657 60.425580
slice22/query/img_07726_c0_1285950338753614us.jpg 0.332218 0.331981 0.611094 -0.637169 511.647088 -1210.784025 60.459748
slice22/query/img_07727_c0_1285950338820202us.jpg 0.332126 0.331908 0.611074 -0.637274 510.584300 -1210.584482 60.474062
slice22/query/img_07728_c0_1285950338886941us.jpg 0.332032 0.331679 0.611233 -0.637289 509.521853 -1210.384752 60.486932
slice22/query/img_07729_c0_1285950338953555us.jpg 0.331963 0.331820 0.611314 -0.637175 508.460711 -1210.186633 60.500504
slice22/query/img_07730_c0_1285950339086908us.jpg 0.331967 0.332486 0.611277 -0.636860 506.339100 -1209.794646 60.527536
slice22/query/img_07731_c0_1285950339153519us.jpg 0.332139 0.332567 0.611351 -0.636658 505.279327 -1209.596672 60.538984
slice22/query/img_07732_c0_1285950339220132us.jpg 0.332212 0.332483 0.611609 -0.636415 504.221320 -1209.398720 60.549666
slice22/query/img_07733_c0_1285950339286872us.jpg 0.332022 0.332600 0.611749 -0.636319 503.163808 -1209.197416 60.562757
slice22/query/img_07734_c0_1285950339420102us.jpg 0.331174 0.333745 0.611647 -0.636259 501.048283 -1208.789249 60.591290
slice22/query/img_07735_c0_1285950339486837us.jpg 0.330867 0.334277 0.611645 -0.636141 499.987025 -1208.590149 60.601123
slice22/query/img_07736_c0_1285950339553449us.jpg 0.330578 0.334698 0.611915 -0.635811 498.927246 -1208.389462 60.607372
slice22/query/img_07737_c0_1285950339620063us.jpg 0.330594 0.334830 0.612401 -0.635265 497.867871 -1208.190243 60.612899
slice22/query/img_07738_c0_1285950339753441us.jpg 0.330720 0.335106 0.612928 -0.634545 495.745265 -1207.779398 60.630166
slice22/query/img_07739_c0_1285950339820027us.jpg 0.330893 0.335275 0.612790 -0.634499 494.679578 -1207.576820 60.632923
slice22/query/img_07740_c0_1285950339886766us.jpg 0.330586 0.335809 0.612825 -0.634342 493.615743 -1207.374785 60.639267
slice22/query/img_07741_c0_1285950339953380us.jpg 0.329605 0.337129 0.612768 -0.634208 492.549985 -1207.167517 60.648584
slice22/query/img_07742_c0_1285950340086732us.jpg 0.327970 0.338908 0.611554 -0.635278 490.426755 -1206.743712 60.648772
slice22/query/img_07743_c0_1285950340153343us.jpg 0.327687 0.339219 0.611017 -0.635775 489.369369 -1206.537902 60.649723
slice22/query/img_07744_c0_1285950340219957us.jpg 0.327384 0.339268 0.610825 -0.636089 488.313456 -1206.329723 60.651686
