slice22/query/img_05819_c0_1287504333744065us.jpg 0.492261 0.487474 0.513372 -0.506456 730.963863 -1281.445111 57.797728
slice22/query/img_05820_c0_1287504333877443us.jpg 0.488852 0.485397 0.517259 -0.507796 729.561443 -1280.171656 57.793759
slice22/query/img_05821_c0_1287504333944030us.jpg 0.487535 0.484352 0.519122 -0.508159 728.852239 -1279.543365 57.793164
slice22/query/img_05822_c0_1287504334010765us.jpg 0.486699 0.482750 0.521209 -0.508348 728.139316 -1278.921438 57.786783
slice22/query/img_05823_c0_1287504334144012us.jpg 0.484902 0.479623 0.524897 -0.509230 726.719820 -1277.693304 57.782039
slice22/query/img_05824_c0_1287504334210731us.jpg 0.484074 0.478182 0.525777 -0.510464 725.999283 -1277.081063 57.781231
slice22/query/img_05825_c0_1287504334343956us.jpg 0.481649 0.475693 0.526215 -0.514615 724.550797 -1275.852804 57.789078
slice22/query/img_05826_c0_1287504334410696us.jpg 0.480215 0.474461 0.526421 -0.516876 723.819638 -1275.242041 57.793968
slice22/query/img_05827_c0_1287504334543944us.jpg 0.477269 0.472141 0.527404 -0.520712 722.338305 -1274.027441 57.807421
slice22/query/img_05828_c0_1287504334610659us.jpg 0.476306 0.470709 0.528408 -0.521871 721.587865 -1273.424288 57.806838
slice22/query/img_05829_c0_1287504334743887us.jpg 0.473931 0.468090 0.532353 -0.522381 720.058030 -1272.221468 57.807529
slice22/query/img_05830_c0_1287504334810623us.jpg 0.472408 0.466987 0.534983 -0.522061 719.278558 -1271.622289 57.807024
slice22/query/img_05831_c0_1287504335010616us.jpg 0.467522 0.463615 0.539389 -0.524922 716.914191 -1269.849328 57.786917
slice22/query/img_05832_c0_1287504335210550us.jpg 0.464944 0.458048 0.540494 -0.530928 714.579253 -1268.099993 57.749053
slice22/query/img_05833_c0_1287504335277162us.jpg 0.463919 0.456269 0.540404 -0.533443 713.793582 -1267.518821 57.751706
slice22/query/img_05834_c0_1287504335410518us.jpg 0.460089 0.454269 0.541227 -0.537617 712.202473 -1266.359220 57.768831
slice22/query/img_05835_c0_1287504335477128us.jpg 0.457780 0.453553 0.542013 -0.539397 711.397760 -1265.782789 57.773845
slice22/query/img_05836_c0_1287504335677095us.jpg 0.453421 0.450077 0.545389 -0.542579 708.952881 -1264.088899 57.778886
slice22/query/img_05837_c0_1287504335810450us.jpg 0.450994 0.446761 0.548139 -0.544567 707.298892 -1262.974461 57.776398
slice22/query/img_05838_c0_1287504335877054us.jpg 0.449699 0.445005 0.549123 -0.546082 706.464568 -1262.418047 57.777406
slice22/query/img_05839_c0_1287504336010404us.jpg 0.446403 0.442138 0.549938 -0.550279 704.792340 -1261.308400 57.778096
slice22/query/img_05840_c0_1287504336143638us.jpg 0.442751 0.439617 0.551348 -0.553827 703.096178 -1260.217733 57.783026
slice22/query/img_05841_c0_1287504336210371us.jpg 0.441422 0.437898 0.552217 -0.555381 702.240859 -1259.681482 57.785611
slice22/query/img_05842_c0_1287504336343594us.jpg 0.438979 0.433743 0.555013 -0.557786 700.511378 -1258.624265 57.780750
slice22/query/img_05843_c0_1287504336410334us.jpg 0.437357 0.431782 0.557018 -0.558583 699.638929 -1258.105865 57.780269
slice22/query/img_05844_c0_1287504336543572us.jpg 0.434055 0.427927 0.560690 -0.560447 697.882050 -1257.073786 57.783120
slice22/query/img_05845_c0_1287504336676911us.jpg 0.430777 0.424248 0.564247 -0.562202 696.094502 -1256.060922 57.781322
slice22/query/img_05846_c0_1287504336743523us.jpg 0.429080 0.422284 0.566105 -0.563109 695.195753 -1255.562308 57.783068
slice22/query/img_05847_c0_1287504336876874us.jpg 0.425395 0.418185 0.569234 -0.565803 693.388629 -1254.574262 57.787460
slice22/query/img_05848_c0_1287504337010243us.jpg 0.421055 0.414560 0.570573 -0.570351 691.582325 -1253.605316 57.797049
slice22/query/img_05849_c0_1287504337076839us.jpg 0.418371 0.412982 0.571345 -0.572692 690.662295 -1253.131169 57.803610
slice22/query/img_05850_c0_1287504337210211us.jpg 0.413327 0.409730 0.573238 -0.576785 688.804737 -1252.189674 57.811659
slice22/query/img_05851_c0_1287504337276801us.jpg 0.411274 0.407793 0.574672 -0.578196 687.870254 -1251.736141 57.813218
slice22/query/img_05852_c0_1287504337410155us.jpg 0.407937 0.403069 0.578376 -0.580176 685.972097 -1250.836589 57.800432
slice22/query/img_05853_c0_1287504337476764us.jpg 0.406374 0.400516 0.580361 -0.581057 685.016630 -1250.401220 57.797119
slice22/query/img_05854_c0_1287504337610119us.jpg 0.402886 0.395963 0.583380 -0.583579 683.095654 -1249.542645 57.792978
slice22/query/img_05855_c0_1287504337676728us.jpg 0.401007 0.393875 0.584303 -0.585359 682.130664 -1249.118931 57.796794
slice22/query/img_05856_c0_1287504337743342us.jpg 0.399214 0.391885 0.584988 -0.587234 681.162544 -1248.698865 57.804203
slice22/query/img_05857_c0_1287504337876692us.jpg 0.394882 0.389019 0.586775 -0.590278 679.210123 -1247.882414 57.819465
slice22/query/img_05858_c0_1287504337943308us.jpg 0.393096 0.387414 0.587940 -0.591365 678.225391 -1247.490713 57.827414
slice22/query/img_05859_c0_1287504338076681us.jpg 0.390399 0.383534 0.590599 -0.593029 676.250332 -1246.720742 57.834501
slice22/query/img_05860_c0_1287504338143270us.jpg 0.389023 0.381659 0.591964 -0.593782 675.257674 -1246.344207 57.837669
slice22/query/img_05861_c0_1287504338210010us.jpg 0.387695 0.379651 0.593093 -0.594810 674.263768 -1245.970505 57.847084
slice22/query/img_05862_c0_1287504338343235us.jpg 0.384130 0.376610 0.594487 -0.597657 672.272037 -1245.233289 57.867426
slice22/query/img_05863_c0_1287504338409972us.jpg 0.382043 0.375112 0.595153 -0.599272 671.270326 -1244.872137 57.877955
slice22/query/img_05864_c0_1287504338543200us.jpg 0.378334 0.371935 0.596550 -0.602210 669.252532 -1244.166146 57.892897
slice22/query/img_05865_c0_1287504338609938us.jpg 0.376849 0.370155 0.597506 -0.603288 668.239480 -1243.826781 57.899225
slice22/query/img_05866_c0_1287504338676548us.jpg 0.375700 0.368243 0.598532 -0.604157 667.229792 -1243.495747 57.905636
slice22/query/img_05867_c0_1287504338809899us.jpg 0.373569 0.364329 0.601066 -0.605335 665.165593 -1242.850945 57.917941
slice22/query/img_05868_c0_1287504338876513us.jpg 0.371863 0.363173 0.602321 -0.605833 664.135369 -1242.534755 57.925972
slice22/query/img_05869_c0_1287504339009886us.jpg 0.368419 0.361589 0.603050 -0.608154 662.067184 -1241.910516 57.943925
slice22/query/img_05870_c0_1287504339076477us.jpg 0.366918 0.360422 0.602874 -0.609926 661.029579 -1241.597415 57.947994
slice22/query/img_05871_c0_1287504339209845us.jpg 0.363883 0.357892 0.602652 -0.613444 658.939573 -1240.979494 57.958966
slice22/query/img_05872_c0_1287504339276440us.jpg 0.362427 0.356769 0.602651 -0.614958 657.893697 -1240.685254 57.967508
slice22/query/img_05873_c0_1287504339409812us.jpg 0.359803 0.354615 0.603624 -0.616789 655.787638 -1240.108579 57.977661
slice22/query/img_05874_c0_1287504339476405us.jpg 0.358506 0.352559 0.605783 -0.616606 654.729465 -1239.830461 57.981328
slice22/query/img_05875_c0_1287504339609780us.jpg 0.356804 0.350194 0.608828 -0.615941 652.604882 -1239.278688 57.987885
slice22/query/img_05876_c0_1287504339676400us.jpg 0.355875 0.348593 0.609713 -0.616511 651.542350 -1239.008076 57.991580
slice22/query/img_05877_c0_1287504339809721us.jpg 0.353576 0.345392 0.609306 -0.620028 649.402856 -1238.455793 57.992051
slice22/query/img_05878_c0_1287504339876333us.jpg 0.351548 0.344636 0.608124 -0.622756 648.323803 -1238.180875 57.995453
slice22/query/img_05879_c0_1287504340009684us.jpg 0.348169 0.342766 0.606947 -0.626822 646.172227 -1237.663816 57.993349
slice22/query/img_05880_c0_1287504340076297us.jpg 0.346729 0.342072 0.607070 -0.627878 645.077231 -1237.413163 58.011939
slice22/query/img_05881_c0_1287504340209645us.jpg 0.345197 0.339260 0.608688 -0.628682 642.888680 -1236.923787 58.028247
slice22/query/img_05882_c0_1287504340276259us.jpg 0.345198 0.337181 0.610285 -0.628251 641.797830 -1236.687864 58.040070
slice22/query/img_05883_c0_1287504340409613us.jpg 0.345967 0.333944 0.611882 -0.628004 639.586077 -1236.215748 58.064311
slice22/query/img_05884_c0_1287504340542833us.jpg 0.342687 0.335444 0.613200 -0.627718 637.375095 -1235.757064 58.092920
slice22/query/img_05885_c0_1287504340677142us.jpg 0.339785 0.336195 0.614342 -0.627776 635.143985 -1235.298636 58.126227
slice22/query/img_05886_c0_1287504340742820us.jpg 0.339922 0.335470 0.614322 -0.628109 634.029220 -1235.075267 58.139111
slice22/query/img_05887_c0_1287504340876148us.jpg 0.342517 0.332738 0.613447 -0.629008 631.804011 -1234.630036 58.157614
slice22/query/img_05888_c0_1287504340942763us.jpg 0.343223 0.331559 0.613599 -0.629097 630.681497 -1234.405076 58.171177
slice22/query/img_05889_c0_1287504341142730us.jpg 0.342810 0.331324 0.612851 -0.630174 627.307243 -1233.747883 58.225278
slice22/query/img_05890_c0_1287504341276112us.jpg 0.340518 0.333072 0.612176 -0.631150 625.064728 -1233.288431 58.276248
slice22/query/img_05891_c0_1287504341342692us.jpg 0.339273 0.334203 0.612078 -0.631319 623.934635 -1233.058250 58.302421
slice22/query/img_05892_c0_1287504341476044us.jpg 0.339233 0.334474 0.612318 -0.630964 621.677734 -1232.604574 58.332738
slice22/query/img_05893_c0_1287504341542658us.jpg 0.339918 0.333745 0.612880 -0.630435 620.538311 -1232.374857 58.342592
slice22/query/img_05894_c0_1287504341609394us.jpg 0.340581 0.333032 0.613160 -0.630182 619.402234 -1232.145090 58.355107
slice22/query/img_05895_c0_1287504341742640us.jpg 0.341286 0.332290 0.613529 -0.629832 617.119230 -1231.684631 58.385320
slice22/query/img_05896_c0_1287504341809360us.jpg 0.341332 0.332534 0.613153 -0.630045 615.979112 -1231.455723 58.405123
slice22/query/img_05897_c0_1287504341942584us.jpg 0.340841 0.333304 0.611589 -0.631423 613.684628 -1230.986409 58.445139
slice22/query/img_05898_c0_1287504342009321us.jpg 0.339920 0.334042 0.611240 -0.631867 612.537181 -1230.746771 58.465749
slice22/query/img_05899_c0_1287504342142570us.jpg 0.338915 0.335120 0.610189 -0.632851 610.233709 -1230.272462 58.501113
slice22/query/img_05900_c0_1287504342209317us.jpg 0.338877 0.335305 0.609707 -0.633238 609.082310 -1230.031501 58.519737
slice22/query/img_05901_c0_1287504342342511us.jpg 0.340023 0.333743 0.609863 -0.633298 606.775358 -1229.550949 58.544791
slice22/query/img_05902_c0_1287504342475860us.jpg 0.340405 0.333470 0.610461 -0.632661 604.462823 -1229.063445 58.576001
slice22/query/img_05903_c0_1287504342609560us.jpg 0.341208 0.332901 0.610685 -0.632312 602.151674 -1228.587114 58.614814
slice22/query/img_05904_c0_1287504342675848us.jpg 0.340535 0.333683 0.610604 -0.632341 600.990743 -1228.350719 58.640368
slice22/query/img_05905_c0_1287504342742437us.jpg 0.339716 0.334338 0.610352 -0.632678 599.835691 -1228.112719 58.667041
slice22/query/img_05906_c0_1287504342875809us.jpg 0.339764 0.332694 0.609185 -0.634641 597.523777 -1227.625372 58.707702
slice22/query/img_05907_c0_1287504342942401us.jpg 0.339669 0.331968 0.608316 -0.635904 596.369993 -1227.384718 58.732797
slice22/query/img_05908_c0_1287504343075752us.jpg 0.339261 0.331546 0.606642 -0.637938 594.058199 -1226.914079 58.777428
slice22/query/img_05909_c0_1287504343142366us.jpg 0.338486 0.331181 0.606693 -0.638490 592.903398 -1226.675919 58.801663
slice22/query/img_05910_c0_1287504343275718us.jpg 0.336643 0.331841 0.607665 -0.638198 590.615417 -1226.210762 58.861717
slice22/query/img_05911_c0_1287504343342329us.jpg 0.335922 0.332434 0.608072 -0.637882 589.461518 -1225.983450 58.889681
slice22/query/img_05912_c0_1287504343475680us.jpg 0.335470 0.331999 0.610453 -0.636069 587.147429 -1225.529079 58.930185
slice22/query/img_05913_c0_1287504343542294us.jpg 0.335520 0.332371 0.610996 -0.635327 585.997144 -1225.308082 58.958222
slice22/query/img_05914_c0_1287504343675668us.jpg 0.334018 0.334155 0.610866 -0.635307 583.694176 -1224.861125 59.011328
slice22/query/img_05915_c0_1287504343742279us.jpg 0.333950 0.333841 0.610310 -0.636041 582.554063 -1224.635214 59.031365
slice22/query/img_05916_c0_1287504343808997us.jpg 0.334290 0.333131 0.609563 -0.636951 581.416327 -1224.408530 59.049625
slice22/query/img_05917_c0_1287504343942227us.jpg 0.336301 0.332437 0.607216 -0.638495 579.147609 -1223.968160 59.095634
slice22/query/img_05918_c0_1287504344008959us.jpg 0.336010 0.332060 0.607401 -0.638669 578.016593 -1223.747870 59.123475
slice22/query/img_05919_c0_1287504344142212us.jpg 0.336419 0.330966 0.609125 -0.637378 575.757011 -1223.305810 59.175123
slice22/query/img_05920_c0_1287504344208946us.jpg 0.335554 0.331066 0.609581 -0.637346 574.634820 -1223.087358 59.207243
slice22/query/img_05921_c0_1287504344275538us.jpg 0.334714 0.332135 0.609882 -0.636943 573.504266 -1222.867147 59.238465
slice22/query/img_05922_c0_1287504344408887us.jpg 0.333986 0.332465 0.609511 -0.637508 571.253497 -1222.434606 59.289772
slice22/query/img_05923_c0_1287504344542137us.jpg 0.333441 0.333388 0.607233 -0.639482 569.012986 -1221.991062 59.337225
slice22/query/img_05924_c0_1287504344608852us.jpg 0.333393 0.332524 0.606321 -0.640821 567.899052 -1221.770995 59.358416
slice22/query/img_05925_c0_1287504344742079us.jpg 0.333601 0.331311 0.605676 -0.641950 565.666432 -1221.332555 59.399342
slice22/query/img_05926_c0_1287504344808836us.jpg 0.333739 0.331185 0.605973 -0.641663 564.548953 -1221.120100 59.421522
slice22/query/img_05927_c0_1287504344875429us.jpg 0.334468 0.329990 0.607487 -0.640466 563.435339 -1220.913514 59.444561
slice22/query/img_05928_c0_1287504345008780us.jpg 0.335147 0.331031 0.611300 -0.635930 561.189926 -1220.502415 59.492672
slice22/query/img_05929_c0_1287504345142023us.jpg 0.335584 0.332219 0.613104 -0.633339 558.954269 -1220.091111 59.543258
slice22/query/img_05930_c0_1287504345208745us.jpg 0.336094 0.332011 0.613027 -0.633252 557.840806 -1219.873559 59.560939
slice22/query/img_05931_c0_1287504345341971us.jpg 0.336440 0.332366 0.609427 -0.636349 555.622320 -1219.418853 59.602109
slice22/query/img_05932_c0_1287504345475340us.jpg 0.336412 0.332273 0.606193 -0.639493 553.406356 -1218.956644 59.654758
slice22/query/img_05933_c0_1287504345541933us.jpg 0.335989 0.332564 0.605658 -0.640071 552.300737 -1218.735469 59.682803
slice22/query/img_05934_c0_1287504345675306us.jpg 0.335327 0.333453 0.606215 -0.639428 550.070558 -1218.293491 59.737807
slice22/query/img_05935_c0_1287504345741916us.jpg 0.335149 0.333666 0.606852 -0.638806 548.958153 -1218.073808 59.761107
slice22/query/img_05936_c0_1287504345808636us.jpg 0.335151 0.333529 0.607635 -0.638131 547.845694 -1217.854477 59.784003
slice22/query/img_05937_c0_1287504345941881us.jpg 0.335781 0.332306 0.607780 -0.638300 545.624362 -1217.416861 59.818486
slice22/query/img_05938_c0_1287504346008599us.jpg 0.336172 0.331550 0.607590 -0.638668 544.517704 -1217.199640 59.839556
slice22/query/img_05939_c0_1287504346141848us.jpg 0.335900 0.331343 0.607227 -0.639264 542.294039 -1216.765246 59.890971
slice22/query/img_05940_c0_1287504346208564us.jpg 0.335552 0.331951 0.607089 -0.639263 541.183663 -1216.550268 59.918899
slice22/query/img_05941_c0_1287504346275176us.jpg 0.334954 0.332558 0.607092 -0.639257 540.076105 -1216.333909 59.945552
slice22/query/img_05942_c0_1287504346408548us.jpg 0.334054 0.332651 0.607936 -0.638878 537.858931 -1215.899767 59.995851
slice22/query/img_05943_c0_1287504346475140us.jpg 0.334207 0.331997 0.608292 -0.638800 536.754100 -1215.686371 60.016532
slice22/query/img_05944_c0_1287504346608494us.jpg 0.334626 0.331073 0.608090 -0.639252 534.532743 -1215.255689 60.056595
slice22/query/img_05945_c0_1287504346675103us.jpg 0.334687 0.330921 0.608035 -0.639350 533.425687 -1215.039189 60.078219
slice22/query/img_05946_c0_1287504346808455us.jpg 0.334003 0.330838 0.609041 -0.638793 531.202800 -1214.610198 60.122288
slice22/query/img_05947_c0_1287504346875086us.jpg 0.333699 0.330459 0.609774 -0.638449 530.089246 -1214.394320 60.142778
slice22/query/img_05948_c0_1287504346941681us.jpg 0.333634 0.330419 0.610184 -0.638112 528.979333 -1214.183252 60.163759
slice22/query/img_05949_c0_1287504347075053us.jpg 0.333628 0.330604 0.610896 -0.637338 526.753245 -1213.761450 60.210549
slice22/query/img_05950_c0_1287504347141644us.jpg 0.333956 0.330490 0.611191 -0.636942 525.644743 -1213.553814 60.228163
slice22/query/img_05951_c0_1287504347274993us.jpg 0.334427 0.329698 0.611863 -0.636461 523.428971 -1213.133800 60.263285
slice22/query/img_05952_c0_1287504347341606us.jpg 0.334682 0.329626 0.611935 -0.636295 522.325325 -1212.922949 60.285377
slice22/query/img_05953_c0_1287504347474984us.jpg 0.334884 0.330284 0.611632 -0.636139 520.103455 -1212.499958 60.333659
slice22/query/img_05954_c0_1287504347541573us.jpg 0.334611 0.330820 0.611655 -0.635981 518.992443 -1212.285604 60.356855
slice22/query/img_05955_c0_1287504347608311us.jpg 0.334679 0.331105 0.611636 -0.635815 517.883581 -1212.073658 60.378967
slice22/query/img_05956_c0_1287504347741534us.jpg 0.334909 0.331808 0.611629 -0.635334 515.658738 -1211.646912 60.422675
slice22/query/img_05957_c0_1287504347808274us.jpg 0.334894 0.332475 0.611647 -0.634975 514.545967 -1211.434724 60.445058
slice22/query/img_05958_c0_1287504347941500us.jpg 0.335071 0.333564 0.610979 -0.634954 512.321081 -1210.999042 60.472595
slice22/query/img_05959_c0_1287504348008238us.jpg 0.335027 0.333860 0.610807 -0.634987 511.208035 -1210.779967 60.488979
slice22/query/img_05960_c0_1287504348074851us.jpg 0.335174 0.333818 0.610848 -0.634892 510.096822 -1210.562202 60.506352
slice22/query/img_05961_c0_1287504348208223us.jpg 0.335084 0.334041 0.610875 -0.634797 507.865139 -1210.121348 60.541185
slice22/query/img_05962_c0_1287504348274815us.jpg 0.334878 0.334451 0.610592 -0.634962 506.753360 -1209.901776 60.556689
slice22/query/img_05963_c0_1287504348408188us.jpg 0.334622 0.334461 0.610483 -0.635196 504.528020 -1209.462499 60.588629
slice22/query/img_05964_c0_1287504348474778us.jpg 0.334213 0.334357 0.610617 -0.635338 503.411966 -1209.244009 60.600522
slice22/query/img_05965_c0_1287504348541392us.jpg 0.333506 0.334536 0.610870 -0.635371 502.299551 -1209.024593 60.617849
slice22/query/img_05966_c0_1287504348674741us.jpg 0.332308 0.335400 0.611005 -0.635414 500.065747 -1208.585070 60.641145
slice22/query/img_05967_c0_1287504348741355us.jpg 0.331834 0.335675 0.611323 -0.635210 498.945944 -1208.366631 60.652184
slice22/query/img_05968_c0_1287504348874705us.jpg 0.331023 0.335540 0.612186 -0.634874 496.699621 -1207.933729 60.659392
slice22/query/img_05969_c0_1287504348941318us.jpg 0.331009 0.335368 0.612290 -0.634872 495.577126 -1207.717150 60.662091
slice22/query/img_05970_c0_1287504349074671us.jpg 0.330188 0.335893 0.612398 -0.634918 493.328197 -1207.287890 60.666464
slice22/query/img_05971_c0_1287504349141283us.jpg 0.329015 0.337217 0.612407 -0.634817 492.199640 -1207.074096 60.677584
slice22/query/img_05972_c0_1287504349208022us.jpg 0.328217 0.337991 0.612063 -0.635149 491.074515 -1206.858990 60.684266
slice22/query/img_05973_c0_1287504349341267us.jpg 0.327533 0.338114 0.610924 -0.636532 488.820566 -1206.423534 60.674028
