slice22/query/img_07486_c0_1288106900371765us.jpg 0.492026 0.485430 0.514745 -0.507254 730.277608 -1281.045708 57.752277
slice22/query/img_07487_c0_1288106900438374us.jpg 0.490456 0.484277 0.516558 -0.508033 729.598574 -1280.422877 57.751121
slice22/query/img_07488_c0_1288106900505116us.jpg 0.489046 0.483108 0.518310 -0.508719 728.914294 -1279.805067 57.746582
slice22/query/img_07489_c0_1288106900571730us.jpg 0.488117 0.481381 0.520269 -0.509248 728.228544 -1279.194040 57.740580
slice22/query/img_07490_c0_1288106900705108us.jpg 0.486052 0.478002 0.524052 -0.510526 726.859176 -1277.989486 57.731537
slice22/query/img_07491_c0_1288106900771721us.jpg 0.485151 0.476500 0.525094 -0.511715 726.168816 -1277.391359 57.727782
slice22/query/img_07492_c0_1288106900838313us.jpg 0.484059 0.475244 0.525678 -0.513315 725.475134 -1276.795743 57.729741
slice22/query/img_07493_c0_1288106900905059us.jpg 0.482902 0.474095 0.526040 -0.515094 724.776734 -1276.203260 57.733288
slice22/query/img_07494_c0_1288106900971667us.jpg 0.481356 0.473055 0.526722 -0.516797 724.071469 -1275.611086 57.737224
slice22/query/img_07495_c0_1288106901105027us.jpg 0.478155 0.470999 0.528046 -0.520284 722.660363 -1274.422622 57.753026
slice22/query/img_07496_c0_1288106901171634us.jpg 0.476903 0.469689 0.528984 -0.521662 721.943655 -1273.832895 57.753728
slice22/query/img_07497_c0_1288106901238250us.jpg 0.476008 0.468207 0.530023 -0.522756 721.222741 -1273.248080 57.750773
slice22/query/img_07498_c0_1288106901304991us.jpg 0.474871 0.466865 0.531711 -0.523276 720.493376 -1272.667738 57.748145
slice22/query/img_07499_c0_1288106901371603us.jpg 0.473588 0.465674 0.533774 -0.523400 719.759728 -1272.089540 57.742028
slice22/query/img_07500_c0_1288106901504981us.jpg 0.470533 0.463533 0.538199 -0.523525 718.284307 -1270.933140 57.736275
slice22/query/img_07501_c0_1288106901571596us.jpg 0.469422 0.462283 0.539792 -0.523987 717.542718 -1270.365956 57.731167
slice22/query/img_07502_c0_1288106901638187us.jpg 0.468264 0.460852 0.541262 -0.524766 716.798528 -1269.798148 57.727068
slice22/query/img_07503_c0_1288106901704926us.jpg 0.467460 0.459142 0.542198 -0.526014 716.049357 -1269.233171 57.721311
slice22/query/img_07504_c0_1288106901838177us.jpg 0.466222 0.454995 0.542880 -0.529998 714.550416 -1268.106969 57.716140
slice22/query/img_07505_c0_1288106901904894us.jpg 0.465271 0.453085 0.543233 -0.532105 713.788011 -1267.544963 57.719437
slice22/query/img_07506_c0_1288106901971508us.jpg 0.463640 0.451876 0.543644 -0.534132 713.020055 -1266.987671 57.725354
slice22/query/img_07507_c0_1288106902038123us.jpg 0.461528 0.451229 0.544312 -0.535825 712.247381 -1266.435956 57.736102
slice22/query/img_07508_c0_1288106902171499us.jpg 0.457319 0.450182 0.546141 -0.538447 710.680641 -1265.344412 57.750902
slice22/query/img_07509_c0_1288106902238117us.jpg 0.455670 0.449077 0.547483 -0.539404 709.890410 -1264.801529 57.756130
slice22/query/img_07510_c0_1288106902304832us.jpg 0.454563 0.447593 0.548799 -0.540234 709.098445 -1264.264542 57.757149
slice22/query/img_07511_c0_1288106902371448us.jpg 0.453513 0.445863 0.550189 -0.541133 708.304761 -1263.730541 57.758029
slice22/query/img_07512_c0_1288106902438062us.jpg 0.452254 0.444280 0.551295 -0.542362 707.506675 -1263.198851 57.761364
slice22/query/img_07513_c0_1288106902571416us.jpg 0.449456 0.441095 0.552827 -0.545716 705.905634 -1262.148421 57.765644
slice22/query/img_07514_c0_1288106902638048us.jpg 0.447903 0.439779 0.553175 -0.547700 705.099698 -1261.625188 57.770543
slice22/query/img_07515_c0_1288106902704769us.jpg 0.445978 0.438537 0.553826 -0.549605 704.292065 -1261.103577 57.775370
slice22/query/img_07516_c0_1288106902771383us.jpg 0.444250 0.437495 0.554486 -0.551168 703.477494 -1260.589091 57.782403
slice22/query/img_07517_c0_1288106902838002us.jpg 0.442857 0.436039 0.555414 -0.552506 702.659447 -1260.082854 57.786565
slice22/query/img_07518_c0_1288106902971354us.jpg 0.440755 0.432288 0.557837 -0.554689 701.027169 -1259.074593 57.791447
slice22/query/img_07519_c0_1288106903037992us.jpg 0.439201 0.430505 0.559522 -0.555610 700.198231 -1258.578836 57.793022
slice22/query/img_07520_c0_1288106903104706us.jpg 0.437800 0.428796 0.561122 -0.556424 699.365117 -1258.090063 57.796088
slice22/query/img_07521_c0_1288106903171321us.jpg 0.436396 0.426989 0.562676 -0.557346 698.533561 -1257.607556 57.797674
slice22/query/img_07522_c0_1288106903304676us.jpg 0.433612 0.423737 0.566032 -0.558601 696.856151 -1256.648070 57.805749
slice22/query/img_07523_c0_1288106903371288us.jpg 0.432304 0.422212 0.567708 -0.559069 696.004272 -1256.178991 57.808589
slice22/query/img_07524_c0_1288106903437904us.jpg 0.430869 0.420547 0.569431 -0.559679 695.151556 -1255.714777 57.813473
slice22/query/img_07525_c0_1288106903571259us.jpg 0.427841 0.417030 0.572260 -0.561745 693.448351 -1254.785193 57.826052
slice22/query/img_07526_c0_1288106903637871us.jpg 0.426218 0.415418 0.572945 -0.563472 692.589807 -1254.325901 57.832471
slice22/query/img_07527_c0_1288106903704609us.jpg 0.424348 0.414082 0.573280 -0.565522 691.731940 -1253.870042 57.841947
slice22/query/img_07528_c0_1288106903771226us.jpg 0.422120 0.412804 0.573854 -0.567538 690.868446 -1253.413737 57.853913
slice22/query/img_07529_c0_1288106903904582us.jpg 0.417962 0.409962 0.575347 -0.571152 689.131923 -1252.500663 57.874010
slice22/query/img_07530_c0_1288106903971195us.jpg 0.416323 0.408225 0.576385 -0.572545 688.253926 -1252.056020 57.875272
slice22/query/img_07531_c0_1288106904037810us.jpg 0.415035 0.406143 0.577792 -0.573542 687.371903 -1251.614114 57.872425
slice22/query/img_07532_c0_1288106904104549us.jpg 0.413641 0.404188 0.579398 -0.574309 686.485544 -1251.185303 57.873021
slice22/query/img_07533_c0_1288106904171164us.jpg 0.412350 0.402185 0.581050 -0.574975 685.598029 -1250.761411 57.866784
slice22/query/img_07534_c0_1288106904304518us.jpg 0.409439 0.398380 0.583747 -0.576968 683.804500 -1249.925316 57.848913
slice22/query/img_07535_c0_1288106904371133us.jpg 0.407715 0.396585 0.584549 -0.578612 682.895756 -1249.503440 57.845418
slice22/query/img_07536_c0_1288106904437747us.jpg 0.406072 0.394869 0.585036 -0.580445 681.991618 -1249.092044 57.847085
slice22/query/img_07537_c0_1288106904504487us.jpg 0.404462 0.392867 0.585646 -0.582310 681.085649 -1248.683247 57.847695
slice22/query/img_07538_c0_1288106904571102us.jpg 0.402414 0.391590 0.586269 -0.583959 680.174981 -1248.286378 57.853536
slice22/query/img_07539_c0_1288106904704478us.jpg 0.398675 0.388455 0.588369 -0.586500 678.333045 -1247.501042 57.859456
slice22/query/img_07540_c0_1288106904771070us.jpg 0.397238 0.386541 0.589605 -0.587499 677.409703 -1247.115349 57.858892
slice22/query/img_07541_c0_1288106904837685us.jpg 0.395631 0.384708 0.590860 -0.588524 676.483476 -1246.736801 57.858377
slice22/query/img_07542_c0_1288106904971063us.jpg 0.392696 0.381079 0.593088 -0.590606 674.614443 -1246.009570 57.856002
slice22/query/img_07543_c0_1288106905037654us.jpg 0.391026 0.379231 0.593975 -0.592011 673.676495 -1245.645464 57.863661
slice22/query/img_07544_c0_1288106905104393us.jpg 0.388925 0.377828 0.594696 -0.593565 672.732495 -1245.285039 57.873825
slice22/query/img_07545_c0_1288106905171008us.jpg 0.386824 0.376565 0.595308 -0.595125 671.790827 -1244.933335 57.882384
slice22/query/img_07546_c0_1288106905305134us.jpg 0.383014 0.373444 0.596630 -0.598225 669.895247 -1244.241099 57.896618
slice22/query/img_07547_c0_1288106905370978us.jpg 0.381471 0.371566 0.597621 -0.599389 668.944986 -1243.906468 57.901496
slice22/query/img_07548_c0_1288106905437591us.jpg 0.380171 0.369807 0.598787 -0.600139 667.993829 -1243.577384 57.906506
slice22/query/img_07549_c0_1288106905504332us.jpg 0.379168 0.367844 0.599998 -0.600770 667.041070 -1243.257852 57.911297
slice22/query/img_07550_c0_1288106905570946us.jpg 0.378020 0.366066 0.601306 -0.601272 666.083495 -1242.952392 57.918174
slice22/query/img_07551_c0_1288106905704323us.jpg 0.374786 0.363258 0.604006 -0.602292 664.159384 -1242.354504 57.930070
slice22/query/img_07552_c0_1288106905770937us.jpg 0.372722 0.362463 0.604415 -0.603640 663.193664 -1242.051699 57.939631
slice22/query/img_07553_c0_1288106905837529us.jpg 0.370601 0.361502 0.604256 -0.605678 662.231141 -1241.748902 57.952892
slice22/query/img_07554_c0_1288106905904268us.jpg 0.368662 0.360216 0.603727 -0.608150 661.265640 -1241.451375 57.963397
slice22/query/img_07555_c0_1288106905970884us.jpg 0.366694 0.358669 0.603276 -0.610696 660.300394 -1241.159586 57.973201
slice22/query/img_07556_c0_1288106906104239us.jpg 0.362900 0.355311 0.603457 -0.614733 658.345276 -1240.594770 57.986314
slice22/query/img_07557_c0_1288106906170874us.jpg 0.361062 0.353658 0.604203 -0.616034 657.356713 -1240.316834 57.993411
slice22/query/img_07558_c0_1288106906237468us.jpg 0.359310 0.352264 0.605205 -0.616874 656.370106 -1240.047645 58.000136
slice22/query/img_07559_c0_1288106906304205us.jpg 0.357533 0.350609 0.607337 -0.616753 655.379530 -1239.790760 58.008561
slice22/query/img_07560_c0_1288106906370821us.jpg 0.356290 0.348485 0.610256 -0.615795 654.386422 -1239.543392 58.009292
slice22/query/img_07561_c0_1288106906504177us.jpg 0.353463 0.345650 0.613396 -0.615902 652.399983 -1239.054927 58.023036
slice22/query/img_07562_c0_1288106906570789us.jpg 0.352825 0.343790 0.613507 -0.617197 651.403016 -1238.815855 58.028768
slice22/query/img_07563_c0_1288106906637405us.jpg 0.351831 0.341669 0.613617 -0.618830 650.402029 -1238.579497 58.037389
slice22/query/img_07564_c0_1288106906704145us.jpg 0.350236 0.340326 0.613317 -0.620769 649.398678 -1238.345666 58.048094
slice22/query/img_07565_c0_1288106906837376us.jpg 0.346315 0.338968 0.612573 -0.624437 647.373364 -1237.897257 58.057348
slice22/query/img_07566_c0_1288106906904136us.jpg 0.344804 0.338771 0.612154 -0.625789 646.362504 -1237.671173 58.070940
slice22/query/img_07567_c0_1288106906970728us.jpg 0.343526 0.338521 0.612073 -0.626706 645.340897 -1237.449609 58.080184
slice22/query/img_07568_c0_1288106907037343us.jpg 0.343029 0.338061 0.612369 -0.626937 644.317608 -1237.235602 58.086997
slice22/query/img_07569_c0_1288106907104083us.jpg 0.343182 0.336858 0.613489 -0.626405 643.294978 -1237.028127 58.087869
slice22/query/img_07570_c0_1288106907237335us.jpg 0.344680 0.333416 0.616314 -0.624650 641.248163 -1236.613128 58.090460
slice22/query/img_07571_c0_1288106907304050us.jpg 0.345631 0.332291 0.616547 -0.624493 640.218204 -1236.405902 58.095287
slice22/query/img_07572_c0_1288106907370667us.jpg 0.345900 0.332242 0.616213 -0.624701 639.187291 -1236.200833 58.105419
slice22/query/img_07573_c0_1288106907437281us.jpg 0.344558 0.333694 0.616164 -0.624716 638.154297 -1235.992815 58.124099
slice22/query/img_07574_c0_1288106907570636us.jpg 0.341256 0.336267 0.616511 -0.624807 636.072459 -1235.571890 58.152359
slice22/query/img_07575_c0_1288106907637269us.jpg 0.340691 0.336468 0.616367 -0.625149 635.040662 -1235.357310 58.165131
slice22/query/img_07576_c0_1288106907703997us.jpg 0.341230 0.335898 0.615945 -0.625577 634.009217 -1235.145458 58.168791
slice22/query/img_07577_c0_1288106907837236us.jpg 0.344775 0.332908 0.614999 -0.626162 631.932203 -1234.721733 58.175635
slice22/query/img_07578_c0_1288106907970595us.jpg 0.346159 0.330762 0.615343 -0.626197 629.862722 -1234.288159 58.208146
slice22/query/img_07579_c0_1288106908037185us.jpg 0.345574 0.330740 0.614790 -0.627075 628.813668 -1234.069010 58.226630
slice22/query/img_07580_c0_1288106908103928us.jpg 0.344425 0.331388 0.613774 -0.628359 627.765847 -1233.849641 58.250747
slice22/query/img_07581_c0_1288106908170544us.jpg 0.343305 0.331983 0.612542 -0.629858 626.722014 -1233.631905 58.270215
slice22/query/img_07582_c0_1288106908303918us.jpg 0.340628 0.333767 0.611954 -0.630939 624.624025 -1233.209187 58.311567
slice22/query/img_07583_c0_1288106908370511us.jpg 0.339895 0.334376 0.612121 -0.630851 623.578235 -1232.998914 58.327167
slice22/query/img_07584_c0_1288106908437127us.jpg 0.340099 0.334276 0.612483 -0.630442 622.532051 -1232.793009 58.337925
slice22/query/img_07585_c0_1288106908503867us.jpg 0.340772 0.333394 0.613246 -0.629804 621.488330 -1232.586554 58.344910
slice22/query/img_07586_c0_1288106908637121us.jpg 0.341588 0.331823 0.614250 -0.629212 619.400733 -1232.169872 58.361573
slice22/query/img_07587_c0_1288106908703857us.jpg 0.341755 0.331336 0.614120 -0.629505 618.359190 -1231.960127 58.374470
slice22/query/img_07588_c0_1288106908770451us.jpg 0.341524 0.331074 0.613925 -0.629958 617.313952 -1231.749835 58.390123
slice22/query/img_07589_c0_1288106908837064us.jpg 0.341194 0.331198 0.613306 -0.630674 616.269885 -1231.538374 58.408608
slice22/query/img_07590_c0_1288106908970429us.jpg 0.340723 0.331413 0.611960 -0.632122 614.181582 -1231.115003 58.449086
slice22/query/img_07591_c0_1288106909037033us.jpg 0.339859 0.331662 0.611878 -0.632535 613.122031 -1230.897771 58.468866
slice22/query/img_07592_c0_1288106909103774us.jpg 0.338869 0.332079 0.611995 -0.632735 612.064842 -1230.684088 58.487497
slice22/query/img_07593_c0_1288106909170392us.jpg 0.338463 0.332264 0.611947 -0.632901 611.010556 -1230.475443 58.505262
slice22/query/img_07594_c0_1288106909237004us.jpg 0.338384 0.332518 0.611497 -0.633245 609.951058 -1230.265666 58.521637
slice22/query/img_07595_c0_1288106909370360us.jpg 0.339139 0.331204 0.611199 -0.633818 607.838637 -1229.843239 58.545541
slice22/query/img_07596_c0_1288106909436973us.jpg 0.339558 0.330398 0.611508 -0.633715 606.779386 -1229.634820 58.558276
slice22/query/img_07597_c0_1288106909503713us.jpg 0.339499 0.330179 0.611739 -0.633638 605.715405 -1229.424925 58.574807
slice22/query/img_07598_c0_1288106909570326us.jpg 0.339510 0.330293 0.611800 -0.633514 604.651858 -1229.219124 58.592205
slice22/query/img_07599_c0_1288106909770294us.jpg 0.339812 0.330018 0.613203 -0.632138 601.486764 -1228.574170 58.679570
slice22/query/img_07600_c0_1288106909903675us.jpg 0.339130 0.330731 0.612658 -0.632659 599.348925 -1228.145128 58.721902
slice22/query/img_07601_c0_1288106909970284us.jpg 0.339314 0.330212 0.612285 -0.633192 598.283578 -1227.930933 58.737432
slice22/query/img_07602_c0_1288106910036878us.jpg 0.339884 0.329600 0.611735 -0.633737 597.217352 -1227.717228 58.755865
slice22/query/img_07603_c0_1288106910103662us.jpg 0.340507 0.329539 0.610704 -0.634429 596.151118 -1227.506144 58.776325
slice22/query/img_07604_c0_1288106910237925us.jpg 0.340951 0.330302 0.609091 -0.635343 594.017056 -1227.083630 58.824451
slice22/query/img_07605_c0_1288106910303609us.jpg 0.340728 0.330417 0.609003 -0.635488 592.947435 -1226.866608 58.850480
slice22/query/img_07606_c0_1288106910370202us.jpg 0.340867 0.330506 0.608788 -0.635572 591.874067 -1226.648124 58.876787
slice22/query/img_07607_c0_1288106910436817us.jpg 0.340531 0.331166 0.608622 -0.635568 590.800727 -1226.429676 58.903958
slice22/query/img_07608_c0_1288106910503557us.jpg 0.340130 0.332164 0.608334 -0.635537 589.722344 -1226.210441 58.930272
slice22/query/img_07609_c0_1288106910636811us.jpg 0.340322 0.332780 0.609249 -0.634235 587.576699 -1225.779675 58.972467
slice22/query/img_07610_c0_1288106910703548us.jpg 0.340360 0.332975 0.609814 -0.633569 586.500756 -1225.563041 58.992145
slice22/query/img_07611_c0_1288106910770142us.jpg 0.340127 0.334403 0.609507 -0.633237 585.423507 -1225.343911 59.015016
slice22/query/img_07612_c0_1288106910836756us.jpg 0.339323 0.335548 0.609050 -0.633502 584.345466 -1225.122013 59.036997
slice22/query/img_07613_c0_1288106910903498us.jpg 0.338815 0.335939 0.608359 -0.634230 583.269126 -1224.897315 59.054749
slice22/query/img_07614_c0_1288106911036727us.jpg 0.339668 0.335016 0.606098 -0.636423 581.128536 -1224.445120 59.086329
slice22/query/img_07615_c0_1288106911103466us.jpg 0.340714 0.334317 0.604374 -0.637870 580.060064 -1224.216185 59.103857
slice22/query/img_07616_c0_1288106911170081us.jpg 0.341043 0.334524 0.603224 -0.638674 578.986411 -1223.988380 59.124731
slice22/query/img_07617_c0_1288106911236695us.jpg 0.340582 0.334385 0.603793 -0.638455 577.912980 -1223.764124 59.151282
slice22/query/img_07618_c0_1288106911370952us.jpg 0.340682 0.332708 0.606456 -0.636751 575.752674 -1223.324521 59.194817
slice22/query/img_07619_c0_1288106911436665us.jpg 0.339968 0.332738 0.607095 -0.636508 574.665352 -1223.104962 59.222191
slice22/query/img_07620_c0_1288106911503405us.jpg 0.338797 0.333812 0.607544 -0.636142 573.573764 -1222.883774 59.249926
slice22/query/img_07621_c0_1288106911570019us.jpg 0.338405 0.335067 0.607121 -0.636095 572.481839 -1222.663038 59.273972
slice22/query/img_07622_c0_1288106911636634us.jpg 0.337136 0.333553 0.607350 -0.637344 571.398196 -1222.439592 59.293872
slice22/query/img_07623_c0_1288106911770020us.jpg 0.335536 0.332830 0.605518 -0.640303 569.233143 -1221.988962 59.337127
slice22/query/img_07624_c0_1288106911836606us.jpg 0.334693 0.331973 0.604140 -0.642487 568.151566 -1221.761765 59.358166
slice22/query/img_07625_c0_1288106911903343us.jpg 0.334404 0.330946 0.603388 -0.643872 567.069926 -1221.539989 59.376594
slice22/query/img_07626_c0_1288106911969958us.jpg 0.333627 0.330071 0.603152 -0.644944 565.981275 -1221.322728 59.398476
slice22/query/img_07627_c0_1288106912036572us.jpg 0.333646 0.329552 0.603480 -0.644894 564.891730 -1221.115394 59.420560
slice22/query/img_07628_c0_1288106912169929us.jpg 0.335055 0.327601 0.608481 -0.640443 562.701993 -1220.725996 59.461882
slice22/query/img_07629_c0_1288106912236541us.jpg 0.336122 0.328430 0.611104 -0.636952 561.601181 -1220.537829 59.485300
slice22/query/img_07630_c0_1288106912303282us.jpg 0.335946 0.329970 0.613088 -0.634337 560.496046 -1220.344146 59.509617
slice22/query/img_07631_c0_1288106912369898us.jpg 0.336667 0.330733 0.614549 -0.632139 559.394342 -1220.144304 59.528670
slice22/query/img_07632_c0_1288106912503252us.jpg 0.338339 0.331301 0.613595 -0.631876 557.208988 -1219.719315 59.564151
slice22/query/img_07633_c0_1288106912569889us.jpg 0.338715 0.331590 0.610898 -0.634132 556.118376 -1219.494377 59.583766
slice22/query/img_07634_c0_1288106912636481us.jpg 0.338653 0.331751 0.607836 -0.637017 555.029830 -1219.265323 59.606459
slice22/query/img_07635_c0_1288106912703226us.jpg 0.338070 0.331542 0.605367 -0.639780 553.939284 -1219.032651 59.629676
slice22/query/img_07636_c0_1288106912769836us.jpg 0.337293 0.331350 0.604103 -0.641482 552.850260 -1218.803315 59.658161
slice22/query/img_07637_c0_1288106912903218us.jpg 0.335610 0.331625 0.604691 -0.641669 550.658803 -1218.367341 59.714149
slice22/query/img_07638_c0_1288106913036444us.jpg 0.334939 0.331856 0.606977 -0.639740 548.460231 -1217.950226 59.760693
slice22/query/img_07639_c0_1288106913103160us.jpg 0.335112 0.331306 0.608092 -0.638874 547.358417 -1217.740892 59.780462
slice22/query/img_07640_c0_1288106913169776us.jpg 0.335641 0.330571 0.608620 -0.638475 546.258958 -1217.529101 59.797630
slice22/query/img_07641_c0_1288106913303132us.jpg 0.336891 0.329105 0.608408 -0.638775 544.058188 -1217.106519 59.836815
slice22/query/img_07642_c0_1288106913369745us.jpg 0.336903 0.329073 0.608173 -0.639009 542.956178 -1216.893464 59.861374
slice22/query/img_07643_c0_1288106913436358us.jpg 0.336716 0.329302 0.607851 -0.639296 541.851215 -1216.682006 59.886028
slice22/query/img_07644_c0_1288106913503098us.jpg 0.336192 0.329946 0.607666 -0.639415 540.747365 -1216.470019 59.912874
slice22/query/img_07645_c0_1288106913636330us.jpg 0.334625 0.331026 0.607710 -0.639637 538.534799 -1216.040999 59.960940
slice22/query/img_07646_c0_1288106913703068us.jpg 0.334538 0.330889 0.607938 -0.639538 537.432963 -1215.828989 59.981224
slice22/query/img_07647_c0_1288106913769682us.jpg 0.335011 0.330451 0.608135 -0.639329 536.330739 -1215.617109 60.000731
slice22/query/img_07648_c0_1288106913836298us.jpg 0.335893 0.330238 0.608135 -0.638976 535.228805 -1215.409541 60.022125
slice22/query/img_07649_c0_1288106913969657us.jpg 0.337299 0.330301 0.608495 -0.637860 533.024854 -1214.988888 60.063686
slice22/query/img_07650_c0_1288106914036267us.jpg 0.337309 0.330579 0.609018 -0.637210 531.923797 -1214.775631 60.085162
slice22/query/img_07651_c0_1288106914103079us.jpg 0.337259 0.330648 0.609651 -0.636595 530.822156 -1214.563808 60.106791
slice22/query/img_07652_c0_1288106914169622us.jpg 0.337222 0.330702 0.610087 -0.636169 529.722099 -1214.351340 60.129349
slice22/query/img_07653_c0_1288106914303004us.jpg 0.337122 0.331365 0.609992 -0.635968 527.516173 -1213.921629 60.179529
slice22/query/img_07654_c0_1288106914369591us.jpg 0.337130 0.331716 0.609831 -0.635935 526.417984 -1213.703848 60.202690
slice22/query/img_07655_c0_1288106914502947us.jpg 0.337644 0.331187 0.609875 -0.635896 524.208211 -1213.276062 60.238356
slice22/query/img_07656_c0_1288106914569560us.jpg 0.337733 0.330780 0.609984 -0.635956 523.104808 -1213.058310 60.256147
slice22/query/img_07657_c0_1288106914636176us.jpg 0.337808 0.330652 0.609915 -0.636049 522.003776 -1212.841343 60.277855
slice22/query/img_07658_c0_1288106914836152us.jpg 0.336745 0.331503 0.609600 -0.636472 518.680518 -1212.202432 60.338971
slice22/query/img_07659_c0_1288106915102858us.jpg 0.335553 0.331662 0.610284 -0.636363 514.277656 -1211.317702 60.414171
slice22/query/img_07660_c0_1288106915169474us.jpg 0.335271 0.331842 0.610238 -0.636462 513.161562 -1211.104329 60.428876
slice22/query/img_07661_c0_1288106915236087us.jpg 0.335033 0.332120 0.610009 -0.636662 512.049856 -1210.890014 60.444289
slice22/query/img_07662_c0_1288106915302827us.jpg 0.334843 0.332246 0.609867 -0.636833 510.940928 -1210.677804 60.460304
slice22/query/img_07663_c0_1288106915369441us.jpg 0.334673 0.331876 0.610028 -0.636961 509.831866 -1210.463954 60.476146
slice22/query/img_07664_c0_1288106915502798us.jpg 0.334260 0.332379 0.610008 -0.636934 507.596375 -1210.040190 60.500963
slice22/query/img_07665_c0_1288106915569432us.jpg 0.334119 0.332723 0.609987 -0.636849 506.482817 -1209.829075 60.515673
slice22/query/img_07666_c0_1288106915636027us.jpg 0.333969 0.332717 0.610075 -0.636846 505.369373 -1209.616729 60.526109
slice22/query/img_07667_c0_1288106915702766us.jpg 0.333884 0.332515 0.610253 -0.636825 504.260208 -1209.402105 60.538078
slice22/query/img_07668_c0_1288106915836019us.jpg 0.332980 0.332805 0.610398 -0.637008 502.035036 -1208.977188 60.561247
slice22/query/img_07669_c0_1288106915902743us.jpg 0.332225 0.333297 0.610261 -0.637277 500.925947 -1208.761345 60.571979
slice22/query/img_07670_c0_1288106916035962us.jpg 0.330753 0.333965 0.610498 -0.637466 498.695679 -1208.337947 60.591460
slice22/query/img_07671_c0_1288106916102707us.jpg 0.330173 0.333910 0.610834 -0.637473 497.580108 -1208.127585 60.599102
slice22/query/img_07672_c0_1288106916169320us.jpg 0.329896 0.333706 0.611217 -0.637356 496.471445 -1207.918930 60.606769
slice22/query/img_07673_c0_1288106916302698us.jpg 0.329397 0.333346 0.611648 -0.637389 494.250114 -1207.487952 60.628245
slice22/query/img_07674_c0_1288106916369290us.jpg 0.328459 0.333886 0.611790 -0.637454 493.136066 -1207.281470 60.629667
slice22/query/img_07675_c0_1288106916435905us.jpg 0.327132 0.334821 0.611943 -0.637500 492.020056 -1207.073595 60.637077
slice22/query/img_07676_c0_1288106916502648us.jpg 0.326535 0.335386 0.611611 -0.637827 490.906897 -1206.868189 60.640138
slice22/query/img_07677_c0_1288106916635876us.jpg 0.325954 0.335681 0.611225 -0.638338 488.688780 -1206.446179 60.654842
