slice22/query/img_08259_c0_1288793050518476us.jpg 0.493873 0.486426 0.511860 -0.507424 730.250616 -1280.862650 57.779581
slice22/query/img_08260_c0_1288793050585214us.jpg 0.492605 0.485653 0.513286 -0.507956 729.605199 -1280.272722 57.775571
slice22/query/img_08261_c0_1288793050718463us.jpg 0.490547 0.483350 0.516521 -0.508863 728.301555 -1279.109016 57.769688
slice22/query/img_08262_c0_1288793050785178us.jpg 0.489800 0.481467 0.518452 -0.509405 727.651633 -1278.535517 57.762180
slice22/query/img_08263_c0_1288793050851790us.jpg 0.488779 0.479915 0.519865 -0.510410 727.000800 -1277.962227 57.759752
slice22/query/img_08264_c0_1288793050918403us.jpg 0.487827 0.478605 0.520444 -0.511957 726.346295 -1277.392130 57.760421
slice22/query/img_08265_c0_1288793051051777us.jpg 0.485530 0.476070 0.521110 -0.515812 725.031554 -1276.251639 57.766045
slice22/query/img_08266_c0_1288793051118368us.jpg 0.484038 0.474971 0.521530 -0.517800 724.366323 -1275.684594 57.768266
slice22/query/img_08267_c0_1288793051185104us.jpg 0.482409 0.473771 0.522314 -0.519625 723.699894 -1275.121444 57.770905
slice22/query/img_08268_c0_1288793051318333us.jpg 0.479613 0.471381 0.524079 -0.522601 722.355900 -1274.002729 57.784795
slice22/query/img_08269_c0_1288793051385069us.jpg 0.478653 0.469884 0.525236 -0.523667 721.674095 -1273.450835 57.784432
slice22/query/img_08270_c0_1288793051451681us.jpg 0.477545 0.468547 0.526941 -0.524163 720.987986 -1272.903035 57.783883
slice22/query/img_08271_c0_1288793051585032us.jpg 0.474534 0.466258 0.531648 -0.524186 719.603955 -1271.819574 57.777894
slice22/query/img_08272_c0_1288793051651644us.jpg 0.472718 0.465237 0.534129 -0.524212 718.906996 -1271.281347 57.775506
slice22/query/img_08273_c0_1288793051718258us.jpg 0.471179 0.464212 0.535962 -0.524636 718.206153 -1270.747507 57.773386
slice22/query/img_08274_c0_1288793051784996us.jpg 0.469958 0.462959 0.537463 -0.525302 717.505835 -1270.214455 57.770310
slice22/query/img_08275_c0_1288793051918244us.jpg 0.468101 0.459745 0.539824 -0.527357 716.101263 -1269.161554 57.761204
slice22/query/img_08276_c0_1288793051984959us.jpg 0.467464 0.457813 0.540461 -0.528948 715.399193 -1268.638206 57.758759
slice22/query/img_08277_c0_1288793052051571us.jpg 0.466878 0.455978 0.540695 -0.530809 714.696218 -1268.120341 57.758775
slice22/query/img_08278_c0_1288793052184944us.jpg 0.464503 0.453472 0.541311 -0.534399 713.274717 -1267.089151 57.767151
slice22/query/img_08279_c0_1288793052251555us.jpg 0.462599 0.452823 0.541656 -0.536249 712.558376 -1266.576799 57.772279
slice22/query/img_08280_c0_1288793052318150us.jpg 0.460794 0.452131 0.542380 -0.537653 711.839534 -1266.069409 57.779610
slice22/query/img_08281_c0_1288793052384886us.jpg 0.459224 0.451150 0.543084 -0.539108 711.118327 -1265.560962 57.784772
slice22/query/img_08282_c0_1288793052518112us.jpg 0.456899 0.448962 0.544997 -0.540975 709.662766 -1264.566039 57.784453
slice22/query/img_08283_c0_1288793052584849us.jpg 0.456029 0.447526 0.546155 -0.541732 708.929460 -1264.069391 57.780912
slice22/query/img_08284_c0_1288793052651463us.jpg 0.454979 0.446110 0.547366 -0.542559 708.195424 -1263.576315 57.779724
slice22/query/img_08285_c0_1288793052784814us.jpg 0.452481 0.443556 0.548738 -0.545349 706.718200 -1262.598480 57.779297
slice22/query/img_08286_c0_1288793052851426us.jpg 0.451032 0.442322 0.549121 -0.547163 705.975164 -1262.108218 57.783191
slice22/query/img_08287_c0_1288793052918040us.jpg 0.449581 0.441219 0.549211 -0.549154 705.230351 -1261.622243 57.784979
slice22/query/img_08288_c0_1288793053051390us.jpg 0.446378 0.439168 0.550610 -0.552003 703.735102 -1260.661793 57.789298
slice22/query/img_08289_c0_1288793053118002us.jpg 0.445117 0.437897 0.551678 -0.552963 702.980654 -1260.188255 57.790315
slice22/query/img_08290_c0_1288793053184739us.jpg 0.444290 0.436266 0.552861 -0.553735 702.225490 -1259.722757 57.790339
slice22/query/img_08291_c0_1288793053318838us.jpg 0.442407 0.432877 0.555469 -0.555291 700.708914 -1258.797300 57.786809
slice22/query/img_08292_c0_1288793053384709us.jpg 0.440891 0.431243 0.556966 -0.556268 699.947894 -1258.341613 57.786213
slice22/query/img_08293_c0_1288793053451315us.jpg 0.439288 0.429875 0.558221 -0.557336 699.185758 -1257.889523 57.788533
slice22/query/img_08294_c0_1288793053517928us.jpg 0.437930 0.428267 0.559333 -0.558526 698.422592 -1257.443300 57.791025
slice22/query/img_08295_c0_1288793053651281us.jpg 0.435373 0.425307 0.562124 -0.559983 696.885065 -1256.561933 57.792543
slice22/query/img_08296_c0_1288793053717893us.jpg 0.433917 0.423932 0.563674 -0.560597 696.116748 -1256.128668 57.793449
slice22/query/img_08297_c0_1288793053784631us.jpg 0.432435 0.422439 0.565397 -0.561134 695.344536 -1255.699709 57.796440
slice22/query/img_08298_c0_1288793053917858us.jpg 0.429535 0.418894 0.568080 -0.563306 693.791143 -1254.849627 57.806666
slice22/query/img_08299_c0_1288793053984616us.jpg 0.427899 0.417248 0.568818 -0.565024 693.015885 -1254.429040 57.810713
slice22/query/img_08300_c0_1288793054051208us.jpg 0.426132 0.415776 0.569153 -0.567104 692.238785 -1254.011817 57.815513
slice22/query/img_08301_c0_1288793054117821us.jpg 0.424020 0.414544 0.569743 -0.568994 691.462153 -1253.602914 57.822251
slice22/query/img_08302_c0_1288793054251171us.jpg 0.419892 0.411805 0.571410 -0.572361 689.881642 -1252.787278 57.823816
slice22/query/img_08303_c0_1288793054317783us.jpg 0.418002 0.410333 0.572431 -0.573780 689.089826 -1252.385496 57.823700
slice22/query/img_08304_c0_1288793054451151us.jpg 0.415221 0.406364 0.575189 -0.575862 687.501196 -1251.595316 57.815121
slice22/query/img_08305_c0_1288793054517746us.jpg 0.413888 0.404400 0.576767 -0.576626 686.710381 -1251.212986 57.812608
slice22/query/img_08306_c0_1288793054651121us.jpg 0.411277 0.400498 0.579515 -0.578459 685.102257 -1250.462000 57.805951
slice22/query/img_08307_c0_1288793054784479us.jpg 0.408047 0.397206 0.581389 -0.581130 683.472915 -1249.721775 57.801897
slice22/query/img_08308_c0_1288793054917703us.jpg 0.404936 0.393733 0.582656 -0.584392 681.837156 -1249.003421 57.813655
slice22/query/img_08309_c0_1288793054984417us.jpg 0.403394 0.391841 0.583425 -0.585959 681.015923 -1248.645951 57.818328
slice22/query/img_08310_c0_1288793055051023us.jpg 0.401509 0.390691 0.584214 -0.587235 680.188817 -1248.307137 57.828106
slice22/query/img_08311_c0_1288793055184396us.jpg 0.398185 0.387786 0.586376 -0.589266 678.539362 -1247.624432 57.832227
slice22/query/img_08312_c0_1288793055250990us.jpg 0.396959 0.385812 0.587588 -0.590180 677.711033 -1247.282841 57.831271
slice22/query/img_08313_c0_1288793055317602us.jpg 0.395698 0.383823 0.588830 -0.591086 676.880754 -1246.949071 57.830646
slice22/query/img_08314_c0_1288793055450976us.jpg 0.392874 0.380735 0.590633 -0.593163 675.219434 -1246.294998 57.834657
slice22/query/img_08315_c0_1288793055517588us.jpg 0.391700 0.379181 0.591382 -0.594188 674.382318 -1245.974329 57.836779
slice22/query/img_08316_c0_1288793055584303us.jpg 0.390461 0.378015 0.592093 -0.595039 673.542790 -1245.657531 57.839656
slice22/query/img_08317_c0_1288793055650915us.jpg 0.388975 0.377131 0.592735 -0.595933 672.700206 -1245.345245 57.844677
slice22/query/img_08318_c0_1288793055784289us.jpg 0.386384 0.375231 0.594064 -0.597492 671.014614 -1244.724524 57.856964
slice22/query/img_08319_c0_1288793055850880us.jpg 0.385358 0.374007 0.594754 -0.598236 670.168374 -1244.423395 57.860949
slice22/query/img_08320_c0_1288793055917492us.jpg 0.384486 0.372787 0.595543 -0.598772 669.319989 -1244.125339 57.864692
slice22/query/img_08321_c0_1288793056050869us.jpg 0.383050 0.370112 0.596836 -0.600064 667.610464 -1243.539941 57.864630
slice22/query/img_08322_c0_1288793056117456us.jpg 0.382583 0.368741 0.597292 -0.600751 666.752964 -1243.247213 57.866118
slice22/query/img_08323_c0_1288793056184193us.jpg 0.381812 0.367544 0.597823 -0.601447 665.895101 -1242.961998 57.872336
slice22/query/img_08324_c0_1288793056250808us.jpg 0.380477 0.366629 0.598676 -0.602003 665.032529 -1242.680790 57.883392
slice22/query/img_08325_c0_1288793056384179us.jpg 0.377210 0.366022 0.599092 -0.604011 663.302352 -1242.132190 57.899456
slice22/query/img_08326_c0_1288793056450770us.jpg 0.375624 0.365493 0.598716 -0.605690 662.439253 -1241.852885 57.907339
slice22/query/img_08327_c0_1288793056517382us.jpg 0.374256 0.364513 0.598151 -0.607683 661.579115 -1241.577498 57.913772
slice22/query/img_08328_c0_1288793056650735us.jpg 0.371531 0.361576 0.597935 -0.611311 659.850150 -1241.048518 57.923267
slice22/query/img_08329_c0_1288793056717347us.jpg 0.369876 0.360101 0.598010 -0.613109 658.985084 -1240.784301 57.930194
slice22/query/img_08330_c0_1288793056784083us.jpg 0.367992 0.358851 0.598380 -0.614613 658.116217 -1240.526953 57.939495
slice22/query/img_08331_c0_1288793056917311us.jpg 0.364774 0.356349 0.599746 -0.616653 656.372239 -1240.027329 57.951546
slice22/query/img_08332_c0_1288793056984068us.jpg 0.362921 0.354849 0.601602 -0.616803 655.493989 -1239.784923 57.958025
slice22/query/img_08333_c0_1288793057050662us.jpg 0.361826 0.352521 0.604199 -0.616243 654.617704 -1239.552243 57.960806
slice22/query/img_08334_c0_1288793057117275us.jpg 0.360004 0.350541 0.606209 -0.616465 653.738502 -1239.319099 57.963417
slice22/query/img_08335_c0_1288793057250646us.jpg 0.357776 0.347607 0.606874 -0.618765 651.961759 -1238.868741 57.968873
slice22/query/img_08336_c0_1288793057317239us.jpg 0.356621 0.345432 0.607196 -0.620331 651.074752 -1238.645143 57.974233
slice22/query/img_08337_c0_1288793057383975us.jpg 0.355050 0.343586 0.607450 -0.622007 650.187256 -1238.425113 57.981841
slice22/query/img_08338_c0_1288793057517225us.jpg 0.350322 0.341528 0.606839 -0.626402 648.394535 -1237.994671 57.988647
slice22/query/img_08339_c0_1288793057583938us.jpg 0.347745 0.340769 0.606527 -0.628550 647.493496 -1237.778453 58.001453
slice22/query/img_08340_c0_1288793057650550us.jpg 0.345978 0.339997 0.606359 -0.630104 646.591860 -1237.573140 58.013661
slice22/query/img_08341_c0_1288793057783903us.jpg 0.344785 0.338554 0.607429 -0.630503 644.765256 -1237.185076 58.021784
slice22/query/img_08342_c0_1288793057850515us.jpg 0.345244 0.337457 0.608992 -0.629332 643.847729 -1236.997546 58.023487
slice22/query/img_08343_c0_1288793057917127us.jpg 0.346056 0.336067 0.611042 -0.627640 642.931639 -1236.815100 58.025168
slice22/query/img_08344_c0_1288793058050480us.jpg 0.348428 0.333842 0.613309 -0.625299 641.090442 -1236.447003 58.031571
slice22/query/img_08345_c0_1288793058117091us.jpg 0.349276 0.333810 0.612602 -0.625537 640.171177 -1236.261516 58.041994
slice22/query/img_08346_c0_1288793058183828us.jpg 0.348986 0.334961 0.611552 -0.626111 639.259047 -1236.075466 58.056099
slice22/query/img_08347_c0_1288793058317078us.jpg 0.345752 0.338451 0.610756 -0.626804 637.413430 -1235.681136 58.067009
slice22/query/img_08348_c0_1288793058383795us.jpg 0.344475 0.340079 0.610293 -0.627077 636.492528 -1235.483191 58.084276
slice22/query/img_08349_c0_1288793058450409us.jpg 0.344284 0.340675 0.609679 -0.627456 635.572236 -1235.281435 58.094160
slice22/query/img_08350_c0_1288793058583781us.jpg 0.347088 0.338876 0.609617 -0.626945 633.733412 -1234.885745 58.101453
slice22/query/img_08351_c0_1288793058650370us.jpg 0.349219 0.337174 0.609703 -0.626595 632.817542 -1234.689286 58.103376
slice22/query/img_08352_c0_1288793058716982us.jpg 0.350360 0.336085 0.609769 -0.626479 631.902144 -1234.493096 58.110308
slice22/query/img_08353_c0_1288793058850831us.jpg 0.349553 0.335144 0.609770 -0.627433 630.070283 -1234.087911 58.139260
slice22/query/img_08354_c0_1288793058916950us.jpg 0.348254 0.335448 0.608569 -0.629156 629.152800 -1233.881231 58.159188
slice22/query/img_08355_c0_1288793058983683us.jpg 0.346563 0.336432 0.606767 -0.631302 628.237705 -1233.674361 58.182211
slice22/query/img_08356_c0_1288793059050298us.jpg 0.345226 0.336528 0.605012 -0.633663 627.321492 -1233.472127 58.197289
slice22/query/img_08357_c0_1288793059183648us.jpg 0.342870 0.335751 0.604752 -0.635599 625.470238 -1233.078838 58.224154
slice22/query/img_08358_c0_1288793059250260us.jpg 0.341810 0.335434 0.605598 -0.635532 624.553729 -1232.886016 58.243580
slice22/query/img_08359_c0_1288793059383609us.jpg 0.340925 0.333960 0.607644 -0.634830 622.719535 -1232.504353 58.271252
slice22/query/img_08360_c0_1288793059450222us.jpg 0.340851 0.332667 0.608808 -0.634433 621.802919 -1232.319149 58.283325
slice22/query/img_08361_c0_1288793059583578us.jpg 0.339855 0.330486 0.610148 -0.634820 619.963970 -1231.945318 58.305695
slice22/query/img_08362_c0_1288793059650187us.jpg 0.339265 0.329776 0.610209 -0.635446 619.046812 -1231.761799 58.320903
slice22/query/img_08363_c0_1288793059716802us.jpg 0.338619 0.329242 0.610348 -0.635934 618.125989 -1231.578233 58.338391
slice22/query/img_08364_c0_1288793059850173us.jpg 0.337790 0.328955 0.610523 -0.636356 616.277153 -1231.218681 58.369193
slice22/query/img_08365_c0_1288793059916762us.jpg 0.337835 0.328772 0.610456 -0.636490 615.349719 -1231.040108 58.384351
slice22/query/img_08366_c0_1288793059983501us.jpg 0.337907 0.328742 0.610588 -0.636341 614.423349 -1230.863666 58.399554
slice22/query/img_08367_c0_1288793060116752us.jpg 0.337477 0.329581 0.611826 -0.634944 612.563710 -1230.507815 58.434483
slice22/query/img_08368_c0_1288793060183465us.jpg 0.337538 0.330172 0.611891 -0.634543 611.631790 -1230.326971 58.447207
slice22/query/img_08369_c0_1288793060250076us.jpg 0.338078 0.330921 0.611465 -0.634275 610.706762 -1230.151303 58.461446
slice22/query/img_08370_c0_1288793060383430us.jpg 0.339838 0.331715 0.610291 -0.634051 608.850947 -1229.788448 58.484975
slice22/query/img_08371_c0_1288793060450063us.jpg 0.340989 0.331218 0.609926 -0.634044 607.923326 -1229.604434 58.496366
slice22/query/img_08372_c0_1288793060516654us.jpg 0.341796 0.331175 0.609577 -0.633968 606.998555 -1229.419119 58.508859
slice22/query/img_08373_c0_1288793060583394us.jpg 0.342108 0.331890 0.609157 -0.633828 606.073066 -1229.233678 58.526560
slice22/query/img_08374_c0_1288793060716618us.jpg 0.342958 0.333263 0.608305 -0.633467 604.215898 -1228.857059 58.556635
slice22/query/img_08375_c0_1288793060783357us.jpg 0.343842 0.333324 0.608038 -0.633212 603.288268 -1228.663847 58.572220
slice22/query/img_08376_c0_1288793060849969us.jpg 0.344436 0.333702 0.607949 -0.632775 602.363564 -1228.470129 58.591035
slice22/query/img_08377_c0_1288793060983343us.jpg 0.343492 0.335819 0.606947 -0.633130 600.505669 -1228.073212 58.631060
slice22/query/img_08378_c0_1288793061049933us.jpg 0.343535 0.335658 0.605951 -0.634146 599.581633 -1227.873022 58.646340
slice22/query/img_08379_c0_1288793061116546us.jpg 0.343827 0.334790 0.605262 -0.635104 598.661807 -1227.675048 58.662139
slice22/query/img_08380_c0_1288793061250362us.jpg 0.344241 0.333280 0.603553 -0.637296 596.805863 -1227.273577 58.690135
slice22/query/img_08381_c0_1288793061316529us.jpg 0.344150 0.333063 0.602526 -0.638429 595.877447 -1227.074536 58.708647
slice22/query/img_08382_c0_1288793061383247us.jpg 0.343611 0.333128 0.602094 -0.639093 594.948631 -1226.879056 58.733997
slice22/query/img_08383_c0_1288793061449859us.jpg 0.342742 0.332931 0.602262 -0.639505 594.023018 -1226.681573 58.756816
slice22/query/img_08384_c0_1288793061583233us.jpg 0.341407 0.331412 0.602750 -0.640547 592.172700 -1226.289388 58.795001
slice22/query/img_08385_c0_1288793061649823us.jpg 0.340665 0.330987 0.602541 -0.641358 591.244641 -1226.091692 58.815354
slice22/query/img_08386_c0_1288793061716436us.jpg 0.339633 0.331326 0.602129 -0.642117 590.318827 -1225.901694 58.839194
slice22/query/img_08387_c0_1288793061850823us.jpg 0.338433 0.330607 0.602976 -0.642326 588.462818 -1225.521653 58.871295
slice22/query/img_08388_c0_1288793061916404us.jpg 0.337940 0.330006 0.604538 -0.641425 587.537637 -1225.342005 58.888053
slice22/query/img_08389_c0_1288793061983137us.jpg 0.337629 0.329757 0.605555 -0.640757 586.611814 -1225.164143 58.909372
slice22/query/img_08390_c0_1288793062049749us.jpg 0.336926 0.330797 0.605639 -0.640512 585.685431 -1224.986794 58.933962
slice22/query/img_08391_c0_1288793062183128us.jpg 0.335293 0.332180 0.606294 -0.640032 583.833511 -1224.629261 58.978335
slice22/query/img_08392_c0_1288793062249714us.jpg 0.335605 0.331659 0.606117 -0.640308 582.915553 -1224.449860 58.994400
slice22/query/img_08393_c0_1288793062316326us.jpg 0.336210 0.331131 0.605565 -0.640785 581.996354 -1224.274432 59.010271
slice22/query/img_08394_c0_1288793062449681us.jpg 0.338256 0.329440 0.604118 -0.641945 580.162246 -1223.917566 59.043987
slice22/query/img_08395_c0_1288793062516291us.jpg 0.338609 0.329950 0.603864 -0.641736 579.242848 -1223.742698 59.066169
slice22/query/img_08396_c0_1288793062583029us.jpg 0.338111 0.330309 0.604539 -0.641178 578.325542 -1223.568995 59.091713
slice22/query/img_08397_c0_1288793062716274us.jpg 0.338024 0.329021 0.606161 -0.640355 576.494850 -1223.219326 59.131626
slice22/query/img_08398_c0_1288793062782991us.jpg 0.338226 0.328853 0.606610 -0.639908 575.582908 -1223.044777 59.151051
slice22/query/img_08399_c0_1288793062849606us.jpg 0.337974 0.329143 0.606596 -0.639906 574.672145 -1222.872906 59.176134
slice22/query/img_08400_c0_1288793062982977us.jpg 0.336238 0.331159 0.606085 -0.640265 572.847420 -1222.523426 59.223188
slice22/query/img_08401_c0_1288793063049569us.jpg 0.335648 0.330214 0.606303 -0.640856 571.941406 -1222.346309 59.241160
slice22/query/img_08402_c0_1288793063116181us.jpg 0.335784 0.329118 0.607254 -0.640448 571.034361 -1222.175292 59.255466
slice22/query/img_08403_c0_1288793063249553us.jpg 0.335133 0.330899 0.604073 -0.642875 569.211727 -1221.817686 59.295951
slice22/query/img_08404_c0_1288793063316145us.jpg 0.335096 0.331213 0.602377 -0.644322 568.308995 -1221.646358 59.317319
slice22/query/img_08405_c0_1288793063382882us.jpg 0.334861 0.330053 0.602411 -0.645007 567.408218 -1221.470767 59.334108
slice22/query/img_08406_c0_1288793063516109us.jpg 0.334792 0.328637 0.602486 -0.645696 565.598202 -1221.121393 59.370992
slice22/query/img_08407_c0_1288793063582847us.jpg 0.334906 0.328356 0.602917 -0.645377 564.691557 -1220.954135 59.390773
slice22/query/img_08408_c0_1288793063649459us.jpg 0.335775 0.327353 0.604465 -0.643985 563.785934 -1220.791510 59.408202
slice22/query/img_08409_c0_1288793063782810us.jpg 0.336676 0.327108 0.608488 -0.639837 561.963130 -1220.478414 59.445966
slice22/query/img_08410_c0_1288793063849428us.jpg 0.336360 0.329053 0.609358 -0.638176 561.051407 -1220.320212 59.469599
slice22/query/img_08411_c0_1288793063916036us.jpg 0.335904 0.330579 0.609931 -0.637080 560.144392 -1220.157859 59.494162
slice22/query/img_08412_c0_1288793064049386us.jpg 0.336036 0.329515 0.609456 -0.638014 558.336414 -1219.805024 59.521196
slice22/query/img_08413_c0_1288793064115999us.jpg 0.336152 0.329799 0.606805 -0.640329 557.437903 -1219.625034 59.539268
slice22/query/img_08414_c0_1288793064182736us.jpg 0.336066 0.330414 0.604180 -0.642537 556.539724 -1219.444629 59.561090
slice22/query/img_08415_c0_1288793064315963us.jpg 0.336290 0.330592 0.602096 -0.644281 554.741710 -1219.087737 59.600501
slice22/query/img_08416_c0_1288793064382701us.jpg 0.336419 0.330634 0.602924 -0.643418 553.843307 -1218.915713 59.620701
slice22/query/img_08417_c0_1288793064449313us.jpg 0.336384 0.331024 0.604054 -0.642174 552.948981 -1218.748236 59.640568
slice22/query/img_08418_c0_1288793064582661us.jpg 0.336948 0.331809 0.605948 -0.639684 551.153781 -1218.407969 59.684275
slice22/query/img_08419_c0_1288793064649274us.jpg 0.337208 0.332233 0.606081 -0.639201 550.261483 -1218.238457 59.703144
slice22/query/img_08420_c0_1288793064715888us.jpg 0.337202 0.332602 0.605836 -0.639244 549.373243 -1218.062471 59.721927
slice22/query/img_08421_c0_1288793064849239us.jpg 0.337009 0.332334 0.604594 -0.640660 547.594290 -1217.698847 59.758477
slice22/query/img_08422_c0_1288793064915851us.jpg 0.337082 0.332137 0.603168 -0.642066 546.710765 -1217.516399 59.775957
slice22/query/img_08423_c0_1288793064982591us.jpg 0.337002 0.331949 0.601892 -0.643402 545.831752 -1217.337830 59.794333
slice22/query/img_08424_c0_1288793065115836us.jpg 0.337093 0.331049 0.602071 -0.643649 544.061419 -1216.984335 59.833655
slice22/query/img_08425_c0_1288793065182554us.jpg 0.336875 0.330954 0.603057 -0.642889 543.177720 -1216.818418 59.854815
slice22/query/img_08426_c0_1288793065249167us.jpg 0.336787 0.330891 0.603970 -0.642110 542.295532 -1216.651990 59.876354
slice22/query/img_08427_c0_1288793065382541us.jpg 0.336236 0.331064 0.604989 -0.641351 540.525155 -1216.313290 59.908417
slice22/query/img_08428_c0_1288793065449130us.jpg 0.335633 0.331092 0.605195 -0.641458 539.647481 -1216.142006 59.928081
slice22/query/img_08429_c0_1288793065515744us.jpg 0.334995 0.330761 0.605144 -0.642009 538.770002 -1215.966770 59.946465
slice22/query/img_08430_c0_1288793065649097us.jpg 0.334352 0.329596 0.603984 -0.644033 537.016758 -1215.616313 59.975843
slice22/query/img_08431_c0_1288793065715708us.jpg 0.334492 0.329049 0.603521 -0.644674 536.141814 -1215.448912 59.992257
slice22/query/img_08432_c0_1288793065782446us.jpg 0.334623 0.328842 0.603445 -0.644783 535.262859 -1215.283241 60.012203
slice22/query/img_08433_c0_1288793065915701us.jpg 0.334838 0.328621 0.604857 -0.643459 533.505242 -1214.954832 60.046588
slice22/query/img_08434_c0_1288793066049023us.jpg 0.334276 0.328348 0.606896 -0.641968 531.740268 -1214.622627 60.076346
slice22/query/img_08435_c0_1288793066115635us.jpg 0.334353 0.328064 0.607635 -0.641375 530.865079 -1214.462070 60.098292
slice22/query/img_08436_c0_1288793066249007us.jpg 0.334057 0.328013 0.607534 -0.641650 529.103885 -1214.126744 60.134143
slice22/query/img_08437_c0_1288793066315599us.jpg 0.334073 0.328100 0.607518 -0.641613 528.226721 -1213.963209 60.152601
slice22/query/img_08438_c0_1288793066382336us.jpg 0.334028 0.328165 0.607514 -0.641607 527.347564 -1213.797809 60.167540
slice22/query/img_08439_c0_1288793066448950us.jpg 0.334088 0.328216 0.607617 -0.641452 526.475605 -1213.636506 60.183372
slice22/query/img_08440_c0_1288793066582325us.jpg 0.334531 0.327767 0.607900 -0.641182 524.728512 -1213.311296 60.218527
slice22/query/img_08441_c0_1288793066648913us.jpg 0.334551 0.327507 0.608089 -0.641126 523.855074 -1213.149123 60.233340
slice22/query/img_08442_c0_1288793066715525us.jpg 0.334712 0.327533 0.608192 -0.640932 522.980977 -1212.986706 60.250400
slice22/query/img_08443_c0_1288793066848904us.jpg 0.335125 0.327977 0.608338 -0.640349 521.231058 -1212.667240 60.288625
slice22/query/img_08444_c0_1288793066915490us.jpg 0.335312 0.328271 0.608466 -0.639979 520.355849 -1212.508725 60.306347
slice22/query/img_08445_c0_1288793066982228us.jpg 0.335179 0.328642 0.608697 -0.639638 519.480220 -1212.348713 60.323984
slice22/query/img_08446_c0_1288793067048840us.jpg 0.335241 0.328948 0.608646 -0.639497 518.607287 -1212.185827 60.340779
slice22/query/img_08447_c0_1288793067182190us.jpg 0.335456 0.329243 0.608224 -0.639635 516.856678 -1211.849535 60.373272
slice22/query/img_08448_c0_1288793067248826us.jpg 0.335476 0.329624 0.607913 -0.639723 515.983792 -1211.683907 60.389624
slice22/query/img_08449_c0_1288793067382177us.jpg 0.335343 0.330765 0.607787 -0.639323 514.235141 -1211.349327 60.424333
slice22/query/img_08450_c0_1288793067448768us.jpg 0.335281 0.331347 0.607578 -0.639253 513.357875 -1211.181282 60.438084
slice22/query/img_08451_c0_1288793067515379us.jpg 0.335479 0.331976 0.607260 -0.639125 512.485359 -1211.014541 60.452388
slice22/query/img_08452_c0_1288793067648752us.jpg 0.335836 0.332411 0.607203 -0.638765 510.732972 -1210.679898 60.482103
slice22/query/img_08453_c0_1288793067715343us.jpg 0.336119 0.332253 0.607412 -0.638501 509.859521 -1210.507604 60.494082
slice22/query/img_08454_c0_1288793067782080us.jpg 0.336146 0.332743 0.607275 -0.638361 508.984129 -1210.337927 60.505585
slice22/query/img_08455_c0_1288793067915308us.jpg 0.336016 0.333718 0.606982 -0.638200 507.223573 -1209.992894 60.529640
slice22/query/img_08456_c0_1288793067982044us.jpg 0.336045 0.333853 0.606962 -0.638132 506.347477 -1209.820278 60.541128
slice22/query/img_08457_c0_1288793068048663us.jpg 0.336079 0.333881 0.606854 -0.638203 505.471677 -1209.646040 60.550171
slice22/query/img_08458_c0_1288793068115272us.jpg 0.335944 0.333883 0.606738 -0.638383 504.598304 -1209.472493 60.559341
slice22/query/img_08459_c0_1288793068248627us.jpg 0.335291 0.334296 0.606430 -0.638802 502.844964 -1209.119089 60.579035
slice22/query/img_08460_c0_1288793068315234us.jpg 0.334703 0.334880 0.606269 -0.638958 501.969284 -1208.942690 60.592050
slice22/query/img_08461_c0_1288793068381973us.jpg 0.334217 0.335374 0.606225 -0.638995 501.095014 -1208.767183 60.603344
slice22/query/img_08462_c0_1288793068515199us.jpg 0.333602 0.335343 0.607609 -0.638017 499.340226 -1208.415685 60.623851
slice22/query/img_08463_c0_1288793068581936us.jpg 0.333324 0.335270 0.608133 -0.637702 498.456906 -1208.239222 60.629160
slice22/query/img_08464_c0_1288793068648548us.jpg 0.333171 0.335030 0.608603 -0.637460 497.578938 -1208.069337 60.633601
slice22/query/img_08465_c0_1288793068781921us.jpg 0.332960 0.334924 0.608673 -0.637559 495.822974 -1207.713241 60.645919
slice22/query/img_08466_c0_1288793068848511us.jpg 0.332752 0.334923 0.608740 -0.637604 494.941138 -1207.538067 60.649581
slice22/query/img_08467_c0_1288793068915125us.jpg 0.332112 0.335188 0.608923 -0.637623 494.055454 -1207.363470 60.651952
slice22/query/img_08468_c0_1288793069048477us.jpg 0.329462 0.337260 0.609071 -0.637764 492.289137 -1207.008789 60.659220
slice22/query/img_08469_c0_1288793069115111us.jpg 0.328472 0.337920 0.608364 -0.638600 491.405199 -1206.829348 60.658346
slice22/query/img_08470_c0_1288793069181826us.jpg 0.328170 0.337748 0.607726 -0.639452 490.524564 -1206.648469 60.654620
slice22/query/img_08471_c0_1288793069248440us.jpg 0.328139 0.337184 0.607196 -0.640269 489.642154 -1206.471763 60.644873
slice22/query/img_08472_c0_1288793069381809us.jpg 0.327796 0.336498 0.607369 -0.640642 487.873839 -1206.119544 60.642724
