slice22/query/img_07704_c0_1289590310625424us.jpg 0.492245 0.483658 0.513762 -0.509725 729.841709 -1280.597096 57.752209
slice22/query/img_07705_c0_1289590310692036us.jpg 0.491220 0.482871 0.514964 -0.510246 729.193518 -1280.014407 57.749775
slice22/query/img_07706_c0_1289590310825389us.jpg 0.489836 0.480493 0.518277 -0.510467 727.885767 -1278.858923 57.745573
slice22/query/img_07707_c0_1289590310892003us.jpg 0.489368 0.478986 0.519756 -0.510828 727.232042 -1278.286093 57.740186
slice22/query/img_07708_c0_1289590310958615us.jpg 0.488476 0.477793 0.520840 -0.511694 726.575874 -1277.713714 57.738773
slice22/query/img_07709_c0_1289590311091968us.jpg 0.486630 0.475927 0.521221 -0.514795 725.253272 -1276.565557 57.739159
slice22/query/img_07710_c0_1289590311158576us.jpg 0.485388 0.475014 0.521397 -0.516629 724.592149 -1275.996173 57.741790
slice22/query/img_07711_c0_1289590311291934us.jpg 0.482470 0.473242 0.521828 -0.520538 723.254541 -1274.856672 57.751857
slice22/query/img_07712_c0_1289590311358543us.jpg 0.481207 0.472056 0.522277 -0.522331 722.579431 -1274.294323 57.754957
slice22/query/img_07713_c0_1289590311425281us.jpg 0.480177 0.470791 0.522972 -0.523724 721.902270 -1273.733015 57.757498
slice22/query/img_07714_c0_1289590311558531us.jpg 0.477882 0.467946 0.525824 -0.525513 720.526537 -1272.623046 57.752680
slice22/query/img_07715_c0_1289590311625247us.jpg 0.476300 0.466557 0.528194 -0.525807 719.834754 -1272.068052 57.747644
slice22/query/img_07716_c0_1289590311691861us.jpg 0.474478 0.465281 0.530694 -0.526068 719.135792 -1271.520960 57.746387
slice22/query/img_07717_c0_1289590311825219us.jpg 0.471341 0.462631 0.534427 -0.527445 717.727617 -1270.428522 57.739287
slice22/query/img_07718_c0_1289590311891822us.jpg 0.470023 0.461021 0.535892 -0.528543 717.017399 -1269.884608 57.736158
slice22/query/img_07719_c0_1289590311958439us.jpg 0.468710 0.458937 0.537488 -0.529900 716.305750 -1269.340258 57.732057
slice22/query/img_07720_c0_1289590312091795us.jpg 0.467129 0.454347 0.539064 -0.533638 714.873555 -1268.265296 57.728363
slice22/query/img_07721_c0_1289590312158404us.jpg 0.465943 0.452298 0.539496 -0.535973 714.148462 -1267.728550 57.729376
slice22/query/img_07722_c0_1289590312225143us.jpg 0.464131 0.450795 0.540035 -0.538265 713.417096 -1267.193584 57.735025
slice22/query/img_07723_c0_1289590312358396us.jpg 0.459328 0.448690 0.541872 -0.542282 711.933957 -1266.131004 57.747576
slice22/query/img_07724_c0_1289590312425108us.jpg 0.457199 0.447779 0.542843 -0.543861 711.181218 -1265.608385 57.752242
slice22/query/img_07725_c0_1289590312558704us.jpg 0.454217 0.445180 0.545116 -0.546214 709.657640 -1264.573264 57.751120
slice22/query/img_07726_c0_1289590312625092us.jpg 0.453036 0.443456 0.546642 -0.547071 708.888173 -1264.059209 57.747291
slice22/query/img_07727_c0_1289590312691685us.jpg 0.451837 0.441911 0.547995 -0.547959 708.117080 -1263.551326 57.744925
slice22/query/img_07728_c0_1289590312825038us.jpg 0.448855 0.438878 0.550043 -0.550789 706.557945 -1262.538163 57.744952
slice22/query/img_07729_c0_1289590312891674us.jpg 0.447213 0.437564 0.550630 -0.552580 705.775068 -1262.035790 57.748918
slice22/query/img_07730_c0_1289590312958264us.jpg 0.445480 0.436422 0.551117 -0.554394 704.989804 -1261.537524 57.754559
slice22/query/img_07731_c0_1289590313091614us.jpg 0.442062 0.434524 0.552246 -0.557489 703.405720 -1260.550925 57.761823
slice22/query/img_07732_c0_1289590313158226us.jpg 0.440819 0.433150 0.553155 -0.558641 702.607448 -1260.064364 57.763449
slice22/query/img_07733_c0_1289590313224964us.jpg 0.440083 0.431556 0.554239 -0.559380 701.809993 -1259.587606 57.766255
slice22/query/img_07734_c0_1289590313358195us.jpg 0.438364 0.428100 0.556918 -0.560723 700.196340 -1258.635584 57.760310
slice22/query/img_07735_c0_1289590313424929us.jpg 0.436907 0.426858 0.558295 -0.561438 699.382961 -1258.162371 57.761907
slice22/query/img_07736_c0_1289590313491542us.jpg 0.435658 0.425515 0.559428 -0.562299 698.567963 -1257.692625 57.762153
slice22/query/img_07737_c0_1289590313624897us.jpg 0.433323 0.422645 0.562034 -0.563666 696.930102 -1256.762550 57.769431
slice22/query/img_07738_c0_1289590313691506us.jpg 0.432074 0.421377 0.563200 -0.564410 696.098273 -1256.299396 57.772010
slice22/query/img_07739_c0_1289590313758123us.jpg 0.430888 0.420108 0.564406 -0.565058 695.267451 -1255.843816 57.775666
slice22/query/img_07740_c0_1289590313891498us.jpg 0.428879 0.417022 0.567213 -0.566060 693.601622 -1254.938096 57.783997
slice22/query/img_07741_c0_1289590313958085us.jpg 0.427611 0.415604 0.568079 -0.567193 692.764863 -1254.486067 57.789540
slice22/query/img_07742_c0_1289590314024827us.jpg 0.426103 0.414346 0.568557 -0.568767 691.920940 -1254.040076 57.797730
slice22/query/img_07743_c0_1289590314158075us.jpg 0.422377 0.412383 0.569371 -0.572149 690.231432 -1253.154765 57.822334
slice22/query/img_07744_c0_1289590314224791us.jpg 0.420582 0.411171 0.569918 -0.573797 689.377413 -1252.712329 57.831363
slice22/query/img_07745_c0_1289590314291404us.jpg 0.418967 0.409779 0.570441 -0.575452 688.522516 -1252.271578 57.833986
slice22/query/img_07746_c0_1289590314424776us.jpg 0.416398 0.406067 0.572426 -0.577971 686.798783 -1251.397069 57.824249
slice22/query/img_07747_c0_1289590314491367us.jpg 0.415097 0.403959 0.573911 -0.578911 685.929915 -1250.971249 57.819923
slice22/query/img_07748_c0_1289590314557982us.jpg 0.413569 0.401948 0.575293 -0.580031 685.059532 -1250.548137 57.818800
slice22/query/img_07749_c0_1289590314691334us.jpg 0.410340 0.398336 0.577502 -0.582616 683.315077 -1249.723071 57.814332
slice22/query/img_07750_c0_1289590314757947us.jpg 0.408786 0.396448 0.578360 -0.584143 682.437416 -1249.326483 57.822822
slice22/query/img_07751_c0_1289590314824685us.jpg 0.407109 0.394677 0.579235 -0.585644 681.550103 -1248.927678 57.827864
slice22/query/img_07752_c0_1289590314957913us.jpg 0.403162 0.391682 0.581074 -0.588556 679.781448 -1248.152638 57.850219
slice22/query/img_07753_c0_1289590315024647us.jpg 0.401118 0.390185 0.582066 -0.589965 678.876191 -1247.773004 57.855492
slice22/query/img_07754_c0_1289590315091263us.jpg 0.399555 0.388260 0.583115 -0.591258 677.978481 -1247.399018 57.862184
slice22/query/img_07755_c0_1289590315224637us.jpg 0.396662 0.384166 0.585472 -0.593547 676.155028 -1246.651620 57.866068
slice22/query/img_07756_c0_1289590315291227us.jpg 0.394997 0.382353 0.586661 -0.594653 675.243096 -1246.289131 57.874363
slice22/query/img_07757_c0_1289590315357841us.jpg 0.393497 0.380532 0.587739 -0.595750 674.326235 -1245.928331 57.878834
slice22/query/img_07758_c0_1289590315491216us.jpg 0.389694 0.377318 0.589474 -0.598573 672.493789 -1245.210915 57.888234
slice22/query/img_07759_c0_1289590315557807us.jpg 0.387598 0.375747 0.590346 -0.600062 671.568608 -1244.851299 57.889991
slice22/query/img_07760_c0_1289590315624545us.jpg 0.385598 0.374141 0.591106 -0.601603 670.647734 -1244.512881 57.901685
slice22/query/img_07761_c0_1289590315757771us.jpg 0.382187 0.370462 0.592818 -0.604366 668.799391 -1243.854168 57.915466
slice22/query/img_07762_c0_1289590315824509us.jpg 0.380839 0.368356 0.593960 -0.605381 667.854452 -1243.526116 57.915127
slice22/query/img_07763_c0_1289590315891119us.jpg 0.379654 0.366288 0.595014 -0.606345 666.913112 -1243.209702 57.916529
slice22/query/img_07764_c0_1289590316024494us.jpg 0.377026 0.362299 0.598133 -0.607312 665.013223 -1242.593710 57.901943
slice22/query/img_07765_c0_1289590316091088us.jpg 0.375278 0.360985 0.599972 -0.607363 664.053497 -1242.291572 57.918797
slice22/query/img_07766_c0_1289590316224439us.jpg 0.372045 0.358229 0.600940 -0.610021 662.177972 -1241.711297 57.871021
slice22/query/img_07767_c0_1289590316291052us.jpg 0.370059 0.356774 0.600612 -0.612400 661.226908 -1241.415839 57.879883
slice22/query/img_07768_c0_1289590316424412us.jpg 0.366642 0.352905 0.600721 -0.616577 659.263131 -1240.836813 57.904653
slice22/query/img_07769_c0_1289590316491016us.jpg 0.364771 0.351148 0.601081 -0.618336 658.277989 -1240.553135 57.909475
slice22/query/img_07770_c0_1289590316557630us.jpg 0.362856 0.349470 0.601883 -0.619631 657.295270 -1240.280588 57.917902
slice22/query/img_07771_c0_1289590316691004us.jpg 0.359757 0.346209 0.605589 -0.619658 655.321204 -1239.753025 57.929577
slice22/query/img_07772_c0_1289590316757596us.jpg 0.358884 0.344136 0.608710 -0.618260 654.330964 -1239.501059 57.930775
slice22/query/img_07773_c0_1289590316824333us.jpg 0.357296 0.342743 0.610708 -0.617982 653.337146 -1239.255243 57.934965
slice22/query/img_07774_c0_1289590316957587us.jpg 0.356021 0.339728 0.611826 -0.619276 651.334484 -1238.769983 57.938827
slice22/query/img_07775_c0_1289590317024297us.jpg 0.355160 0.337712 0.611916 -0.620782 650.335086 -1238.528774 57.944605
slice22/query/img_07776_c0_1289590317090912us.jpg 0.353630 0.336701 0.611539 -0.622574 649.334188 -1238.292825 57.957274
slice22/query/img_07777_c0_1289590317157524us.jpg 0.351352 0.336494 0.610926 -0.624575 648.328465 -1238.056972 57.972855
slice22/query/img_07778_c0_1289590317290898us.jpg 0.349403 0.335780 0.610823 -0.626150 646.298911 -1237.597163 57.976160
slice22/query/img_07779_c0_1289590317357490us.jpg 0.348588 0.335813 0.610865 -0.626545 645.276123 -1237.366650 57.983964
slice22/query/img_07780_c0_1289590317424229us.jpg 0.348520 0.335333 0.611288 -0.626429 644.246452 -1237.137185 57.988000
slice22/query/img_07781_c0_1289590317624201us.jpg 0.351369 0.331755 0.615956 -0.622154 641.211576 -1236.551465 58.044765
slice22/query/img_07782_c0_1289590317757446us.jpg 0.352372 0.330928 0.615238 -0.622738 639.096638 -1236.124278 58.079716
slice22/query/img_07783_c0_1289590317824158us.jpg 0.350509 0.332630 0.614763 -0.623352 638.087823 -1235.899542 58.096449
slice22/query/img_07784_c0_1289590317890772us.jpg 0.348132 0.334656 0.614601 -0.623759 637.064973 -1235.677443 58.117655
slice22/query/img_07785_c0_1289590318024123us.jpg 0.345972 0.336206 0.614185 -0.624536 635.019561 -1235.241532 58.137554
slice22/query/img_07786_c0_1289590318090734us.jpg 0.346484 0.335713 0.613825 -0.624871 633.993863 -1235.027957 58.141616
slice22/query/img_07787_c0_1289590318224113us.jpg 0.349825 0.332977 0.613419 -0.624873 631.927197 -1234.595398 58.151561
slice22/query/img_07788_c0_1289590318290721us.jpg 0.350724 0.331763 0.613512 -0.624923 630.881385 -1234.374003 58.154704
slice22/query/img_07789_c0_1289590318357313us.jpg 0.350791 0.330858 0.613720 -0.625161 629.833868 -1234.153370 58.168262
slice22/query/img_07790_c0_1289590318424051us.jpg 0.350044 0.330932 0.613174 -0.626075 628.783451 -1233.929393 58.192168
slice22/query/img_07791_c0_1289590318557277us.jpg 0.349001 0.331050 0.611376 -0.628350 626.690222 -1233.486341 58.173700
slice22/query/img_07792_c0_1289590318624015us.jpg 0.347442 0.331518 0.610860 -0.629468 625.626226 -1233.255900 58.205280
slice22/query/img_07793_c0_1289590318690630us.jpg 0.345966 0.332187 0.610792 -0.629994 624.564616 -1233.032296 58.238208
slice22/query/img_07794_c0_1289590318823983us.jpg 0.344789 0.332250 0.611483 -0.629936 622.465596 -1232.586247 58.293169
slice22/query/img_07795_c0_1289590318890596us.jpg 0.344742 0.331291 0.612032 -0.629933 621.407326 -1232.366980 58.303879
slice22/query/img_07796_c0_1289590318957209us.jpg 0.344999 0.329971 0.613012 -0.629532 620.350271 -1232.150887 58.313234
slice22/query/img_07797_c0_1289590319023947us.jpg 0.345145 0.328946 0.613568 -0.629447 619.294694 -1231.943633 58.327461
slice22/query/img_07798_c0_1289590319157174us.jpg 0.344416 0.327410 0.614165 -0.630065 617.184150 -1231.507331 58.363127
slice22/query/img_07799_c0_1289590319223913us.jpg 0.343487 0.327350 0.613639 -0.631115 616.128417 -1231.292878 58.386547
slice22/query/img_07800_c0_1289590319290526us.jpg 0.342813 0.327219 0.613014 -0.632156 615.064694 -1231.073732 58.413869
slice22/query/img_07801_c0_1289590319423898us.jpg 0.340448 0.327441 0.612541 -0.633775 612.925937 -1230.642661 58.455460
slice22/query/img_07802_c0_1289590319490489us.jpg 0.339120 0.327632 0.612844 -0.634096 611.857779 -1230.428532 58.475918
slice22/query/img_07803_c0_1289590319557104us.jpg 0.338502 0.327482 0.612797 -0.634549 610.787693 -1230.219341 58.494317
slice22/query/img_07804_c0_1289590319690456us.jpg 0.339086 0.326089 0.612777 -0.634973 608.636558 -1229.809306 58.515665
slice22/query/img_07805_c0_1289590319757084us.jpg 0.339672 0.324765 0.613302 -0.634831 607.556693 -1229.605849 58.528153
slice22/query/img_07806_c0_1289590319823805us.jpg 0.340042 0.324051 0.614020 -0.634304 606.472992 -1229.400241 58.540473
slice22/query/img_07807_c0_1289590319890418us.jpg 0.340274 0.324469 0.614778 -0.633230 605.386409 -1229.199625 58.560083
slice22/query/img_07808_c0_1289590320023770us.jpg 0.342451 0.325165 0.615456 -0.631038 603.201599 -1228.802788 58.598354
slice22/query/img_07809_c0_1289590320090384us.jpg 0.343517 0.325755 0.615673 -0.629942 602.111592 -1228.598095 58.618767
slice22/query/img_07810_c0_1289590320156999us.jpg 0.343639 0.327211 0.615732 -0.629062 601.018593 -1228.386794 58.641872
slice22/query/img_07811_c0_1289590320290349us.jpg 0.344910 0.328405 0.614294 -0.629150 598.821695 -1227.951506 58.685011
slice22/query/img_07812_c0_1289590320356962us.jpg 0.345872 0.328536 0.613067 -0.629750 597.722850 -1227.727091 58.702907
slice22/query/img_07813_c0_1289590320423701us.jpg 0.346841 0.328960 0.611411 -0.630605 596.626781 -1227.502721 58.725508
slice22/query/img_07814_c0_1289590320556949us.jpg 0.347977 0.330308 0.607845 -0.632718 594.422355 -1227.033764 58.773646
slice22/query/img_07815_c0_1289590320623664us.jpg 0.347686 0.330739 0.606815 -0.633642 593.318706 -1226.798849 58.800354
slice22/query/img_07816_c0_1289590320690279us.jpg 0.347338 0.331010 0.606306 -0.634177 592.218682 -1226.568607 58.828206
slice22/query/img_07817_c0_1289590320823632us.jpg 0.346305 0.332388 0.604956 -0.635310 590.041148 -1226.094019 58.880259
slice22/query/img_07818_c0_1289590320890244us.jpg 0.345955 0.333006 0.604555 -0.635559 588.930880 -1225.862364 58.907529
slice22/query/img_07819_c0_1289590320956857us.jpg 0.345480 0.332909 0.604949 -0.635494 587.816856 -1225.632044 58.936680
slice22/query/img_07820_c0_1289590321090229us.jpg 0.344302 0.333276 0.605684 -0.635240 585.653831 -1225.150731 58.979211
slice22/query/img_07821_c0_1289590321156824us.jpg 0.342691 0.333637 0.605563 -0.636037 584.539354 -1224.908375 59.005197
slice22/query/img_07822_c0_1289590321223559us.jpg 0.340843 0.333427 0.605302 -0.637387 583.422305 -1224.668835 59.027837
slice22/query/img_07823_c0_1289590321356808us.jpg 0.339431 0.331347 0.603966 -0.640485 581.198378 -1224.203378 59.057734
slice22/query/img_07824_c0_1289590321423522us.jpg 0.339580 0.330168 0.602963 -0.641958 580.081110 -1223.977764 59.073750
slice22/query/img_07825_c0_1289590321490137us.jpg 0.339428 0.329937 0.602710 -0.642394 578.969629 -1223.761897 59.096882
slice22/query/img_07826_c0_1289590321623490us.jpg 0.339039 0.328056 0.606004 -0.640461 576.748996 -1223.355999 59.146507
slice22/query/img_07827_c0_1289590321690102us.jpg 0.339768 0.327264 0.608098 -0.638492 575.635341 -1223.151466 59.166870
slice22/query/img_07828_c0_1289590321756716us.jpg 0.339650 0.326977 0.609320 -0.637537 574.522618 -1222.949414 59.194083
slice22/query/img_07829_c0_1289590321890094us.jpg 0.339744 0.329747 0.610019 -0.635388 572.291090 -1222.551549 59.244617
slice22/query/img_07830_c0_1289590321956680us.jpg 0.339938 0.328954 0.610144 -0.635576 571.177012 -1222.336837 59.263137
slice22/query/img_07831_c0_1289590322023417us.jpg 0.339482 0.329702 0.609158 -0.636376 570.065117 -1222.117662 59.285721
slice22/query/img_07832_c0_1289590322090031us.jpg 0.339832 0.330973 0.606817 -0.637765 568.956529 -1221.906866 59.313098
slice22/query/img_07833_c0_1289590322223389us.jpg 0.339915 0.330746 0.603605 -0.640879 566.747895 -1221.474702 59.359942
slice22/query/img_07834_c0_1289590322289997us.jpg 0.340289 0.330629 0.602918 -0.641387 565.636699 -1221.253813 59.384614
slice22/query/img_07835_c0_1289590322356610us.jpg 0.340659 0.330471 0.603164 -0.641040 564.523822 -1221.042605 59.409663
slice22/query/img_07836_c0_1289590322489963us.jpg 0.342578 0.329120 0.607441 -0.636660 562.288192 -1220.632164 59.451356
slice22/query/img_07837_c0_1289590322556574us.jpg 0.342427 0.331082 0.608688 -0.634530 561.160661 -1220.422056 59.474729
slice22/query/img_07838_c0_1289590322623314us.jpg 0.342312 0.332498 0.609552 -0.633019 560.042227 -1220.213348 59.500023
slice22/query/img_07839_c0_1289590322757953us.jpg 0.342977 0.331136 0.610596 -0.632367 557.813247 -1219.767896 59.530506
slice22/query/img_07840_c0_1289590322823283us.jpg 0.341994 0.331148 0.608370 -0.635033 556.699863 -1219.535979 59.549663
slice22/query/img_07841_c0_1289590322889890us.jpg 0.341973 0.330390 0.606122 -0.637584 555.584322 -1219.303612 59.566150
slice22/query/img_07842_c0_1289590322956504us.jpg 0.341448 0.329886 0.603719 -0.640400 554.472757 -1219.068428 59.585076
slice22/query/img_07843_c0_1289590323089878us.jpg 0.339983 0.329777 0.602630 -0.642259 552.241561 -1218.621946 59.644558
slice22/query/img_07844_c0_1289590323156490us.jpg 0.339515 0.329925 0.603386 -0.641719 551.117712 -1218.401230 59.668064
slice22/query/img_07845_c0_1289590323223206us.jpg 0.339320 0.330191 0.604513 -0.640624 549.994997 -1218.185024 59.692172
slice22/query/img_07846_c0_1289590323289820us.jpg 0.339509 0.329975 0.606004 -0.639226 548.874612 -1217.969666 59.713637
slice22/query/img_07847_c0_1289590323423197us.jpg 0.339514 0.329221 0.606934 -0.638730 546.644374 -1217.530616 59.756429
slice22/query/img_07848_c0_1289590323489785us.jpg 0.339849 0.328580 0.606263 -0.639518 545.527068 -1217.313412 59.776966
slice22/query/img_07849_c0_1289590323556400us.jpg 0.339760 0.328066 0.605351 -0.640692 544.413488 -1217.096728 59.801988
slice22/query/img_07850_c0_1289590323689754us.jpg 0.339347 0.327803 0.604626 -0.641729 542.195956 -1216.660265 59.856033
slice22/query/img_07851_c0_1289590323756368us.jpg 0.338503 0.328390 0.604242 -0.642236 541.068095 -1216.432934 59.876358
slice22/query/img_07852_c0_1289590323823102us.jpg 0.337887 0.329054 0.604458 -0.642017 539.950037 -1216.215562 59.904514
slice22/query/img_07853_c0_1289590323889715us.jpg 0.336934 0.329664 0.604831 -0.641854 538.832645 -1216.005609 59.935091
slice22/query/img_07854_c0_1289590324023070us.jpg 0.337185 0.328454 0.606130 -0.641117 536.584536 -1215.567502 59.974596
slice22/query/img_07855_c0_1289590324089700us.jpg 0.337429 0.327812 0.606329 -0.641128 535.460320 -1215.349351 59.993973
slice22/query/img_07856_c0_1289590324156294us.jpg 0.337810 0.327464 0.606156 -0.641270 534.340561 -1215.133426 60.013457
slice22/query/img_07857_c0_1289590324223031us.jpg 0.337779 0.327492 0.606237 -0.641195 533.221066 -1214.923006 60.042017
slice22/query/img_07858_c0_1289590324356264us.jpg 0.336927 0.327617 0.606954 -0.640901 530.980910 -1214.499901 60.093471
slice22/query/img_07859_c0_1289590324422996us.jpg 0.336619 0.327583 0.607358 -0.640698 529.857720 -1214.280654 60.113978
slice22/query/img_07860_c0_1289590324489609us.jpg 0.336252 0.327669 0.607763 -0.640462 528.734190 -1214.060417 60.132767
slice22/query/img_07861_c0_1289590324556223us.jpg 0.335836 0.327985 0.607762 -0.640519 527.611817 -1213.844749 60.151328
slice22/query/img_07862_c0_1289590324689577us.jpg 0.336383 0.327927 0.608413 -0.639644 525.366082 -1213.418470 60.195749
slice22/query/img_07863_c0_1289590324756188us.jpg 0.336706 0.327345 0.608758 -0.639444 524.244976 -1213.206096 60.213364
slice22/query/img_07864_c0_1289590324822927us.jpg 0.336852 0.327057 0.608804 -0.639470 523.126440 -1212.986667 60.228055
slice22/query/img_07865_c0_1289590324889539us.jpg 0.336827 0.326977 0.608790 -0.639538 522.009907 -1212.769031 60.246194
slice22/query/img_07866_c0_1289590325022915us.jpg 0.336401 0.327513 0.608563 -0.639703 519.762146 -1212.333779 60.290755
slice22/query/img_07867_c0_1289590325089505us.jpg 0.336020 0.327919 0.608772 -0.639497 518.644002 -1212.116219 60.313279
slice22/query/img_07868_c0_1289590325156118us.jpg 0.335628 0.328231 0.608785 -0.639531 517.525623 -1211.903800 60.332830
slice22/query/img_07869_c0_1289590325289492us.jpg 0.336066 0.328288 0.609718 -0.638381 515.276001 -1211.475149 60.374573
slice22/query/img_07870_c0_1289590325356084us.jpg 0.335908 0.328487 0.609545 -0.638527 514.157705 -1211.254982 60.384923
slice22/query/img_07871_c0_1289590325489432us.jpg 0.334987 0.329283 0.608904 -0.639212 511.921338 -1210.815746 60.424490
slice22/query/img_07872_c0_1289590325556046us.jpg 0.334781 0.329536 0.608837 -0.639253 510.809833 -1210.597280 60.442548
slice22/query/img_07873_c0_1289590325756034us.jpg 0.334784 0.330524 0.609625 -0.637990 507.462929 -1209.992985 60.537231
slice22/query/img_07874_c0_1289590325889388us.jpg 0.334565 0.331077 0.609746 -0.637702 505.227350 -1209.558827 60.581680
slice22/query/img_07875_c0_1289590325955978us.jpg 0.334472 0.331144 0.609779 -0.637684 504.111904 -1209.340164 60.585789
slice22/query/img_07876_c0_1289590326022716us.jpg 0.333991 0.331415 0.610060 -0.637527 502.990678 -1209.117143 60.597680
slice22/query/img_07877_c0_1289590326089329us.jpg 0.333436 0.331854 0.609955 -0.637690 501.870538 -1208.901277 60.610269
slice22/query/img_07878_c0_1289590326222699us.jpg 0.332625 0.333110 0.610056 -0.637362 499.627297 -1208.484178 60.647250
slice22/query/img_07879_c0_1289590326355909us.jpg 0.332137 0.333144 0.611198 -0.636504 497.358254 -1208.047424 60.667874
slice22/query/img_07880_c0_1289590326422646us.jpg 0.331826 0.333220 0.611317 -0.636511 496.243767 -1207.834365 60.675324
slice22/query/img_07881_c0_1289590326489255us.jpg 0.331860 0.333370 0.611150 -0.636576 495.116365 -1207.622130 60.681705
slice22/query/img_07882_c0_1289590326622631us.jpg 0.330541 0.334610 0.611230 -0.636535 492.879452 -1207.195342 60.686300
slice22/query/img_07883_c0_1289590326689223us.jpg 0.329131 0.335718 0.611067 -0.636838 491.754987 -1206.977978 60.704950
slice22/query/img_07884_c0_1289590326755837us.jpg 0.328584 0.336351 0.610526 -0.637306 490.623594 -1206.770201 60.714064
slice22/query/img_07885_c0_1289590326822574us.jpg 0.327620 0.336617 0.609575 -0.638571 489.491029 -1206.556979 60.711138
