slice22/query/img_07365_c0_1290445319145112us.jpg 0.493961 0.487820 0.507450 -0.510420 730.624442 -1281.174098 57.814934
slice22/query/img_07366_c0_1290445319278463us.jpg 0.491402 0.485651 0.510459 -0.511955 729.228993 -1279.895360 57.806662
slice22/query/img_07367_c0_1290445319345074us.jpg 0.490156 0.484650 0.512251 -0.512310 728.522148 -1279.276673 57.806332
slice22/query/img_07368_c0_1290445319411810us.jpg 0.489163 0.483242 0.514417 -0.512417 727.811471 -1278.655481 57.801575
slice22/query/img_07369_c0_1290445319545038us.jpg 0.486993 0.480499 0.517781 -0.513673 726.407821 -1277.416427 57.787021
slice22/query/img_07370_c0_1290445319611794us.jpg 0.485661 0.479409 0.518407 -0.515320 725.699757 -1276.797932 57.783832
slice22/query/img_07371_c0_1290445319678385us.jpg 0.484343 0.478112 0.518619 -0.517547 724.989228 -1276.182834 57.783320
slice22/query/img_07372_c0_1290445319744998us.jpg 0.482952 0.476853 0.518559 -0.520063 724.276056 -1275.567104 57.782672
slice22/query/img_07373_c0_1290445319811736us.jpg 0.481145 0.475737 0.518829 -0.522484 723.554799 -1274.963959 57.788029
slice22/query/img_07374_c0_1290445319944960us.jpg 0.478326 0.473049 0.520400 -0.525940 722.079837 -1273.760651 57.792512
slice22/query/img_07375_c0_1290445320011698us.jpg 0.477247 0.471547 0.521844 -0.526838 721.340047 -1273.165335 57.789559
slice22/query/img_07376_c0_1290445320078310us.jpg 0.475955 0.470237 0.523905 -0.527131 720.592661 -1272.571136 57.784875
slice22/query/img_07377_c0_1290445320211661us.jpg 0.472778 0.467672 0.529578 -0.526604 719.085067 -1271.390778 57.778223
slice22/query/img_07378_c0_1290445320278278us.jpg 0.471035 0.466497 0.532096 -0.526669 718.322045 -1270.797603 57.769662
slice22/query/img_07379_c0_1290445320344886us.jpg 0.469752 0.465098 0.533979 -0.527147 717.556785 -1270.215494 57.762904
slice22/query/img_07380_c0_1290445320411622us.jpg 0.468565 0.463557 0.535401 -0.528116 716.791605 -1269.637041 57.755491
slice22/query/img_07381_c0_1290445320544850us.jpg 0.466898 0.459403 0.536797 -0.531794 715.252532 -1268.488840 57.750816
slice22/query/img_07382_c0_1290445320611586us.jpg 0.465953 0.457338 0.536942 -0.534251 714.471899 -1267.914583 57.751072
slice22/query/img_07383_c0_1290445320678197us.jpg 0.464851 0.455463 0.537137 -0.536611 713.689758 -1267.342460 57.755704
slice22/query/img_07384_c0_1290445320811546us.jpg 0.460811 0.453418 0.538341 -0.540606 712.103207 -1266.217003 57.772666
slice22/query/img_07385_c0_1290445320944786us.jpg 0.456961 0.451791 0.540443 -0.543132 710.531458 -1265.111956 57.787778
slice22/query/img_07386_c0_1290445321011508us.jpg 0.455560 0.450557 0.541585 -0.544196 709.726832 -1264.558533 57.783739
slice22/query/img_07387_c0_1290445321078126us.jpg 0.454191 0.448962 0.543014 -0.545233 708.919226 -1264.006800 57.780357
slice22/query/img_07388_c0_1290445321144734us.jpg 0.453236 0.447098 0.544323 -0.546253 708.106394 -1263.457500 57.774877
slice22/query/img_07389_c0_1290445321278105us.jpg 0.450446 0.443626 0.546216 -0.549493 706.476206 -1262.363570 57.768462
slice22/query/img_07390_c0_1290445321344694us.jpg 0.448724 0.442215 0.546676 -0.551577 705.656453 -1261.819474 57.771166
slice22/query/img_07391_c0_1290445321479115us.jpg 0.445195 0.439832 0.547892 -0.555125 703.990348 -1260.746386 57.770885
slice22/query/img_07392_c0_1290445321544660us.jpg 0.443432 0.438542 0.548988 -0.556472 703.155697 -1260.216952 57.772153
slice22/query/img_07393_c0_1290445321611396us.jpg 0.442117 0.436989 0.550063 -0.557677 702.313595 -1259.694109 57.770013
slice22/query/img_07394_c0_1290445321678011us.jpg 0.441010 0.435056 0.551485 -0.558660 701.466989 -1259.180155 57.767850
slice22/query/img_07395_c0_1290445321811384us.jpg 0.438246 0.431014 0.555040 -0.560444 699.760623 -1258.152778 57.764150
slice22/query/img_07396_c0_1290445321877994us.jpg 0.436821 0.429029 0.556647 -0.561486 698.906108 -1257.653441 57.767080
slice22/query/img_07397_c0_1290445321944585us.jpg 0.435346 0.427191 0.558032 -0.562657 698.045961 -1257.152144 57.767155
slice22/query/img_07398_c0_1290445322011321us.jpg 0.433993 0.425424 0.559407 -0.563674 697.182524 -1256.660231 57.772954
slice22/query/img_07399_c0_1290445322077935us.jpg 0.432252 0.423949 0.560905 -0.564634 696.307532 -1256.161893 57.773713
slice22/query/img_07400_c0_1290445322211284us.jpg 0.429234 0.420604 0.564198 -0.566155 694.551917 -1255.186971 57.766191
slice22/query/img_07401_c0_1290445322277917us.jpg 0.427551 0.418790 0.565571 -0.567401 693.654137 -1254.700218 57.764075
slice22/query/img_07402_c0_1290445322344511us.jpg 0.425949 0.417170 0.566269 -0.569101 692.752248 -1254.221578 57.768534
slice22/query/img_07403_c0_1290445322477861us.jpg 0.422426 0.413937 0.567431 -0.572918 690.976340 -1253.286516 57.786851
slice22/query/img_07404_c0_1290445322544494us.jpg 0.420072 0.412602 0.568094 -0.574950 690.088121 -1252.820464 57.793810
slice22/query/img_07405_c0_1290445322611210us.jpg 0.418077 0.411133 0.568751 -0.576804 689.189342 -1252.360763 57.800540
slice22/query/img_07406_c0_1290445322677822us.jpg 0.416298 0.409291 0.569916 -0.578250 688.286223 -1251.902626 57.800951
slice22/query/img_07407_c0_1290445322811193us.jpg 0.413212 0.405127 0.572950 -0.580393 686.463637 -1251.007986 57.791024
slice22/query/img_07408_c0_1290445322877806us.jpg 0.411750 0.402880 0.574591 -0.581374 685.546071 -1250.557060 57.781137
slice22/query/img_07409_c0_1290445322944397us.jpg 0.410017 0.400908 0.576111 -0.582456 684.621006 -1250.117919 57.779173
slice22/query/img_07410_c0_1290445323011135us.jpg 0.408033 0.398846 0.577455 -0.583932 683.690797 -1249.681525 57.777520
slice22/query/img_07411_c0_1290445323077747us.jpg 0.406129 0.397022 0.578439 -0.585526 682.759949 -1249.269648 57.785156
slice22/query/img_07412_c0_1290445323211098us.jpg 0.401848 0.393436 0.580284 -0.589064 680.868433 -1248.436571 57.828360
slice22/query/img_07413_c0_1290445323277710us.jpg 0.399482 0.392014 0.581278 -0.590640 679.919103 -1248.018264 57.830448
slice22/query/img_07414_c0_1290445323344322us.jpg 0.397306 0.390378 0.582246 -0.592236 678.969443 -1247.616586 57.831099
slice22/query/img_07415_c0_1290445323477673us.jpg 0.393819 0.386613 0.584765 -0.594548 677.083528 -1246.879310 57.850087
slice22/query/img_07416_c0_1290445323544305us.jpg 0.392327 0.384617 0.586152 -0.595462 676.104669 -1246.504276 57.855914
slice22/query/img_07417_c0_1290445323611029us.jpg 0.390686 0.382657 0.587398 -0.596575 675.127519 -1246.135203 57.866036
slice22/query/img_07418_c0_1290445323677635us.jpg 0.389077 0.380664 0.588537 -0.597778 674.137344 -1245.762160 57.872455
slice22/query/img_07419_c0_1290445323744247us.jpg 0.387184 0.378799 0.589421 -0.599319 673.137188 -1245.386552 57.881413
slice22/query/img_07420_c0_1290445323877620us.jpg 0.383162 0.375671 0.590996 -0.602315 671.240022 -1244.732219 57.892849
slice22/query/img_07421_c0_1290445323944209us.jpg 0.381236 0.373946 0.591594 -0.604020 670.259640 -1244.393506 57.900248
slice22/query/img_07422_c0_1290445324010947us.jpg 0.379563 0.372082 0.592475 -0.605360 669.285792 -1244.062508 57.905999
slice22/query/img_07423_c0_1290445324077558us.jpg 0.378168 0.370055 0.593539 -0.606432 668.297030 -1243.728779 57.902360
slice22/query/img_07424_c0_1290445324210910us.jpg 0.376274 0.366071 0.596343 -0.607276 666.327432 -1243.099615 57.906091
slice22/query/img_07425_c0_1290445324344137us.jpg 0.373599 0.363359 0.599904 -0.607050 664.356316 -1242.500663 57.939606
slice22/query/img_07426_c0_1290445324477482us.jpg 0.370498 0.361192 0.601486 -0.608675 662.358923 -1241.902694 57.956298
slice22/query/img_07427_c0_1290445324544097us.jpg 0.368805 0.359803 0.601203 -0.610802 661.358624 -1241.595165 57.959424
slice22/query/img_07428_c0_1290445324610834us.jpg 0.367090 0.358281 0.600527 -0.613390 660.364581 -1241.295174 57.961500
slice22/query/img_07429_c0_1290445324677445us.jpg 0.365256 0.356676 0.600116 -0.615817 659.355314 -1241.000039 57.967288
slice22/query/img_07430_c0_1290445324810820us.jpg 0.362408 0.353836 0.600358 -0.618895 657.343703 -1240.456314 57.975651
slice22/query/img_07431_c0_1290445324877410us.jpg 0.360968 0.352539 0.601063 -0.619791 656.322399 -1240.175466 57.981005
slice22/query/img_07432_c0_1290445324944028us.jpg 0.359410 0.351101 0.603240 -0.619398 655.299638 -1239.905900 57.990207
slice22/query/img_07433_c0_1290445325010759us.jpg 0.358655 0.349223 0.606315 -0.617893 654.271697 -1239.646951 57.994174
slice22/query/img_07434_c0_1290445325143984us.jpg 0.356601 0.346552 0.609612 -0.617341 652.226560 -1239.127996 58.009865
slice22/query/img_07435_c0_1290445325210740us.jpg 0.356131 0.344564 0.609852 -0.618488 651.203744 -1238.869371 58.010472
slice22/query/img_07436_c0_1290445325277333us.jpg 0.354902 0.342392 0.609812 -0.620437 650.173665 -1238.610294 58.015191
slice22/query/img_07437_c0_1290445325343945us.jpg 0.352985 0.341099 0.609201 -0.622838 649.136463 -1238.356926 58.024794
slice22/query/img_07438_c0_1290445325477297us.jpg 0.348641 0.339903 0.607863 -0.627231 647.095520 -1237.908296 58.037192
slice22/query/img_07439_c0_1290445325543930us.jpg 0.346841 0.339376 0.607287 -0.629069 646.031111 -1237.658949 58.054816
slice22/query/img_07440_c0_1290445325610645us.jpg 0.345620 0.339059 0.607247 -0.629950 644.962446 -1237.414101 58.069767
slice22/query/img_07441_c0_1290445325677258us.jpg 0.344869 0.338142 0.607877 -0.630246 643.892344 -1237.175157 58.080449
slice22/query/img_07442_c0_1290445325810688us.jpg 0.345358 0.334999 0.611244 -0.628398 641.786071 -1236.730584 58.090942
slice22/query/img_07443_c0_1290445325877243us.jpg 0.346168 0.333284 0.612406 -0.627733 640.720774 -1236.512848 58.095184
slice22/query/img_07444_c0_1290445325943831us.jpg 0.346807 0.332369 0.612671 -0.627606 639.651665 -1236.288936 58.100184
slice22/query/img_07445_c0_1290445326010568us.jpg 0.345901 0.333002 0.612874 -0.627572 638.587121 -1236.058588 58.118557
slice22/query/img_07446_c0_1290445326077181us.jpg 0.344058 0.334522 0.613332 -0.627329 637.512909 -1235.836092 58.141931
slice22/query/img_07447_c0_1290445326210532us.jpg 0.341163 0.336640 0.613571 -0.627544 635.379553 -1235.373903 58.168272
slice22/query/img_07448_c0_1290445326277144us.jpg 0.341477 0.336563 0.613188 -0.627789 634.311459 -1235.157716 58.175201
slice22/query/img_07449_c0_1290445326410514us.jpg 0.345286 0.334634 0.612432 -0.627475 632.154444 -1234.720555 58.195080
slice22/query/img_07450_c0_1290445326477107us.jpg 0.346785 0.333904 0.612398 -0.627070 631.079906 -1234.510028 58.206603
slice22/query/img_07451_c0_1290445326610458us.jpg 0.347999 0.333394 0.612216 -0.626847 628.902850 -1234.073681 58.246480
slice22/query/img_07452_c0_1290445326677090us.jpg 0.347411 0.334341 0.611117 -0.627740 627.797412 -1233.841606 58.268411
slice22/query/img_07453_c0_1290445326743683us.jpg 0.346928 0.334987 0.610074 -0.628677 626.690715 -1233.613998 58.292975
slice22/query/img_07454_c0_1290445326810420us.jpg 0.346082 0.336049 0.609273 -0.629353 625.585412 -1233.404451 58.312369
slice22/query/img_07455_c0_1290445326944423us.jpg 0.344571 0.338156 0.608486 -0.629814 623.412176 -1232.938022 58.332489
slice22/query/img_07456_c0_1290445327010382us.jpg 0.344624 0.338456 0.608473 -0.629637 622.331628 -1232.707478 58.343778
slice22/query/img_07457_c0_1290445327076996us.jpg 0.345218 0.337880 0.608733 -0.629369 621.249529 -1232.475124 58.351577
slice22/query/img_07458_c0_1290445327143606us.jpg 0.345523 0.337105 0.609050 -0.629311 620.167430 -1232.237872 58.360986
slice22/query/img_07459_c0_1290445327210344us.jpg 0.346151 0.336091 0.609133 -0.629428 619.080027 -1232.005157 58.367063
slice22/query/img_07460_c0_1290445327343571us.jpg 0.346186 0.334918 0.609046 -0.630117 616.917858 -1231.537722 58.400352
slice22/query/img_07461_c0_1290445327410308us.jpg 0.345468 0.334605 0.608525 -0.631180 615.814335 -1231.294136 58.413781
slice22/query/img_07462_c0_1290445327476919us.jpg 0.344532 0.334435 0.607391 -0.632872 614.717046 -1231.052126 58.429102
slice22/query/img_07463_c0_1290445327543532us.jpg 0.343219 0.334199 0.606817 -0.634260 613.612578 -1230.817315 58.447321
slice22/query/img_07464_c0_1290445327676885us.jpg 0.341415 0.334056 0.606747 -0.635375 611.433368 -1230.394000 58.467441
slice22/query/img_07465_c0_1290445327743516us.jpg 0.340437 0.333777 0.606501 -0.636280 610.339166 -1230.164913 58.483874
slice22/query/img_07466_c0_1290445327810232us.jpg 0.339740 0.333237 0.606304 -0.637122 609.240727 -1229.931234 58.495634
slice22/query/img_07467_c0_1290445327876845us.jpg 0.339720 0.331870 0.606547 -0.637616 608.144208 -1229.707723 58.508184
slice22/query/img_07468_c0_1290445327943457us.jpg 0.339958 0.330091 0.607305 -0.637691 607.043763 -1229.486332 58.517916
slice22/query/img_07469_c0_1290445328076830us.jpg 0.340213 0.328296 0.609389 -0.636492 604.851048 -1229.065888 58.553777
slice22/query/img_07470_c0_1290445328143424us.jpg 0.340316 0.327728 0.609828 -0.636309 603.741122 -1228.853006 58.571767
slice22/query/img_07471_c0_1290445328210158us.jpg 0.340489 0.327258 0.610229 -0.636074 602.629008 -1228.641852 58.593395
slice22/query/img_07472_c0_1290445328276769us.jpg 0.339885 0.327627 0.610585 -0.635865 601.501775 -1228.427672 58.617336
slice22/query/img_07473_c0_1290445328410987us.jpg 0.339107 0.328570 0.610310 -0.636057 599.273204 -1227.997533 58.663336
slice22/query/img_07474_c0_1290445328476754us.jpg 0.339126 0.327864 0.610136 -0.636579 598.157767 -1227.773030 58.681217
slice22/query/img_07475_c0_1290445328543345us.jpg 0.339751 0.327340 0.609634 -0.636996 597.035783 -1227.553603 58.700210
slice22/query/img_07476_c0_1290445328610083us.jpg 0.340213 0.327195 0.608660 -0.637755 595.914094 -1227.334696 58.723072
slice22/query/img_07477_c0_1290445328676695us.jpg 0.340440 0.327250 0.607778 -0.638446 594.790364 -1227.111566 58.748681
slice22/query/img_07478_c0_1290445328810050us.jpg 0.339889 0.327459 0.606971 -0.639400 592.551902 -1226.669912 58.796495
slice22/query/img_07479_c0_1290445328876656us.jpg 0.339903 0.327367 0.606800 -0.639602 591.423868 -1226.443300 58.821413
slice22/query/img_07480_c0_1290445328943270us.jpg 0.339200 0.328141 0.606685 -0.639688 590.291653 -1226.211260 58.848188
slice22/query/img_07481_c0_1290445329010005us.jpg 0.339024 0.328821 0.606572 -0.639539 589.164002 -1225.988072 58.877461
slice22/query/img_07482_c0_1290445329143259us.jpg 0.339353 0.328750 0.608298 -0.637759 586.896654 -1225.552991 58.921369
slice22/query/img_07483_c0_1290445329209969us.jpg 0.339559 0.329761 0.608460 -0.636972 585.757718 -1225.333048 58.949214
slice22/query/img_07484_c0_1290445329276582us.jpg 0.338500 0.331194 0.608216 -0.637025 584.613493 -1225.106955 58.974532
slice22/query/img_07485_c0_1290445329343192us.jpg 0.338320 0.331926 0.607851 -0.637089 583.476739 -1224.889044 58.998412
slice22/query/img_07486_c0_1290445329409933us.jpg 0.338622 0.331660 0.607115 -0.637768 582.338054 -1224.662619 59.015357
slice22/query/img_07487_c0_1290445329543177us.jpg 0.341199 0.331147 0.604932 -0.638735 580.091343 -1224.214285 59.068199
slice22/query/img_07488_c0_1290445329609894us.jpg 0.341748 0.331607 0.603889 -0.639189 578.951388 -1223.979617 59.092874
slice22/query/img_07489_c0_1290445329676507us.jpg 0.341599 0.331725 0.603972 -0.639130 577.812934 -1223.748536 59.121934
slice22/query/img_07490_c0_1290445329743119us.jpg 0.341417 0.331246 0.604510 -0.638966 576.676231 -1223.516356 59.144499
slice22/query/img_07491_c0_1290445329876471us.jpg 0.341613 0.331743 0.605587 -0.637582 574.403916 -1223.050508 59.196063
slice22/query/img_07492_c0_1290445329943083us.jpg 0.340169 0.332824 0.605479 -0.637894 573.258780 -1222.816276 59.221993
slice22/query/img_07493_c0_1290445330009819us.jpg 0.339700 0.334181 0.604945 -0.637941 572.116278 -1222.574859 59.243263
slice22/query/img_07494_c0_1290445330076432us.jpg 0.339027 0.332986 0.605059 -0.638815 570.981063 -1222.336884 59.261617
slice22/query/img_07495_c0_1290445330209805us.jpg 0.338174 0.333737 0.601776 -0.641969 568.709850 -1221.867671 59.295641
slice22/query/img_07496_c0_1290445330276418us.jpg 0.337131 0.332692 0.600548 -0.644205 567.570083 -1221.629247 59.314734
slice22/query/img_07497_c0_1290445330343006us.jpg 0.336838 0.331422 0.599914 -0.645603 566.425985 -1221.392866 59.332664
slice22/query/img_07498_c0_1290445330409744us.jpg 0.336570 0.330829 0.599818 -0.646135 565.279281 -1221.158670 59.352431
slice22/query/img_07499_c0_1290445330476357us.jpg 0.336471 0.330064 0.600783 -0.645681 564.140292 -1220.937930 59.377386
slice22/query/img_07500_c0_1290445330609705us.jpg 0.337758 0.329112 0.605893 -0.640701 561.826015 -1220.528436 59.440005
slice22/query/img_07501_c0_1290445330676320us.jpg 0.337446 0.330474 0.607660 -0.638488 560.675673 -1220.330649 59.477269
slice22/query/img_07502_c0_1290445330742933us.jpg 0.337450 0.331133 0.608974 -0.636890 559.513679 -1220.115605 59.501076
slice22/query/img_07503_c0_1290445330876281us.jpg 0.338784 0.330850 0.609288 -0.636028 557.202587 -1219.680642 59.543598
slice22/query/img_07504_c0_1290445330942914us.jpg 0.339306 0.331073 0.607734 -0.637120 556.046528 -1219.452966 59.562314
slice22/query/img_07505_c0_1290445331009630us.jpg 0.339606 0.330881 0.605684 -0.639009 554.890552 -1219.218062 59.582881
slice22/query/img_07506_c0_1290445331076243us.jpg 0.339762 0.330943 0.603920 -0.640562 553.731492 -1218.982058 59.608041
slice22/query/img_07507_c0_1290445331209615us.jpg 0.338960 0.332135 0.602450 -0.641752 551.431524 -1218.507769 59.665630
slice22/query/img_07508_c0_1290445331276224us.jpg 0.338641 0.332786 0.602621 -0.641423 550.274542 -1218.272489 59.690687
slice22/query/img_07509_c0_1290445331342817us.jpg 0.338274 0.333498 0.602781 -0.641097 549.117618 -1218.037805 59.711212
slice22/query/img_07510_c0_1290445331409556us.jpg 0.338224 0.333536 0.603467 -0.640458 547.964978 -1217.800355 59.733445
slice22/query/img_07511_c0_1290445331542789us.jpg 0.338737 0.332712 0.603500 -0.640584 545.668575 -1217.331304 59.774607
slice22/query/img_07512_c0_1290445331609518us.jpg 0.338966 0.332002 0.602947 -0.641351 544.523695 -1217.101448 59.797659
slice22/query/img_07513_c0_1290445331676130us.jpg 0.338819 0.331419 0.602600 -0.642057 543.374753 -1216.868851 59.823039
slice22/query/img_07514_c0_1290445331742743us.jpg 0.338292 0.331035 0.602389 -0.642730 542.226582 -1216.631498 59.850439
slice22/query/img_07515_c0_1290445331876116us.jpg 0.336479 0.331532 0.602344 -0.643468 539.934102 -1216.182642 59.911381
slice22/query/img_07516_c0_1290445331942731us.jpg 0.335408 0.331758 0.602782 -0.643500 538.779241 -1215.964172 59.941770
slice22/query/img_07517_c0_1290445332009441us.jpg 0.334714 0.331124 0.603517 -0.643498 537.625234 -1215.742039 59.969454
slice22/query/img_07518_c0_1290445332142668us.jpg 0.334834 0.329059 0.604649 -0.643433 535.338829 -1215.300808 60.023783
slice22/query/img_07519_c0_1290445332209403us.jpg 0.334765 0.328482 0.604747 -0.643671 534.184738 -1215.085797 60.046287
slice22/query/img_07520_c0_1290445332276021us.jpg 0.334237 0.328115 0.605166 -0.643739 533.028524 -1214.868755 60.066748
slice22/query/img_07521_c0_1290445332342632us.jpg 0.333848 0.327891 0.605598 -0.643649 531.871270 -1214.655085 60.088132
slice22/query/img_07522_c0_1290445332475983us.jpg 0.333329 0.327459 0.607209 -0.642620 529.552583 -1214.224967 60.123378
slice22/query/img_07523_c0_1290445332542594us.jpg 0.333418 0.327608 0.607886 -0.641857 528.397105 -1214.011536 60.144040
slice22/query/img_07524_c0_1290445332609331us.jpg 0.333388 0.327773 0.608337 -0.641360 527.229740 -1213.799749 60.166027
slice22/query/img_07525_c0_1290445332675953us.jpg 0.333484 0.328022 0.608631 -0.640904 526.069091 -1213.586991 60.184377
slice22/query/img_07526_c0_1290445332742557us.jpg 0.333987 0.327695 0.608945 -0.640511 524.911221 -1213.374471 60.204203
slice22/query/img_07527_c0_1290445332875910us.jpg 0.335047 0.327292 0.609422 -0.639710 522.583005 -1212.959563 60.254468
slice22/query/img_07528_c0_1290445332942523us.jpg 0.335515 0.327431 0.609187 -0.639617 521.420519 -1212.743534 60.279886
slice22/query/img_07529_c0_1290445333009256us.jpg 0.335505 0.327836 0.608792 -0.639790 520.251813 -1212.519575 60.299832
slice22/query/img_07530_c0_1290445333075868us.jpg 0.335631 0.328557 0.608608 -0.639530 519.089243 -1212.301966 60.319590
slice22/query/img_07531_c0_1290445333142483us.jpg 0.335620 0.329067 0.608633 -0.639250 517.927863 -1212.081845 60.341969
slice22/query/img_07532_c0_1290445333275853us.jpg 0.335515 0.329787 0.608813 -0.638762 515.585805 -1211.623633 60.384103
slice22/query/img_07533_c0_1290445333342466us.jpg 0.335298 0.330548 0.608657 -0.638631 514.418544 -1211.400407 60.402907
slice22/query/img_07534_c0_1290445333409181us.jpg 0.335300 0.331048 0.608365 -0.638649 513.260715 -1211.174552 60.425121
slice22/query/img_07535_c0_1290445333475794us.jpg 0.335243 0.331711 0.607778 -0.638894 512.094077 -1210.949790 60.441996
slice22/query/img_07536_c0_1290445333542407us.jpg 0.335098 0.332251 0.607388 -0.639061 510.936260 -1210.735137 60.465328
slice22/query/img_07537_c0_1290445333675755us.jpg 0.334979 0.332507 0.607161 -0.639206 508.618028 -1210.283926 60.504604
slice22/query/img_07538_c0_1290445333742368us.jpg 0.335119 0.332568 0.607159 -0.639102 507.446788 -1210.061468 60.523330
slice22/query/img_07539_c0_1290445333809107us.jpg 0.334724 0.332841 0.606960 -0.639356 506.273615 -1209.838152 60.540557
slice22/query/img_07540_c0_1290445333942962us.jpg 0.334472 0.332443 0.607186 -0.639480 503.959419 -1209.395042 60.564861
slice22/query/img_07541_c0_1290445334009080us.jpg 0.333703 0.332456 0.607363 -0.639707 502.799299 -1209.158583 60.575302
slice22/query/img_07542_c0_1290445334075681us.jpg 0.332969 0.332698 0.607404 -0.639925 501.648849 -1208.932544 60.589817
slice22/query/img_07543_c0_1290445334142294us.jpg 0.332258 0.332968 0.607430 -0.640130 500.499431 -1208.706132 60.599177
slice22/query/img_07544_c0_1290445334275646us.jpg 0.330886 0.333496 0.608266 -0.639771 498.174619 -1208.270970 60.637787
slice22/query/img_07545_c0_1290445334342279us.jpg 0.330301 0.333466 0.608618 -0.639754 497.010048 -1208.046626 60.644538
slice22/query/img_07546_c0_1290445334408993us.jpg 0.329882 0.332985 0.608994 -0.639863 495.849060 -1207.815214 60.642241
slice22/query/img_07547_c0_1290445334475607us.jpg 0.329813 0.332840 0.609319 -0.639665 494.696968 -1207.597232 60.652291
slice22/query/img_07548_c0_1290445334542219us.jpg 0.328883 0.333091 0.609548 -0.639795 493.541539 -1207.378472 60.653239
slice22/query/img_07549_c0_1290445334675571us.jpg 0.326832 0.334787 0.609764 -0.639755 491.230610 -1206.933319 60.675494
slice22/query/img_07550_c0_1290445334742181us.jpg 0.326271 0.335260 0.608999 -0.640522 490.070741 -1206.709893 60.672433
slice22/query/img_07551_c0_1290445334808919us.jpg 0.326194 0.335319 0.608843 -0.640679 488.911711 -1206.486680 60.682707
