slice22/query/img_07806_c0_1292959617198274us.jpg 0.496766 0.489071 0.506167 -0.507768 730.626951 -1281.330516 57.823729
slice22/query/img_07807_c0_1292959617265021us.jpg 0.495099 0.487671 0.508134 -0.508777 729.924443 -1280.669454 57.818545
slice22/query/img_07808_c0_1292959617331647us.jpg 0.493404 0.486558 0.509650 -0.509971 729.216402 -1280.014546 57.815536
slice22/query/img_07809_c0_1292959617465026us.jpg 0.490643 0.483228 0.513766 -0.511668 727.791386 -1278.747131 57.808891
slice22/query/img_07810_c0_1292959617531648us.jpg 0.489255 0.481447 0.515860 -0.512568 727.074171 -1278.112582 57.802647
slice22/query/img_07811_c0_1292959617665026us.jpg 0.486413 0.478220 0.518151 -0.515973 725.626939 -1276.850392 57.799415
slice22/query/img_07812_c0_1292959617731670us.jpg 0.484830 0.476384 0.518985 -0.518318 724.892461 -1276.216754 57.798197
slice22/query/img_07813_c0_1292959617798280us.jpg 0.482912 0.474911 0.519479 -0.520958 724.154834 -1275.584522 57.797630
slice22/query/img_07814_c0_1292959617865027us.jpg 0.480841 0.473382 0.520429 -0.523311 723.409479 -1274.956990 57.800971
slice22/query/img_07815_c0_1292959617998283us.jpg 0.477328 0.470212 0.522616 -0.527192 721.906218 -1273.729761 57.813130
slice22/query/img_07816_c0_1292959618065028us.jpg 0.475876 0.468441 0.524077 -0.528629 721.140718 -1273.118981 57.810533
slice22/query/img_07817_c0_1292959618131654us.jpg 0.474074 0.466921 0.526197 -0.529485 720.367796 -1272.511815 57.808113
slice22/query/img_07818_c0_1292959618198284us.jpg 0.472092 0.465438 0.529134 -0.529635 719.590479 -1271.912075 57.806364
slice22/query/img_07819_c0_1292959618331678us.jpg 0.468256 0.462472 0.534588 -0.530162 718.031252 -1270.727635 57.806133
slice22/query/img_07820_c0_1292959618398285us.jpg 0.466925 0.460762 0.536627 -0.530764 717.238554 -1270.140751 57.799080
slice22/query/img_07821_c0_1292959618465031us.jpg 0.465487 0.458793 0.538509 -0.531826 716.448598 -1269.558169 57.793779
slice22/query/img_07822_c0_1292959618598307us.jpg 0.463550 0.454265 0.540376 -0.535498 714.851636 -1268.388087 57.782200
slice22/query/img_07823_c0_1292959618665035us.jpg 0.462549 0.452086 0.540759 -0.537816 714.044893 -1267.809931 57.781953
slice22/query/img_07824_c0_1292959618731660us.jpg 0.460899 0.450579 0.541239 -0.540010 713.231948 -1267.233608 57.785055
slice22/query/img_07825_c0_1292959618865038us.jpg 0.456740 0.448859 0.542850 -0.543349 711.590155 -1266.095477 57.792671
slice22/query/img_07826_c0_1292959618931664us.jpg 0.454812 0.448013 0.543982 -0.544531 710.758484 -1265.530348 57.794713
slice22/query/img_07827_c0_1292959618998291us.jpg 0.453395 0.447144 0.544998 -0.545410 709.924823 -1264.971494 57.794861
slice22/query/img_07828_c0_1292959619065039us.jpg 0.452162 0.445776 0.546540 -0.546010 709.090747 -1264.415280 57.792855
slice22/query/img_07829_c0_1292959619198294us.jpg 0.449993 0.442885 0.548872 -0.547814 707.403624 -1263.308260 57.783903
slice22/query/img_07830_c0_1292959619265064us.jpg 0.448829 0.441406 0.549498 -0.549332 706.557237 -1262.755758 57.783774
slice22/query/img_07831_c0_1292959619331667us.jpg 0.447582 0.439996 0.549901 -0.551074 705.707297 -1262.206542 57.783441
slice22/query/img_07832_c0_1292959619398296us.jpg 0.446124 0.438725 0.550225 -0.552943 704.855777 -1261.660839 57.784791
slice22/query/img_07833_c0_1292959619531692us.jpg 0.443180 0.436733 0.551043 -0.556064 703.134063 -1260.579025 57.787614
slice22/query/img_07834_c0_1292959619598318us.jpg 0.442100 0.435443 0.551729 -0.557254 702.263366 -1260.045386 57.790151
slice22/query/img_07835_c0_1292959619665045us.jpg 0.441387 0.433887 0.552401 -0.558366 701.390469 -1259.516554 57.791340
slice22/query/img_07836_c0_1292959619731670us.jpg 0.440369 0.432330 0.553463 -0.559325 700.508247 -1258.989650 57.792260
slice22/query/img_07837_c0_1292959619865069us.jpg 0.437090 0.429676 0.556193 -0.561231 698.737545 -1257.939262 57.794063
slice22/query/img_07838_c0_1292959619931672us.jpg 0.435668 0.428135 0.557374 -0.562342 697.843844 -1257.416202 57.796629
slice22/query/img_07839_c0_1292959619998304us.jpg 0.434300 0.426306 0.558597 -0.563574 696.948936 -1256.904592 57.798545
slice22/query/img_07840_c0_1292959620065049us.jpg 0.432871 0.424741 0.559799 -0.564662 696.047083 -1256.396184 57.799787
slice22/query/img_07841_c0_1292959620199304us.jpg 0.430109 0.421003 0.562631 -0.566754 694.230953 -1255.386389 57.799195
slice22/query/img_07842_c0_1292959620265049us.jpg 0.428223 0.419124 0.564507 -0.567707 693.317398 -1254.887433 57.801385
slice22/query/img_07843_c0_1292959620331676us.jpg 0.426367 0.417284 0.566136 -0.568837 692.401712 -1254.393804 57.804484
slice22/query/img_07844_c0_1292959620398306us.jpg 0.424613 0.415707 0.567078 -0.570363 691.481927 -1253.905431 57.808584
slice22/query/img_07845_c0_1292959620465052us.jpg 0.422632 0.414447 0.567673 -0.572157 690.559643 -1253.420919 57.814695
slice22/query/img_07846_c0_1292959620598308us.jpg 0.418920 0.411553 0.569440 -0.575212 688.704307 -1252.475207 57.813794
slice22/query/img_07847_c0_1292959620665074us.jpg 0.417043 0.409528 0.570671 -0.576799 687.760827 -1251.996497 57.812924
slice22/query/img_07848_c0_1292959620731680us.jpg 0.415332 0.407421 0.571919 -0.578288 686.812369 -1251.526282 57.815953
slice22/query/img_07849_c0_1292959620798311us.jpg 0.413600 0.405223 0.572991 -0.580009 685.860459 -1251.055588 57.812835
slice22/query/img_07850_c0_1292959620931705us.jpg 0.410580 0.401372 0.574860 -0.582976 683.939919 -1250.137197 57.804650
slice22/query/img_07851_c0_1292959620998312us.jpg 0.409124 0.399576 0.576177 -0.583932 682.972695 -1249.692629 57.806463
slice22/query/img_07852_c0_1292959621065058us.jpg 0.407830 0.397426 0.577963 -0.584539 682.005884 -1249.252676 57.811749
slice22/query/img_07853_c0_1292959621131683us.jpg 0.406325 0.395502 0.579529 -0.585341 681.032350 -1248.814593 57.815630
slice22/query/img_07854_c0_1292959621265082us.jpg 0.402252 0.393250 0.581474 -0.587738 679.063342 -1247.958435 57.831485
slice22/query/img_07855_c0_1292959621331687us.jpg 0.400355 0.391485 0.582094 -0.589595 678.074539 -1247.536826 57.836457
slice22/query/img_07856_c0_1292959621398316us.jpg 0.398699 0.389149 0.583237 -0.591131 677.082967 -1247.117680 57.843982
slice22/query/img_07857_c0_1292959621465062us.jpg 0.396745 0.387383 0.584242 -0.592612 676.085388 -1246.705775 57.850019
slice22/query/img_07858_c0_1292959621598342us.jpg 0.393462 0.384509 0.584694 -0.596216 674.073034 -1245.909483 57.865778
slice22/query/img_07859_c0_1292959621665068us.jpg 0.392039 0.382491 0.585536 -0.597623 673.062143 -1245.511246 57.876781
slice22/query/img_07860_c0_1292959621798321us.jpg 0.388003 0.379146 0.588275 -0.599696 671.004703 -1244.733577 57.893892
slice22/query/img_07861_c0_1292959621865065us.jpg 0.386061 0.377471 0.589258 -0.601038 669.964911 -1244.347563 57.898956
slice22/query/img_07862_c0_1292959621931692us.jpg 0.384347 0.375494 0.590189 -0.602460 668.927595 -1243.969200 57.905495
slice22/query/img_07863_c0_1292959621998323us.jpg 0.382732 0.373220 0.591138 -0.603970 667.883816 -1243.596892 57.909971
slice22/query/img_07864_c0_1292959622131771us.jpg 0.380092 0.367913 0.593229 -0.606835 665.817930 -1242.890505 57.916030
slice22/query/img_07865_c0_1292959622198321us.jpg 0.377919 0.365624 0.594540 -0.608291 664.772023 -1242.541121 57.920355
slice22/query/img_07866_c0_1292959622265070us.jpg 0.374861 0.364541 0.595666 -0.609731 663.713345 -1242.191943 57.932630
slice22/query/img_07867_c0_1292959622331696us.jpg 0.372175 0.363192 0.596234 -0.611623 662.649461 -1241.855520 57.944612
slice22/query/img_07868_c0_1292959622398325us.jpg 0.369663 0.361415 0.596334 -0.614096 661.580774 -1241.522643 57.953716
slice22/query/img_07869_c0_1292959622531700us.jpg 0.365463 0.356760 0.596786 -0.618874 659.416354 -1240.910576 57.944355
slice22/query/img_07870_c0_1292959622598325us.jpg 0.363139 0.354465 0.597436 -0.620931 658.334279 -1240.601778 57.951972
slice22/query/img_07871_c0_1292959622665073us.jpg 0.361434 0.351529 0.598436 -0.622629 657.245811 -1240.306119 57.960453
slice22/query/img_07872_c0_1292959622731699us.jpg 0.359867 0.349323 0.599241 -0.624003 656.145712 -1240.024804 57.972546
slice22/query/img_07873_c0_1292959622865099us.jpg 0.355997 0.345977 0.605480 -0.622061 653.994888 -1239.529567 58.002407
slice22/query/img_07874_c0_1292959622931706us.jpg 0.354456 0.345320 0.606857 -0.621965 652.907593 -1239.276251 58.010158
slice22/query/img_07875_c0_1292959622998332us.jpg 0.353432 0.343831 0.607859 -0.622394 651.812038 -1239.021186 58.018404
slice22/query/img_07876_c0_1292959623065076us.jpg 0.352627 0.341898 0.608742 -0.623052 650.717672 -1238.775600 58.029778
slice22/query/img_07877_c0_1292959623198356us.jpg 0.350154 0.339823 0.607974 -0.626323 648.507167 -1238.282302 58.047562
slice22/query/img_07878_c0_1292959623265079us.jpg 0.348120 0.339494 0.607334 -0.628252 647.391580 -1238.020263 58.059011
slice22/query/img_07879_c0_1292959623331704us.jpg 0.346503 0.339276 0.606935 -0.629649 646.262762 -1237.759818 58.069851
slice22/query/img_07880_c0_1292959623398336us.jpg 0.345523 0.338822 0.607205 -0.630171 645.124532 -1237.498988 58.069048
slice22/query/img_07881_c0_1292959623531729us.jpg 0.344545 0.336956 0.608723 -0.630243 642.876024 -1237.022962 58.089569
slice22/query/img_07882_c0_1292959623598358us.jpg 0.344951 0.335159 0.610218 -0.629532 641.727445 -1236.777959 58.089193
slice22/query/img_07883_c0_1292959623665083us.jpg 0.345965 0.333723 0.611107 -0.628877 640.575668 -1236.538170 58.092003
slice22/query/img_07884_c0_1292959623731707us.jpg 0.346716 0.333173 0.611378 -0.628491 639.411900 -1236.294970 58.102125
slice22/query/img_07885_c0_1292959623865087us.jpg 0.345007 0.335783 0.612187 -0.627253 637.152573 -1235.818185 58.125231
slice22/query/img_07886_c0_1292959623931712us.jpg 0.343372 0.337082 0.612471 -0.627177 636.003255 -1235.567175 58.131899
slice22/query/img_07887_c0_1292959623998344us.jpg 0.342673 0.337552 0.612382 -0.627393 634.865911 -1235.333130 58.142824
slice22/query/img_07888_c0_1292959624131737us.jpg 0.345127 0.335958 0.611575 -0.627690 632.562054 -1234.866350 58.156729
slice22/query/img_07889_c0_1292959624198341us.jpg 0.346666 0.335200 0.610169 -0.628616 631.409485 -1234.628291 58.162256
slice22/query/img_07890_c0_1292959624265091us.jpg 0.347490 0.334240 0.609599 -0.629224 630.241663 -1234.388157 58.175381
slice22/query/img_07891_c0_1292959624331714us.jpg 0.347610 0.333942 0.609451 -0.629459 629.070771 -1234.152780 58.201612
slice22/query/img_07892_c0_1292959624465092us.jpg 0.347472 0.334760 0.608609 -0.629916 626.837141 -1233.675988 58.228228
slice22/query/img_07893_c0_1292959624531737us.jpg 0.346575 0.335694 0.608210 -0.630298 625.685025 -1233.441197 58.248771
slice22/query/img_07894_c0_1292959624598348us.jpg 0.345735 0.336850 0.608005 -0.630340 624.515672 -1233.209772 58.274885
slice22/query/img_07895_c0_1292959624665094us.jpg 0.344841 0.337947 0.607751 -0.630487 623.329936 -1232.972166 58.299266
slice22/query/img_07896_c0_1292959624798372us.jpg 0.345041 0.338147 0.608189 -0.629849 621.015427 -1232.486106 58.333589
slice22/query/img_07897_c0_1292959624865095us.jpg 0.345484 0.337750 0.608683 -0.629342 619.862127 -1232.242491 58.349842
slice22/query/img_07898_c0_1292959624998373us.jpg 0.346707 0.336389 0.609012 -0.629079 617.552584 -1231.736208 58.372362
slice22/query/img_07899_c0_1292959625065119us.jpg 0.346878 0.335998 0.608858 -0.629343 616.407333 -1231.486737 58.387930
slice22/query/img_07900_c0_1292959625131722us.jpg 0.346599 0.335860 0.608153 -0.630252 615.253522 -1231.233864 58.405611
slice22/query/img_07901_c0_1292959625198354us.jpg 0.345686 0.335662 0.607378 -0.631604 614.086010 -1230.965248 58.422076
slice22/query/img_07902_c0_1292959625331724us.jpg 0.343880 0.335795 0.606395 -0.633461 611.847546 -1230.492681 58.392743
slice22/query/img_07903_c0_1292959625398355us.jpg 0.342626 0.335694 0.605881 -0.634685 610.675150 -1230.232122 58.414150
slice22/query/img_07904_c0_1292959625465101us.jpg 0.341914 0.335517 0.605280 -0.635735 609.502214 -1229.972429 58.433970
slice22/query/img_07905_c0_1292959625598357us.jpg 0.342372 0.332798 0.605836 -0.636388 607.186360 -1229.477298 58.466252
slice22/query/img_07906_c0_1292959625665125us.jpg 0.342263 0.331403 0.606744 -0.636310 606.020116 -1229.229933 58.480099
slice22/query/img_07907_c0_1292959625731727us.jpg 0.341948 0.330619 0.607095 -0.636552 604.851662 -1228.982325 58.497884
slice22/query/img_07908_c0_1292959625798359us.jpg 0.341585 0.329759 0.607494 -0.636812 603.691099 -1228.739220 58.517656
slice22/query/img_07909_c0_1292959625931731us.jpg 0.339957 0.329165 0.608349 -0.637174 601.352046 -1228.270407 58.567297
slice22/query/img_07910_c0_1292959625998360us.jpg 0.338571 0.330076 0.608234 -0.637551 600.176337 -1228.035455 58.598355
slice22/query/img_07911_c0_1292959626065106us.jpg 0.338418 0.329154 0.607993 -0.638338 598.997281 -1227.793299 58.619575
slice22/query/img_07912_c0_1292959626131732us.jpg 0.338232 0.328089 0.608330 -0.638664 597.817474 -1227.557529 58.638280
slice22/query/img_07913_c0_1292959626265108us.jpg 0.339994 0.326889 0.608172 -0.638494 595.452792 -1227.093818 58.686727
slice22/query/img_07914_c0_1292959626331756us.jpg 0.340639 0.326912 0.607790 -0.638502 594.270885 -1226.868565 58.712844
slice22/query/img_07915_c0_1292959626398363us.jpg 0.340750 0.326915 0.607538 -0.638681 593.083434 -1226.637198 58.742129
slice22/query/img_07916_c0_1292959626465109us.jpg 0.340737 0.326878 0.607563 -0.638683 591.896462 -1226.405245 58.776101
slice22/query/img_07917_c0_1292959626598389us.jpg 0.339046 0.328388 0.607169 -0.639183 589.547301 -1225.918617 58.813186
slice22/query/img_07918_c0_1292959626665112us.jpg 0.338409 0.328848 0.607002 -0.639442 588.359253 -1225.673591 58.839593
slice22/query/img_07919_c0_1292959626731737us.jpg 0.338043 0.329475 0.607311 -0.639020 587.172677 -1225.442778 58.868844
slice22/query/img_07920_c0_1292959626865979us.jpg 0.337112 0.331415 0.607651 -0.638185 584.802495 -1224.983782 58.933390
slice22/query/img_07921_c0_1292959626931741us.jpg 0.336768 0.331727 0.608309 -0.637577 583.619331 -1224.765545 58.958171
slice22/query/img_07922_c0_1292959626998371us.jpg 0.337128 0.330988 0.608543 -0.637548 582.439048 -1224.542144 58.978903
slice22/query/img_07923_c0_1292959627065116us.jpg 0.337707 0.329899 0.608666 -0.637689 581.262219 -1224.316971 59.000721
slice22/query/img_07924_c0_1292959627198372us.jpg 0.339557 0.328715 0.606467 -0.639409 578.919762 -1223.864544 59.045477
slice22/query/img_07925_c0_1292959627265118us.jpg 0.338520 0.328917 0.605838 -0.640451 577.750174 -1223.635070 59.079324
slice22/query/img_07926_c0_1292959627331745us.jpg 0.337495 0.328471 0.606262 -0.640820 576.582275 -1223.409284 59.114243
slice22/query/img_07927_c0_1292959627398373us.jpg 0.337001 0.328568 0.606932 -0.640396 575.409240 -1223.187567 59.144780
slice22/query/img_07928_c0_1292959627531746us.jpg 0.334807 0.329449 0.606670 -0.641341 573.068083 -1222.745857 59.210598
slice22/query/img_07929_c0_1292959627598374us.jpg 0.334671 0.330322 0.606680 -0.640954 571.897645 -1222.525608 59.235228
slice22/query/img_07930_c0_1292959627665120us.jpg 0.335167 0.329997 0.607053 -0.640509 570.727607 -1222.310053 59.256814
slice22/query/img_07931_c0_1292959627731747us.jpg 0.335430 0.330342 0.607024 -0.640220 569.561372 -1222.096035 59.280438
slice22/query/img_07932_c0_1292959627865145us.jpg 0.337341 0.330441 0.606489 -0.639673 567.232583 -1221.658142 59.320719
slice22/query/img_07933_c0_1292959627931748us.jpg 0.337562 0.330523 0.606211 -0.639777 566.067041 -1221.434708 59.346494
slice22/query/img_07934_c0_1292959627998379us.jpg 0.337715 0.330774 0.605328 -0.640403 564.900233 -1221.207799 59.371697
slice22/query/img_07935_c0_1292959628131771us.jpg 0.338227 0.330082 0.605933 -0.639917 562.586989 -1220.753354 59.423698
slice22/query/img_07936_c0_1292959628198382us.jpg 0.337529 0.331226 0.606490 -0.639166 561.424033 -1220.510906 59.449960
slice22/query/img_07937_c0_1292959628265127us.jpg 0.336072 0.332397 0.607183 -0.638668 560.255943 -1220.281915 59.482976
slice22/query/img_07938_c0_1292959628398406us.jpg 0.337241 0.331947 0.607995 -0.637512 557.925473 -1219.849871 59.522027
slice22/query/img_07939_c0_1292959628465134us.jpg 0.337223 0.331662 0.607279 -0.638352 556.766870 -1219.618074 59.542328
slice22/query/img_07940_c0_1292959628531755us.jpg 0.337604 0.330745 0.606223 -0.639629 555.608170 -1219.383870 59.561814
slice22/query/img_07941_c0_1292959628598384us.jpg 0.337646 0.329912 0.604988 -0.641204 554.451116 -1219.149000 59.581482
slice22/query/img_07942_c0_1292959628731757us.jpg 0.336336 0.329979 0.603515 -0.643243 552.149588 -1218.688999 59.645606
slice22/query/img_07943_c0_1292959628798385us.jpg 0.335501 0.330618 0.603423 -0.643437 550.994286 -1218.466328 59.676347
slice22/query/img_07944_c0_1292959628865134us.jpg 0.335186 0.331269 0.603454 -0.643237 549.833314 -1218.245905 59.703668
slice22/query/img_07945_c0_1292959628999730us.jpg 0.335222 0.331265 0.604987 -0.641780 547.517483 -1217.808765 59.760288
slice22/query/img_07946_c0_1292959629065136us.jpg 0.335763 0.330533 0.605531 -0.641361 546.355226 -1217.591815 59.779888
slice22/query/img_07947_c0_1292959629131760us.jpg 0.336433 0.329642 0.605763 -0.641248 545.195742 -1217.371901 59.802063
slice22/query/img_07948_c0_1292959629198391us.jpg 0.336487 0.329123 0.605703 -0.641544 544.035088 -1217.147194 59.822003
slice22/query/img_07949_c0_1292959629331785us.jpg 0.336433 0.329046 0.605399 -0.641898 541.721275 -1216.711192 59.877113
slice22/query/img_07950_c0_1292959629398389us.jpg 0.335889 0.329803 0.604890 -0.642274 540.562574 -1216.490762 59.901035
slice22/query/img_07951_c0_1292959629465139us.jpg 0.335384 0.330651 0.604721 -0.642262 539.404169 -1216.270436 59.929589
slice22/query/img_07952_c0_1292959629598397us.jpg 0.334722 0.330750 0.605338 -0.641974 537.080244 -1215.838368 59.973370
slice22/query/img_07953_c0_1292959629665140us.jpg 0.334921 0.330439 0.605422 -0.641952 535.925784 -1215.615263 59.993002
slice22/query/img_07954_c0_1292959629731767us.jpg 0.335407 0.330303 0.605146 -0.642029 534.770016 -1215.392889 60.012492
slice22/query/img_07955_c0_1292959629798396us.jpg 0.335967 0.330267 0.604584 -0.642284 533.616731 -1215.169887 60.032344
slice22/query/img_07956_c0_1292959629931792us.jpg 0.336096 0.330454 0.605261 -0.641481 531.314220 -1214.727095 60.077830
slice22/query/img_07957_c0_1292959629998397us.jpg 0.335932 0.330635 0.606095 -0.640687 530.162960 -1214.509354 60.101219
slice22/query/img_07958_c0_1292959630065143us.jpg 0.335821 0.330829 0.606590 -0.640176 529.006590 -1214.289898 60.122584
slice22/query/img_07959_c0_1292959630198402us.jpg 0.336448 0.331512 0.606963 -0.639139 526.694285 -1213.846567 60.170775
slice22/query/img_07960_c0_1292959630265168us.jpg 0.336902 0.331527 0.607143 -0.638721 525.540223 -1213.622950 60.191470
slice22/query/img_07961_c0_1292959630331771us.jpg 0.337197 0.331100 0.607517 -0.638431 524.380519 -1213.396320 60.208275
slice22/query/img_07962_c0_1292959630398402us.jpg 0.337586 0.330766 0.607657 -0.638265 523.227289 -1213.173324 60.225041
slice22/query/img_07963_c0_1292959630531777us.jpg 0.337998 0.331146 0.607118 -0.638364 520.919902 -1212.732658 60.272785
slice22/query/img_07964_c0_1292959630598403us.jpg 0.338137 0.331798 0.606470 -0.638567 519.768549 -1212.509555 60.295183
slice22/query/img_07965_c0_1292959630665149us.jpg 0.337713 0.332509 0.606229 -0.638650 518.618044 -1212.286281 60.317307
slice22/query/img_07966_c0_1292959630798406us.jpg 0.337376 0.332799 0.606266 -0.638642 516.322915 -1211.831734 60.365064
slice22/query/img_07967_c0_1292959630865151us.jpg 0.336492 0.333232 0.606030 -0.639106 515.170664 -1211.594896 60.380329
slice22/query/img_07968_c0_1292959630931777us.jpg 0.336091 0.333416 0.605776 -0.639462 514.022760 -1211.361675 60.398096
slice22/query/img_07969_c0_1292959630998407us.jpg 0.335514 0.333499 0.605720 -0.639775 512.874582 -1211.130379 60.410998
slice22/query/img_07970_c0_1292959631131804us.jpg 0.334592 0.333937 0.605119 -0.640598 510.576161 -1210.668893 60.435659
slice22/query/img_07971_c0_1292959631198408us.jpg 0.334243 0.333281 0.605290 -0.640959 509.433287 -1210.438534 60.445849
slice22/query/img_07972_c0_1292959631331781us.jpg 0.333774 0.333325 0.606055 -0.640458 507.122129 -1209.997856 60.482228
slice22/query/img_07973_c0_1292959631531791us.jpg 0.333934 0.333906 0.606546 -0.639607 503.685189 -1209.369775 60.527612
slice22/query/img_07974_c0_1292959631665181us.jpg 0.332755 0.335146 0.606338 -0.639770 501.394629 -1208.924107 60.557309
slice22/query/img_07975_c0_1292959631731784us.jpg 0.331912 0.335494 0.606395 -0.639971 500.243437 -1208.694571 60.567049
slice22/query/img_07976_c0_1292959631798414us.jpg 0.331057 0.335962 0.606535 -0.640036 499.089247 -1208.470968 60.576140
slice22/query/img_07977_c0_1292959631865161us.jpg 0.330504 0.335854 0.607000 -0.639937 497.938531 -1208.244336 60.582754
slice22/query/img_07978_c0_1292959631999039us.jpg 0.329610 0.336119 0.607100 -0.640165 495.619293 -1207.788695 60.588052
slice22/query/img_07979_c0_1292959632065184us.jpg 0.329458 0.335752 0.606914 -0.640611 494.464383 -1207.564146 60.590980
slice22/query/img_07980_c0_1292959632131789us.jpg 0.328341 0.335959 0.607108 -0.640893 493.298382 -1207.336458 60.589575
slice22/query/img_07981_c0_1292959632198417us.jpg 0.327026 0.336948 0.606945 -0.641200 492.135254 -1207.107292 60.588828
slice22/query/img_07982_c0_1292959632331812us.jpg 0.325277 0.337670 0.605797 -0.642793 489.786759 -1206.658908 60.578668
slice22/query/img_07983_c0_1292959632398420us.jpg 0.325321 0.338240 0.605945 -0.642332 488.646072 -1206.477392 60.619870
