slice22/query/img_07772_c0_1299251217381719us.jpg 0.495991 0.489699 0.509134 -0.504946 728.222117 -1283.086145 57.727895
slice22/query/img_07773_c0_1299251217448302us.jpg 0.494594 0.488230 0.510021 -0.506840 727.612251 -1282.512414 57.726988
slice22/query/img_07774_c0_1299251217514928us.jpg 0.492901 0.487164 0.510788 -0.508739 726.998918 -1281.946650 57.727935
slice22/query/img_07775_c0_1299251217648304us.jpg 0.489681 0.484575 0.512319 -0.512766 725.774465 -1280.819682 57.729801
slice22/query/img_07776_c0_1299251217714932us.jpg 0.488457 0.482730 0.513420 -0.514569 725.155631 -1280.261880 57.728062
slice22/query/img_07777_c0_1299251217781688us.jpg 0.487209 0.480785 0.514770 -0.516222 724.531863 -1279.709383 57.723786
slice22/query/img_07778_c0_1299251217848306us.jpg 0.485950 0.478846 0.516429 -0.517552 723.901390 -1279.159481 57.720783
slice22/query/img_07779_c0_1299251217981680us.jpg 0.482693 0.476005 0.519841 -0.519801 722.619392 -1278.064241 57.715311
slice22/query/img_07780_c0_1299251218048306us.jpg 0.480877 0.474881 0.521591 -0.520757 721.970048 -1277.520686 57.714406
slice22/query/img_07781_c0_1299251218114932us.jpg 0.479168 0.473740 0.523480 -0.521476 721.319872 -1276.978776 57.712732
slice22/query/img_07782_c0_1299251218248333us.jpg 0.475933 0.470948 0.527099 -0.523319 720.000980 -1275.903939 57.708777
slice22/query/img_07783_c0_1299251218314933us.jpg 0.474618 0.469238 0.528610 -0.524523 719.342788 -1275.371393 57.709108
slice22/query/img_07784_c0_1299251218448305us.jpg 0.471969 0.465715 0.530898 -0.527734 717.995927 -1274.307902 57.706059
slice22/query/img_07785_c0_1299251218581685us.jpg 0.469152 0.462791 0.532785 -0.530906 716.633080 -1273.251781 57.703004
slice22/query/img_07786_c0_1299251218648309us.jpg 0.467494 0.461671 0.533936 -0.532185 715.941706 -1272.729042 57.703037
slice22/query/img_07787_c0_1299251218714937us.jpg 0.465833 0.460543 0.535048 -0.533502 715.251924 -1272.210683 57.703035
slice22/query/img_07788_c0_1299251218848311us.jpg 0.463076 0.457389 0.537552 -0.536092 713.857734 -1271.183143 57.699548
slice22/query/img_07789_c0_1299251218914958us.jpg 0.461946 0.455426 0.539155 -0.537127 713.156540 -1270.673969 57.694361
slice22/query/img_07790_c0_1299251218981691us.jpg 0.460947 0.453594 0.540595 -0.538086 712.451913 -1270.165846 57.691123
slice22/query/img_07791_c0_1299251219048312us.jpg 0.460068 0.452022 0.541735 -0.539015 711.747387 -1269.662153 57.687900
slice22/query/img_07792_c0_1299251219181688us.jpg 0.457902 0.449318 0.544537 -0.540295 710.305478 -1268.665026 57.685335
slice22/query/img_07793_c0_1299251219248312us.jpg 0.456501 0.448285 0.546139 -0.540721 709.583658 -1268.171149 57.687134
slice22/query/img_07794_c0_1299251219314938us.jpg 0.454806 0.447326 0.547662 -0.541403 708.855246 -1267.677423 57.691008
slice22/query/img_07795_c0_1299251219448315us.jpg 0.451524 0.445357 0.549857 -0.543544 707.386241 -1266.696013 57.694285
slice22/query/img_07796_c0_1299251219514938us.jpg 0.450202 0.444196 0.550569 -0.544869 706.649841 -1266.206029 57.694640
slice22/query/img_07797_c0_1299251219581697us.jpg 0.449007 0.442959 0.551392 -0.546028 705.908027 -1265.720843 57.695571
slice22/query/img_07798_c0_1299251219648314us.jpg 0.448118 0.441566 0.552125 -0.547145 705.167811 -1265.238715 57.694435
slice22/query/img_07799_c0_1299251219781693us.jpg 0.446837 0.438655 0.553988 -0.548649 703.671904 -1264.287804 57.689274
slice22/query/img_07800_c0_1299251219848316us.jpg 0.445974 0.437166 0.555194 -0.549321 702.914545 -1263.814256 57.689520
slice22/query/img_07801_c0_1299251219914941us.jpg 0.444737 0.435969 0.556283 -0.550172 702.162166 -1263.338030 57.691031
slice22/query/img_07802_c0_1299251220048319us.jpg 0.441598 0.434652 0.557291 -0.552716 700.631888 -1262.398828 57.696684
slice22/query/img_07803_c0_1299251220114964us.jpg 0.440346 0.433515 0.558038 -0.553853 699.864765 -1261.931115 57.699244
slice22/query/img_07804_c0_1299251220181694us.jpg 0.439380 0.432358 0.558671 -0.554886 699.087930 -1261.465213 57.699473
slice22/query/img_07805_c0_1299251220248318us.jpg 0.438762 0.430868 0.559357 -0.555843 698.310150 -1261.003457 57.696800
slice22/query/img_07806_c0_1299251220381739us.jpg 0.438330 0.427056 0.561027 -0.557439 696.751157 -1260.089401 57.694272
slice22/query/img_07807_c0_1299251220448320us.jpg 0.437583 0.425604 0.561780 -0.558377 695.962097 -1259.638556 57.698795
slice22/query/img_07808_c0_1299251220514945us.jpg 0.436554 0.424667 0.561921 -0.559753 695.169970 -1259.185656 57.703049
slice22/query/img_07809_c0_1299251220648344us.jpg 0.434061 0.422770 0.562616 -0.562423 693.587519 -1258.290429 57.727668
slice22/query/img_07810_c0_1299251220714946us.jpg 0.432475 0.421829 0.562815 -0.564150 692.796619 -1257.835976 57.737855
slice22/query/img_07811_c0_1299251220781696us.jpg 0.430944 0.420542 0.563084 -0.566010 691.998355 -1257.391348 57.745822
slice22/query/img_07812_c0_1299251220914947us.jpg 0.427155 0.417838 0.564746 -0.569221 690.382052 -1256.505530 57.764018
slice22/query/img_07813_c0_1299251220981698us.jpg 0.425468 0.416182 0.566138 -0.570313 689.561749 -1256.069175 57.768432
slice22/query/img_07814_c0_1299251221048322us.jpg 0.423931 0.414517 0.567572 -0.571245 688.742673 -1255.639453 57.773512
slice22/query/img_07815_c0_1299251221181725us.jpg 0.421082 0.410483 0.570640 -0.573205 687.083558 -1254.759195 57.762309
slice22/query/img_07816_c0_1299251221248321us.jpg 0.419553 0.408359 0.572138 -0.574348 686.246756 -1254.327002 57.756222
slice22/query/img_07817_c0_1299251221314947us.jpg 0.417878 0.406339 0.573180 -0.575962 685.404980 -1253.893884 57.753953
slice22/query/img_07818_c0_1299251221448348us.jpg 0.414167 0.402270 0.574408 -0.580259 683.716298 -1253.036846 57.746651
slice22/query/img_07819_c0_1299251221514948us.jpg 0.412340 0.400281 0.574725 -0.582617 682.865003 -1252.624554 57.748359
slice22/query/img_07820_c0_1299251221581697us.jpg 0.410479 0.398221 0.574952 -0.585114 682.007315 -1252.216049 57.747638
slice22/query/img_07821_c0_1299251221714978us.jpg 0.406772 0.394467 0.576636 -0.588578 680.283555 -1251.451266 57.787023
slice22/query/img_07822_c0_1299251221781697us.jpg 0.404691 0.392710 0.577867 -0.589977 679.420834 -1251.069373 57.793787
slice22/query/img_07823_c0_1299251221848323us.jpg 0.402642 0.390939 0.579401 -0.591051 678.556270 -1250.692308 57.801859
slice22/query/img_07824_c0_1299251221981707us.jpg 0.398760 0.387184 0.582318 -0.593283 676.801063 -1249.962723 57.818299
slice22/query/img_07825_c0_1299251222048350us.jpg 0.396833 0.385209 0.583608 -0.594591 675.921134 -1249.600405 57.828760
slice22/query/img_07826_c0_1299251222114953us.jpg 0.394836 0.383385 0.584668 -0.596057 675.025764 -1249.240909 57.836733
slice22/query/img_07827_c0_1299251222248339us.jpg 0.391322 0.379238 0.586501 -0.599219 673.235879 -1248.542636 57.838874
slice22/query/img_07828_c0_1299251222314954us.jpg 0.389692 0.376924 0.587469 -0.600790 672.335077 -1248.200823 57.847145
slice22/query/img_07829_c0_1299251222381703us.jpg 0.388000 0.375007 0.587967 -0.602595 671.424295 -1247.859623 57.856240
slice22/query/img_07830_c0_1299251222514963us.jpg 0.384864 0.371295 0.589306 -0.605590 669.590447 -1247.218604 57.871188
slice22/query/img_07831_c0_1299251222581713us.jpg 0.382748 0.369818 0.590501 -0.606669 668.657932 -1246.901702 57.882179
slice22/query/img_07832_c0_1299251222714979us.jpg 0.378444 0.367248 0.592842 -0.608643 666.809750 -1246.293754 57.899471
slice22/query/img_07833_c0_1299251222781704us.jpg 0.376998 0.365192 0.593417 -0.610216 665.875214 -1245.988566 57.902851
slice22/query/img_07834_c0_1299251222848332us.jpg 0.376168 0.362893 0.593908 -0.611621 664.943504 -1245.695226 57.911115
slice22/query/img_07835_c0_1299251222914956us.jpg 0.375018 0.360715 0.594798 -0.612749 664.008668 -1245.403828 57.910712
slice22/query/img_07836_c0_1299251223048360us.jpg 0.371900 0.357573 0.596763 -0.614578 662.103802 -1244.838737 57.922886
slice22/query/img_07837_c0_1299251223114958us.jpg 0.370078 0.356154 0.597781 -0.615511 661.150914 -1244.554667 57.939246
slice22/query/img_07838_c0_1299251223181708us.jpg 0.368213 0.354873 0.598695 -0.616481 660.194142 -1244.279274 57.953948
slice22/query/img_07839_c0_1299251223314960us.jpg 0.365080 0.351968 0.600326 -0.618420 658.269546 -1243.740812 57.973717
slice22/query/img_07840_c0_1299251223381708us.jpg 0.363536 0.350445 0.601137 -0.619406 657.297276 -1243.467244 57.987144
slice22/query/img_07841_c0_1299251223448335us.jpg 0.361706 0.349323 0.601811 -0.620456 656.314831 -1243.204404 58.000503
slice22/query/img_07842_c0_1299251223514960us.jpg 0.360238 0.348195 0.602323 -0.621447 655.335814 -1242.949760 58.016306
slice22/query/img_07843_c0_1299251223648361us.jpg 0.357650 0.345209 0.603455 -0.623506 653.380384 -1242.441250 58.042452
slice22/query/img_07844_c0_1299251223714961us.jpg 0.356445 0.343862 0.604234 -0.624185 652.395685 -1242.189209 58.055838
slice22/query/img_07845_c0_1299251223781712us.jpg 0.355139 0.342429 0.604959 -0.625015 651.405363 -1241.947324 58.066809
slice22/query/img_07846_c0_1299251223914990us.jpg 0.352666 0.340685 0.606227 -0.626139 649.415865 -1241.473412 58.089901
slice22/query/img_07847_c0_1299251223981715us.jpg 0.351169 0.339804 0.607248 -0.626469 648.413863 -1241.240498 58.101870
slice22/query/img_07848_c0_1299251224048338us.jpg 0.350097 0.338629 0.608340 -0.626646 647.403707 -1241.011162 58.111386
slice22/query/img_07849_c0_1299251224114963us.jpg 0.349223 0.337252 0.609280 -0.626963 646.395437 -1240.791024 58.121445
slice22/query/img_07850_c0_1299251224248369us.jpg 0.347341 0.334897 0.609788 -0.628774 644.359896 -1240.329455 58.133457
slice22/query/img_07851_c0_1299251224314966us.jpg 0.346517 0.334023 0.609697 -0.629781 643.334659 -1240.104410 58.153589
slice22/query/img_07852_c0_1299251224381715us.jpg 0.345448 0.333207 0.609737 -0.630761 642.309406 -1239.884624 58.162860
slice22/query/img_07853_c0_1299251224514967us.jpg 0.344196 0.332178 0.609657 -0.632064 640.238384 -1239.450401 58.188727
slice22/query/img_07854_c0_1299251224581719us.jpg 0.343291 0.332690 0.609847 -0.632104 639.196134 -1239.243133 58.204325
slice22/query/img_07855_c0_1299251224648341us.jpg 0.342606 0.333084 0.610372 -0.631762 638.153196 -1239.040057 58.217918
slice22/query/img_07856_c0_1299251224781725us.jpg 0.342615 0.332628 0.611841 -0.630574 636.083343 -1238.605578 58.249052
slice22/query/img_07857_c0_1299251224848342us.jpg 0.343141 0.332357 0.611761 -0.630508 635.048411 -1238.401719 58.255768
slice22/query/img_07858_c0_1299251224914969us.jpg 0.343524 0.332161 0.611588 -0.630571 634.002436 -1238.192319 58.265167
slice22/query/img_07859_c0_1299251224981718us.jpg 0.343720 0.332033 0.611212 -0.630897 632.957286 -1237.969414 58.281909
slice22/query/img_07860_c0_1299251225114971us.jpg 0.344209 0.332038 0.609475 -0.632306 630.849330 -1237.535645 58.316155
slice22/query/img_07861_c0_1299251225181719us.jpg 0.344183 0.332451 0.608290 -0.633243 629.795372 -1237.317579 58.334014
slice22/query/img_07862_c0_1299251225248344us.jpg 0.343737 0.332969 0.607114 -0.634341 628.728174 -1237.098062 58.351145
slice22/query/img_07863_c0_1299251225382718us.jpg 0.343377 0.333658 0.606334 -0.634920 626.605969 -1236.653249 58.393218
slice22/query/img_07864_c0_1299251225448345us.jpg 0.342775 0.334162 0.606888 -0.634451 625.551337 -1236.433128 58.416224
slice22/query/img_07865_c0_1299251225514972us.jpg 0.342357 0.334928 0.607603 -0.633588 624.495273 -1236.222781 58.433336
slice22/query/img_07866_c0_1299251225581722us.jpg 0.342043 0.335290 0.608350 -0.632848 623.434548 -1236.003677 58.447733
slice22/query/img_07867_c0_1299251225714996us.jpg 0.341604 0.335751 0.610163 -0.631093 621.300919 -1235.578931 58.470342
slice22/query/img_07868_c0_1299251225781723us.jpg 0.342012 0.335124 0.610608 -0.630775 620.235199 -1235.363442 58.477702
slice22/query/img_07869_c0_1299251225848348us.jpg 0.342717 0.334026 0.610094 -0.631472 619.168312 -1235.141619 58.483963
slice22/query/img_07870_c0_1299251225981731us.jpg 0.343727 0.332031 0.607645 -0.634329 617.024585 -1234.700492 58.508877
slice22/query/img_07871_c0_1299251226048348us.jpg 0.343343 0.331713 0.606368 -0.635924 615.944346 -1234.482957 58.528928
slice22/query/img_07872_c0_1299251226181745us.jpg 0.341818 0.332044 0.604200 -0.638631 613.820685 -1234.033667 58.572712
slice22/query/img_07873_c0_1299251226248348us.jpg 0.340865 0.332778 0.603689 -0.639242 612.751808 -1233.810622 58.593219
slice22/query/img_07874_c0_1299251226314972us.jpg 0.339310 0.333437 0.604644 -0.638822 611.678778 -1233.590389 58.615055
slice22/query/img_07875_c0_1299251226448375us.jpg 0.338966 0.332837 0.607524 -0.636582 609.509782 -1233.169173 58.641683
slice22/query/img_07876_c0_1299251226514973us.jpg 0.340561 0.331668 0.607736 -0.636139 608.423591 -1232.964071 58.648712
slice22/query/img_07877_c0_1299251226581726us.jpg 0.342341 0.329931 0.607300 -0.636502 607.339356 -1232.747806 58.657338
slice22/query/img_07878_c0_1299251226714977us.jpg 0.342940 0.328567 0.606217 -0.637916 605.163127 -1232.315558 58.695611
slice22/query/img_07879_c0_1299251226781727us.jpg 0.341386 0.329580 0.605233 -0.639160 604.067385 -1232.095346 58.729729
slice22/query/img_07880_c0_1299251226914987us.jpg 0.338526 0.331267 0.603198 -0.641727 601.912408 -1231.629868 58.750198
slice22/query/img_07881_c0_1299251226981728us.jpg 0.337139 0.332099 0.603026 -0.642189 600.813231 -1231.405539 58.780369
slice22/query/img_07882_c0_1299251227048353us.jpg 0.336443 0.332627 0.603726 -0.641623 599.714956 -1231.189659 58.803949
slice22/query/img_07883_c0_1299251227114979us.jpg 0.336702 0.332454 0.605015 -0.640361 598.619136 -1230.982570 58.822060
slice22/query/img_07884_c0_1299251227248356us.jpg 0.339360 0.330378 0.607993 -0.637205 596.437729 -1230.580190 58.850729
slice22/query/img_07885_c0_1299251227314979us.jpg 0.341269 0.329003 0.608778 -0.636146 595.352115 -1230.375211 58.867719
slice22/query/img_07886_c0_1299251227381729us.jpg 0.342572 0.328039 0.608960 -0.635770 594.271006 -1230.170479 58.895068
slice22/query/img_07887_c0_1299251227514992us.jpg 0.341603 0.328289 0.608868 -0.636249 592.110188 -1229.746759 58.952751
slice22/query/img_07888_c0_1299251227581731us.jpg 0.340200 0.329344 0.608380 -0.636923 591.032119 -1229.527359 58.983974
slice22/query/img_07889_c0_1299251227648356us.jpg 0.338957 0.330304 0.607798 -0.637644 589.954390 -1229.311293 59.015408
slice22/query/img_07890_c0_1299251227714982us.jpg 0.338114 0.331262 0.607573 -0.637808 588.882268 -1229.098192 59.045749
slice22/query/img_07891_c0_1299251227848357us.jpg 0.337886 0.331719 0.608632 -0.636681 586.745389 -1228.682098 59.085452
slice22/query/img_07892_c0_1299251227914985us.jpg 0.338850 0.330991 0.609491 -0.635725 585.681930 -1228.480225 59.103238
slice22/query/img_07893_c0_1299251227981734us.jpg 0.340110 0.330138 0.609721 -0.635275 584.624737 -1228.271443 59.121514
slice22/query/img_07894_c0_1299251228115010us.jpg 0.340372 0.329842 0.609013 -0.635967 582.497897 -1227.846349 59.166908
slice22/query/img_07895_c0_1299251228181737us.jpg 0.339553 0.329934 0.608755 -0.636604 581.435249 -1227.635386 59.191859
slice22/query/img_07896_c0_1299251228248361us.jpg 0.339265 0.329819 0.607873 -0.637659 580.381283 -1227.419865 59.215736
slice22/query/img_07897_c0_1299251228381737us.jpg 0.339612 0.329629 0.606414 -0.638961 578.274180 -1227.004103 59.265989
slice22/query/img_07898_c0_1299251228448364us.jpg 0.338209 0.331075 0.606630 -0.638752 577.218405 -1226.795139 59.301896
slice22/query/img_07899_c0_1299251228581734us.jpg 0.337027 0.331913 0.608436 -0.637222 575.112209 -1226.383169 59.352575
slice22/query/img_07900_c0_1299251228648363us.jpg 0.336983 0.332219 0.608953 -0.636592 574.068523 -1226.179918 59.370281
slice22/query/img_07901_c0_1299251228781764us.jpg 0.338392 0.330968 0.608581 -0.636851 571.980094 -1225.773091 59.400109
slice22/query/img_07902_c0_1299251228848365us.jpg 0.339020 0.330394 0.608118 -0.637258 570.941397 -1225.569887 59.414191
slice22/query/img_07903_c0_1299251228914990us.jpg 0.339059 0.330117 0.607894 -0.637594 569.907497 -1225.360446 59.434109
slice22/query/img_07904_c0_1299251229049683us.jpg 0.337681 0.330907 0.608366 -0.637466 567.841417 -1224.949476 59.486233
slice22/query/img_07905_c0_1299251229114990us.jpg 0.337199 0.331437 0.608475 -0.637342 566.809535 -1224.753992 59.508790
slice22/query/img_07906_c0_1299251229248389us.jpg 0.337712 0.330903 0.608592 -0.637236 564.737504 -1224.352936 59.548807
slice22/query/img_07907_c0_1299251229314991us.jpg 0.338473 0.330214 0.608478 -0.637298 563.703879 -1224.153254 59.564347
slice22/query/img_07908_c0_1299251229381741us.jpg 0.339009 0.329487 0.608611 -0.637263 562.669246 -1223.953065 59.582042
slice22/query/img_07909_c0_1299251229515014us.jpg 0.338609 0.328922 0.609045 -0.637353 560.598579 -1223.544526 59.623407
slice22/query/img_07910_c0_1299251229581743us.jpg 0.338179 0.329100 0.608821 -0.637703 559.560524 -1223.341279 59.647278
slice22/query/img_07911_c0_1299251229648368us.jpg 0.338010 0.329242 0.608118 -0.638390 558.516730 -1223.137299 59.668966
slice22/query/img_07912_c0_1299251229714994us.jpg 0.337985 0.329167 0.607419 -0.639106 557.477792 -1222.930523 59.689784
slice22/query/img_07913_c0_1299251229848396us.jpg 0.337721 0.329110 0.606892 -0.639777 555.396068 -1222.526566 59.730316
slice22/query/img_07914_c0_1299251229914996us.jpg 0.337264 0.328891 0.607229 -0.639810 554.350991 -1222.323642 59.752335
slice22/query/img_07915_c0_1299251229981745us.jpg 0.337044 0.328872 0.607333 -0.639837 553.308252 -1222.125389 59.773077
slice22/query/img_07916_c0_1299251230048370us.jpg 0.337055 0.329050 0.607098 -0.639963 552.269228 -1221.922535 59.794474
slice22/query/img_07917_c0_1299251230181747us.jpg 0.337128 0.329443 0.607546 -0.639296 550.180624 -1221.530775 59.840705
slice22/query/img_07918_c0_1299251230248373us.jpg 0.337301 0.329589 0.607798 -0.638890 549.141583 -1221.331899 59.858737
slice22/query/img_07919_c0_1299251230314998us.jpg 0.337097 0.329661 0.608284 -0.638498 548.102969 -1221.135084 59.877161
slice22/query/img_07920_c0_1299251230381747us.jpg 0.336726 0.329746 0.609020 -0.637948 547.067706 -1220.939401 59.899525
slice22/query/img_07921_c0_1299251230514997us.jpg 0.336547 0.330021 0.608935 -0.637981 544.997017 -1220.548102 59.937559
slice22/query/img_07922_c0_1299251230581747us.jpg 0.336520 0.330344 0.608537 -0.638208 543.967485 -1220.350402 59.959563
slice22/query/img_07923_c0_1299251230648374us.jpg 0.336420 0.330625 0.608547 -0.638105 542.938525 -1220.152545 59.979850
slice22/query/img_07924_c0_1299251230781777us.jpg 0.336129 0.329868 0.609620 -0.637626 540.880763 -1219.761395 60.009343
slice22/query/img_07925_c0_1299251230848373us.jpg 0.336257 0.329441 0.610090 -0.637330 539.858796 -1219.567932 60.026892
slice22/query/img_07926_c0_1299251230915002us.jpg 0.336531 0.329107 0.609799 -0.637637 538.839159 -1219.370822 60.044236
slice22/query/img_07927_c0_1299251231048376us.jpg 0.336898 0.329409 0.608633 -0.638401 536.806560 -1218.984031 60.085359
slice22/query/img_07928_c0_1299251231115023us.jpg 0.336641 0.329910 0.607889 -0.638986 535.793468 -1218.787417 60.109394
slice22/query/img_07929_c0_1299251231181751us.jpg 0.336417 0.330252 0.606808 -0.639954 534.789459 -1218.586739 60.135434
slice22/query/img_07930_c0_1299251231315000us.jpg 0.335116 0.330518 0.605454 -0.641780 532.779629 -1218.191143 60.181079
slice22/query/img_07931_c0_1299251231381750us.jpg 0.334281 0.331124 0.605423 -0.641932 531.777709 -1217.993581 60.206231
slice22/query/img_07932_c0_1299251231448376us.jpg 0.333646 0.332051 0.605806 -0.641422 530.775657 -1217.805292 60.231180
slice22/query/img_07933_c0_1299251231515001us.jpg 0.333561 0.332599 0.606312 -0.640703 529.774175 -1217.612857 60.251317
slice22/query/img_07934_c0_1299251231648378us.jpg 0.335800 0.331791 0.608018 -0.638331 527.786587 -1217.251269 60.272651
slice22/query/img_07935_c0_1299251231781763us.jpg 0.337340 0.330799 0.608866 -0.637225 525.816799 -1216.870246 60.308313
slice22/query/img_07936_c0_1299251231915005us.jpg 0.337112 0.331437 0.606540 -0.639229 523.849610 -1216.488600 60.346516
slice22/query/img_07937_c0_1299251231981754us.jpg 0.336559 0.332270 0.605131 -0.640423 522.869565 -1216.290654 60.374859
slice22/query/img_07938_c0_1299251232048381us.jpg 0.335533 0.333199 0.604303 -0.641260 521.892846 -1216.090657 60.401670
slice22/query/img_07939_c0_1299251232115005us.jpg 0.335115 0.333853 0.603954 -0.641467 520.924782 -1215.898869 60.425879
slice22/query/img_07940_c0_1299251232248390us.jpg 0.336091 0.333841 0.604607 -0.640346 518.988055 -1215.528350 60.454981
slice22/query/img_07941_c0_1299251232315007us.jpg 0.336805 0.333588 0.605990 -0.638794 518.024872 -1215.341906 60.471831
slice22/query/img_07942_c0_1299251232381757us.jpg 0.337096 0.333580 0.607554 -0.637157 517.059650 -1215.158366 60.487473
slice22/query/img_07943_c0_1299251232515009us.jpg 0.337566 0.333646 0.609075 -0.635419 515.138549 -1214.783668 60.509928
slice22/query/img_07944_c0_1299251232581758us.jpg 0.337683 0.333827 0.608794 -0.635531 514.182424 -1214.593473 60.525662
slice22/query/img_07945_c0_1299251232715030us.jpg 0.338221 0.333553 0.606360 -0.637712 512.282010 -1214.208051 60.558546
slice22/query/img_07946_c0_1299251232781758us.jpg 0.338008 0.333419 0.605269 -0.638930 511.334060 -1214.008190 60.579890
slice22/query/img_07947_c0_1299251232848384us.jpg 0.337226 0.333764 0.604479 -0.639910 510.386482 -1213.807874 60.600034
slice22/query/img_07948_c0_1299251232981785us.jpg 0.335923 0.334366 0.604680 -0.640092 508.474475 -1213.424734 60.636614
slice22/query/img_07949_c0_1299251233048383us.jpg 0.335913 0.334516 0.605308 -0.639425 507.523540 -1213.232780 60.650498
slice22/query/img_07950_c0_1299251233248408us.jpg 0.337916 0.332861 0.608946 -0.635768 504.648912 -1212.661630 60.685906
slice22/query/img_07951_c0_1299251233381798us.jpg 0.337211 0.332401 0.609424 -0.635925 502.698460 -1212.271002 60.709023
slice22/query/img_07952_c0_1299251233448388us.jpg 0.336270 0.332368 0.608683 -0.637149 501.719235 -1212.072481 60.721836
slice22/query/img_07953_c0_1299251233515014us.jpg 0.334884 0.332539 0.608099 -0.638347 500.739509 -1211.872235 60.736245
slice22/query/img_07954_c0_1299251233581765us.jpg 0.333317 0.332825 0.607728 -0.639369 499.756287 -1211.673783 60.750330
slice22/query/img_07955_c0_1299251233715039us.jpg 0.331899 0.333032 0.607067 -0.640626 497.778234 -1211.292050 60.772457
slice22/query/img_07956_c0_1299251233781765us.jpg 0.331617 0.332610 0.607167 -0.640898 496.781736 -1211.100936 60.775440
slice22/query/img_07957_c0_1299251233848387us.jpg 0.331307 0.332077 0.608065 -0.640482 495.791989 -1210.906916 60.778091
slice22/query/img_07958_c0_1299251233981762us.jpg 0.331163 0.331426 0.610251 -0.638812 493.796604 -1210.530417 60.794316
slice22/query/img_07959_c0_1299251234048393us.jpg 0.330699 0.331773 0.610953 -0.638202 492.789379 -1210.347548 60.804339
slice22/query/img_07960_c0_1299251234115017us.jpg 0.329830 0.332126 0.611250 -0.638183 491.776442 -1210.157573 60.804948
slice22/query/img_07961_c0_1299251234248418us.jpg 0.328724 0.333061 0.611769 -0.637770 489.755758 -1209.784261 60.825870
slice22/query/img_07962_c0_1299251234315017us.jpg 0.328696 0.332972 0.611322 -0.638258 488.738322 -1209.588256 60.824828
slice22/query/img_07963_c0_1299251234381768us.jpg 0.328974 0.332878 0.611082 -0.638394 487.719788 -1209.396014 60.829961
