slice22/database/img_07144_c0_1303399106316091us.jpg 0.494894 0.487006 0.510592 -0.507150 729.981217 -1280.619951 57.765549
slice22/database/img_07145_c0_1303399106449469us.jpg 0.492449 0.484678 0.513926 -0.508391 728.675153 -1279.440671 57.761939
slice22/database/img_07146_c0_1303399106582845us.jpg 0.490814 0.481311 0.517686 -0.509355 727.354083 -1278.275853 57.748480
slice22/database/img_07147_c0_1303399106782878us.jpg 0.487565 0.477202 0.520128 -0.513834 725.392348 -1276.551041 57.750187
slice22/database/img_07148_c0_1303399106916124us.jpg 0.484672 0.474848 0.520712 -0.518142 724.057014 -1275.406821 57.760598
slice22/database/img_07149_c0_1303399106982871us.jpg 0.483153 0.473656 0.521234 -0.520124 723.378998 -1274.836765 57.765677
slice22/database/img_07150_c0_1303399107049471us.jpg 0.481838 0.472381 0.521976 -0.521757 722.696977 -1274.272135 57.767433
slice22/database/img_07151_c0_1303399107116098us.jpg 0.480629 0.471044 0.523133 -0.522920 722.010847 -1273.711448 57.767619
slice22/database/img_07152_c0_1303399107249474us.jpg 0.478276 0.468398 0.526605 -0.523968 720.623576 -1272.591326 57.766445
slice22/database/img_07153_c0_1303399107316098us.jpg 0.476943 0.467159 0.528997 -0.523880 719.919540 -1272.039040 57.762664
slice22/database/img_07154_c0_1303399107382847us.jpg 0.475452 0.466025 0.531513 -0.523698 719.211562 -1271.490355 57.757791
slice22/database/img_07155_c0_1303399107516101us.jpg 0.472751 0.463745 0.535101 -0.524512 717.789411 -1270.393059 57.748909
slice22/database/img_07156_c0_1303399107582851us.jpg 0.471642 0.462411 0.536492 -0.525269 717.066242 -1269.848445 57.746933
slice22/database/img_07157_c0_1303399107649476us.jpg 0.470718 0.460627 0.537608 -0.526522 716.342381 -1269.306485 57.744336
slice22/database/img_07158_c0_1303399107782877us.jpg 0.469395 0.456839 0.538685 -0.529892 714.885192 -1268.224290 57.742522
slice22/database/img_07159_c0_1303399107849475us.jpg 0.468518 0.455143 0.538709 -0.532097 714.152749 -1267.682119 57.741304
slice22/database/img_07160_c0_1303399107916101us.jpg 0.467079 0.453936 0.539096 -0.533999 713.420468 -1267.146641 57.746374
slice22/database/img_07161_c0_1303399108049479us.jpg 0.462930 0.452260 0.540467 -0.537636 711.931584 -1266.080405 57.757321
slice22/database/img_07162_c0_1303399108116107us.jpg 0.460886 0.451268 0.541349 -0.539336 711.180822 -1265.548240 57.760942
slice22/database/img_07163_c0_1303399108182853us.jpg 0.459182 0.450234 0.542182 -0.540814 710.426839 -1265.018238 57.764167
slice22/database/img_07164_c0_1303399108316104us.jpg 0.456707 0.447208 0.544440 -0.543147 708.896205 -1263.987173 57.765024
slice22/database/img_07165_c0_1303399108382854us.jpg 0.455267 0.445455 0.545728 -0.544502 708.127841 -1263.474328 57.764486
slice22/database/img_07166_c0_1303399108582877us.jpg 0.450481 0.440330 0.548360 -0.549980 705.797991 -1261.935540 57.768661
slice22/database/img_07167_c0_1303399108716133us.jpg 0.446555 0.437739 0.550000 -0.553601 704.219898 -1260.918221 57.783677
slice22/database/img_07168_c0_1303399108849505us.jpg 0.443406 0.434474 0.552430 -0.556278 702.607711 -1259.913931 57.783123
slice22/database/img_07169_c0_1303399108916131us.jpg 0.442339 0.432465 0.553524 -0.557603 701.795605 -1259.422568 57.779753
slice22/database/img_07170_c0_1303399108982857us.jpg 0.441246 0.430307 0.554999 -0.558672 700.978469 -1258.938263 57.777370
slice22/database/img_07171_c0_1303399109049484us.jpg 0.439612 0.428219 0.556922 -0.559649 700.156867 -1258.455068 57.773839
slice22/database/img_07172_c0_1303399109182861us.jpg 0.436190 0.424699 0.560373 -0.561562 698.497611 -1257.497513 57.779492
slice22/database/img_07173_c0_1303399109249484us.jpg 0.434704 0.423241 0.561593 -0.562595 697.658619 -1257.024166 57.779106
slice22/database/img_07174_c0_1303399109316110us.jpg 0.433089 0.421877 0.563069 -0.563389 696.818510 -1256.552840 57.777283
slice22/database/img_07175_c0_1303399109449486us.jpg 0.430749 0.418939 0.566629 -0.563807 695.120450 -1255.634065 57.775944
slice22/database/img_07176_c0_1303399109516109us.jpg 0.429608 0.417182 0.568289 -0.564309 694.265822 -1255.175583 57.776197
slice22/database/img_07177_c0_1303399109582861us.jpg 0.428448 0.415643 0.569550 -0.565054 693.413393 -1254.722554 57.779962
slice22/database/img_07178_c0_1303399109716110us.jpg 0.425502 0.412999 0.570572 -0.568179 691.692621 -1253.821524 57.800591
slice22/database/img_07179_c0_1303399109782859us.jpg 0.423402 0.412042 0.570862 -0.570148 690.833745 -1253.365499 57.805866
slice22/database/img_07180_c0_1303399109849486us.jpg 0.421451 0.411045 0.571151 -0.572020 689.970150 -1252.914676 57.807369
slice22/database/img_07181_c0_1303399109982884us.jpg 0.418495 0.408212 0.572214 -0.575149 688.225102 -1252.040908 57.800170
slice22/database/img_07182_c0_1303399110049486us.jpg 0.417284 0.406453 0.573290 -0.576202 687.343356 -1251.607138 57.796265
slice22/database/img_07183_c0_1303399110116111us.jpg 0.416094 0.404554 0.574694 -0.577000 686.460736 -1251.180026 57.793172
slice22/database/img_07184_c0_1303399110249514us.jpg 0.413501 0.401020 0.577598 -0.578429 684.681161 -1250.341353 57.777307
slice22/database/img_07185_c0_1303399110316114us.jpg 0.411974 0.399288 0.578744 -0.579571 683.781409 -1249.919904 57.777145
slice22/database/img_07186_c0_1303399110382865us.jpg 0.410262 0.397602 0.579739 -0.580948 682.883981 -1249.509556 57.784929
slice22/database/img_07187_c0_1303399110516135us.jpg 0.407065 0.394176 0.580858 -0.584403 681.041455 -1248.710487 57.800626
slice22/database/img_07188_c0_1303399110582867us.jpg 0.405098 0.392838 0.581591 -0.585940 680.112710 -1248.317112 57.806179
slice22/database/img_07189_c0_1303399110716143us.jpg 0.401495 0.389668 0.583223 -0.588906 678.263928 -1247.541439 57.809246
slice22/database/img_07190_c0_1303399110782868us.jpg 0.400025 0.387712 0.584383 -0.590047 677.320403 -1247.155824 57.812176
slice22/database/img_07191_c0_1303399110849493us.jpg 0.398450 0.385952 0.585511 -0.591147 676.380804 -1246.774633 57.816223
slice22/database/img_07192_c0_1303399110983750us.jpg 0.395249 0.382638 0.587612 -0.593362 674.492927 -1246.032241 57.826207
slice22/database/img_07193_c0_1303399111049493us.jpg 0.393773 0.380827 0.588450 -0.594677 673.541185 -1245.665996 57.833385
slice22/database/img_07194_c0_1303399111116118us.jpg 0.391822 0.379187 0.589312 -0.596157 672.583166 -1245.296024 57.839658
slice22/database/img_07195_c0_1303399111182869us.jpg 0.389910 0.377576 0.590034 -0.597718 671.625449 -1244.934070 57.850032
slice22/database/img_07196_c0_1303399111316270us.jpg 0.385964 0.374420 0.591582 -0.600727 669.683767 -1244.241041 57.862172
slice22/database/img_07197_c0_1303399111382895us.jpg 0.384324 0.372363 0.592687 -0.601966 668.716545 -1243.900009 57.866564
slice22/database/img_07198_c0_1303399111449495us.jpg 0.383020 0.370360 0.593782 -0.602953 667.737907 -1243.561406 57.873906
slice22/database/img_07199_c0_1303399111516120us.jpg 0.382013 0.368031 0.595050 -0.603767 666.762773 -1243.233811 57.879402
slice22/database/img_07200_c0_1303399111649498us.jpg 0.379314 0.364086 0.598101 -0.604845 664.800806 -1242.598733 57.894640
slice22/database/img_07201_c0_1303399111716120us.jpg 0.376975 0.363010 0.599258 -0.605808 663.813974 -1242.281291 57.907024
slice22/database/img_07202_c0_1303399111782871us.jpg 0.374457 0.362083 0.599739 -0.607445 662.825464 -1241.964208 57.918728
slice22/database/img_07203_c0_1303399111916145us.jpg 0.370430 0.359031 0.599152 -0.612287 660.852353 -1241.350741 57.937777
slice22/database/img_07204_c0_1303399111982872us.jpg 0.368433 0.357363 0.598739 -0.614866 659.853672 -1241.053018 57.944148
slice22/database/img_07205_c0_1303399112049495us.jpg 0.366434 0.355717 0.598616 -0.617131 658.850927 -1240.763048 57.952789
slice22/database/img_07206_c0_1303399112116124us.jpg 0.364467 0.354181 0.599158 -0.618651 657.846049 -1240.481526 57.963547
slice22/database/img_07207_c0_1303399112249524us.jpg 0.360893 0.351868 0.601775 -0.619526 655.825325 -1239.943273 57.977879
slice22/database/img_07208_c0_1303399112316125us.jpg 0.358988 0.349523 0.604871 -0.618945 654.811405 -1239.690329 57.984042
slice22/database/img_07209_c0_1303399112382874us.jpg 0.357917 0.347371 0.607817 -0.617890 653.788755 -1239.443041 57.985317
slice22/database/img_07210_c0_1303399112516128us.jpg 0.357972 0.344273 0.610202 -0.617240 651.729908 -1238.955602 57.996159
slice22/database/img_07211_c0_1303399112582876us.jpg 0.357992 0.342899 0.610170 -0.618025 650.698358 -1238.717641 58.000725
slice22/database/img_07212_c0_1303399112649502us.jpg 0.357222 0.342141 0.610113 -0.618947 649.654518 -1238.467258 58.012809
slice22/database/img_07213_c0_1303399112782907us.jpg 0.353852 0.342054 0.609042 -0.621977 647.551275 -1237.982071 58.024425
slice22/database/img_07214_c0_1303399112849503us.jpg 0.351932 0.342159 0.608175 -0.623855 646.500533 -1237.728767 58.042492
slice22/database/img_07215_c0_1303399112916128us.jpg 0.350481 0.342203 0.607278 -0.625518 645.448652 -1237.482407 58.058403
slice22/database/img_07216_c0_1303399112982880us.jpg 0.349659 0.341855 0.606580 -0.626845 644.397350 -1237.243087 58.069269
slice22/database/img_07217_c0_1303399113116130us.jpg 0.349532 0.338958 0.607937 -0.627174 642.290894 -1236.773736 58.079317
slice22/database/img_07218_c0_1303399113182880us.jpg 0.350054 0.337042 0.609206 -0.626684 641.230520 -1236.549860 58.084252
slice22/database/img_07219_c0_1303399113249504us.jpg 0.350747 0.335314 0.609874 -0.626574 640.170334 -1236.320798 58.092288
slice22/database/img_07220_c0_1303399113382910us.jpg 0.348091 0.335792 0.610921 -0.626779 638.039475 -1235.861489 58.126904
slice22/database/img_07221_c0_1303399113449517us.jpg 0.345303 0.337035 0.611381 -0.627205 636.967912 -1235.631341 58.142227
slice22/database/img_07222_c0_1303399113516132us.jpg 0.343104 0.337695 0.611359 -0.628078 635.898946 -1235.399265 58.158342
slice22/database/img_07223_c0_1303399113582882us.jpg 0.342179 0.337441 0.611039 -0.629029 634.830604 -1235.171945 58.167816
slice22/database/img_07224_c0_1303399113716135us.jpg 0.344195 0.334499 0.610278 -0.630239 632.688071 -1234.735912 58.179851
slice22/database/img_07225_c0_1303399113782882us.jpg 0.345485 0.332951 0.610181 -0.630447 631.610921 -1234.519110 58.183669
slice22/database/img_07226_c0_1303399113849509us.jpg 0.346152 0.331475 0.610852 -0.630209 630.526432 -1234.304764 58.191367
slice22/database/img_07227_c0_1303399113982910us.jpg 0.345575 0.330719 0.611454 -0.630338 628.361681 -1233.864601 58.227862
slice22/database/img_07228_c0_1303399114049510us.jpg 0.344547 0.331205 0.610798 -0.631282 627.269996 -1233.643581 58.253041
slice22/database/img_07229_c0_1303399114116135us.jpg 0.343218 0.331847 0.610092 -0.632350 626.180215 -1233.418982 58.273917
slice22/database/img_07230_c0_1303399114249512us.jpg 0.340582 0.333913 0.609572 -0.633189 624.010838 -1232.981236 58.314786
slice22/database/img_07231_c0_1303399114316136us.jpg 0.340312 0.334346 0.609578 -0.633099 622.926061 -1232.765941 58.332024
slice22/database/img_07232_c0_1303399114382886us.jpg 0.340683 0.334244 0.610057 -0.632493 621.838864 -1232.552540 58.342069
slice22/database/img_07233_c0_1303399114449511us.jpg 0.341343 0.333981 0.610921 -0.631440 620.759057 -1232.341018 58.349014
slice22/database/img_07234_c0_1303399114582911us.jpg 0.343183 0.333354 0.612718 -0.629029 618.608975 -1231.920731 58.367733
slice22/database/img_07235_c0_1303399114649512us.jpg 0.343442 0.333533 0.613125 -0.628396 617.530974 -1231.707045 58.380516
slice22/database/img_07236_c0_1303399114782887us.jpg 0.343772 0.334861 0.612195 -0.628416 615.386387 -1231.276981 58.415833
slice22/database/img_07237_c0_1303399114849512us.jpg 0.343723 0.335666 0.611015 -0.629161 614.312074 -1231.055541 58.434224
slice22/database/img_07238_c0_1303399114916138us.jpg 0.343242 0.336695 0.610110 -0.629752 613.243381 -1230.832084 58.453251
slice22/database/img_07239_c0_1303399115049514us.jpg 0.342425 0.338487 0.608803 -0.630501 611.111725 -1230.384475 58.488574
slice22/database/img_07240_c0_1303399115116139us.jpg 0.342751 0.339052 0.607755 -0.631031 610.043600 -1230.153667 58.505247
slice22/database/img_07241_c0_1303399115182889us.jpg 0.343482 0.339043 0.606927 -0.631434 608.978342 -1229.923610 58.520054
slice22/database/img_07242_c0_1303399115316141us.jpg 0.345645 0.337179 0.607015 -0.631168 606.870380 -1229.467973 58.543543
slice22/database/img_07243_c0_1303399115382890us.jpg 0.345720 0.337093 0.607197 -0.630998 605.811580 -1229.242929 58.558526
slice22/database/img_07244_c0_1303399115449515us.jpg 0.345490 0.337177 0.607173 -0.631102 604.749407 -1229.018217 58.576820
slice22/database/img_07245_c0_1303399115582919us.jpg 0.345201 0.337008 0.606654 -0.631849 602.637291 -1228.560751 58.608703
slice22/database/img_07246_c0_1303399115649519us.jpg 0.344096 0.337614 0.606617 -0.632163 601.580877 -1228.334688 58.630986
slice22/database/img_07247_c0_1303399115716141us.jpg 0.342643 0.338708 0.606110 -0.632854 600.524002 -1228.105611 58.654816
slice22/database/img_07248_c0_1303399115849520us.jpg 0.341917 0.336994 0.605273 -0.634959 598.433385 -1227.653187 58.686453
slice22/database/img_07249_c0_1303399115916145us.jpg 0.342109 0.335564 0.605171 -0.635709 597.391389 -1227.433431 58.705786
slice22/database/img_07250_c0_1303399115982896us.jpg 0.342431 0.334634 0.604610 -0.636559 596.354893 -1227.219993 58.726090
slice22/database/img_07251_c0_1303399116116148us.jpg 0.341764 0.333916 0.603528 -0.638319 594.286411 -1226.782694 58.773283
slice22/database/img_07252_c0_1303399116182897us.jpg 0.340833 0.333409 0.603853 -0.638774 593.251245 -1226.568088 58.800460
slice22/database/img_07253_c0_1303399116249522us.jpg 0.340288 0.332686 0.604172 -0.639140 592.219150 -1226.356236 58.822530
slice22/database/img_07254_c0_1303399116382899us.jpg 0.338231 0.333208 0.604329 -0.639811 590.150358 -1225.942562 58.877633
slice22/database/img_07255_c0_1303399116449521us.jpg 0.337487 0.333534 0.604102 -0.640248 589.116783 -1225.735834 58.903174
slice22/database/img_07256_c0_1303399116516145us.jpg 0.337443 0.333027 0.604872 -0.639809 588.088121 -1225.539132 58.925083
slice22/database/img_07257_c0_1303399116649525us.jpg 0.337740 0.333684 0.606278 -0.637976 586.030768 -1225.160200 58.961375
slice22/database/img_07258_c0_1303399116716149us.jpg 0.337209 0.335359 0.606542 -0.637127 585.007917 -1224.965207 58.981393
slice22/database/img_07259_c0_1303399116849546us.jpg 0.337778 0.336270 0.607020 -0.635889 582.966986 -1224.569974 59.007840
slice22/database/img_07260_c0_1303399116916149us.jpg 0.338736 0.336145 0.606434 -0.636005 581.954910 -1224.367497 59.017918
slice22/database/img_07261_c0_1303399116982898us.jpg 0.340160 0.335606 0.605423 -0.636493 580.945644 -1224.162627 59.029404
slice22/database/img_07262_c0_1303399117116151us.jpg 0.341601 0.335883 0.603692 -0.637218 578.930230 -1223.749797 59.069194
slice22/database/img_07263_c0_1303399117182901us.jpg 0.340659 0.336909 0.603479 -0.637383 577.921317 -1223.534091 59.090112
slice22/database/img_07264_c0_1303399117249525us.jpg 0.340249 0.336565 0.603725 -0.637551 576.924380 -1223.323882 59.111217
slice22/database/img_07265_c0_1303399117382908us.jpg 0.340162 0.335588 0.604492 -0.637385 574.925133 -1222.912412 59.146986
slice22/database/img_07266_c0_1303399117449527us.jpg 0.339302 0.336961 0.604766 -0.636859 573.927855 -1222.707036 59.169201
slice22/database/img_07267_c0_1303399117583339us.jpg 0.337003 0.337655 0.604905 -0.637580 571.952696 -1222.291816 59.205971
slice22/database/img_07268_c0_1303399117649527us.jpg 0.337493 0.336440 0.605743 -0.637168 570.976899 -1222.093063 59.221125
slice22/database/img_07269_c0_1303399117849565us.jpg 0.334270 0.335989 0.601611 -0.642992 568.047447 -1221.495316 59.292128
slice22/database/img_07271_c0_1303399118716157us.jpg 0.339167 0.331630 0.606196 -0.638368 555.429888 -1219.176762 59.636635
slice22/database/img_07272_c0_1303399118782909us.jpg 0.338925 0.331595 0.603335 -0.641218 554.452929 -1218.974334 59.653376
slice22/database/img_07273_c0_1303399118916161us.jpg 0.338907 0.331456 0.602408 -0.642171 552.506026 -1218.593247 59.682863
slice22/database/img_07274_c0_1303399118982916us.jpg 0.338737 0.331537 0.603916 -0.640801 551.529942 -1218.410665 59.697795
slice22/database/img_07275_c0_1303399119049534us.jpg 0.338853 0.331775 0.605518 -0.639102 550.556096 -1218.232109 59.712442
slice22/database/img_07276_c0_1303399119249572us.jpg 0.338584 0.331335 0.607616 -0.637480 547.632710 -1217.675755 59.765630
slice22/database/img_07277_c0_1303399119716186us.jpg 0.338202 0.330352 0.604882 -0.640784 540.812995 -1216.366094 59.920460
slice22/database/img_07278_c0_1303399119849539us.jpg 0.337399 0.330681 0.606381 -0.639620 538.842904 -1216.000152 59.957596
slice22/database/img_07279_c0_1303399119916164us.jpg 0.337445 0.330279 0.606659 -0.639540 537.863628 -1215.812936 59.972105
slice22/database/img_07280_c0_1303399120049542us.jpg 0.337876 0.328956 0.605632 -0.640966 535.894572 -1215.432857 59.993620
slice22/database/img_07281_c0_1303399120116165us.jpg 0.337929 0.328725 0.604936 -0.641713 534.905699 -1215.244988 60.009848
slice22/database/img_07282_c0_1303399120182915us.jpg 0.337851 0.328831 0.604485 -0.642125 533.919329 -1215.061047 60.028139
slice22/database/img_07283_c0_1303399120316177us.jpg 0.337031 0.329445 0.604753 -0.641989 531.938095 -1214.692393 60.069045
slice22/database/img_07284_c0_1303399120382916us.jpg 0.336562 0.329433 0.605332 -0.641695 530.943593 -1214.504930 60.086463
slice22/database/img_07285_c0_1303399120449542us.jpg 0.336312 0.329308 0.605865 -0.641388 529.947642 -1214.321196 60.102193
slice22/database/img_07286_c0_1303399120582920us.jpg 0.336056 0.329351 0.606485 -0.640913 527.946952 -1213.954823 60.133524
slice22/database/img_07287_c0_1303399120649543us.jpg 0.336140 0.329305 0.606718 -0.640673 526.948770 -1213.768502 60.149575
slice22/database/img_07288_c0_1303399120716169us.jpg 0.336170 0.328994 0.607016 -0.640534 525.954150 -1213.581343 60.166834
slice22/database/img_07289_c0_1303399120849566us.jpg 0.336626 0.327943 0.607113 -0.640742 523.950073 -1213.222275 60.192979
slice22/database/img_07290_c0_1303399120916170us.jpg 0.336441 0.327583 0.607124 -0.641013 522.946449 -1213.033296 60.209390
slice22/database/img_07291_c0_1303399121116186us.jpg 0.335800 0.328098 0.606717 -0.641470 519.929795 -1212.484993 60.265955
slice22/database/img_07292_c0_1303399121382952us.jpg 0.335640 0.328235 0.607684 -0.640568 515.903945 -1211.744921 60.337931
slice22/database/img_07293_c0_1303399121449546us.jpg 0.335527 0.328822 0.607688 -0.640323 514.884980 -1211.560870 60.353755
slice22/database/img_07294_c0_1303399121516173us.jpg 0.335415 0.329215 0.607605 -0.640258 513.868792 -1211.371933 60.369413
slice22/database/img_07295_c0_1303399121649571us.jpg 0.335480 0.330232 0.607139 -0.640142 511.833541 -1210.997233 60.404425
slice22/database/img_07296_c0_1303399121716175us.jpg 0.335590 0.330622 0.606826 -0.640180 510.813260 -1210.809572 60.417266
slice22/database/img_07297_c0_1303399121782924us.jpg 0.335490 0.330535 0.606955 -0.640155 509.794730 -1210.614752 60.431455
slice22/database/img_07298_c0_1303399121916180us.jpg 0.335795 0.331426 0.606808 -0.639674 507.740795 -1210.229037 60.463297
slice22/database/img_07299_c0_1303399121982926us.jpg 0.336103 0.331890 0.606458 -0.639604 506.714628 -1210.031899 60.473358
slice22/database/img_07300_c0_1303399122049552us.jpg 0.336391 0.332185 0.606562 -0.639200 505.689891 -1209.835892 60.486938
slice22/database/img_07301_c0_1303399122182934us.jpg 0.336553 0.333325 0.606726 -0.638366 503.629431 -1209.434133 60.514666
slice22/database/img_07302_c0_1303399122249553us.jpg 0.336416 0.333854 0.606808 -0.638083 502.595829 -1209.232950 60.527971
slice22/database/img_07303_c0_1303399122316177us.jpg 0.336217 0.334129 0.606667 -0.638178 501.564683 -1209.024641 60.538120
slice22/database/img_07304_c0_1303399122516215us.jpg 0.335240 0.335849 0.606369 -0.638072 498.444251 -1208.416543 60.580252
