slice22/query/img_09910_c1_1283348635532975us.jpg 0.713549 0.700252 0.016675 -0.014729 731.315559 -1279.134512 57.933630
slice22/query/img_09911_c1_1283348635599588us.jpg 0.713096 0.700646 0.018513 -0.015706 730.855266 -1278.718471 57.951180
slice22/query/img_09912_c1_1283348635666327us.jpg 0.712969 0.700700 0.019876 -0.017319 730.400990 -1278.279698 57.940736
slice22/query/img_09913_c1_1283348635799580us.jpg 0.713741 0.699691 0.023198 -0.021658 729.465367 -1277.364603 57.905351
slice22/query/img_09915_c1_1283348635932905us.jpg 0.713309 0.699878 0.026384 -0.025779 728.522364 -1276.484409 57.890823
slice22/query/img_09916_c1_1283348636066262us.jpg 0.712328 0.700586 0.029528 -0.029921 727.566362 -1275.613291 57.880264
slice22/query/img_09917_c1_1283348636132871us.jpg 0.711799 0.700975 0.031073 -0.031789 727.083449 -1275.182396 57.874968
slice22/query/img_09918_c1_1283348636199482us.jpg 0.711539 0.701070 0.032527 -0.033985 726.601623 -1274.755750 57.870516
slice22/query/img_09919_c1_1283348636266221us.jpg 0.711216 0.701201 0.034178 -0.036338 726.119319 -1274.332631 57.865562
slice22/query/img_09920_c1_1283348636399451us.jpg 0.710228 0.701779 0.037293 -0.041125 725.143389 -1273.488951 57.856045
slice22/query/img_09921_c1_1283348636466186us.jpg 0.709959 0.701827 0.039030 -0.043300 724.651484 -1273.074584 57.852516
slice22/query/img_09923_c1_1283348636666594us.jpg 0.709835 0.701330 0.043725 -0.048570 723.162973 -1271.849623 57.848318
slice22/query/img_09924_c1_1283348636732786us.jpg 0.710168 0.700801 0.045373 -0.049811 722.659655 -1271.448168 57.848768
slice22/query/img_09925_c1_1283348636799378us.jpg 0.710563 0.700217 0.047180 -0.050699 722.151265 -1271.051126 57.847153
slice22/query/img_09926_c1_1283348636866116us.jpg 0.710924 0.699662 0.049168 -0.051404 721.643655 -1270.657191 57.847377
slice22/query/img_09927_c1_1283348636999347us.jpg 0.711541 0.698614 0.053370 -0.052909 720.621142 -1269.867594 57.850920
slice22/query/img_09928_c1_1283348637066081us.jpg 0.711415 0.698582 0.054755 -0.053607 720.106108 -1269.475801 57.851515
slice22/query/img_09929_c1_1283348637199328us.jpg 0.711524 0.698137 0.056868 -0.055707 719.072280 -1268.691246 57.846522
slice22/query/img_09930_c1_1283348637266045us.jpg 0.711695 0.697784 0.058032 -0.056749 718.552218 -1268.302633 57.844212
slice22/query/img_09931_c1_1283348637332658us.jpg 0.711921 0.697353 0.059229 -0.057953 718.032376 -1267.916404 57.841732
slice22/query/img_09932_c1_1283348637466015us.jpg 0.711932 0.696939 0.060488 -0.061400 716.989472 -1267.137261 57.833668
slice22/query/img_09933_c1_1283348637532622us.jpg 0.711385 0.697326 0.060499 -0.063302 716.464553 -1266.747157 57.828512
slice22/query/img_09934_c1_1283348637599237us.jpg 0.710980 0.697555 0.060618 -0.065189 715.938757 -1266.363255 57.825808
slice22/query/img_09935_c1_1283348637732614us.jpg 0.710081 0.698040 0.062385 -0.068064 714.876066 -1265.590393 57.826311
slice22/query/img_09936_c1_1283348637799202us.jpg 0.709407 0.698504 0.063447 -0.069337 714.340822 -1265.206307 57.828470
slice22/query/img_09937_c1_1283348637865940us.jpg 0.708831 0.698859 0.064878 -0.070322 713.803855 -1264.826784 57.829834
slice22/query/img_09938_c1_1283348637999188us.jpg 0.707727 0.699510 0.067412 -0.072551 712.722297 -1264.067393 57.837304
slice22/query/img_09939_c1_1283348638065905us.jpg 0.707589 0.699415 0.068461 -0.073820 712.175586 -1263.690517 57.837398
slice22/query/img_09940_c1_1283348638132519us.jpg 0.707433 0.699328 0.069394 -0.075250 711.627711 -1263.314271 57.837645
slice22/query/img_09941_c1_1283348638265893us.jpg 0.706968 0.699283 0.070722 -0.078728 710.532912 -1262.566572 57.835420
slice22/query/img_09942_c1_1283348638465838us.jpg 0.705619 0.699594 0.072950 -0.085719 708.884572 -1261.442135 57.835794
slice22/query/img_09943_c1_1283348638599091us.jpg 0.704440 0.700089 0.075290 -0.089284 707.766472 -1260.698037 57.837572
slice22/query/img_09944_c1_1283348638665821us.jpg 0.703857 0.700343 0.076476 -0.090869 707.202068 -1260.330912 57.838402
slice22/query/img_09945_c1_1283348638732418us.jpg 0.703554 0.700279 0.077862 -0.092513 706.634603 -1259.966159 57.839186
slice22/query/img_09946_c1_1283348638799026us.jpg 0.703420 0.700017 0.079686 -0.093950 706.065364 -1259.604647 57.841470
slice22/query/img_09947_c1_1283348638932400us.jpg 0.703088 0.699568 0.083381 -0.096538 704.916640 -1258.887307 57.846455
slice22/query/img_09948_c1_1283348638998990us.jpg 0.702880 0.699363 0.084757 -0.098325 704.337630 -1258.530962 57.848398
slice22/query/img_09949_c1_1283348639065729us.jpg 0.702593 0.699276 0.085771 -0.100095 703.759299 -1258.179590 57.848572
slice22/query/img_09950_c1_1283348639198958us.jpg 0.702098 0.698944 0.087754 -0.104091 702.590861 -1257.474118 57.847811
slice22/query/img_09951_c1_1283348639265696us.jpg 0.701690 0.698926 0.089044 -0.105854 702.001494 -1257.124841 57.848696
slice22/query/img_09952_c1_1283348639332308us.jpg 0.701431 0.698729 0.090609 -0.107528 701.408965 -1256.777711 57.851077
slice22/query/img_09953_c1_1283348639398920us.jpg 0.701359 0.698332 0.092379 -0.109057 700.814776 -1256.433647 57.853872
slice22/query/img_09954_c1_1283348639532271us.jpg 0.701489 0.697314 0.095867 -0.111697 699.619924 -1255.754078 57.860399
slice22/query/img_09955_c1_1283348639598884us.jpg 0.701848 0.696552 0.097580 -0.112709 699.015441 -1255.419491 57.862625
slice22/query/img_09956_c1_1283348639665623us.jpg 0.702344 0.695610 0.099375 -0.113858 698.409435 -1255.086108 57.866363
slice22/query/img_09957_c1_1283348639798851us.jpg 0.702831 0.694233 0.103134 -0.115895 697.189529 -1254.423540 57.872873
slice22/query/img_09958_c1_1283348639865588us.jpg 0.702675 0.693908 0.104608 -0.117460 696.578283 -1254.092471 57.874927
slice22/query/img_09959_c1_1283348639998816us.jpg 0.701753 0.693842 0.107156 -0.121011 695.351787 -1253.426123 57.877328
slice22/query/img_09960_c1_1283348640065553us.jpg 0.701169 0.693937 0.108158 -0.122942 694.731977 -1253.095821 57.876423
slice22/query/img_09961_c1_1283348640132165us.jpg 0.700294 0.694353 0.109031 -0.124799 694.113489 -1252.771029 57.877481
slice22/query/img_09962_c1_1283348640265519us.jpg 0.699030 0.694610 0.111525 -0.128203 692.866111 -1252.126390 57.881504
slice22/query/img_09963_c1_1283348640332152us.jpg 0.698546 0.694580 0.113205 -0.129524 692.237349 -1251.811400 57.885121
slice22/query/img_09964_c1_1283348640398744us.jpg 0.698091 0.694515 0.114922 -0.130809 691.605358 -1251.494834 57.889008
slice22/query/img_09965_c1_1283348640532100us.jpg 0.697449 0.694144 0.117864 -0.133556 690.334653 -1250.871659 57.895109
slice22/query/img_09966_c1_1283348640598710us.jpg 0.697383 0.693687 0.119270 -0.135020 689.698425 -1250.564107 57.896942
slice22/query/img_09967_c1_1283348640665447us.jpg 0.697400 0.693120 0.120625 -0.136629 689.061060 -1250.261250 57.897750
slice22/query/img_09968_c1_1283348640800112us.jpg 0.696895 0.692477 0.123382 -0.139960 687.776942 -1249.656168 57.899853
slice22/query/img_09969_c1_1283348640865434us.jpg 0.696481 0.692311 0.124674 -0.141687 687.130304 -1249.357431 57.900880
slice22/query/img_09970_c1_1283348640932025us.jpg 0.696003 0.692203 0.125980 -0.143402 686.481772 -1249.058114 57.902583
slice22/query/img_09971_c1_1283348640998639us.jpg 0.695516 0.692119 0.127437 -0.144872 685.831510 -1248.761999 57.903414
slice22/query/img_09972_c1_1283348641132012us.jpg 0.694958 0.691521 0.130156 -0.147957 684.518806 -1248.182352 57.901585
slice22/query/img_09973_c1_1283348641198603us.jpg 0.694660 0.691286 0.131291 -0.149445 683.855168 -1247.898873 57.905350
slice22/query/img_09974_c1_1283348641265341us.jpg 0.694310 0.691065 0.132553 -0.150974 683.190046 -1247.616065 57.910561
slice22/query/img_09975_c1_1283348641398571us.jpg 0.693660 0.690529 0.135098 -0.154127 681.851163 -1247.046548 57.919085
slice22/query/img_09976_c1_1283348641465308us.jpg 0.693085 0.690497 0.136711 -0.155427 681.178146 -1246.766274 57.924463
slice22/query/img_09977_c1_1283348641531920us.jpg 0.692390 0.690598 0.138180 -0.156770 680.501644 -1246.487343 57.928735
slice22/query/img_09978_c1_1283348641598533us.jpg 0.691859 0.690532 0.139622 -0.158123 679.824632 -1246.212897 57.933593
slice22/query/img_09979_c1_1283348641731909us.jpg 0.691655 0.689511 0.142203 -0.161143 678.460409 -1245.671154 57.941296
slice22/query/img_09980_c1_1283348641798498us.jpg 0.691442 0.689138 0.143415 -0.162572 677.776401 -1245.405185 57.945380
slice22/query/img_09981_c1_1283348641865237us.jpg 0.691057 0.688934 0.144656 -0.163964 677.094075 -1245.143134 57.949927
slice22/query/img_09982_c1_1283348641998464us.jpg 0.690271 0.688477 0.147145 -0.166952 675.723184 -1244.620792 57.960888
slice22/query/img_09983_c1_1283348642065215us.jpg 0.689920 0.688190 0.148396 -0.168473 675.032725 -1244.362073 57.966028
slice22/query/img_09984_c1_1283348642131813us.jpg 0.689348 0.688098 0.149665 -0.170060 674.343568 -1244.108385 57.970105
slice22/query/img_09985_c1_1283348642265189us.jpg 0.687878 0.688332 0.152459 -0.172564 672.955241 -1243.606166 57.982432
slice22/query/img_09986_c1_1283348642331779us.jpg 0.687310 0.688245 0.153854 -0.173935 672.258412 -1243.360768 57.988018
slice22/query/img_09987_c1_1283348642398392us.jpg 0.686821 0.688048 0.155168 -0.175467 671.561504 -1243.118468 57.992507
slice22/query/img_09988_c1_1283348642531767us.jpg 0.686257 0.687184 0.158086 -0.178433 670.166077 -1242.637239 58.007174
slice22/query/img_09989_c1_1283348642598360us.jpg 0.686216 0.686557 0.159415 -0.179815 669.464924 -1242.404368 58.012249
slice22/query/img_09990_c1_1283348642665094us.jpg 0.686185 0.685896 0.160859 -0.181167 668.765449 -1242.175492 58.018989
slice22/query/img_09991_c1_1283348642798324us.jpg 0.686008 0.684927 0.162317 -0.184175 667.349918 -1241.726769 58.027632
slice22/query/img_09992_c1_1283348642865062us.jpg 0.685696 0.684579 0.163480 -0.185596 666.645166 -1241.504105 58.033798
slice22/query/img_09993_c1_1283348642931677us.jpg 0.685253 0.684257 0.164879 -0.187175 665.940998 -1241.283928 58.039802
slice22/query/img_09994_c1_1283348643065046us.jpg 0.684112 0.684062 0.168155 -0.189138 664.509772 -1240.856395 58.048044
slice22/query/img_09995_c1_1283348643131640us.jpg 0.683058 0.684494 0.169103 -0.190536 663.790721 -1240.638957 58.051317
slice22/query/img_09996_c1_1283348643198252us.jpg 0.682305 0.684689 0.169933 -0.191789 663.068696 -1240.425739 58.054977
slice22/query/img_09997_c1_1283348643331608us.jpg 0.681809 0.684070 0.171665 -0.194207 661.607434 -1240.009717 58.059805
slice22/query/img_09998_c1_1283348643398217us.jpg 0.681415 0.683872 0.172738 -0.195331 660.878240 -1239.798647 58.062347
slice22/query/img_09999_c1_1283348643464956us.jpg 0.680752 0.683867 0.173842 -0.196675 660.150417 -1239.588261 58.067389
slice22/query/img_10000_c1_1283348643598187us.jpg 0.679249 0.684224 0.175919 -0.198775 658.690084 -1239.175696 58.076770
slice22/query/img_10001_c1_1283348643664919us.jpg 0.678879 0.683996 0.176994 -0.199865 657.956092 -1238.975480 58.083508
slice22/query/img_10002_c1_1283348643731533us.jpg 0.678665 0.683622 0.178195 -0.200804 657.219939 -1238.779348 58.089352
slice22/query/img_10003_c1_1283348643864887us.jpg 0.678669 0.682342 0.181070 -0.202564 655.744785 -1238.395524 58.105111
slice22/query/img_10004_c1_1283348643931497us.jpg 0.679145 0.681326 0.182452 -0.203145 655.005471 -1238.209304 58.112575
slice22/query/img_10005_c1_1283348643998110us.jpg 0.678824 0.681274 0.182980 -0.203916 654.265785 -1238.022348 58.115446
slice22/query/img_10006_c1_1283348644131485us.jpg 0.677316 0.682185 0.184207 -0.204779 652.774003 -1237.653634 58.122643
slice22/query/img_10007_c1_1283348644198097us.jpg 0.677197 0.681742 0.185195 -0.205756 652.027473 -1237.468610 58.127366
slice22/query/img_10008_c1_1283348644264813us.jpg 0.677009 0.681124 0.186447 -0.207284 651.282806 -1237.282637 58.131990
slice22/query/img_10009_c1_1283348644331429us.jpg 0.676099 0.681429 0.186842 -0.208890 650.534723 -1237.098582 58.134818
slice22/query/img_10010_c1_1283348644464782us.jpg 0.673447 0.683373 0.187027 -0.210930 649.036725 -1236.743031 58.137732
slice22/query/img_10011_c1_1283348644531391us.jpg 0.672953 0.683586 0.187550 -0.211351 648.281639 -1236.567303 58.142439
slice22/query/img_10012_c1_1283348644598006us.jpg 0.673021 0.683154 0.188516 -0.211670 647.529290 -1236.395815 58.150350
slice22/query/img_10013_c1_1283348644731380us.jpg 0.673542 0.682139 0.190178 -0.211800 646.013814 -1236.053984 58.157915
slice22/query/img_10014_c1_1283348644797970us.jpg 0.673624 0.682086 0.190383 -0.211527 645.251825 -1235.882580 58.160548
slice22/query/img_10015_c1_1283348644864710us.jpg 0.673641 0.682244 0.189785 -0.211501 644.494198 -1235.713995 58.162759
slice22/query/img_10016_c1_1283348644997939us.jpg 0.674016 0.682203 0.188574 -0.211524 642.963596 -1235.368340 58.163316
slice22/query/img_10017_c1_1283348645064675us.jpg 0.674260 0.682007 0.187744 -0.212112 642.193513 -1235.193152 58.161174
slice22/query/img_10018_c1_1283348645131286us.jpg 0.674572 0.681859 0.186532 -0.212666 641.423777 -1235.016070 58.163704
slice22/query/img_10019_c1_1283348645264663us.jpg 0.674383 0.682682 0.184592 -0.212315 639.899973 -1234.670018 58.177963
slice22/query/img_10020_c1_1283348645331252us.jpg 0.673713 0.683573 0.184587 -0.211581 639.124014 -1234.492074 58.187849
slice22/query/img_10021_c1_1283348645397865us.jpg 0.672936 0.684269 0.185501 -0.211002 638.348344 -1234.312291 58.197660
slice22/query/img_10022_c1_1283348645531239us.jpg 0.671950 0.684854 0.187474 -0.210503 636.801844 -1233.949126 58.202986
slice22/query/img_10023_c1_1283348645597830us.jpg 0.671641 0.684935 0.187512 -0.211191 636.026734 -1233.766847 58.204998
slice22/query/img_10024_c1_1283348645664569us.jpg 0.671668 0.684641 0.186709 -0.212767 635.258689 -1233.583391 58.203138
slice22/query/img_10025_c1_1283348645797815us.jpg 0.672913 0.683070 0.184648 -0.215661 633.714127 -1233.219068 58.209044
slice22/query/img_10026_c1_1283348645864535us.jpg 0.673527 0.682458 0.183706 -0.216484 632.936590 -1233.039883 58.214205
slice22/query/img_10027_c1_1283348645931146us.jpg 0.673713 0.682168 0.184081 -0.216498 632.154792 -1232.858183 58.225507
slice22/query/img_10028_c1_1283348645997760us.jpg 0.673286 0.682287 0.185000 -0.216669 631.371839 -1232.676873 58.242076
slice22/query/img_10029_c1_1283348646131136us.jpg 0.673972 0.680550 0.186032 -0.219102 629.787261 -1232.328856 58.259145
slice22/query/img_10030_c1_1283348646197725us.jpg 0.672572 0.681574 0.185571 -0.220605 628.998438 -1232.144850 58.268641
slice22/query/img_10031_c1_1283348646264464us.jpg 0.671182 0.682571 0.185425 -0.221875 628.218318 -1231.958549 58.280427
slice22/query/img_10032_c1_1283348646397705us.jpg 0.670572 0.682359 0.186392 -0.223558 626.647709 -1231.597523 58.308799
slice22/query/img_10033_c1_1283348646464430us.jpg 0.670469 0.682107 0.187492 -0.223714 625.860567 -1231.420497 58.323520
slice22/query/img_10034_c1_1283348646531041us.jpg 0.670361 0.681909 0.188546 -0.223755 625.074395 -1231.249076 58.339003
slice22/query/img_10035_c1_1283348646597654us.jpg 0.670194 0.681847 0.189375 -0.223744 624.286353 -1231.078788 58.352270
slice22/query/img_10036_c1_1283348646731008us.jpg 0.670331 0.681020 0.190775 -0.224664 622.703902 -1230.737891 58.380632
slice22/query/img_10037_c1_1283348646797621us.jpg 0.670342 0.680551 0.191317 -0.225587 621.909792 -1230.566151 58.391469
slice22/query/img_10038_c1_1283348646864359us.jpg 0.670115 0.680355 0.191891 -0.226364 621.113262 -1230.395102 58.403223
slice22/query/img_10039_c1_1283348646997588us.jpg 0.668943 0.680826 0.192276 -0.228083 619.516312 -1230.060053 58.426616
slice22/query/img_10040_c1_1283348647064323us.jpg 0.668651 0.680722 0.193080 -0.228571 618.719370 -1229.893396 58.442233
slice22/query/img_10041_c1_1283348647197554us.jpg 0.668413 0.680309 0.194213 -0.229532 617.114561 -1229.564206 58.474201
slice22/query/img_10042_c1_1283348647264289us.jpg 0.668287 0.680160 0.194487 -0.230107 616.315089 -1229.403517 58.486750
slice22/query/img_10043_c1_1283348647397518us.jpg 0.667816 0.680185 0.194885 -0.231061 614.697407 -1229.084757 58.515392
slice22/query/img_10044_c1_1283348647464254us.jpg 0.667389 0.680320 0.195663 -0.231244 613.888096 -1228.921692 58.531825
slice22/query/img_10045_c1_1283348647530868us.jpg 0.666668 0.680757 0.196532 -0.231299 613.080787 -1228.758820 58.546531
slice22/query/img_10046_c1_1283348647664223us.jpg 0.665554 0.681570 0.197131 -0.231601 611.454687 -1228.440498 58.570069
slice22/query/img_10047_c1_1283348647730836us.jpg 0.665250 0.681892 0.196805 -0.231804 610.643665 -1228.282592 58.581818
slice22/query/img_10048_c1_1283348647797446us.jpg 0.665379 0.681736 0.196699 -0.231985 609.826415 -1228.125013 58.593310
slice22/query/img_10049_c1_1283348647930823us.jpg 0.667057 0.679997 0.196275 -0.232627 608.194534 -1227.817183 58.620286
slice22/query/img_10050_c1_1283348647997410us.jpg 0.667775 0.679444 0.195850 -0.232540 607.372093 -1227.660267 58.631637
slice22/query/img_10051_c1_1283348648064148us.jpg 0.667809 0.679723 0.195569 -0.231864 606.548109 -1227.504063 58.645732
slice22/query/img_10052_c1_1283348648197397us.jpg 0.667967 0.680039 0.195611 -0.230442 604.905193 -1227.185110 58.681508
slice22/query/img_10053_c1_1283348648264135us.jpg 0.668354 0.679857 0.195152 -0.230247 604.083578 -1227.029059 58.698075
slice22/query/img_10054_c1_1283348648330726us.jpg 0.668615 0.679744 0.194577 -0.230308 603.259531 -1226.867341 58.711187
slice22/query/img_10055_c1_1283348648397339us.jpg 0.668330 0.680221 0.194137 -0.230097 602.438736 -1226.706039 58.726060
slice22/query/img_10056_c1_1283348648530705us.jpg 0.666383 0.682582 0.193479 -0.229305 600.786763 -1226.368249 58.753923
slice22/query/img_10057_c1_1283348648597304us.jpg 0.666150 0.682755 0.192756 -0.230076 599.961068 -1226.198993 58.764961
slice22/query/img_10058_c1_1283348648664043us.jpg 0.666489 0.682256 0.192363 -0.230901 599.137854 -1226.031101 58.774747
slice22/query/img_10059_c1_1283348648797295us.jpg 0.666557 0.682211 0.191013 -0.231957 597.485998 -1225.695715 58.804500
slice22/query/img_10060_c1_1283348648864015us.jpg 0.666383 0.682639 0.190011 -0.232021 596.658845 -1225.528749 58.819418
slice22/query/img_10061_c1_1283348648930620us.jpg 0.666101 0.683142 0.189704 -0.231600 595.830827 -1225.362045 58.838456
slice22/query/img_10062_c1_1283348648997234us.jpg 0.665902 0.683443 0.189770 -0.231228 595.004502 -1225.197450 58.857052
slice22/query/img_10063_c1_1283348649130586us.jpg 0.665113 0.683868 0.189885 -0.232149 593.348843 -1224.850688 58.893027
slice22/query/img_10064_c1_1283348649197199us.jpg 0.664437 0.684388 0.189583 -0.232801 592.519815 -1224.677097 58.908654
slice22/query/img_10065_c1_1283348649263938us.jpg 0.663536 0.685210 0.188880 -0.233522 591.690799 -1224.501529 58.919525
slice22/query/img_10066_c1_1283348649397166us.jpg 0.662164 0.686649 0.188090 -0.233823 590.031367 -1224.159004 58.951898
slice22/query/img_10067_c1_1283348649463902us.jpg 0.662710 0.686000 0.188618 -0.233757 589.200080 -1223.988223 58.971381
slice22/query/img_10068_c1_1283348649530516us.jpg 0.663749 0.684818 0.189657 -0.233437 588.368649 -1223.821007 58.992094
slice22/query/img_10069_c1_1283348649663871us.jpg 0.663775 0.684816 0.190163 -0.232954 586.704685 -1223.488534 59.030343
slice22/query/img_10070_c1_1283348649730480us.jpg 0.662557 0.686073 0.190363 -0.232560 585.870886 -1223.314547 59.041859
slice22/query/img_10071_c1_1283348649797094us.jpg 0.661366 0.687061 0.190854 -0.232629 585.039210 -1223.139266 59.057823
slice22/query/img_10072_c1_1283348649930451us.jpg 0.660584 0.687146 0.191201 -0.234310 583.373167 -1222.790233 59.079678
slice22/query/img_10073_c1_1283348649997059us.jpg 0.660188 0.687344 0.190432 -0.235468 582.541283 -1222.616913 59.085820
slice22/query/img_10074_c1_1283348650063797us.jpg 0.660219 0.687132 0.189476 -0.236769 581.708963 -1222.449740 59.095859
slice22/query/img_10075_c1_1283348650197049us.jpg 0.660924 0.686590 0.187861 -0.237657 580.037241 -1222.119001 59.126650
slice22/query/img_10076_c1_1283348650263763us.jpg 0.661244 0.686103 0.189318 -0.237017 579.194210 -1221.954285 59.149960
slice22/query/img_10077_c1_1283348650330376us.jpg 0.661644 0.685770 0.190844 -0.235638 578.352231 -1221.790717 59.176217
slice22/query/img_10078_c1_1283348650396989us.jpg 0.662269 0.684921 0.191734 -0.235631 577.512720 -1221.629510 59.198993
slice22/query/img_10079_c1_1283348650530362us.jpg 0.663163 0.683761 0.191874 -0.236369 575.832194 -1221.304313 59.236212
slice22/query/img_10080_c1_1283348650596954us.jpg 0.662577 0.684641 0.191657 -0.235637 574.991122 -1221.139212 59.254929
slice22/query/img_10081_c1_1283348650663692us.jpg 0.661522 0.685677 0.191967 -0.235339 574.147834 -1220.972686 59.271456
slice22/query/img_10082_c1_1283348650796926us.jpg 0.660521 0.685974 0.193373 -0.236133 572.451544 -1220.634976 59.299317
slice22/query/img_10083_c1_1283348650863658us.jpg 0.661389 0.684711 0.193962 -0.236882 571.609004 -1220.470232 59.312778
slice22/query/img_10084_c1_1283348650930270us.jpg 0.660821 0.685182 0.193207 -0.237722 570.774040 -1220.303586 59.322366
slice22/query/img_10085_c1_1283348651063646us.jpg 0.657151 0.688673 0.192058 -0.238737 569.084583 -1219.968832 59.351163
slice22/query/img_10086_c1_1283348651130257us.jpg 0.657078 0.688340 0.192600 -0.239461 568.241085 -1219.805731 59.366992
slice22/query/img_10087_c1_1283348651196849us.jpg 0.657617 0.687388 0.193420 -0.240055 567.397745 -1219.642338 59.383977
slice22/query/img_10088_c1_1283348651263587us.jpg 0.657883 0.687043 0.193285 -0.240420 566.555098 -1219.483288 59.401148
slice22/query/img_10089_c1_1283348651396835us.jpg 0.658144 0.686620 0.192940 -0.241192 564.869510 -1219.170147 59.437642
slice22/query/img_10090_c1_1283348651463553us.jpg 0.659719 0.685024 0.193784 -0.240751 564.025184 -1219.018010 59.460647
slice22/query/img_10091_c1_1283348651530165us.jpg 0.661104 0.683461 0.195056 -0.240365 563.179765 -1218.868981 59.485656
slice22/query/img_10092_c1_1283348651663519us.jpg 0.661602 0.683583 0.197379 -0.236727 561.491185 -1218.575831 59.537994
slice22/query/img_10093_c1_1283348651730130us.jpg 0.661371 0.684063 0.198158 -0.235328 560.645352 -1218.422373 59.559473
slice22/query/img_10094_c1_1283348651796744us.jpg 0.661803 0.683456 0.198422 -0.235655 559.809112 -1218.266650 59.574333
slice22/query/img_10095_c1_1283348651930097us.jpg 0.660247 0.684578 0.196275 -0.238542 558.143212 -1217.945361 59.594449
slice22/query/img_10096_c1_1283348651996708us.jpg 0.658414 0.686413 0.194339 -0.239916 557.308834 -1217.783928 59.600306
slice22/query/img_10097_c1_1283348652063447us.jpg 0.657305 0.687473 0.193007 -0.240996 556.472849 -1217.619887 59.608011
slice22/query/img_10098_c1_1283348652196704us.jpg 0.658030 0.686709 0.192672 -0.241464 554.800444 -1217.309808 59.647364
slice22/query/img_10099_c1_1283348652263434us.jpg 0.659031 0.685828 0.193282 -0.240749 553.962379 -1217.156207 59.670017
slice22/query/img_10100_c1_1283348652330026us.jpg 0.659943 0.685154 0.193925 -0.239651 553.122002 -1217.001731 59.692366
slice22/query/img_10101_c1_1283348652396638us.jpg 0.660326 0.684985 0.194185 -0.238867 552.284842 -1216.849451 59.715841
slice22/query/img_10102_c1_1283348652530013us.jpg 0.660241 0.685462 0.194228 -0.237694 550.602543 -1216.533729 59.750507
slice22/query/img_10103_c1_1283348652596603us.jpg 0.659760 0.685962 0.193977 -0.237793 549.767603 -1216.374856 59.766119
slice22/query/img_10104_c1_1283348652729959us.jpg 0.658658 0.686987 0.192894 -0.238767 548.086541 -1216.046512 59.794096
slice22/query/img_10105_c1_1283348652796573us.jpg 0.658097 0.687465 0.191993 -0.239663 547.247326 -1215.881058 59.805636
slice22/query/img_10106_c1_1283348652863307us.jpg 0.657714 0.687814 0.191156 -0.240383 546.411860 -1215.717785 59.819230
slice22/query/img_10107_c1_1283348652996540us.jpg 0.658640 0.687074 0.190822 -0.240227 544.727512 -1215.396643 59.855247
slice22/query/img_10108_c1_1283348653063276us.jpg 0.659458 0.686433 0.191374 -0.239376 543.883170 -1215.237116 59.875851
slice22/query/img_10109_c1_1283348653129886us.jpg 0.660095 0.685986 0.191998 -0.238399 543.042856 -1215.079316 59.899307
slice22/query/img_10110_c1_1283348653196500us.jpg 0.660396 0.685874 0.192327 -0.237623 542.199467 -1214.918576 59.921604
slice22/query/img_10111_c1_1283348653329872us.jpg 0.659814 0.686608 0.192685 -0.236827 540.510458 -1214.586792 59.956229
slice22/query/img_10112_c1_1283348653396463us.jpg 0.659139 0.687219 0.192644 -0.236971 539.667819 -1214.418807 59.970748
slice22/query/img_10113_c1_1283348653463202us.jpg 0.658406 0.687767 0.192388 -0.237622 538.826068 -1214.250129 59.982684
slice22/query/img_10114_c1_1283348653596460us.jpg 0.657875 0.688036 0.191392 -0.239115 537.141712 -1213.910349 60.005625
slice22/query/img_10115_c1_1283348653663168us.jpg 0.658070 0.687860 0.191079 -0.239336 536.300956 -1213.748019 60.019074
slice22/query/img_10116_c1_1283348653729780us.jpg 0.658466 0.687613 0.191040 -0.238985 535.458035 -1213.586532 60.036498
slice22/query/img_10117_c1_1283348653796393us.jpg 0.659120 0.687171 0.191234 -0.238298 534.614475 -1213.426647 60.053519
slice22/query/img_10118_c1_1283348653929749us.jpg 0.660196 0.686283 0.192264 -0.237047 532.920126 -1213.107238 60.095413
slice22/query/img_10119_c1_1283348653996357us.jpg 0.660344 0.686107 0.192704 -0.236786 532.074823 -1212.945349 60.115719
slice22/query/img_10120_c1_1283348654063096us.jpg 0.660390 0.686010 0.192914 -0.236771 531.231372 -1212.785648 60.134212
slice22/query/img_10121_c1_1283348654196325us.jpg 0.659834 0.686512 0.192421 -0.237263 529.532602 -1212.454711 60.164124
slice22/query/img_10122_c1_1283348654263062us.jpg 0.659607 0.686874 0.192176 -0.237047 528.685377 -1212.295406 60.182116
slice22/query/img_10123_c1_1283348654329677us.jpg 0.659727 0.686869 0.192024 -0.236849 527.834366 -1212.133519 60.198814
slice22/query/img_10124_c1_1283348654396288us.jpg 0.660071 0.686622 0.192234 -0.236437 526.986229 -1211.971248 60.216315
slice22/query/img_10125_c1_1283348654529663us.jpg 0.660782 0.685916 0.192193 -0.236535 525.281048 -1211.640801 60.250677
slice22/query/img_10126_c1_1283348654596274us.jpg 0.661102 0.685584 0.192208 -0.236588 524.430863 -1211.477078 60.265421
slice22/query/img_10127_c1_1283348654662991us.jpg 0.661226 0.685541 0.191894 -0.236621 523.580326 -1211.312325 60.280185
slice22/query/img_10128_c1_1283348654729605us.jpg 0.661003 0.685808 0.191567 -0.236736 522.734263 -1211.147964 60.296509
slice22/query/img_10129_c1_1283348654862990us.jpg 0.660760 0.686098 0.191978 -0.236241 521.036929 -1210.810380 60.331838
slice22/query/img_10130_c1_1283348654929569us.jpg 0.660677 0.686192 0.192374 -0.235878 520.183467 -1210.642801 60.349749
slice22/query/img_10131_c1_1283348654996183us.jpg 0.660636 0.686286 0.192509 -0.235609 519.331782 -1210.478009 60.366752
slice22/query/img_10132_c1_1283348655129558us.jpg 0.660636 0.686225 0.192160 -0.236070 517.634307 -1210.142087 60.395981
slice22/query/img_10133_c1_1283348655196148us.jpg 0.660606 0.686242 0.192048 -0.236197 516.781540 -1209.972740 60.410188
slice22/query/img_10134_c1_1283348655262886us.jpg 0.660427 0.686445 0.192214 -0.235974 515.926881 -1209.803657 60.426200
slice22/query/img_10135_c1_1283348655329500us.jpg 0.660163 0.686698 0.192448 -0.235786 515.073126 -1209.635226 60.442219
slice22/query/img_10136_c1_1283348655462854us.jpg 0.659856 0.687080 0.192608 -0.235401 513.364174 -1209.300957 60.476199
slice22/query/img_10137_c1_1283348655529487us.jpg 0.659701 0.687299 0.192637 -0.235171 512.507722 -1209.131132 60.490661
slice22/query/img_10138_c1_1283348655596077us.jpg 0.659650 0.687342 0.192782 -0.235069 511.650769 -1208.963644 60.504502
slice22/query/img_10139_c1_1283348655662815us.jpg 0.659693 0.687266 0.192806 -0.235152 510.793838 -1208.797440 60.519492
slice22/query/img_10140_c1_1283348655796045us.jpg 0.659728 0.687201 0.192989 -0.235093 509.079412 -1208.452856 60.544767
slice22/query/img_10141_c1_1283348655862781us.jpg 0.659642 0.687415 0.192793 -0.234870 508.223300 -1208.284536 60.557373
slice22/query/img_10142_c1_1283348655929394us.jpg 0.659593 0.687584 0.192781 -0.234522 507.366136 -1208.116763 60.571006
slice22/query/img_10143_c1_1283348656062750us.jpg 0.659614 0.687580 0.192976 -0.234314 505.653247 -1207.778594 60.597937
slice22/query/img_10144_c1_1283348656129359us.jpg 0.659528 0.687625 0.193185 -0.234251 504.794861 -1207.606235 60.611203
slice22/query/img_10145_c1_1283348656195973us.jpg 0.659406 0.687718 0.193207 -0.234305 503.936896 -1207.436499 60.621556
slice22/query/img_10146_c1_1283348656329348us.jpg 0.658822 0.688360 0.193535 -0.233793 502.217680 -1207.090922 60.644451
slice22/query/img_10147_c1_1283348656395942us.jpg 0.658555 0.688639 0.193744 -0.233549 501.361059 -1206.920272 60.655095
slice22/query/img_10148_c1_1283348656462679us.jpg 0.658621 0.688521 0.194304 -0.233245 500.505605 -1206.747669 60.665097
slice22/query/img_10149_c1_1283348656529289us.jpg 0.658819 0.688282 0.195026 -0.232788 499.651009 -1206.581517 60.677227
slice22/query/img_10150_c1_1283348656662672us.jpg 0.658973 0.687840 0.196104 -0.232751 497.934550 -1206.232774 60.695175
slice22/query/img_10151_c1_1283348656729254us.jpg 0.658833 0.688004 0.196199 -0.232585 497.072800 -1206.062891 60.702816
slice22/query/img_10152_c1_1283348656795867us.jpg 0.658663 0.688073 0.196212 -0.232851 496.216914 -1205.890871 60.705652
slice22/query/img_10153_c1_1283348656929242us.jpg 0.658352 0.688201 0.196678 -0.232960 494.501670 -1205.551579 60.716611
slice22/query/img_10154_c1_1283348656995836us.jpg 0.657783 0.688676 0.197503 -0.232464 493.644050 -1205.380957 60.722358
slice22/query/img_10155_c1_1283348657062571us.jpg 0.656791 0.689638 0.198068 -0.231934 492.783491 -1205.209463 60.727488
slice22/query/img_10156_c1_1283348657129185us.jpg 0.655969 0.690347 0.198292 -0.231961 491.927467 -1205.039197 60.728844
slice22/query/img_10157_c1_1283348657262558us.jpg 0.654951 0.691055 0.197951 -0.233019 490.219125 -1204.699956 60.730508
slice22/query/img_10158_c1_1283348657329171us.jpg 0.654918 0.690965 0.197761 -0.233540 489.360765 -1204.531955 60.727318
slice22/query/img_10159_c1_1283348657395762us.jpg 0.654699 0.691047 0.197669 -0.233986 488.505448 -1204.362982 60.723839
