slice22/query/img_07434_c1_1284563900989553us.jpg 0.712665 0.700679 0.022091 -0.025873 732.403597 -1280.327107 57.877716
slice22/query/img_07435_c1_1284563901056291us.jpg 0.712924 0.700319 0.023937 -0.026827 731.762615 -1279.738521 57.874728
slice22/query/img_07436_c1_1284563901189520us.jpg 0.713256 0.699803 0.027505 -0.028023 730.467133 -1278.575719 57.879021
slice22/query/img_07437_c1_1284563901256256us.jpg 0.713657 0.699299 0.029149 -0.028714 729.816059 -1277.998925 57.877260
slice22/query/img_07438_c1_1284563901322869us.jpg 0.714261 0.698565 0.030758 -0.029859 729.165462 -1277.425079 57.876768
slice22/query/img_07439_c1_1284563901389481us.jpg 0.714579 0.698123 0.032029 -0.031231 728.512838 -1276.852894 57.876661
slice22/query/img_07440_c1_1284563901522856us.jpg 0.713599 0.698885 0.033674 -0.034672 727.198262 -1275.700349 57.876442
slice22/query/img_07441_c1_1284563901589447us.jpg 0.712748 0.699621 0.034304 -0.036661 726.537815 -1275.125446 57.873210
slice22/query/img_07442_c1_1284563901656185us.jpg 0.711792 0.700423 0.035192 -0.039008 725.878131 -1274.553284 57.871595
slice22/query/img_07443_c1_1284563901789414us.jpg 0.710074 0.701781 0.037717 -0.043315 724.542619 -1273.408287 57.869824
slice22/query/img_07444_c1_1284563901856172us.jpg 0.709524 0.702121 0.039205 -0.045435 723.867120 -1272.841577 57.870228
slice22/query/img_07445_c1_1284563901922763us.jpg 0.709405 0.702032 0.040716 -0.047309 723.184922 -1272.281655 57.870346
slice22/query/img_07446_c1_1284563901989376us.jpg 0.709586 0.701626 0.042474 -0.049040 722.500086 -1271.725359 57.871162
slice22/query/img_07447_c1_1284563902122751us.jpg 0.710717 0.699985 0.047768 -0.051193 721.108911 -1270.616880 57.873369
slice22/query/img_07448_c1_1284563902189341us.jpg 0.711297 0.699117 0.051054 -0.051830 720.406866 -1270.069525 57.877894
slice22/query/img_07449_c1_1284563902256080us.jpg 0.711589 0.698553 0.053791 -0.052644 719.699382 -1269.527041 57.881264
slice22/query/img_07450_c1_1284563902322692us.jpg 0.711663 0.698198 0.055930 -0.054102 718.990415 -1268.984463 57.882196
slice22/query/img_07451_c1_1284563902456070us.jpg 0.711682 0.697560 0.059433 -0.058198 717.568640 -1267.902693 57.877709
slice22/query/img_07452_c1_1284563902522658us.jpg 0.711604 0.697300 0.060766 -0.060831 716.855594 -1267.368787 57.875425
slice22/query/img_07453_c1_1284563902589271us.jpg 0.711324 0.697248 0.061536 -0.063848 716.141265 -1266.836668 57.871797
slice22/query/img_07454_c1_1284563902722630us.jpg 0.709948 0.697889 0.063847 -0.069634 714.700428 -1265.768898 57.871514
slice22/query/img_07455_c1_1284563902789241us.jpg 0.708906 0.698558 0.065649 -0.071833 713.969802 -1265.243448 57.873719
slice22/query/img_07456_c1_1284563902855975us.jpg 0.707797 0.699284 0.067770 -0.073704 713.235169 -1264.722184 57.879690
slice22/query/img_07457_c1_1284563902989204us.jpg 0.706531 0.699836 0.071502 -0.077014 711.749086 -1263.691832 57.884028
slice22/query/img_07458_c1_1284563903055941us.jpg 0.706331 0.699690 0.073090 -0.078661 710.998381 -1263.183809 57.884136
slice22/query/img_07459_c1_1284563903122553us.jpg 0.706467 0.699188 0.074718 -0.080352 710.246469 -1262.678430 57.884587
slice22/query/img_07460_c1_1284563903189166us.jpg 0.706508 0.698771 0.076313 -0.082115 709.492089 -1262.177057 57.884828
slice22/query/img_07461_c1_1284563903322522us.jpg 0.705844 0.698674 0.078915 -0.086085 707.972060 -1261.181005 57.880490
slice22/query/img_07462_c1_1284563903389131us.jpg 0.705032 0.699108 0.079937 -0.088247 707.206480 -1260.684205 57.879142
slice22/query/img_07463_c1_1284563903589102us.jpg 0.703654 0.699254 0.083769 -0.094330 704.908360 -1259.209788 57.874125
slice22/query/img_07464_c1_1284563903789092us.jpg 0.704405 0.697240 0.088605 -0.099086 702.585233 -1257.753889 57.862350
slice22/query/img_07465_c1_1284563903855797us.jpg 0.704632 0.696574 0.090109 -0.100791 701.797411 -1257.279110 57.861790
slice22/query/img_07466_c1_1284563903922411us.jpg 0.704754 0.695950 0.092091 -0.102443 701.004622 -1256.804843 57.862768
slice22/query/img_07467_c1_1284563904055785us.jpg 0.704425 0.695277 0.095922 -0.105705 699.404943 -1255.868793 57.867918
slice22/query/img_07468_c1_1284563904122376us.jpg 0.704377 0.694874 0.097615 -0.107114 698.598754 -1255.408644 57.870566
slice22/query/img_07469_c1_1284563904188990us.jpg 0.704462 0.694320 0.099536 -0.108377 697.791506 -1254.950827 57.875183
slice22/query/img_07470_c1_1284563904255727us.jpg 0.704681 0.693623 0.101600 -0.109495 696.978776 -1254.497655 57.880621
slice22/query/img_07471_c1_1284563904388979us.jpg 0.704949 0.692239 0.105933 -0.112386 695.345938 -1253.587927 57.887904
slice22/query/img_07472_c1_1284563904455693us.jpg 0.704654 0.691940 0.107836 -0.114248 694.525491 -1253.137104 57.892293
slice22/query/img_07473_c1_1284563904522306us.jpg 0.703932 0.692100 0.109245 -0.116378 693.703069 -1252.687400 57.891970
slice22/query/img_07474_c1_1284563904588920us.jpg 0.702883 0.692508 0.110670 -0.118914 692.878482 -1252.241263 57.890991
slice22/query/img_07475_c1_1284563904722294us.jpg 0.700687 0.693293 0.113975 -0.124065 691.217812 -1251.347779 57.883209
slice22/query/img_07476_c1_1284563904788884us.jpg 0.699689 0.693650 0.115719 -0.126075 690.372293 -1250.911098 57.885263
slice22/query/img_07477_c1_1284563904855623us.jpg 0.699081 0.693596 0.117492 -0.128087 689.526632 -1250.479727 57.883573
slice22/query/img_07478_c1_1284563904988872us.jpg 0.699261 0.692069 0.121332 -0.131729 687.822797 -1249.640153 57.878548
slice22/query/img_07479_c1_1284563905055588us.jpg 0.699547 0.691047 0.123595 -0.133462 686.967388 -1249.229566 57.876251
slice22/query/img_07480_c1_1284563905122201us.jpg 0.699626 0.690230 0.125643 -0.135352 686.107352 -1248.819541 57.876948
slice22/query/img_07481_c1_1284563905188814us.jpg 0.699367 0.689732 0.127557 -0.137420 685.247091 -1248.417891 57.876122
slice22/query/img_07482_c1_1284563905322169us.jpg 0.698386 0.689147 0.131017 -0.142016 683.505922 -1247.611782 57.865543
slice22/query/img_07483_c1_1284563905388779us.jpg 0.697562 0.689223 0.132639 -0.144171 682.628098 -1247.217477 57.865286
slice22/query/img_07484_c1_1284563905455517us.jpg 0.696661 0.689353 0.134109 -0.146530 681.751482 -1246.834738 57.871420
slice22/query/img_07485_c1_1284563905522131us.jpg 0.695673 0.689552 0.136024 -0.148508 680.867900 -1246.452949 57.878864
slice22/query/img_07486_c1_1284563905655485us.jpg 0.694697 0.688885 0.139553 -0.152838 679.082716 -1245.700151 57.878255
slice22/query/img_07487_c1_1284563905788732us.jpg 0.694614 0.687308 0.142975 -0.157086 677.276894 -1244.964867 57.879909
slice22/query/img_07488_c1_1284563905855446us.jpg 0.694190 0.686937 0.144744 -0.158958 676.365408 -1244.601355 57.886154
slice22/query/img_07489_c1_1284563905922059us.jpg 0.693721 0.686576 0.146356 -0.161074 675.451272 -1244.245775 57.893948
slice22/query/img_07490_c1_1284563905988673us.jpg 0.693091 0.686350 0.147999 -0.163233 674.533710 -1243.895828 57.902462
slice22/query/img_07491_c1_1284563906122046us.jpg 0.691340 0.686263 0.151742 -0.167531 672.690198 -1243.210435 57.920166
slice22/query/img_07492_c1_1284563906188638us.jpg 0.690219 0.686388 0.153772 -0.169773 671.770496 -1242.869876 57.928827
slice22/query/img_07493_c1_1284563906255376us.jpg 0.689269 0.686387 0.155431 -0.172109 670.846855 -1242.537207 57.937317
slice22/query/img_07494_c1_1284563906321989us.jpg 0.688623 0.686079 0.157082 -0.174411 669.921035 -1242.210396 57.944613
slice22/query/img_07495_c1_1284563906455342us.jpg 0.688329 0.684532 0.160895 -0.178134 668.053918 -1241.580881 57.965797
slice22/query/img_07496_c1_1284563906521954us.jpg 0.688477 0.683473 0.162782 -0.179908 667.114419 -1241.272356 57.976998
slice22/query/img_07497_c1_1284563906588567us.jpg 0.688513 0.682415 0.165014 -0.181741 666.176181 -1240.968514 57.987182
slice22/query/img_07498_c1_1284563906722172us.jpg 0.687212 0.681921 0.168476 -0.185308 664.269946 -1240.378481 57.999440
slice22/query/img_07499_c1_1284563906788533us.jpg 0.685809 0.682328 0.170024 -0.187582 663.312598 -1240.080028 58.004525
slice22/query/img_07500_c1_1284563906855271us.jpg 0.684174 0.682841 0.171206 -0.190585 662.358404 -1239.779984 58.007889
slice22/query/img_07501_c1_1284563906921884us.jpg 0.682755 0.683184 0.172371 -0.193373 661.394603 -1239.487918 58.012104
slice22/query/img_07502_c1_1284563907055447us.jpg 0.680454 0.683377 0.175283 -0.198126 659.453406 -1238.924759 58.020862
slice22/query/img_07503_c1_1284563907121851us.jpg 0.679376 0.683524 0.177029 -0.199761 658.473976 -1238.652083 58.028093
slice22/query/img_07504_c1_1284563907188462us.jpg 0.678683 0.683245 0.178861 -0.201432 657.493541 -1238.386530 58.037389
slice22/query/img_07505_c1_1284563907255201us.jpg 0.678210 0.683033 0.180459 -0.202318 656.506262 -1238.130911 58.047100
slice22/query/img_07506_c1_1284563907388433us.jpg 0.679763 0.678885 0.187170 -0.204951 654.521995 -1237.630023 58.070616
slice22/query/img_07507_c1_1284563907455187us.jpg 0.680126 0.677652 0.189432 -0.205748 653.526611 -1237.383561 58.081365
slice22/query/img_07508_c1_1284563907521779us.jpg 0.679498 0.677495 0.190683 -0.207180 652.525275 -1237.140302 58.086114
slice22/query/img_07509_c1_1284563907588392us.jpg 0.678933 0.677305 0.190972 -0.209375 651.525419 -1236.903462 58.089410
slice22/query/img_07510_c1_1284563907721769us.jpg 0.676694 0.677904 0.192231 -0.213491 649.498689 -1236.427625 58.089845
slice22/query/img_07511_c1_1284563907788383us.jpg 0.674986 0.678848 0.193002 -0.215196 648.477970 -1236.186620 58.093524
slice22/query/img_07512_c1_1284563907855096us.jpg 0.673414 0.679810 0.193389 -0.216733 647.451642 -1235.953351 58.097232
slice22/query/img_07513_c1_1284563907988325us.jpg 0.671375 0.681149 0.193514 -0.218732 645.394886 -1235.500796 58.099345
slice22/query/img_07514_c1_1284563908055060us.jpg 0.671313 0.680767 0.194127 -0.219567 644.365594 -1235.277475 58.108637
slice22/query/img_07515_c1_1284563908121673us.jpg 0.672168 0.679400 0.195038 -0.220376 643.330595 -1235.059257 58.119001
slice22/query/img_07516_c1_1284563908255048us.jpg 0.674673 0.676070 0.196101 -0.222014 641.255240 -1234.642245 58.142451
slice22/query/img_07517_c1_1284563908321638us.jpg 0.674782 0.675790 0.195533 -0.223031 640.210815 -1234.429463 58.153607
slice22/query/img_07518_c1_1284563908388251us.jpg 0.673832 0.676629 0.195901 -0.223040 639.156463 -1234.216268 58.168242
slice22/query/img_07519_c1_1284563908454990us.jpg 0.672624 0.677453 0.197444 -0.222822 638.100803 -1234.000036 58.185438
slice22/query/img_07520_c1_1284563908588218us.jpg 0.671073 0.678438 0.200856 -0.221451 635.962151 -1233.566335 58.211273
slice22/query/img_07521_c1_1284563908654954us.jpg 0.670880 0.678343 0.200949 -0.222242 634.905077 -1233.354878 58.217467
slice22/query/img_07522_c1_1284563908721567us.jpg 0.671482 0.677533 0.200520 -0.223278 633.848196 -1233.150837 58.222458
slice22/query/img_07523_c1_1284563908854943us.jpg 0.673463 0.675453 0.198848 -0.225102 631.731189 -1232.747577 58.245516
slice22/query/img_07524_c1_1284563908921554us.jpg 0.674120 0.674659 0.198853 -0.225510 630.671745 -1232.543352 58.263437
slice22/query/img_07525_c1_1284563908988145us.jpg 0.674142 0.674587 0.198944 -0.225581 629.605544 -1232.336903 58.281612
slice22/query/img_07526_c1_1284563909054884us.jpg 0.673132 0.675668 0.198610 -0.225656 628.541058 -1232.130622 58.303059
slice22/query/img_07527_c1_1284563909188114us.jpg 0.674149 0.674448 0.199028 -0.225903 626.386000 -1231.721618 58.339923
slice22/query/img_07528_c1_1284563909254848us.jpg 0.673160 0.675522 0.199580 -0.225154 625.310955 -1231.509377 58.362216
slice22/query/img_07529_c1_1284563909321462us.jpg 0.672463 0.676354 0.199967 -0.224392 624.233958 -1231.296410 58.378833
slice22/query/img_07530_c1_1284563909388075us.jpg 0.672498 0.676433 0.199965 -0.224052 623.156087 -1231.083159 58.396140
slice22/query/img_07531_c1_1284563909521453us.jpg 0.674269 0.674824 0.199814 -0.223716 620.984090 -1230.646177 58.415407
slice22/query/img_07532_c1_1284563909588040us.jpg 0.675068 0.674115 0.199475 -0.223746 619.907596 -1230.432573 58.430631
slice22/query/img_07533_c1_1284563909654778us.jpg 0.675462 0.673788 0.199054 -0.223915 618.826280 -1230.217953 58.446159
slice22/query/img_07534_c1_1284563909788441us.jpg 0.675365 0.674116 0.198662 -0.223567 616.642759 -1229.779191 58.475643
slice22/query/img_07535_c1_1284563909854765us.jpg 0.674861 0.674795 0.197965 -0.223663 615.554800 -1229.560303 58.488520
slice22/query/img_07536_c1_1284563909921374us.jpg 0.674132 0.675659 0.197400 -0.223750 614.470407 -1229.339518 58.506951
slice22/query/img_07537_c1_1284563909987970us.jpg 0.673380 0.676501 0.197581 -0.223308 613.374686 -1229.113635 58.524904
slice22/query/img_07538_c1_1284563910121325us.jpg 0.672473 0.677660 0.197661 -0.222455 611.172379 -1228.670041 58.553184
slice22/query/img_07539_c1_1284563910187938us.jpg 0.672135 0.678205 0.197106 -0.222311 610.071480 -1228.440651 58.568193
slice22/query/img_07540_c1_1284563910254673us.jpg 0.672176 0.678281 0.196451 -0.222535 608.972808 -1228.214948 58.580759
slice22/query/img_07541_c1_1284563910321286us.jpg 0.672706 0.677751 0.195885 -0.223045 607.876369 -1227.990248 58.595459
slice22/query/img_07542_c1_1284563910454653us.jpg 0.673220 0.677423 0.195548 -0.222788 605.667649 -1227.532236 58.626235
slice22/query/img_07543_c1_1284563910521251us.jpg 0.673331 0.677484 0.195313 -0.222469 604.554563 -1227.301660 58.646089
slice22/query/img_07544_c1_1284563910587864us.jpg 0.673643 0.677313 0.194907 -0.222406 603.446032 -1227.067962 58.664915
slice22/query/img_07545_c1_1284563910654603us.jpg 0.673743 0.677361 0.194692 -0.222142 602.335052 -1226.836365 58.684473
slice22/query/img_07546_c1_1284563910787832us.jpg 0.672280 0.679032 0.194607 -0.221547 600.101800 -1226.369248 58.723899
slice22/query/img_07547_c1_1284563910854567us.jpg 0.672084 0.679099 0.193696 -0.222732 598.987916 -1226.130400 58.738684
slice22/query/img_07548_c1_1284563910921180us.jpg 0.671563 0.679424 0.193008 -0.223906 597.872321 -1225.892742 58.753539
slice22/query/img_07549_c1_1284563910987794us.jpg 0.670803 0.680033 0.191983 -0.225214 596.759503 -1225.656593 58.769318
slice22/query/img_07550_c1_1284563911121168us.jpg 0.669244 0.681393 0.190199 -0.227243 594.527533 -1225.173697 58.797369
slice22/query/img_07551_c1_1284563911187759us.jpg 0.668538 0.681811 0.190393 -0.227904 593.407767 -1224.928389 58.819733
slice22/query/img_07552_c1_1284563911254496us.jpg 0.668222 0.681812 0.190849 -0.228449 592.284219 -1224.689222 58.843064
slice22/query/img_07553_c1_1284563911387750us.jpg 0.667123 0.682554 0.191327 -0.229044 590.044705 -1224.217468 58.880509
slice22/query/img_07554_c1_1284563911454484us.jpg 0.667072 0.682495 0.191647 -0.229098 588.916946 -1223.984723 58.904685
slice22/query/img_07555_c1_1284563911521075us.jpg 0.667487 0.681877 0.192595 -0.228937 587.788987 -1223.757060 58.931127
slice22/query/img_07556_c1_1284563911587688us.jpg 0.667538 0.681820 0.193120 -0.228515 586.656332 -1223.534746 58.957491
slice22/query/img_07557_c1_1284563911721064us.jpg 0.665673 0.683495 0.194242 -0.228002 584.404688 -1223.072028 59.002101
slice22/query/img_07558_c1_1284563911787662us.jpg 0.664969 0.683898 0.194514 -0.228612 583.272791 -1222.838423 59.019525
slice22/query/img_07559_c1_1284563911854391us.jpg 0.664429 0.684142 0.194104 -0.229798 582.146760 -1222.603301 59.035949
slice22/query/img_07560_c1_1284563911921005us.jpg 0.664284 0.684112 0.192985 -0.231245 581.018486 -1222.373409 59.051992
slice22/query/img_07561_c1_1284563912054380us.jpg 0.663758 0.684131 0.192427 -0.233156 578.756080 -1221.911754 59.096094
slice22/query/img_07562_c1_1284563912120970us.jpg 0.664017 0.683913 0.192915 -0.232653 577.622141 -1221.683253 59.123787
slice22/query/img_07563_c1_1284563912187583us.jpg 0.665098 0.682488 0.193346 -0.233391 576.491654 -1221.461624 59.152931
slice22/query/img_07564_c1_1284563912254321us.jpg 0.665220 0.682065 0.194465 -0.233354 575.357905 -1221.241189 59.184094
slice22/query/img_07565_c1_1284563912387570us.jpg 0.664202 0.683152 0.195624 -0.232099 573.098173 -1220.792845 59.239231
slice22/query/img_07566_c1_1284563912454286us.jpg 0.663288 0.683154 0.197146 -0.233417 571.967152 -1220.567909 59.256310
slice22/query/img_07567_c1_1284563912587514us.jpg 0.661120 0.684560 0.197185 -0.235407 569.710115 -1220.123717 59.292157
slice22/query/img_07568_c1_1284563912654251us.jpg 0.659614 0.685644 0.196498 -0.237044 568.582809 -1219.900358 59.306264
slice22/query/img_07569_c1_1284563912720863us.jpg 0.658602 0.686107 0.195851 -0.239045 567.451231 -1219.679349 59.321035
slice22/query/img_07570_c1_1284563912787477us.jpg 0.657588 0.686329 0.196308 -0.240818 566.315138 -1219.463878 59.342108
slice22/query/img_07571_c1_1284563912920832us.jpg 0.658090 0.684671 0.197976 -0.242795 564.037575 -1219.048325 59.399482
slice22/query/img_07572_c1_1284563912987443us.jpg 0.659718 0.682642 0.200069 -0.242372 562.894698 -1218.853136 59.434874
slice22/query/img_07573_c1_1284563913054181us.jpg 0.661213 0.681453 0.201723 -0.240264 561.755164 -1218.667309 59.474006
slice22/query/img_07574_c1_1284563913187411us.jpg 0.662345 0.679915 0.205040 -0.238692 559.470825 -1218.289768 59.536043
slice22/query/img_07575_c1_1284563913254147us.jpg 0.662740 0.679120 0.205522 -0.239442 558.334137 -1218.092813 59.554571
slice22/query/img_07576_c1_1284563913320759us.jpg 0.661497 0.679735 0.205432 -0.241205 557.196290 -1217.893660 59.569968
slice22/query/img_07577_c1_1284563913454135us.jpg 0.657890 0.682046 0.203569 -0.246076 554.928428 -1217.490977 59.600329
slice22/query/img_07578_c1_1284563913520725us.jpg 0.656104 0.683097 0.203400 -0.248062 553.794726 -1217.291627 59.618237
slice22/query/img_07579_c1_1284563913587365us.jpg 0.655225 0.683472 0.203735 -0.249074 552.660871 -1217.102248 59.643527
slice22/query/img_07580_c1_1284563913654076us.jpg 0.655048 0.683379 0.204742 -0.248970 551.524382 -1216.921200 59.677229
slice22/query/img_07581_c1_1284563913787307us.jpg 0.656158 0.681979 0.207303 -0.247765 549.245731 -1216.572422 59.742892
slice22/query/img_07582_c1_1284563913854040us.jpg 0.656827 0.680943 0.208751 -0.247625 548.113028 -1216.402380 59.774162
slice22/query/img_07583_c1_1284563913920654us.jpg 0.657200 0.680135 0.209419 -0.248290 546.978242 -1216.228388 59.798424
slice22/query/img_07584_c1_1284563914054041us.jpg 0.656297 0.680012 0.209240 -0.251150 544.716453 -1215.875053 59.843148
slice22/query/img_07585_c1_1284563914120618us.jpg 0.655387 0.680331 0.209136 -0.252745 543.587455 -1215.703209 59.866186
slice22/query/img_07586_c1_1284563914187231us.jpg 0.654421 0.680803 0.209337 -0.253807 542.455859 -1215.534149 59.890044
slice22/query/img_07587_c1_1284563914320588us.jpg 0.652320 0.682008 0.210457 -0.255053 540.190253 -1215.201258 59.944645
slice22/query/img_07588_c1_1284563914387218us.jpg 0.651198 0.682668 0.211352 -0.255413 539.057892 -1215.039312 59.973533
slice22/query/img_07589_c1_1284563914453934us.jpg 0.650421 0.682994 0.212513 -0.255558 537.924341 -1214.882034 60.001615
slice22/query/img_07590_c1_1284563914520548us.jpg 0.650201 0.682655 0.213759 -0.255984 536.792858 -1214.726347 60.028129
slice22/query/img_07591_c1_1284563914653922us.jpg 0.651445 0.680707 0.215491 -0.256557 534.523951 -1214.433750 60.076407
slice22/query/img_07592_c1_1284563914720512us.jpg 0.652587 0.679498 0.215816 -0.256586 533.393202 -1214.298445 60.102083
slice22/query/img_07593_c1_1284563914787126us.jpg 0.653845 0.678161 0.216290 -0.256522 532.260753 -1214.162356 60.130369
slice22/query/img_07594_c1_1284563914853864us.jpg 0.654863 0.677052 0.217124 -0.256148 531.127882 -1214.026295 60.159819
slice22/query/img_07595_c1_1284563914987092us.jpg 0.655426 0.676206 0.218317 -0.255927 528.861571 -1213.735086 60.216104
slice22/query/img_07596_c1_1284563915053828us.jpg 0.655078 0.676525 0.218571 -0.255762 527.730732 -1213.592899 60.242677
slice22/query/img_07597_c1_1284563915120441us.jpg 0.654638 0.677030 0.218330 -0.255757 526.599247 -1213.449538 60.265748
slice22/query/img_07598_c1_1284563915187056us.jpg 0.654464 0.677305 0.218089 -0.255680 525.469278 -1213.306144 60.289529
slice22/query/img_07599_c1_1284563915320444us.jpg 0.655466 0.676988 0.217188 -0.254716 523.217453 -1213.029003 60.343280
slice22/query/img_07600_c1_1284563915387020us.jpg 0.656626 0.676200 0.217006 -0.253977 522.093407 -1212.890750 60.370422
slice22/query/img_07601_c1_1284563915453759us.jpg 0.657970 0.675322 0.216949 -0.252881 520.969938 -1212.753001 60.396504
slice22/query/img_07602_c1_1284563915586989us.jpg 0.660221 0.674117 0.216898 -0.250261 518.722911 -1212.462431 60.450505
slice22/query/img_07603_c1_1284563915653724us.jpg 0.661081 0.673783 0.216868 -0.248910 517.601411 -1212.315273 60.476633
slice22/query/img_07604_c1_1284563915720336us.jpg 0.661631 0.673749 0.216737 -0.247651 516.480177 -1212.162578 60.502341
slice22/query/img_07605_c1_1284563915853708us.jpg 0.662021 0.674428 0.215681 -0.245676 514.240612 -1211.846514 60.553215
slice22/query/img_07606_c1_1284563915920302us.jpg 0.662065 0.674982 0.214727 -0.244872 513.123518 -1211.686275 60.574628
slice22/query/img_07607_c1_1284563916053674us.jpg 0.661783 0.676355 0.213059 -0.243297 510.889871 -1211.358023 60.618033
slice22/query/img_07608_c1_1284563916120267us.jpg 0.661613 0.676971 0.212758 -0.242308 509.771831 -1211.189818 60.637580
slice22/query/img_07609_c1_1284563916186879us.jpg 0.661550 0.677566 0.212130 -0.241366 508.657918 -1211.019353 60.655977
slice22/query/img_07610_c1_1284563916320236us.jpg 0.661732 0.678424 0.210898 -0.239528 506.433384 -1210.672337 60.698867
slice22/query/img_07611_c1_1284563916386845us.jpg 0.662062 0.678544 0.210546 -0.238583 505.323796 -1210.493474 60.718386
slice22/query/img_07612_c1_1284563916453583us.jpg 0.662447 0.678605 0.210221 -0.237627 504.211236 -1210.312809 60.734499
slice22/query/img_07613_c1_1284563916586812us.jpg 0.662616 0.679264 0.209732 -0.235697 501.984144 -1209.939906 60.768156
slice22/query/img_07614_c1_1284563916653549us.jpg 0.662567 0.679758 0.209444 -0.234663 500.870396 -1209.750223 60.781408
slice22/query/img_07615_c1_1284563916720161us.jpg 0.662510 0.680193 0.209159 -0.233818 499.756457 -1209.559675 60.792028
slice22/query/img_07616_c1_1284563916786774us.jpg 0.662362 0.680809 0.208468 -0.233059 498.646897 -1209.363482 60.797835
slice22/query/img_07617_c1_1284563916920148us.jpg 0.661877 0.682075 0.207630 -0.231480 496.424942 -1208.971581 60.814710
slice22/query/img_07618_c1_1284563916986740us.jpg 0.661883 0.682434 0.207276 -0.230719 495.317785 -1208.772745 60.819725
slice22/query/img_07619_c1_1284563917053477us.jpg 0.661939 0.682877 0.206749 -0.229716 494.210336 -1208.574872 60.824025
slice22/query/img_07620_c1_1284563917120090us.jpg 0.661795 0.683427 0.206345 -0.228862 493.104436 -1208.371352 60.829658
slice22/query/img_07621_c1_1284563917253445us.jpg 0.661993 0.684082 0.206317 -0.226342 490.891707 -1207.964526 60.839796
slice22/query/img_07622_c1_1284563917320054us.jpg 0.662170 0.684373 0.206335 -0.224924 489.785729 -1207.762403 60.842053
slice22/query/img_07623_c1_1284563917386677us.jpg 0.662075 0.684779 0.205971 -0.224300 488.685361 -1207.552379 60.842480
