slice22/query/img_07559_c1_1285950324156216us.jpg 0.710911 0.702074 0.026364 -0.031652 731.376000 -1279.577674 57.876284
slice22/query/img_07560_c1_1285950324222808us.jpg 0.710785 0.702054 0.028890 -0.032706 730.645324 -1278.930874 57.876517
slice22/query/img_07561_c1_1285950324289546us.jpg 0.710987 0.701702 0.031010 -0.033923 729.910580 -1278.290677 57.877480
slice22/query/img_07562_c1_1285950324422775us.jpg 0.712520 0.699779 0.035063 -0.037361 728.443053 -1277.031451 57.875933
slice22/query/img_07563_c1_1285950324489512us.jpg 0.712843 0.699251 0.036714 -0.039426 727.704978 -1276.406003 57.872338
slice22/query/img_07564_c1_1285950324556127us.jpg 0.712692 0.699200 0.037961 -0.041807 726.961973 -1275.776109 57.868501
slice22/query/img_07565_c1_1285950324689500us.jpg 0.710996 0.700486 0.040496 -0.046514 725.467329 -1274.521248 57.866423
slice22/query/img_07566_c1_1285950324756094us.jpg 0.710065 0.701199 0.042129 -0.048503 724.710913 -1273.895523 57.868204
slice22/query/img_07567_c1_1285950324822703us.jpg 0.709300 0.701761 0.043727 -0.050126 723.945918 -1273.273671 57.868075
slice22/query/img_07568_c1_1285950324889441us.jpg 0.708940 0.701928 0.045169 -0.051588 723.177956 -1272.657387 57.870992
slice22/query/img_07569_c1_1285950325022674us.jpg 0.709793 0.700720 0.048357 -0.053363 721.626726 -1271.435824 57.874534
slice22/query/img_07570_c1_1285950325089407us.jpg 0.710469 0.699859 0.050577 -0.053597 720.844765 -1270.834141 57.876970
slice22/query/img_07571_c1_1285950325222637us.jpg 0.711568 0.698356 0.055188 -0.054075 719.267282 -1269.621187 57.881312
slice22/query/img_07572_c1_1285950325289372us.jpg 0.711767 0.697949 0.056727 -0.055112 718.473282 -1269.016097 57.880772
slice22/query/img_07573_c1_1285950325355985us.jpg 0.711791 0.697712 0.058019 -0.056439 717.674773 -1268.415606 57.877854
slice22/query/img_07574_c1_1285950325422598us.jpg 0.711770 0.697494 0.058821 -0.058537 716.878220 -1267.812004 57.872234
slice22/query/img_07575_c1_1285950325555950us.jpg 0.711197 0.697529 0.059565 -0.064062 715.279981 -1266.614359 57.858403
slice22/query/img_07576_c1_1285950325622562us.jpg 0.710547 0.697885 0.060268 -0.066694 714.473892 -1266.017774 57.855805
slice22/query/img_07577_c1_1285950325689301us.jpg 0.709375 0.698762 0.061445 -0.068868 713.662476 -1265.424279 57.857827
slice22/query/img_07578_c1_1285950325822549us.jpg 0.707411 0.700079 0.065365 -0.072019 712.017684 -1264.240996 57.870977
slice22/query/img_07579_c1_1285950325889265us.jpg 0.706995 0.700145 0.067360 -0.073604 711.186364 -1263.653434 57.871182
slice22/query/img_07580_c1_1285950326022513us.jpg 0.706792 0.699597 0.070989 -0.077265 709.509504 -1262.497720 57.869308
slice22/query/img_07581_c1_1285950326089231us.jpg 0.706520 0.699455 0.072483 -0.079615 708.666116 -1261.922977 57.864656
slice22/query/img_07582_c1_1285950326222480us.jpg 0.705268 0.699780 0.075364 -0.085007 706.970818 -1260.777790 57.856168
slice22/query/img_07583_c1_1285950326289195us.jpg 0.704292 0.700260 0.076876 -0.087739 706.114802 -1260.211725 57.852859
slice22/query/img_07584_c1_1285950326355809us.jpg 0.703165 0.700844 0.078721 -0.090442 705.256479 -1259.648251 57.853525
slice22/query/img_07585_c1_1285950326489183us.jpg 0.701670 0.701257 0.082531 -0.095321 703.516522 -1258.543092 57.853745
slice22/query/img_07586_c1_1285950326555779us.jpg 0.701274 0.701079 0.084346 -0.097922 702.642765 -1258.001163 57.852662
slice22/query/img_07587_c1_1285950326622389us.jpg 0.701230 0.700492 0.086602 -0.100436 701.763266 -1257.462497 57.853306
slice22/query/img_07588_c1_1285950326689128us.jpg 0.701169 0.699922 0.089109 -0.102619 700.877023 -1256.930445 57.854721
slice22/query/img_07589_c1_1285950326822354us.jpg 0.701271 0.698446 0.094931 -0.106680 699.099716 -1255.883568 57.864004
slice22/query/img_07590_c1_1285950326889091us.jpg 0.701723 0.697382 0.097602 -0.108248 698.195054 -1255.373124 57.867765
slice22/query/img_07591_c1_1285950326955705us.jpg 0.702032 0.696473 0.100018 -0.109880 697.287899 -1254.866146 57.872371
slice22/query/img_07592_c1_1285950327089079us.jpg 0.702558 0.694767 0.104782 -0.112838 695.467083 -1253.870304 57.880740
slice22/query/img_07593_c1_1285950327155669us.jpg 0.702558 0.694147 0.107076 -0.114484 694.553005 -1253.380948 57.884038
slice22/query/img_07594_c1_1285950327222282us.jpg 0.702192 0.693859 0.109286 -0.116375 693.636011 -1252.897949 57.886884
slice22/query/img_07595_c1_1285950327356015us.jpg 0.700642 0.693980 0.112823 -0.121503 691.792873 -1251.935389 57.879529
slice22/query/img_07596_c1_1285950327422249us.jpg 0.699354 0.694557 0.114565 -0.123976 690.866030 -1251.460841 57.878011
slice22/query/img_07597_c1_1285950327488984us.jpg 0.698232 0.694931 0.116404 -0.126467 689.939645 -1250.989700 57.878710
slice22/query/img_07598_c1_1285950327555598us.jpg 0.697318 0.695087 0.118209 -0.128951 689.009123 -1250.524877 57.879433
slice22/query/img_07599_c1_1285950327688973us.jpg 0.696865 0.693888 0.122367 -0.133880 687.140667 -1249.603615 57.877559
slice22/query/img_07600_c1_1285950327755563us.jpg 0.696891 0.693006 0.124699 -0.136146 686.197859 -1249.149942 57.875896
slice22/query/img_07601_c1_1285950327822176us.jpg 0.696798 0.692246 0.126949 -0.138394 685.250920 -1248.702031 57.875020
slice22/query/img_07602_c1_1285950327955549us.jpg 0.696085 0.691215 0.131086 -0.143190 683.330779 -1247.855458 57.885013
slice22/query/img_07603_c1_1285950328022142us.jpg 0.695274 0.691158 0.133063 -0.145562 682.366103 -1247.432811 57.891806
slice22/query/img_07604_c1_1285950328088881us.jpg 0.694398 0.691129 0.134963 -0.148113 681.399658 -1247.014956 57.896822
slice22/query/img_07605_c1_1285950328222109us.jpg 0.692689 0.691065 0.139565 -0.152095 679.456323 -1246.189936 57.908873
slice22/query/img_07606_c1_1285950328288845us.jpg 0.692269 0.690702 0.141314 -0.154027 678.483220 -1245.790650 57.914167
slice22/query/img_07607_c1_1285950328355458us.jpg 0.692041 0.690189 0.143040 -0.155749 677.506389 -1245.396732 57.920273
slice22/query/img_07608_c1_1285950328422072us.jpg 0.691894 0.689640 0.144645 -0.157346 676.524843 -1245.011487 57.926490
slice22/query/img_07609_c1_1285950328555425us.jpg 0.692049 0.688093 0.147832 -0.160445 674.548611 -1244.258950 57.937002
slice22/query/img_07610_c1_1285950328622037us.jpg 0.691493 0.687897 0.149595 -0.162041 673.565475 -1243.882988 57.945840
slice22/query/img_07611_c1_1285950328688775us.jpg 0.690543 0.688036 0.151326 -0.163882 672.582061 -1243.510833 57.954846
slice22/query/img_07612_c1_1285950328822003us.jpg 0.689141 0.687731 0.155250 -0.167359 670.601835 -1242.790959 57.965497
slice22/query/img_07613_c1_1285950328888741us.jpg 0.688235 0.687672 0.156993 -0.169682 669.606064 -1242.434285 57.970164
slice22/query/img_07614_c1_1285950328955353us.jpg 0.687609 0.687414 0.158618 -0.171744 668.603391 -1242.080364 57.974696
slice22/query/img_07615_c1_1285950329021967us.jpg 0.687279 0.686869 0.160020 -0.173928 667.604180 -1241.737957 57.977164
slice22/query/img_07616_c1_1285950329155318us.jpg 0.686920 0.685019 0.163564 -0.179267 665.603442 -1241.076554 57.989117
slice22/query/img_07617_c1_1285950329221931us.jpg 0.685950 0.684759 0.166268 -0.181474 664.596296 -1240.749714 58.001063
slice22/query/img_07618_c1_1285950329288669us.jpg 0.684524 0.684953 0.168192 -0.184331 663.583868 -1240.433312 58.011333
slice22/query/img_07619_c1_1285950329421900us.jpg 0.688085 0.679843 0.172834 -0.185692 661.533712 -1239.883996 57.982973
slice22/query/img_07620_c1_1285950329488635us.jpg 0.686456 0.680346 0.174243 -0.188541 660.525575 -1239.573217 57.988336
slice22/query/img_07621_c1_1285950329555247us.jpg 0.684904 0.680762 0.175776 -0.191239 659.511365 -1239.268981 57.994626
slice22/query/img_07622_c1_1285950329688624us.jpg 0.682977 0.680537 0.179760 -0.195187 657.472182 -1238.701924 58.013904
slice22/query/img_07623_c1_1285950329755234us.jpg 0.682467 0.680143 0.181890 -0.196370 656.449964 -1238.425802 58.025336
slice22/query/img_07624_c1_1285950329821825us.jpg 0.682911 0.678316 0.185578 -0.197690 655.426553 -1238.157726 58.042433
slice22/query/img_07625_c1_1285950329888564us.jpg 0.684022 0.676098 0.189021 -0.198184 654.401172 -1237.898605 58.060236
slice22/query/img_07626_c1_1285950330021794us.jpg 0.684898 0.674094 0.191973 -0.199144 652.348395 -1237.397171 58.076363
slice22/query/img_07627_c1_1285950330088529us.jpg 0.685150 0.673351 0.192276 -0.200493 651.319095 -1237.147901 58.081912
slice22/query/img_07628_c1_1285950330155142us.jpg 0.684566 0.673438 0.192344 -0.202126 650.284739 -1236.897121 58.087340
slice22/query/img_07629_c1_1285950330288515us.jpg 0.681394 0.675538 0.192515 -0.205643 648.199683 -1236.386114 58.088937
slice22/query/img_07630_c1_1285950330355108us.jpg 0.679351 0.677033 0.193069 -0.206959 647.158124 -1236.135851 58.096142
slice22/query/img_07631_c1_1285950330421720us.jpg 0.677660 0.678277 0.193115 -0.208383 646.115769 -1235.888011 58.103415
slice22/query/img_07632_c1_1285950330555075us.jpg 0.676353 0.678911 0.193417 -0.210276 644.025330 -1235.412784 58.114287
slice22/query/img_07633_c1_1285950330621687us.jpg 0.676983 0.677820 0.194099 -0.211138 642.975469 -1235.184174 58.123738
slice22/query/img_07634_c1_1285950330688423us.jpg 0.678098 0.676316 0.194685 -0.211845 641.929869 -1234.958945 58.136314
slice22/query/img_07635_c1_1285950330821651us.jpg 0.679513 0.674548 0.194954 -0.212697 639.854320 -1234.518797 58.165645
slice22/query/img_07636_c1_1285950330888408us.jpg 0.678713 0.675246 0.196041 -0.212035 638.808361 -1234.293835 58.182297
slice22/query/img_07637_c1_1285950330955001us.jpg 0.677424 0.676320 0.197633 -0.211256 637.763012 -1234.072436 58.201926
slice22/query/img_07638_c1_1285950331088374us.jpg 0.675728 0.677515 0.199859 -0.210761 635.657923 -1233.621461 58.233576
slice22/query/img_07639_c1_1285950331154966us.jpg 0.675486 0.677589 0.199536 -0.211608 634.602910 -1233.400030 58.237158
slice22/query/img_07640_c1_1285950331221579us.jpg 0.675983 0.677152 0.198153 -0.212713 633.544968 -1233.182376 58.237806
slice22/query/img_07641_c1_1285950331354953us.jpg 0.677605 0.675672 0.195975 -0.214271 631.434111 -1232.751882 58.252752
slice22/query/img_07642_c1_1285950331421545us.jpg 0.677988 0.675139 0.195948 -0.214763 630.378342 -1232.529042 58.267587
slice22/query/img_07643_c1_1285950331488283us.jpg 0.677633 0.675444 0.195918 -0.214955 629.318220 -1232.305891 58.286880
slice22/query/img_07644_c1_1285950331621514us.jpg 0.677601 0.675238 0.195007 -0.216525 627.205559 -1231.865705 58.317507
slice22/query/img_07645_c1_1285950331688250us.jpg 0.676473 0.676301 0.195335 -0.216438 626.144330 -1231.641196 58.331646
slice22/query/img_07646_c1_1285950331754861us.jpg 0.675467 0.677376 0.195938 -0.215673 625.083049 -1231.414994 58.351818
slice22/query/img_07647_c1_1285950331821475us.jpg 0.675114 0.677942 0.196081 -0.214865 624.017033 -1231.191190 58.365540
slice22/query/img_07648_c1_1285950331954850us.jpg 0.676016 0.677200 0.196010 -0.214436 621.898620 -1230.736517 58.389416
slice22/query/img_07649_c1_1285950332021439us.jpg 0.676770 0.676440 0.195962 -0.214501 620.839203 -1230.506689 58.398885
slice22/query/img_07650_c1_1285950332088179us.jpg 0.677315 0.675976 0.195616 -0.214560 619.777076 -1230.280467 58.409970
slice22/query/img_07651_c1_1285950332154791us.jpg 0.677395 0.675880 0.195382 -0.214821 618.720120 -1230.058897 58.425131
slice22/query/img_07652_c1_1285950332288146us.jpg 0.676313 0.676961 0.194971 -0.215200 616.597137 -1229.591927 58.460630
slice22/query/img_07653_c1_1285950332354756us.jpg 0.675561 0.677847 0.194370 -0.215316 615.530880 -1229.362555 58.474626
slice22/query/img_07654_c1_1285950332421370us.jpg 0.674820 0.678664 0.193882 -0.215506 614.459539 -1229.137742 58.491233
slice22/query/img_07655_c1_1285950332554723us.jpg 0.676212 0.676741 0.194120 -0.216971 612.327612 -1228.680871 58.505003
slice22/query/img_07656_c1_1285950332621335us.jpg 0.675443 0.677445 0.194237 -0.217064 611.257901 -1228.447411 58.523847
slice22/query/img_07657_c1_1285950332688073us.jpg 0.674602 0.678215 0.193953 -0.217529 610.186111 -1228.212803 58.538207
slice22/query/img_07658_c1_1285950332754686us.jpg 0.673991 0.678572 0.193591 -0.218632 609.111927 -1227.972979 58.544602
slice22/query/img_07659_c1_1285950332888040us.jpg 0.673919 0.677643 0.193840 -0.221493 606.959751 -1227.494761 58.557814
slice22/query/img_07660_c1_1285950332954651us.jpg 0.673600 0.677537 0.194447 -0.222254 605.886146 -1227.263183 58.573442
slice22/query/img_07661_c1_1285950333088044us.jpg 0.673252 0.677060 0.195390 -0.223930 603.724743 -1226.809022 58.614238
slice22/query/img_07662_c1_1285950333154638us.jpg 0.673150 0.676792 0.196039 -0.224478 602.643996 -1226.588012 58.637925
slice22/query/img_07663_c1_1285950333221230us.jpg 0.672397 0.677201 0.197295 -0.224402 601.558132 -1226.364551 58.663589
slice22/query/img_07664_c1_1285950333287969us.jpg 0.671320 0.677867 0.198486 -0.224564 600.471350 -1226.145138 58.686466
slice22/query/img_07665_c1_1285950333421199us.jpg 0.670966 0.677078 0.198742 -0.227755 598.300773 -1225.708353 58.716039
slice22/query/img_07666_c1_1285950333487933us.jpg 0.670697 0.677084 0.198395 -0.228830 597.211670 -1225.494801 58.735042
slice22/query/img_07667_c1_1285950333554547us.jpg 0.670454 0.677407 0.197497 -0.229360 596.123412 -1225.285760 58.754903
slice22/query/img_07668_c1_1285950333687920us.jpg 0.670208 0.677649 0.197493 -0.229367 593.944147 -1224.868331 58.803150
slice22/query/img_07669_c1_1285950333754511us.jpg 0.670535 0.677252 0.197909 -0.229225 592.850336 -1224.653879 58.828275
slice22/query/img_07670_c1_1285950333821126us.jpg 0.670557 0.677209 0.198027 -0.229186 591.760592 -1224.438157 58.854115
slice22/query/img_07671_c1_1285950333887862us.jpg 0.669929 0.678012 0.197918 -0.228741 590.670914 -1224.225101 58.879100
slice22/query/img_07672_c1_1285950334021111us.jpg 0.669498 0.678738 0.197107 -0.228550 588.490524 -1223.800173 58.917301
slice22/query/img_07673_c1_1285950334087826us.jpg 0.669873 0.678479 0.197529 -0.227858 587.395494 -1223.591421 58.940528
slice22/query/img_07674_c1_1285950334154439us.jpg 0.669834 0.678862 0.197094 -0.227205 586.301946 -1223.378808 58.962565
slice22/query/img_07675_c1_1285950334287817us.jpg 0.668824 0.680085 0.197820 -0.225889 584.115330 -1222.939272 59.004042
slice22/query/img_07676_c1_1285950334354427us.jpg 0.668615 0.680241 0.197408 -0.226396 583.022276 -1222.717753 59.014456
slice22/query/img_07677_c1_1285950334421018us.jpg 0.668193 0.680483 0.196744 -0.227493 581.931099 -1222.495810 59.026445
slice22/query/img_07678_c1_1285950334487756us.jpg 0.667988 0.680552 0.195451 -0.228997 580.841829 -1222.275817 59.040211
slice22/query/img_07679_c1_1285950334621004us.jpg 0.666477 0.681570 0.194966 -0.230780 578.659286 -1221.847456 59.082939
slice22/query/img_07680_c1_1285950334687722us.jpg 0.666353 0.681545 0.195633 -0.230646 577.569506 -1221.633077 59.110485
slice22/query/img_07681_c1_1285950334754334us.jpg 0.667480 0.680158 0.196077 -0.231106 576.479423 -1221.424898 59.137828
slice22/query/img_07682_c1_1285950334887709us.jpg 0.668375 0.679666 0.197385 -0.228841 574.291459 -1221.013468 59.199271
slice22/query/img_07683_c1_1285950334954302us.jpg 0.667857 0.680358 0.197763 -0.227966 573.195575 -1220.806893 59.225176
slice22/query/img_07684_c1_1285950335020914us.jpg 0.667531 0.680261 0.199117 -0.228034 572.100315 -1220.595559 59.248808
slice22/query/img_07685_c1_1285950335087652us.jpg 0.668382 0.679447 0.198997 -0.228074 571.011197 -1220.388466 59.271245
slice22/query/img_07686_c1_1285950335220880us.jpg 0.665183 0.682685 0.196677 -0.229763 568.841711 -1219.970810 59.309268
slice22/query/img_07687_c1_1285950335354233us.jpg 0.662805 0.684160 0.195145 -0.233523 566.680254 -1219.540372 59.342157
slice22/query/img_07688_c1_1285950335420842us.jpg 0.662253 0.684610 0.194616 -0.234211 565.595155 -1219.327030 59.362196
slice22/query/img_07689_c1_1285950335487580us.jpg 0.662792 0.683787 0.194778 -0.234956 564.512485 -1219.118854 59.387945
slice22/query/img_07690_c1_1285950335620832us.jpg 0.667176 0.679941 0.196606 -0.232171 562.343653 -1218.714894 59.450341
slice22/query/img_07691_c1_1285950335687546us.jpg 0.668224 0.679493 0.198176 -0.229112 561.253731 -1218.517991 59.481790
slice22/query/img_07692_c1_1285950335754162us.jpg 0.669419 0.678611 0.199171 -0.227367 560.165780 -1218.318299 59.511604
slice22/query/img_07693_c1_1285950335887533us.jpg 0.669580 0.678083 0.199350 -0.228310 558.008048 -1217.912105 59.556731
slice22/query/img_07694_c1_1285950335954130us.jpg 0.667942 0.679621 0.198017 -0.229692 556.930502 -1217.694172 59.569526
slice22/query/img_07695_c1_1285950336020738us.jpg 0.665816 0.681520 0.196339 -0.231667 555.851593 -1217.471556 59.579846
slice22/query/img_07696_c1_1285950336087477us.jpg 0.664306 0.682821 0.194961 -0.233332 554.773009 -1217.253499 59.593318
slice22/query/img_07697_c1_1285950336220724us.jpg 0.663577 0.683494 0.194500 -0.233817 552.615062 -1216.830163 59.640383
slice22/query/img_07698_c1_1285950336287441us.jpg 0.664196 0.683117 0.194971 -0.232769 551.533916 -1216.623132 59.671703
slice22/query/img_07699_c1_1285950336354054us.jpg 0.664853 0.682762 0.195560 -0.231436 550.454884 -1216.420550 59.703808
slice22/query/img_07700_c1_1285950336487427us.jpg 0.666053 0.681884 0.196395 -0.229864 548.297721 -1216.004751 59.759881
slice22/query/img_07701_c1_1285950336554019us.jpg 0.666086 0.681885 0.196072 -0.230040 547.223082 -1215.789227 59.780203
slice22/query/img_07702_c1_1285950336620632us.jpg 0.665738 0.682180 0.195303 -0.230826 546.149950 -1215.572517 59.798551
slice22/query/img_07703_c1_1285950336753989us.jpg 0.664394 0.683113 0.194003 -0.233024 544.006981 -1215.138841 59.833242
slice22/query/img_07704_c1_1285950336820597us.jpg 0.663887 0.683505 0.193968 -0.233349 542.934463 -1214.924530 59.854969
slice22/query/img_07705_c1_1285950336887335us.jpg 0.663359 0.683983 0.194220 -0.233242 541.862576 -1214.713511 59.879787
slice22/query/img_07706_c1_1285950337020588us.jpg 0.662842 0.684404 0.195698 -0.232237 539.715742 -1214.291877 59.934047
slice22/query/img_07707_c1_1285950337087322us.jpg 0.663078 0.684011 0.196483 -0.232057 538.647940 -1214.084182 59.957299
slice22/query/img_07708_c1_1285950337153913us.jpg 0.663395 0.683441 0.196884 -0.232491 537.578033 -1213.876421 59.977914
slice22/query/img_07709_c1_1285950337220527us.jpg 0.663723 0.682947 0.196772 -0.233101 536.508745 -1213.665160 59.996402
slice22/query/img_07710_c1_1285950337353902us.jpg 0.663842 0.682735 0.196284 -0.233796 534.365960 -1213.251067 60.034503
slice22/query/img_07711_c1_1285950337420491us.jpg 0.663711 0.682743 0.196665 -0.233822 533.298874 -1213.047491 60.057247
slice22/query/img_07712_c1_1285950337487229us.jpg 0.663662 0.682729 0.197165 -0.233579 532.226187 -1212.842434 60.081345
slice22/query/img_07713_c1_1285950337620479us.jpg 0.664124 0.682101 0.198185 -0.233239 530.080670 -1212.442923 60.123772
slice22/query/img_07714_c1_1285950337687217us.jpg 0.664315 0.681918 0.198416 -0.233034 529.013489 -1212.242646 60.143764
slice22/query/img_07715_c1_1285950337753808us.jpg 0.664536 0.681764 0.198666 -0.232640 527.944650 -1212.043020 60.166519
slice22/query/img_07716_c1_1285950337887302us.jpg 0.664976 0.681345 0.198948 -0.232370 525.809546 -1211.641865 60.210677
slice22/query/img_07717_c1_1285950337953774us.jpg 0.665205 0.681053 0.198891 -0.232621 524.740892 -1211.439348 60.230881
slice22/query/img_07718_c1_1285950338020387us.jpg 0.665151 0.681031 0.198748 -0.232959 523.677935 -1211.239039 60.249664
slice22/query/img_07719_c1_1285950338153741us.jpg 0.664846 0.681398 0.198560 -0.232919 521.550881 -1210.838301 60.290688
slice22/query/img_07720_c1_1285950338220353us.jpg 0.664748 0.681545 0.198673 -0.232669 520.486239 -1210.639527 60.311760
slice22/query/img_07721_c1_1285950338287089us.jpg 0.664566 0.681738 0.199140 -0.232225 519.422589 -1210.438948 60.334422
slice22/query/img_07722_c1_1285950338421652us.jpg 0.664451 0.681682 0.199391 -0.232503 517.304595 -1210.031531 60.378613
slice22/query/img_07723_c1_1285950338487078us.jpg 0.664407 0.681726 0.199509 -0.232399 516.242489 -1209.828716 60.394315
slice22/query/img_07724_c1_1285950338553667us.jpg 0.664183 0.681865 0.199900 -0.232297 515.181453 -1209.624376 60.411200
slice22/query/img_07725_c1_1285950338620282us.jpg 0.663960 0.682061 0.199999 -0.232272 514.119200 -1209.418544 60.428978
slice22/query/img_07726_c1_1285950338753636us.jpg 0.663187 0.682822 0.200142 -0.232123 511.989917 -1209.016977 60.460394
slice22/query/img_07727_c1_1285950338820247us.jpg 0.663114 0.682866 0.200138 -0.232203 510.926966 -1208.817329 60.474320
slice22/query/img_07728_c1_1285950338886984us.jpg 0.663335 0.682619 0.200322 -0.232142 509.864113 -1208.617612 60.488489
slice22/query/img_07729_c1_1285950338953597us.jpg 0.663255 0.682707 0.200437 -0.232009 508.803026 -1208.419470 60.502027
slice22/query/img_07730_c1_1285950339086972us.jpg 0.663328 0.682949 0.200171 -0.231317 506.683892 -1208.027825 60.529268
slice22/query/img_07731_c1_1285950339153562us.jpg 0.663519 0.682869 0.200155 -0.231021 505.624911 -1207.830148 60.541706
slice22/query/img_07732_c1_1285950339220175us.jpg 0.663771 0.682606 0.200409 -0.230854 504.566855 -1207.632257 60.553956
slice22/query/img_07733_c1_1285950339286914us.jpg 0.663685 0.682646 0.200619 -0.230800 503.508819 -1207.430804 60.566856
slice22/query/img_07734_c1_1285950339420143us.jpg 0.662896 0.683451 0.201300 -0.230091 501.393173 -1207.022824 60.593737
slice22/query/img_07735_c1_1285950339486880us.jpg 0.662821 0.683632 0.201664 -0.229449 500.332858 -1206.823589 60.604314
slice22/query/img_07736_c1_1285950339553492us.jpg 0.662988 0.683547 0.202103 -0.228834 499.273389 -1206.623085 60.612208
slice22/query/img_07737_c1_1285950339620105us.jpg 0.663342 0.683227 0.202491 -0.228421 498.213970 -1206.423664 60.620351
slice22/query/img_07738_c1_1285950339753460us.jpg 0.663547 0.683105 0.202653 -0.228047 496.091986 -1206.013209 60.638994
slice22/query/img_07739_c1_1285950339820071us.jpg 0.663647 0.683173 0.202431 -0.227748 495.027894 -1205.810756 60.642000
slice22/query/img_07740_c1_1285950339886809us.jpg 0.663377 0.683575 0.202640 -0.227140 493.964866 -1205.608919 60.647653
slice22/query/img_07741_c1_1285950339953423us.jpg 0.662489 0.684612 0.203140 -0.226159 492.899928 -1205.401819 60.654629
slice22/query/img_07742_c1_1285950340086796us.jpg 0.660698 0.686467 0.203322 -0.225615 490.777655 -1204.978313 60.647468
slice22/query/img_07743_c1_1285950340153386us.jpg 0.660014 0.687172 0.203140 -0.225634 489.720677 -1204.772468 60.645113
slice22/query/img_07744_c1_1285950340219999us.jpg 0.659333 0.687771 0.203140 -0.225801 488.664333 -1204.564240 60.643976
