slice22/query/img_05819_c1_1287504333744110us.jpg 0.711408 0.701867 0.021499 -0.028623 732.179196 -1280.120366 57.886016
slice22/query/img_05820_c1_1287504333877473us.jpg 0.711397 0.701608 0.026590 -0.030871 730.762647 -1278.834465 57.887797
slice22/query/img_05821_c1_1287504333944073us.jpg 0.711546 0.701324 0.028857 -0.031852 730.047125 -1278.200555 57.890201
slice22/query/img_05822_c1_1287504334010812us.jpg 0.712253 0.700470 0.030898 -0.032904 729.328336 -1277.573829 57.888308
slice22/query/img_05823_c1_1287504334144040us.jpg 0.713197 0.699185 0.034837 -0.035729 727.895699 -1276.334653 57.889811
slice22/query/img_05824_c1_1287504334210775us.jpg 0.713025 0.699198 0.036168 -0.037547 727.169184 -1275.717182 57.887824
slice22/query/img_05825_c1_1287504334344023us.jpg 0.711230 0.700656 0.038012 -0.042283 725.708285 -1274.477736 57.884670
slice22/query/img_05826_c1_1287504334410761us.jpg 0.710174 0.701510 0.039129 -0.044782 724.970122 -1273.860440 57.883614
slice22/query/img_05827_c1_1287504334543976us.jpg 0.708429 0.702825 0.041708 -0.049251 723.475160 -1272.633988 57.888274
slice22/query/img_05828_c1_1287504334610704us.jpg 0.708298 0.702745 0.043130 -0.051014 722.718154 -1272.025756 57.887278
slice22/query/img_05829_c1_1287504334743952us.jpg 0.709178 0.701424 0.047484 -0.053074 721.175487 -1270.813027 57.895951
slice22/query/img_05830_c1_1287504334810667us.jpg 0.709919 0.700445 0.050409 -0.053390 720.389296 -1270.209511 57.902965
slice22/query/img_05831_c1_1287504335010661us.jpg 0.711537 0.698081 0.056926 -0.056188 718.005935 -1268.422365 57.896941
slice22/query/img_05832_c1_1287504335210614us.jpg 0.711877 0.696825 0.060200 -0.063574 715.649664 -1266.656759 57.855903
slice22/query/img_05833_c1_1287504335277209us.jpg 0.711184 0.697185 0.060982 -0.066569 714.856480 -1266.069538 57.852804
slice22/query/img_05834_c1_1287504335410558us.jpg 0.708849 0.698826 0.064161 -0.071124 713.249489 -1264.897823 57.859832
slice22/query/img_05835_c1_1287504335477171us.jpg 0.707813 0.699482 0.066239 -0.073063 712.436322 -1264.315185 57.861867
slice22/query/img_05836_c1_1287504335677157us.jpg 0.706912 0.699311 0.071521 -0.078256 709.969479 -1262.605943 57.866249
slice22/query/img_05837_c1_1287504335810494us.jpg 0.706993 0.698417 0.075195 -0.081983 708.299678 -1261.481074 57.865678
slice22/query/img_05838_c1_1287504335877100us.jpg 0.706669 0.698296 0.076721 -0.084357 707.457378 -1260.919137 57.864651
slice22/query/img_05839_c1_1287504336010475us.jpg 0.704931 0.699103 0.079482 -0.089497 705.768330 -1259.797956 57.856761
slice22/query/img_05840_c1_1287504336143680us.jpg 0.703216 0.699825 0.083037 -0.094007 704.054713 -1258.695859 57.855661
slice22/query/img_05841_c1_1287504336210413us.jpg 0.702805 0.699738 0.084538 -0.096360 703.191073 -1258.154412 57.856191
slice22/query/img_05842_c1_1287504336343659us.jpg 0.703001 0.698436 0.088458 -0.100756 701.443579 -1257.086133 57.853632
slice22/query/img_05843_c1_1287504336410376us.jpg 0.703240 0.697584 0.091166 -0.102567 700.561126 -1256.562029 57.856868
slice22/query/img_05844_c1_1287504336543634us.jpg 0.703353 0.696215 0.096064 -0.106545 698.784469 -1255.518517 57.864366
slice22/query/img_05845_c1_1287504336676975us.jpg 0.703492 0.694815 0.100962 -0.110173 696.977842 -1254.494935 57.867850
slice22/query/img_05846_c1_1287504336743567us.jpg 0.703495 0.694118 0.103459 -0.112212 696.068783 -1253.990665 57.871838
slice22/query/img_05847_c1_1287504336876938us.jpg 0.702966 0.693084 0.108425 -0.117121 694.239551 -1252.990581 57.877720
slice22/query/img_05848_c1_1287504337010271us.jpg 0.700939 0.693321 0.112901 -0.123465 692.408619 -1252.008382 57.880002
slice22/query/img_05849_c1_1287504337076882us.jpg 0.699600 0.693771 0.115176 -0.126395 691.476627 -1251.527805 57.881849
slice22/query/img_05850_c1_1287504337210235us.jpg 0.697258 0.694270 0.120001 -0.131991 689.595097 -1250.573982 57.883163
slice22/query/img_05851_c1_1287504337276846us.jpg 0.696728 0.693921 0.122440 -0.134359 688.649237 -1250.114959 57.884598
slice22/query/img_05852_c1_1287504337410225us.jpg 0.697014 0.691801 0.127584 -0.138942 686.728423 -1249.205020 57.877941
slice22/query/img_05853_c1_1287504337476810us.jpg 0.697194 0.690695 0.130259 -0.141043 685.761694 -1248.764578 57.878202
slice22/query/img_05854_c1_1287504337610185us.jpg 0.696910 0.689074 0.135237 -0.145621 683.818096 -1247.896155 57.877705
slice22/query/img_05855_c1_1287504337676775us.jpg 0.696162 0.688866 0.137279 -0.148246 682.842021 -1247.467525 57.879648
slice22/query/img_05856_c1_1287504337743387us.jpg 0.695324 0.688756 0.139130 -0.150939 681.863179 -1247.042751 57.884256
slice22/query/img_05857_c1_1287504337876758us.jpg 0.693428 0.688873 0.143324 -0.155144 679.890404 -1246.217560 57.895580
slice22/query/img_05858_c1_1287504337943351us.jpg 0.692830 0.688654 0.145231 -0.157004 678.896570 -1245.822198 57.902925
slice22/query/img_05859_c1_1287504338076704us.jpg 0.692618 0.687130 0.148881 -0.161144 676.902902 -1245.045065 57.912230
slice22/query/img_05860_c1_1287504338143315us.jpg 0.692510 0.686398 0.150791 -0.162941 675.901143 -1244.665031 57.916937
slice22/query/img_05861_c1_1287504338210053us.jpg 0.692163 0.685858 0.152392 -0.165185 674.897717 -1244.287588 57.926050
slice22/query/img_05862_c1_1287504338343300us.jpg 0.690540 0.685620 0.155855 -0.169672 672.886788 -1243.543159 57.942136
slice22/query/img_05863_c1_1287504338410016us.jpg 0.689373 0.685812 0.157675 -0.171946 671.874936 -1243.178163 57.949199
slice22/query/img_05864_c1_1287504338543245us.jpg 0.687763 0.685443 0.161121 -0.176608 669.837143 -1242.465158 57.960077
slice22/query/img_05865_c1_1287504338609980us.jpg 0.687256 0.685021 0.162879 -0.178594 668.814816 -1242.122491 57.965941
slice22/query/img_05866_c1_1287504338676592us.jpg 0.686994 0.684342 0.164533 -0.180676 667.795832 -1241.788328 57.972904
slice22/query/img_05867_c1_1287504338809944us.jpg 0.687255 0.682395 0.167797 -0.184014 665.715306 -1241.138534 57.990176
slice22/query/img_05868_c1_1287504338876557us.jpg 0.686911 0.681891 0.169929 -0.185210 664.676734 -1240.819658 57.999857
slice22/query/img_05869_c1_1287504339009908us.jpg 0.684985 0.682287 0.172722 -0.188275 662.593750 -1240.190740 58.012488
slice22/query/img_05870_c1_1287504339076521us.jpg 0.683903 0.682569 0.173742 -0.190236 661.548577 -1239.874993 58.012458
slice22/query/img_05871_c1_1287504339209873us.jpg 0.681940 0.682855 0.176190 -0.193968 659.443002 -1239.252314 58.016991
slice22/query/img_05872_c1_1287504339276485us.jpg 0.680951 0.683064 0.177288 -0.195698 658.389879 -1238.955819 58.022083
slice22/query/img_05873_c1_1287504339409838us.jpg 0.679941 0.682677 0.179930 -0.198136 656.271014 -1238.375552 58.031339
slice22/query/img_05874_c1_1287504339476448us.jpg 0.680309 0.681277 0.182635 -0.199213 655.203072 -1238.094853 58.041218
slice22/query/img_05875_c1_1287504339609804us.jpg 0.680940 0.679337 0.186180 -0.200399 653.066518 -1237.540201 58.056401
slice22/query/img_05876_c1_1287504339676445us.jpg 0.680898 0.678580 0.187429 -0.201934 651.996617 -1237.267755 58.061411
slice22/query/img_05877_c1_1287504339809783us.jpg 0.679012 0.678756 0.188650 -0.206503 649.842493 -1236.711528 58.053482
slice22/query/img_05878_c1_1287504339876376us.jpg 0.676884 0.680068 0.188564 -0.209233 648.756724 -1236.434394 58.045661
slice22/query/img_05879_c1_1287504340009748us.jpg 0.674245 0.680773 0.187500 -0.216302 646.590131 -1235.913154 58.025415
slice22/query/img_05880_c1_1287504340076339us.jpg 0.673230 0.681115 0.188253 -0.217726 645.489239 -1235.661106 58.040674
slice22/query/img_05881_c1_1287504340209694us.jpg 0.673564 0.679379 0.190901 -0.219801 643.288572 -1235.169121 58.062573
slice22/query/img_05882_c1_1287504340276303us.jpg 0.674540 0.677658 0.192149 -0.221032 642.191414 -1234.931936 58.080466
slice22/query/img_05883_c1_1287504340409655us.jpg 0.676242 0.675176 0.192792 -0.222858 639.973630 -1234.458572 58.112698
slice22/query/img_05884_c1_1287504340542900us.jpg 0.675707 0.675174 0.196491 -0.221250 637.756900 -1233.998809 58.146683
slice22/query/img_05885_c1_1287504340677163us.jpg 0.674612 0.675661 0.199693 -0.220236 635.519845 -1233.539112 58.181814
slice22/query/img_05886_c1_1287504340742845us.jpg 0.674645 0.675403 0.199779 -0.220847 634.403239 -1233.315451 58.194690
slice22/query/img_05887_c1_1287504340876223us.jpg 0.675800 0.674104 0.197473 -0.223345 632.177919 -1232.870167 58.212797
slice22/query/img_05888_c1_1287504340942808us.jpg 0.676425 0.673339 0.197199 -0.224003 631.054599 -1232.645074 58.228364
slice22/query/img_05889_c1_1287504341142794us.jpg 0.675723 0.673809 0.197382 -0.224544 627.678356 -1231.987416 58.279362
slice22/query/img_05890_c1_1287504341276155us.jpg 0.673717 0.675691 0.197920 -0.224445 625.434445 -1231.527383 58.322372
slice22/query/img_05891_c1_1287504341342736us.jpg 0.672779 0.676655 0.198669 -0.223689 624.304173 -1231.297154 58.346255
slice22/query/img_05892_c1_1287504341476109us.jpg 0.673043 0.676492 0.199009 -0.223084 622.047795 -1230.843793 58.378921
slice22/query/img_05893_c1_1287504341542700us.jpg 0.673923 0.675621 0.198971 -0.223102 620.908722 -1230.614048 58.392427
slice22/query/img_05894_c1_1287504341609438us.jpg 0.674569 0.674947 0.198761 -0.223376 619.772633 -1230.384297 58.407188
slice22/query/img_05895_c1_1287504341742664us.jpg 0.675325 0.674223 0.198466 -0.223541 617.489987 -1229.924025 58.440252
slice22/query/img_05896_c1_1287504341809402us.jpg 0.675030 0.674599 0.198143 -0.223583 616.350640 -1229.695245 58.458129
slice22/query/img_05897_c1_1287504341942651us.jpg 0.673714 0.676104 0.197065 -0.223960 614.057791 -1229.226109 58.489930
slice22/query/img_05898_c1_1287504342009366us.jpg 0.672838 0.676962 0.197333 -0.223768 612.910034 -1228.986309 58.507260
slice22/query/img_05899_c1_1287504342142594us.jpg 0.671567 0.678326 0.197116 -0.223643 610.607220 -1228.511974 58.536698
slice22/query/img_05900_c1_1287504342209331us.jpg 0.671130 0.678835 0.196624 -0.223846 609.456675 -1228.271172 58.552231
slice22/query/img_05901_c1_1287504342342578us.jpg 0.671916 0.677919 0.196008 -0.224802 607.148961 -1227.790436 58.579153
slice22/query/img_05902_c1_1287504342475910us.jpg 0.672499 0.677441 0.195805 -0.224675 604.837392 -1227.303205 58.612605
slice22/query/img_05903_c1_1287504342609579us.jpg 0.672899 0.677121 0.195373 -0.224820 602.527014 -1226.827148 58.652377
slice22/query/img_05904_c1_1287504342675874us.jpg 0.672357 0.677746 0.195673 -0.224294 601.366516 -1226.590788 58.676295
slice22/query/img_05905_c1_1287504342742484us.jpg 0.671354 0.678714 0.195929 -0.224150 600.211106 -1226.352586 58.699080
slice22/query/img_05906_c1_1287504342875835us.jpg 0.670414 0.679074 0.194958 -0.226704 597.895117 -1225.864283 58.732531
slice22/query/img_05907_c1_1287504342942452us.jpg 0.669598 0.679571 0.194205 -0.228267 596.739065 -1225.622975 58.752027
slice22/query/img_05908_c1_1287504343075821us.jpg 0.667853 0.680853 0.192910 -0.230644 594.424342 -1225.151731 58.785507
slice22/query/img_05909_c1_1287504343142412us.jpg 0.667199 0.681126 0.193433 -0.231295 593.266432 -1224.912876 58.807377
slice22/query/img_05910_c1_1287504343275787us.jpg 0.666311 0.681339 0.195690 -0.231328 590.972523 -1224.446396 58.867847
slice22/query/img_05911_c1_1287504343342376us.jpg 0.666004 0.681562 0.196517 -0.230853 589.817460 -1224.218989 58.896137
slice22/query/img_05912_c1_1287504343475731us.jpg 0.667433 0.679941 0.198596 -0.229724 587.500993 -1223.764220 58.947615
slice22/query/img_05913_c1_1287504343542337us.jpg 0.667642 0.679866 0.198806 -0.229157 586.351685 -1223.543506 58.977164
slice22/query/img_05914_c1_1287504343675695us.jpg 0.666329 0.681318 0.199382 -0.228165 584.049611 -1223.096587 59.026076
slice22/query/img_05915_c1_1287504343742303us.jpg 0.665911 0.681620 0.198892 -0.228908 582.908830 -1222.870533 59.042892
slice22/query/img_05916_c1_1287504343809040us.jpg 0.665553 0.681818 0.198137 -0.230013 581.770018 -1222.643651 59.057795
slice22/query/img_05917_c1_1287504343942267us.jpg 0.665184 0.682503 0.194888 -0.231818 579.505255 -1222.204025 59.094989
slice22/query/img_05918_c1_1287504344009004us.jpg 0.664915 0.682519 0.195450 -0.232067 578.372066 -1221.983460 59.122570
slice22/query/img_05919_c1_1287504344142234us.jpg 0.666260 0.680956 0.196420 -0.231981 576.110297 -1221.540769 59.182272
slice22/query/img_05920_c1_1287504344208969us.jpg 0.665624 0.681319 0.197287 -0.232007 574.985711 -1221.321871 59.213309
slice22/query/img_05921_c1_1287504344275581us.jpg 0.665118 0.681951 0.197952 -0.231032 573.855886 -1221.101801 59.243770
slice22/query/img_05922_c1_1287504344408955us.jpg 0.664264 0.682708 0.197715 -0.231455 571.604497 -1220.669181 59.290710
slice22/query/img_05923_c1_1287504344542163us.jpg 0.662133 0.684843 0.196333 -0.232428 569.364863 -1220.225759 59.325831
slice22/query/img_05924_c1_1287504344608896us.jpg 0.661243 0.685363 0.195813 -0.233865 568.248425 -1220.005294 59.341263
slice22/query/img_05925_c1_1287504344742144us.jpg 0.661120 0.685084 0.195211 -0.235525 566.012949 -1219.566351 59.380101
slice22/query/img_05926_c1_1287504344808860us.jpg 0.661448 0.684692 0.195467 -0.235534 564.894927 -1219.353617 59.404196
slice22/query/img_05927_c1_1287504344875472us.jpg 0.662917 0.683126 0.196107 -0.235420 563.780091 -1219.146889 59.434725
slice22/query/img_05928_c1_1287504345008845us.jpg 0.665940 0.680855 0.198415 -0.231500 561.539205 -1218.736665 59.502397
slice22/query/img_05929_c1_1287504345142050us.jpg 0.667236 0.680177 0.199310 -0.228977 559.307898 -1218.326308 59.561567
slice22/query/img_05930_c1_1287504345208788us.jpg 0.667508 0.680037 0.198822 -0.229026 558.195550 -1218.108973 59.579405
slice22/query/img_05931_c1_1287504345342039us.jpg 0.665250 0.682383 0.196045 -0.231001 555.979063 -1217.654502 59.604378
slice22/query/img_05932_c1_1287504345475366us.jpg 0.662875 0.684565 0.193403 -0.233586 553.762957 -1217.192268 59.640506
slice22/query/img_05933_c1_1287504345541978us.jpg 0.662143 0.685136 0.193375 -0.234010 552.656113 -1216.971148 59.665074
slice22/query/img_05934_c1_1287504345675333us.jpg 0.661976 0.685452 0.194182 -0.232887 550.426813 -1216.529233 59.721322
slice22/query/img_05935_c1_1287504345741944us.jpg 0.662277 0.685205 0.194727 -0.232303 549.314503 -1216.309417 59.747139
slice22/query/img_05936_c1_1287504345808679us.jpg 0.662682 0.684779 0.195199 -0.232007 548.201648 -1216.090135 59.772838
slice22/query/img_05937_c1_1287504345941906us.jpg 0.663347 0.683890 0.195010 -0.232886 545.978655 -1215.651954 59.809688
slice22/query/img_05938_c1_1287504346008643us.jpg 0.663346 0.683710 0.194715 -0.233663 544.870758 -1215.434585 59.829749
slice22/query/img_05939_c1_1287504346141871us.jpg 0.662673 0.684194 0.194604 -0.234248 542.645649 -1215.000151 59.877884
slice22/query/img_05940_c1_1287504346208606us.jpg 0.662311 0.684649 0.194751 -0.233822 541.535928 -1214.785028 59.904634
slice22/query/img_05941_c1_1287504346275219us.jpg 0.661859 0.685083 0.195153 -0.233492 540.428140 -1214.568677 59.930182
slice22/query/img_05942_c1_1287504346408572us.jpg 0.661531 0.685139 0.196355 -0.233249 538.208470 -1214.134170 59.981415
slice22/query/img_05943_c1_1287504346475183us.jpg 0.661710 0.684738 0.196561 -0.233747 537.101854 -1213.920316 60.003109
slice22/query/img_05944_c1_1287504346608538us.jpg 0.661745 0.684503 0.196063 -0.234753 534.879182 -1213.489342 60.041825
slice22/query/img_05945_c1_1287504346675147us.jpg 0.661683 0.684491 0.196018 -0.235000 533.771610 -1213.272752 60.062961
slice22/query/img_05946_c1_1287504346808498us.jpg 0.661896 0.684037 0.197186 -0.234744 531.546352 -1212.843312 60.110418
slice22/query/img_05947_c1_1287504346875112us.jpg 0.662199 0.683620 0.197740 -0.234639 530.431710 -1212.627210 60.133368
slice22/query/img_05948_c1_1287504346941724us.jpg 0.662349 0.683419 0.198174 -0.234436 529.321201 -1212.415948 60.155834
slice22/query/img_05949_c1_1287504347075077us.jpg 0.662637 0.683263 0.198492 -0.233805 527.095984 -1211.994255 60.204787
slice22/query/img_05950_c1_1287504347141688us.jpg 0.663021 0.682948 0.198491 -0.233638 525.987892 -1211.786915 60.224165
slice22/query/img_05951_c1_1287504347275063us.jpg 0.664017 0.681882 0.198615 -0.233818 523.771608 -1211.366708 60.263859
slice22/query/img_05952_c1_1287504347341652us.jpg 0.664160 0.681765 0.198504 -0.233845 522.667999 -1211.155919 60.286389
slice22/query/img_05953_c1_1287504347475004us.jpg 0.663972 0.682209 0.198064 -0.233456 520.448342 -1210.733327 60.333291
slice22/query/img_05954_c1_1287504347541616us.jpg 0.663722 0.682581 0.198115 -0.233040 519.338321 -1210.519086 60.355443
slice22/query/img_05955_c1_1287504347608353us.jpg 0.663693 0.682709 0.198082 -0.232773 518.230010 -1210.307351 60.377501
slice22/query/img_05956_c1_1287504347741601us.jpg 0.663719 0.683004 0.197750 -0.232116 516.007909 -1209.880991 60.421037
slice22/query/img_05957_c1_1287504347808317us.jpg 0.663559 0.683389 0.197754 -0.231436 514.896925 -1209.669328 60.442914
slice22/query/img_05958_c1_1287504347941567us.jpg 0.663580 0.683794 0.197274 -0.230587 512.675483 -1209.234338 60.470045
slice22/query/img_05959_c1_1287504348008282us.jpg 0.663359 0.684078 0.197189 -0.230453 511.562899 -1209.015298 60.485433
slice22/query/img_05960_c1_1287504348074894us.jpg 0.663420 0.684039 0.197122 -0.230448 510.451833 -1208.797548 60.502870
slice22/query/img_05961_c1_1287504348208245us.jpg 0.663144 0.684391 0.197156 -0.230170 508.220701 -1208.356760 60.536749
slice22/query/img_05962_c1_1287504348274858us.jpg 0.662806 0.684762 0.197170 -0.230029 507.109382 -1208.137386 60.550973
slice22/query/img_05963_c1_1287504348408214us.jpg 0.662244 0.685147 0.197233 -0.230448 504.882595 -1207.697866 60.580306
slice22/query/img_05964_c1_1287504348474822us.jpg 0.662154 0.685083 0.197671 -0.230520 503.765322 -1207.479037 60.592480
slice22/query/img_05965_c1_1287504348541435us.jpg 0.661684 0.685349 0.198388 -0.230463 502.651042 -1207.259205 60.609153
slice22/query/img_05966_c1_1287504348674785us.jpg 0.660975 0.685872 0.199280 -0.230171 500.415521 -1206.819352 60.631327
slice22/query/img_05967_c1_1287504348741399us.jpg 0.660752 0.686006 0.199836 -0.229932 499.294849 -1206.600685 60.642403
slice22/query/img_05968_c1_1287504348874771us.jpg 0.661296 0.685223 0.201056 -0.229637 497.046175 -1206.167330 60.654772
slice22/query/img_05969_c1_1287504348941362us.jpg 0.661527 0.684941 0.201194 -0.229691 495.923294 -1205.950885 60.658560
slice22/query/img_05970_c1_1287504349074737us.jpg 0.661479 0.685026 0.201892 -0.228964 493.674326 -1205.521398 60.664516
slice22/query/img_05971_c1_1287504349141326us.jpg 0.660510 0.686080 0.202700 -0.227888 492.546196 -1205.307779 60.673323
slice22/query/img_05972_c1_1287504349208065us.jpg 0.659743 0.686914 0.202886 -0.227432 491.421963 -1205.092908 60.677045
slice22/query/img_05973_c1_1287504349341295us.jpg 0.659215 0.687378 0.202578 -0.227835 489.167618 -1204.657279 60.663804
