slice22/query/img_07486_c1_1288106900371829us.jpg 0.712034 0.701221 0.021277 -0.029057 731.492702 -1279.720621 57.841767
slice22/query/img_07487_c1_1288106900438420us.jpg 0.711959 0.701171 0.023603 -0.030266 730.807004 -1279.091820 57.842518
slice22/query/img_07488_c1_1288106900505159us.jpg 0.712144 0.700850 0.025981 -0.031395 730.115835 -1278.468142 57.841114
slice22/query/img_07489_c1_1288106900571774us.jpg 0.712568 0.700281 0.028073 -0.032648 729.423660 -1277.851592 57.838484
slice22/query/img_07490_c1_1288106900705133us.jpg 0.713605 0.698891 0.032277 -0.035750 728.040271 -1276.635172 57.836017
slice22/query/img_07491_c1_1288106900771751us.jpg 0.713646 0.698692 0.033576 -0.037571 727.343932 -1276.031829 57.831872
slice22/query/img_07492_c1_1288106900838356us.jpg 0.713152 0.699023 0.034750 -0.039680 726.644041 -1275.430672 57.830712
slice22/query/img_07493_c1_1288106900905096us.jpg 0.712497 0.699515 0.035741 -0.041823 725.939715 -1274.832721 57.830179
slice22/query/img_07494_c1_1288106900971711us.jpg 0.711809 0.700021 0.037224 -0.043732 725.227851 -1274.235000 57.831389
slice22/query/img_07495_c1_1288106901105069us.jpg 0.710190 0.701231 0.040183 -0.047859 723.802927 -1273.034511 57.840244
slice22/query/img_07496_c1_1288106901171702us.jpg 0.709821 0.701386 0.041733 -0.049695 723.079553 -1272.439168 57.839421
slice22/query/img_07497_c1_1288106901238294us.jpg 0.709890 0.701110 0.043213 -0.051320 722.352684 -1271.849507 57.836527
slice22/query/img_07498_c1_1288106901305033us.jpg 0.710177 0.700608 0.045185 -0.052487 721.616906 -1271.264267 57.836832
slice22/query/img_07499_c1_1288106901371648us.jpg 0.710679 0.699886 0.047544 -0.053250 720.876899 -1270.681255 57.835933
slice22/query/img_07500_c1_1288106901505029us.jpg 0.711505 0.698542 0.052745 -0.054932 719.387036 -1269.514483 57.840662
slice22/query/img_07501_c1_1288106901571622us.jpg 0.711822 0.697967 0.054705 -0.056203 718.638940 -1268.942335 57.838469
slice22/query/img_07502_c1_1288106901638231us.jpg 0.711971 0.697526 0.056655 -0.057835 717.887658 -1268.369079 57.835919
slice22/query/img_07503_c1_1288106901704971us.jpg 0.712168 0.697038 0.057986 -0.059939 717.131625 -1267.798959 57.830029
slice22/query/img_07504_c1_1288106901838204us.jpg 0.711921 0.696636 0.059559 -0.065721 715.617880 -1266.661433 57.818634
slice22/query/img_07505_c1_1288106901904939us.jpg 0.711418 0.696796 0.060343 -0.068686 714.848208 -1266.093660 57.816937
slice22/query/img_07506_c1_1288106901971554us.jpg 0.710539 0.697331 0.061698 -0.071112 714.072572 -1265.530461 57.818341
slice22/query/img_07507_c1_1288106902038167us.jpg 0.709400 0.698120 0.063576 -0.073064 713.291728 -1264.972737 57.825662
slice22/query/img_07508_c1_1288106902171728us.jpg 0.707775 0.699093 0.067737 -0.075730 711.710623 -1263.870885 57.838210
slice22/query/img_07509_c1_1288106902238139us.jpg 0.707433 0.699092 0.069559 -0.077263 710.913293 -1263.322961 57.843149
slice22/query/img_07510_c1_1288106902304875us.jpg 0.707433 0.698744 0.071115 -0.078984 710.114726 -1262.781401 57.844264
slice22/query/img_07511_c1_1288106902371490us.jpg 0.707497 0.698271 0.072748 -0.081077 709.313039 -1262.241747 57.845795
slice22/query/img_07512_c1_1288106902438105us.jpg 0.707196 0.698173 0.074240 -0.083172 708.507064 -1261.704919 57.847744
slice22/query/img_07513_c1_1288106902571462us.jpg 0.706251 0.698229 0.077510 -0.087631 706.889902 -1260.643705 57.848663
slice22/query/img_07514_c1_1288106902638074us.jpg 0.705305 0.698741 0.078735 -0.090035 706.076363 -1260.115363 57.848567
slice22/query/img_07515_c1_1288106902704813us.jpg 0.704301 0.699264 0.080450 -0.092290 705.260216 -1259.587848 57.849426
slice22/query/img_07516_c1_1288106902771428us.jpg 0.703368 0.699761 0.082058 -0.094200 704.437877 -1259.068100 57.853262
slice22/query/img_07517_c1_1288106902838042us.jpg 0.702925 0.699751 0.083710 -0.096113 703.612119 -1258.557145 57.856270
slice22/query/img_07518_c1_1288106902971420us.jpg 0.703052 0.698626 0.087096 -0.100270 701.963388 -1257.538883 57.862951
slice22/query/img_07519_c1_1288106903038022us.jpg 0.703108 0.698023 0.089308 -0.102112 701.125618 -1257.037767 57.866380
slice22/query/img_07520_c1_1288106903104750us.jpg 0.703114 0.697484 0.091456 -0.103836 700.284015 -1256.543836 57.871134
slice22/query/img_07521_c1_1288106903171365us.jpg 0.703157 0.696893 0.093440 -0.105733 699.443890 -1256.056767 57.874106
slice22/query/img_07522_c1_1288106903304724us.jpg 0.703456 0.695468 0.097627 -0.109285 697.749080 -1255.087494 57.886876
slice22/query/img_07523_c1_1288106903371334us.jpg 0.703603 0.694829 0.099723 -0.110501 696.889790 -1254.614253 57.892660
slice22/query/img_07524_c1_1288106903437948us.jpg 0.703700 0.694147 0.101879 -0.112195 696.028453 -1254.145286 57.899907
slice22/query/img_07525_c1_1288106903571326us.jpg 0.703444 0.693068 0.105873 -0.116675 694.306262 -1253.205116 57.913882
slice22/query/img_07526_c1_1288106903637921us.jpg 0.702741 0.693133 0.107434 -0.119080 693.438799 -1252.740857 57.917503
slice22/query/img_07527_c1_1288106903704656us.jpg 0.701572 0.693628 0.108912 -0.121718 692.571576 -1252.279936 57.921771
slice22/query/img_07528_c1_1288106903771270us.jpg 0.700289 0.694147 0.110867 -0.124352 691.697545 -1251.817949 57.928809
slice22/query/img_07529_c1_1288106903904648us.jpg 0.698310 0.694603 0.115088 -0.129010 689.940626 -1250.893926 57.944303
slice22/query/img_07530_c1_1288106903971260us.jpg 0.697846 0.694322 0.117060 -0.131240 689.053034 -1250.444571 57.944737
slice22/query/img_07531_c1_1288106904037854us.jpg 0.697856 0.693542 0.119123 -0.133439 688.161049 -1249.997831 57.943158
slice22/query/img_07532_c1_1288106904104592us.jpg 0.697961 0.692710 0.121321 -0.135216 687.265479 -1249.564777 57.946072
slice22/query/img_07533_c1_1288106904171208us.jpg 0.698328 0.691587 0.123431 -0.137148 686.368603 -1249.136314 57.943227
slice22/query/img_07534_c1_1288106904304584us.jpg 0.698339 0.690025 0.127577 -0.141109 684.556084 -1248.291739 57.929672
slice22/query/img_07535_c1_1288106904371197us.jpg 0.697770 0.689797 0.129345 -0.143410 683.637746 -1247.865398 57.924791
slice22/query/img_07536_c1_1288106904437791us.jpg 0.696938 0.689825 0.130829 -0.145953 682.724172 -1247.449590 57.923193
slice22/query/img_07537_c1_1288106904504531us.jpg 0.696129 0.689763 0.132451 -0.148624 681.808022 -1247.036128 57.920888
slice22/query/img_07538_c1_1288106904571145us.jpg 0.695088 0.690002 0.134450 -0.150576 680.887919 -1246.635132 57.924149
slice22/query/img_07539_c1_1288106904704501us.jpg 0.693985 0.689470 0.138688 -0.154212 679.027046 -1245.841700 57.930054
slice22/query/img_07540_c1_1288106904771114us.jpg 0.693859 0.688705 0.140722 -0.156340 678.093794 -1245.451920 57.930811
slice22/query/img_07541_c1_1288106904837729us.jpg 0.693694 0.688015 0.142782 -0.158234 677.158001 -1245.069542 57.931773
slice22/query/img_07542_c1_1288106904971088us.jpg 0.693226 0.686768 0.146525 -0.162229 675.270329 -1244.335036 57.930964
slice22/query/img_07543_c1_1288106905037697us.jpg 0.692540 0.686549 0.148301 -0.164455 674.322704 -1243.967074 57.937042
slice22/query/img_07544_c1_1288106905104437us.jpg 0.691434 0.686735 0.150307 -0.166502 673.368671 -1243.602627 57.944517
slice22/query/img_07545_c1_1288106905171052us.jpg 0.690269 0.686967 0.152229 -0.168614 672.417171 -1243.247142 57.949961
slice22/query/img_07546_c1_1288106905305143us.jpg 0.688380 0.686912 0.155782 -0.173251 670.501457 -1242.547436 57.959052
slice22/query/img_07547_c1_1288106905371043us.jpg 0.688013 0.686360 0.157627 -0.175219 669.541794 -1242.209489 57.964376
slice22/query/img_07548_c1_1288106905437635us.jpg 0.687770 0.685733 0.159323 -0.177088 668.581920 -1241.877251 57.969979
slice22/query/img_07549_c1_1288106905504375us.jpg 0.687830 0.684825 0.160803 -0.179015 667.620664 -1241.554878 57.976314
slice22/query/img_07550_c1_1288106905570995us.jpg 0.687932 0.683913 0.162570 -0.180511 666.655060 -1241.246805 57.985898
slice22/query/img_07551_c1_1288106905704345us.jpg 0.687848 0.682281 0.166714 -0.183204 664.713940 -1240.643730 58.003293
slice22/query/img_07552_c1_1288106905770959us.jpg 0.686785 0.682480 0.168567 -0.184747 663.739594 -1240.337947 58.010552
slice22/query/img_07553_c1_1288106905837572us.jpg 0.685045 0.683246 0.169772 -0.187259 662.767804 -1240.031913 58.016760
slice22/query/img_07554_c1_1288106905904312us.jpg 0.683345 0.683968 0.170933 -0.189762 661.793139 -1239.731263 58.020261
slice22/query/img_07555_c1_1288106905970928us.jpg 0.681707 0.684469 0.172048 -0.192817 660.817212 -1239.436158 58.023121
slice22/query/img_07556_c1_1288106906104306us.jpg 0.679180 0.684805 0.175051 -0.197771 658.841841 -1238.865139 58.027650
slice22/query/img_07557_c1_1288106906170899us.jpg 0.678445 0.684564 0.176791 -0.199575 657.844651 -1238.584664 58.033685
slice22/query/img_07558_c1_1288106906237510us.jpg 0.677978 0.684085 0.178788 -0.201017 656.849028 -1238.312985 58.041180
slice22/query/img_07559_c1_1288106906304250us.jpg 0.678041 0.682977 0.181677 -0.201984 655.848666 -1238.053502 58.054819
slice22/query/img_07560_c1_1288106906370866us.jpg 0.679414 0.680648 0.184424 -0.202740 654.846495 -1237.804227 58.066340
slice22/query/img_07561_c1_1288106906504242us.jpg 0.679101 0.679130 0.188552 -0.205068 652.843598 -1237.311513 58.085360
slice22/query/img_07562_c1_1288106906570834us.jpg 0.678694 0.678731 0.189111 -0.207208 651.839878 -1237.070639 58.088961
slice22/query/img_07563_c1_1288106906637449us.jpg 0.677926 0.678584 0.189841 -0.209526 650.830880 -1236.832158 58.094524
slice22/query/img_07564_c1_1288106906704188us.jpg 0.676456 0.679169 0.190535 -0.211738 649.820138 -1236.596435 58.098709
slice22/query/img_07565_c1_1288106906837440us.jpg 0.675882 0.678547 0.195193 -0.211320 647.783499 -1236.145675 58.114689
slice22/query/img_07566_c1_1288106906904160us.jpg 0.674181 0.679686 0.195827 -0.212505 646.767890 -1235.918199 58.121301
slice22/query/img_07567_c1_1288106906970771us.jpg 0.673140 0.680350 0.196438 -0.213117 645.743182 -1235.695699 58.126722
slice22/query/img_07568_c1_1288106907037386us.jpg 0.672865 0.680327 0.196886 -0.213646 644.717182 -1235.481033 58.132845
slice22/query/img_07569_c1_1288106907104126us.jpg 0.673710 0.679233 0.197298 -0.214082 643.692416 -1235.273280 58.138219
slice22/query/img_07570_c1_1288106907237356us.jpg 0.676589 0.675776 0.198430 -0.214895 641.640737 -1234.857596 58.155297
slice22/query/img_07571_c1_1288106907304116us.jpg 0.677394 0.675014 0.197756 -0.215373 640.611752 -1234.650520 58.161861
slice22/query/img_07572_c1_1288106907370711us.jpg 0.677348 0.675209 0.197286 -0.215338 639.582150 -1234.445903 58.170997
slice22/query/img_07573_c1_1288106907437325us.jpg 0.676179 0.676504 0.197557 -0.214699 638.549691 -1234.237848 58.185700
slice22/query/img_07574_c1_1288106907570702us.jpg 0.675248 0.677025 0.199163 -0.214502 636.464251 -1233.816077 58.212485
slice22/query/img_07575_c1_1288106907637295us.jpg 0.674506 0.677609 0.199466 -0.214710 635.430890 -1233.601057 58.222569
slice22/query/img_07576_c1_1288106907704033us.jpg 0.674698 0.677383 0.198910 -0.215336 634.399414 -1233.389246 58.225660
slice22/query/img_07577_c1_1288106907837264us.jpg 0.676260 0.675886 0.196067 -0.217735 632.323994 -1232.965820 58.233007
slice22/query/img_07578_c1_1288106907970619us.jpg 0.676876 0.674873 0.195322 -0.219624 630.251863 -1232.531618 58.265906
slice22/query/img_07579_c1_1288106908037232us.jpg 0.676204 0.675398 0.195492 -0.219930 629.201575 -1232.312099 58.281410
slice22/query/img_07580_c1_1288106908103971us.jpg 0.674613 0.676802 0.195646 -0.220364 628.151984 -1232.092208 58.298592
slice22/query/img_07581_c1_1288106908170586us.jpg 0.673326 0.677606 0.195815 -0.221672 627.104298 -1231.873379 58.311733
slice22/query/img_07582_c1_1288106908303942us.jpg 0.671920 0.678123 0.197277 -0.223055 624.998678 -1231.449150 58.349204
slice22/query/img_07583_c1_1288106908370556us.jpg 0.671759 0.678376 0.197906 -0.222213 623.953389 -1231.238939 58.365853
slice22/query/img_07584_c1_1288106908437171us.jpg 0.672254 0.677987 0.198131 -0.221704 622.908006 -1231.033146 58.379435
slice22/query/img_07585_c1_1288106908503910us.jpg 0.673222 0.676947 0.198292 -0.221801 621.863647 -1230.826655 58.390984
slice22/query/img_07586_c1_1288106908637142us.jpg 0.674592 0.675389 0.198456 -0.222238 619.774775 -1230.410084 58.413867
slice22/query/img_07587_c1_1288106908703952us.jpg 0.674532 0.675338 0.198164 -0.222839 618.732300 -1230.199905 58.425790
slice22/query/img_07588_c1_1288106908770495us.jpg 0.674184 0.675537 0.198060 -0.223378 617.686289 -1229.989282 58.439064
slice22/query/img_07589_c1_1288106908837109us.jpg 0.673487 0.676165 0.197699 -0.223900 616.641308 -1229.777801 58.453733
slice22/query/img_07590_c1_1288106908970467us.jpg 0.672255 0.677272 0.196997 -0.224874 614.552440 -1229.354179 58.487111
slice22/query/img_07591_c1_1288106909037100us.jpg 0.671645 0.677745 0.197452 -0.224871 613.491829 -1229.136522 58.504696
slice22/query/img_07592_c1_1288106909103818us.jpg 0.671189 0.678103 0.198117 -0.224570 612.433420 -1228.922399 58.522808
slice22/query/img_07593_c1_1288106909170434us.jpg 0.670710 0.678521 0.198325 -0.224555 611.378357 -1228.713847 58.538856
slice22/query/img_07594_c1_1288106909237047us.jpg 0.670360 0.678928 0.197964 -0.224687 610.319648 -1228.504107 58.552925
slice22/query/img_07595_c1_1288106909370423us.jpg 0.670830 0.678302 0.197336 -0.225724 608.206276 -1228.081256 58.577364
slice22/query/img_07596_c1_1288106909437017us.jpg 0.671328 0.677675 0.197202 -0.226244 607.146121 -1227.872920 58.591432
slice22/query/img_07597_c1_1288106909503756us.jpg 0.671418 0.677542 0.197343 -0.226253 606.081786 -1227.662714 58.608699
slice22/query/img_07598_c1_1288106909570371us.jpg 0.671433 0.677586 0.197187 -0.226213 605.018661 -1227.457319 58.625964
slice22/query/img_07599_c1_1288106909770368us.jpg 0.672241 0.676694 0.197762 -0.225981 601.852751 -1226.812161 58.718685
slice22/query/img_07600_c1_1288106909903699us.jpg 0.671411 0.677622 0.197698 -0.225722 599.715645 -1226.383302 58.757105
slice22/query/img_07601_c1_1288106909970312us.jpg 0.671309 0.677613 0.197237 -0.226455 598.649736 -1226.168886 58.770794
slice22/query/img_07602_c1_1288106910036924us.jpg 0.671261 0.677654 0.196304 -0.227285 597.583680 -1225.955198 58.786714
slice22/query/img_07603_c1_1288106910103687us.jpg 0.670910 0.678189 0.194927 -0.227910 596.519427 -1225.744475 58.802815
slice22/query/img_07604_c1_1288106910237943us.jpg 0.670077 0.679386 0.193273 -0.228204 594.388847 -1225.322531 58.844014
slice22/query/img_07605_c1_1288106910303637us.jpg 0.669852 0.679584 0.193266 -0.228280 593.319110 -1225.105477 58.868836
slice22/query/img_07606_c1_1288106910370248us.jpg 0.669691 0.679809 0.192895 -0.228397 592.246477 -1224.886989 58.893663
slice22/query/img_07607_c1_1288106910436862us.jpg 0.669237 0.680419 0.192681 -0.228092 591.174228 -1224.668933 58.918706
slice22/query/img_07608_c1_1288106910503602us.jpg 0.668745 0.681127 0.192579 -0.227507 590.097415 -1224.450154 58.942822
slice22/query/img_07609_c1_1288106910636836us.jpg 0.669602 0.680360 0.193211 -0.226744 587.952388 -1224.019529 58.990338
slice22/query/img_07610_c1_1288106910703574us.jpg 0.670011 0.679982 0.193789 -0.226175 586.876238 -1223.802902 59.013176
slice22/query/img_07611_c1_1288106910770186us.jpg 0.669424 0.680900 0.193464 -0.225427 585.802007 -1223.584136 59.033026
slice22/query/img_07612_c1_1288106910836801us.jpg 0.668478 0.681879 0.193629 -0.225137 584.724121 -1223.362216 59.051495
slice22/query/img_07613_c1_1288106910903540us.jpg 0.667641 0.682601 0.193471 -0.225568 583.646700 -1223.137423 59.065360
slice22/query/img_07614_c1_1288106911036793us.jpg 0.666910 0.683162 0.191482 -0.227717 581.505915 -1222.685209 59.088509
slice22/query/img_07615_c1_1288106911103510us.jpg 0.666476 0.683622 0.189553 -0.229215 580.438371 -1222.456429 59.099862
slice22/query/img_07616_c1_1288106911170126us.jpg 0.665972 0.684276 0.188378 -0.229698 579.366569 -1222.228899 59.116103
slice22/query/img_07617_c1_1288106911236746us.jpg 0.665813 0.684183 0.189039 -0.229895 578.290624 -1222.004051 59.143106
slice22/query/img_07618_c1_1288106911370970us.jpg 0.667370 0.682083 0.191113 -0.229903 576.125446 -1221.563557 59.197490
slice22/query/img_07619_c1_1288106911436731us.jpg 0.667109 0.682127 0.192183 -0.229639 575.035777 -1221.343470 59.226096
slice22/query/img_07620_c1_1288106911503448us.jpg 0.666476 0.682725 0.193297 -0.228763 573.943441 -1221.122260 59.253325
slice22/query/img_07621_c1_1288106911570063us.jpg 0.665915 0.683675 0.192852 -0.227933 572.854980 -1220.901873 59.274382
slice22/query/img_07622_c1_1288106911636678us.jpg 0.665055 0.683597 0.193884 -0.229795 571.763583 -1220.676967 59.291798
slice22/query/img_07623_c1_1288106911770046us.jpg 0.662303 0.685316 0.193718 -0.232747 569.591146 -1220.225086 59.321394
slice22/query/img_07624_c1_1288106911836649us.jpg 0.660481 0.686410 0.193441 -0.234919 568.504172 -1219.997107 59.332786
slice22/query/img_07625_c1_1288106911903387us.jpg 0.659796 0.686538 0.192870 -0.236928 567.418716 -1219.774362 59.346312
slice22/query/img_07626_c1_1288106911970002us.jpg 0.659105 0.686658 0.193164 -0.238263 566.325616 -1219.556155 59.365162
slice22/query/img_07627_c1_1288106912036617us.jpg 0.659269 0.686297 0.193398 -0.238657 565.234400 -1219.348615 59.388144
slice22/query/img_07628_c1_1288106912170000us.jpg 0.663627 0.681962 0.196068 -0.236824 563.043174 -1218.958460 59.455016
slice22/query/img_07629_c1_1288106912236586us.jpg 0.666104 0.680278 0.197086 -0.233847 561.948054 -1218.771615 59.492196
slice22/query/img_07630_c1_1288106912303326us.jpg 0.667229 0.679759 0.198627 -0.230824 560.846729 -1218.578658 59.525770
slice22/query/img_07631_c1_1288106912369941us.jpg 0.668781 0.678815 0.198944 -0.228832 559.749391 -1218.379887 59.552909
slice22/query/img_07632_c1_1288106912503319us.jpg 0.669253 0.678979 0.196871 -0.228756 557.569766 -1217.956012 59.586764
slice22/query/img_07633_c1_1288106912569916us.jpg 0.667623 0.680745 0.194497 -0.230298 556.481387 -1217.731428 59.593885
slice22/query/img_07634_c1_1288106912636525us.jpg 0.665514 0.682740 0.192440 -0.232214 555.392828 -1217.502390 59.602506
slice22/query/img_07635_c1_1288106912703265us.jpg 0.663432 0.684478 0.191120 -0.234137 554.300414 -1217.269173 59.613103
slice22/query/img_07636_c1_1288106912769880us.jpg 0.661855 0.685629 0.190600 -0.235653 553.208475 -1217.039385 59.632889
slice22/query/img_07637_c1_1288106912903237us.jpg 0.661160 0.685789 0.192512 -0.235586 551.012171 -1216.602576 59.689750
slice22/query/img_07638_c1_1288106913036470us.jpg 0.662759 0.684186 0.195227 -0.233508 548.812166 -1216.185152 59.749618
slice22/query/img_07639_c1_1288106913103224us.jpg 0.663557 0.683338 0.195836 -0.233216 547.709817 -1215.975490 59.773999
slice22/query/img_07640_c1_1288106913169819us.jpg 0.664265 0.682543 0.195841 -0.233524 546.609434 -1215.763501 59.793956
slice22/query/img_07641_c1_1288106913303196us.jpg 0.664835 0.681823 0.195011 -0.234696 544.408252 -1215.340771 59.833702
slice22/query/img_07642_c1_1288106913369844us.jpg 0.664517 0.682100 0.194863 -0.234916 543.305622 -1215.127569 59.856622
slice22/query/img_07643_c1_1288106913436404us.jpg 0.664118 0.682555 0.194730 -0.234832 542.201041 -1214.916311 59.879258
slice22/query/img_07644_c1_1288106913503144us.jpg 0.663459 0.683239 0.194921 -0.234548 541.097626 -1214.704575 59.903588
slice22/query/img_07645_c1_1288106913636397us.jpg 0.662691 0.683982 0.195910 -0.233729 538.884398 -1214.275310 59.950571
slice22/query/img_07646_c1_1288106913703113us.jpg 0.662793 0.683844 0.196142 -0.233646 537.782203 -1214.063488 59.971742
slice22/query/img_07647_c1_1288106913769728us.jpg 0.663074 0.683581 0.195917 -0.233809 536.680301 -1213.851278 59.991998
slice22/query/img_07648_c1_1288106913836343us.jpg 0.663461 0.683439 0.195147 -0.233770 535.580342 -1213.644153 60.013867
slice22/query/img_07649_c1_1288106913969702us.jpg 0.664554 0.682828 0.194420 -0.233055 533.380462 -1213.224691 60.059082
slice22/query/img_07650_c1_1288106914036466us.jpg 0.664874 0.682602 0.194869 -0.232431 532.279615 -1213.011307 60.082873
slice22/query/img_07651_c1_1288106914103079us.jpg 0.665151 0.682330 0.195454 -0.231944 531.178229 -1212.799210 60.106902
slice22/query/img_07652_c1_1288106914169667us.jpg 0.665249 0.682220 0.195806 -0.231688 530.077467 -1212.586622 60.130941
slice22/query/img_07653_c1_1288106914303025us.jpg 0.664844 0.682811 0.195646 -0.231243 527.873195 -1212.157333 60.179203
slice22/query/img_07654_c1_1288106914369657us.jpg 0.664667 0.683008 0.195480 -0.231313 526.775269 -1211.939704 60.201216
slice22/query/img_07655_c1_1288106914503013us.jpg 0.665011 0.682586 0.195221 -0.231788 524.564991 -1211.511855 60.237833
slice22/query/img_07656_c1_1288106914569607us.jpg 0.665248 0.682252 0.195293 -0.232030 523.460869 -1211.293792 60.256464
slice22/query/img_07657_c1_1288106914636222us.jpg 0.665022 0.682433 0.194903 -0.232475 522.359602 -1211.076797 60.276086
slice22/query/img_07658_c1_1288106914836198us.jpg 0.665744 0.681657 0.196279 -0.231524 519.035350 -1210.437787 60.343588
slice22/query/img_07659_c1_1288106915102925us.jpg 0.666359 0.680663 0.198582 -0.230714 514.628523 -1209.552270 60.426330
slice22/query/img_07660_c1_1288106915169540us.jpg 0.666277 0.680762 0.198797 -0.230474 513.512679 -1209.338836 60.441216
slice22/query/img_07661_c1_1288106915236130us.jpg 0.665974 0.681043 0.198861 -0.230464 512.400589 -1209.124703 60.455330
slice22/query/img_07662_c1_1288106915302870us.jpg 0.665676 0.681236 0.199007 -0.230626 511.290973 -1208.912110 60.470326
slice22/query/img_07663_c1_1288106915369485us.jpg 0.665621 0.681091 0.199441 -0.230839 510.180132 -1208.698017 60.486666
slice22/query/img_07664_c1_1288106915502864us.jpg 0.665629 0.681170 0.199795 -0.230277 507.945176 -1208.274347 60.512429
slice22/query/img_07665_c1_1288106915569455us.jpg 0.665520 0.681371 0.199893 -0.229912 506.832347 -1208.063261 60.527186
slice22/query/img_07666_c1_1288106915636069us.jpg 0.665603 0.681282 0.200151 -0.229711 505.718714 -1207.851093 60.538463
slice22/query/img_07667_c1_1288106915702810us.jpg 0.665622 0.681135 0.200351 -0.229916 504.608459 -1207.636118 60.550520
slice22/query/img_07668_c1_1288106915836042us.jpg 0.665149 0.681344 0.201388 -0.229760 502.380982 -1207.210623 60.573853
slice22/query/img_07669_c1_1288106915902779us.jpg 0.664590 0.681788 0.201833 -0.229669 501.270712 -1206.994748 60.583198
slice22/query/img_07670_c1_1288106916036011us.jpg 0.663904 0.682284 0.203035 -0.229125 499.038676 -1206.571094 60.602146
slice22/query/img_07671_c1_1288106916102749us.jpg 0.663785 0.682254 0.203759 -0.228914 497.921856 -1206.360217 60.610643
slice22/query/img_07672_c1_1288106916169364us.jpg 0.663690 0.682170 0.204315 -0.228946 496.811545 -1206.151412 60.618753
slice22/query/img_07673_c1_1288106916302722us.jpg 0.663354 0.682164 0.205174 -0.229166 494.587134 -1205.719486 60.640843
slice22/query/img_07674_c1_1288106916369356us.jpg 0.663144 0.682448 0.205655 -0.228496 493.473635 -1205.513737 60.642298
slice22/query/img_07675_c1_1288106916435948us.jpg 0.662205 0.683413 0.206333 -0.227723 492.357908 -1205.305580 60.647123
slice22/query/img_07676_c1_1288106916502689us.jpg 0.661422 0.684236 0.206552 -0.227329 491.244964 -1205.100196 60.647266
slice22/query/img_07677_c1_1288106916635943us.jpg 0.659181 0.686142 0.205594 -0.228954 489.024888 -1204.677970 60.649781
