slice22/query/img_08259_c1_1288793050518519us.jpg 0.712374 0.700912 0.021684 -0.027855 731.466995 -1279.539190 57.872757
slice22/query/img_08260_c1_1288793050585258us.jpg 0.712220 0.700972 0.023463 -0.028805 730.816418 -1278.944456 57.870205
slice22/query/img_08261_c1_1288793050718485us.jpg 0.712911 0.700045 0.027293 -0.030829 729.501557 -1277.771080 57.870563
slice22/query/img_08262_c1_1288793050785241us.jpg 0.713568 0.699232 0.029219 -0.032266 728.845195 -1277.192168 57.866699
slice22/query/img_08263_c1_1288793050851834us.jpg 0.713756 0.698883 0.030922 -0.034048 728.187836 -1276.612849 57.865117
slice22/query/img_08264_c1_1288793050918447us.jpg 0.713368 0.699137 0.031933 -0.035972 727.527661 -1276.037870 57.863043
slice22/query/img_08265_c1_1288793051051799us.jpg 0.711952 0.700226 0.033925 -0.040690 726.200306 -1274.885925 57.859620
slice22/query/img_08266_c1_1288793051118409us.jpg 0.711186 0.700811 0.035364 -0.042750 725.528511 -1274.312779 57.858150
slice22/query/img_08267_c1_1288793051185149us.jpg 0.710521 0.701267 0.037011 -0.044893 724.854615 -1273.743171 57.857730
slice22/query/img_08268_c1_1288793051318395us.jpg 0.709508 0.701854 0.039953 -0.049022 723.496702 -1272.612940 57.867074
slice22/query/img_08269_c1_1288793051385112us.jpg 0.709611 0.701537 0.041451 -0.050800 722.808490 -1272.055788 57.866967
slice22/query/img_08270_c1_1288793051451725us.jpg 0.709838 0.701092 0.043441 -0.052084 722.115715 -1271.502818 57.868890
slice22/query/img_08271_c1_1288793051585100us.jpg 0.711022 0.699421 0.048940 -0.053513 720.717673 -1270.408917 57.875297
slice22/query/img_08272_c1_1288793051651692us.jpg 0.711433 0.698738 0.051955 -0.054122 720.013089 -1269.865060 57.879168
slice22/query/img_08273_c1_1288793051718301us.jpg 0.711637 0.698275 0.054441 -0.054963 719.305472 -1269.326193 57.881160
slice22/query/img_08274_c1_1288793051785038us.jpg 0.711772 0.697877 0.056401 -0.056272 718.598410 -1268.788155 57.880322
slice22/query/img_08275_c1_1288793051918272us.jpg 0.712212 0.696879 0.059389 -0.059886 717.180540 -1267.725230 57.873344
slice22/query/img_08276_c1_1288793051985003us.jpg 0.712306 0.696489 0.060335 -0.062305 716.471810 -1267.196778 57.869157
slice22/query/img_08277_c1_1288793052051615us.jpg 0.712122 0.696395 0.060959 -0.064813 715.762362 -1266.674148 57.865626
slice22/query/img_08278_c1_1288793052184972us.jpg 0.710902 0.697031 0.063056 -0.069218 714.327843 -1265.632906 57.866877
slice22/query/img_08279_c1_1288793052251582us.jpg 0.709944 0.697694 0.064600 -0.070926 713.604783 -1265.115453 57.868908
slice22/query/img_08280_c1_1288793052318192us.jpg 0.709005 0.698318 0.066444 -0.072450 712.879281 -1264.602909 57.873683
slice22/query/img_08281_c1_1288793052384929us.jpg 0.708360 0.698640 0.068039 -0.074150 712.150605 -1264.089417 57.876612
slice22/query/img_08282_c1_1288793052518178us.jpg 0.708209 0.698199 0.070900 -0.077014 710.683206 -1263.086219 57.877390
slice22/query/img_08283_c1_1288793052584894us.jpg 0.708345 0.697744 0.072368 -0.078506 709.943814 -1262.585133 57.874906
slice22/query/img_08284_c1_1288793052651506us.jpg 0.708358 0.697363 0.074067 -0.080174 709.202485 -1262.087329 57.874469
slice22/query/img_08285_c1_1288793052784862us.jpg 0.707691 0.697304 0.076756 -0.083963 707.711660 -1261.100296 57.871348
slice22/query/img_08286_c1_1288793052851470us.jpg 0.706892 0.697710 0.078014 -0.086130 706.961649 -1260.604922 57.871262
slice22/query/img_08287_c1_1288793052918082us.jpg 0.705991 0.698239 0.079085 -0.088229 706.209746 -1260.114444 57.868781
slice22/query/img_08288_c1_1288793053051456us.jpg 0.704606 0.698805 0.082259 -0.091843 704.699863 -1259.144272 57.868783
slice22/query/img_08289_c1_1288793053118065us.jpg 0.704381 0.698627 0.083866 -0.093460 703.938615 -1258.666476 57.869641
slice22/query/img_08290_c1_1288793053184785us.jpg 0.704573 0.698035 0.085284 -0.095137 703.176617 -1258.196718 57.870804
slice22/query/img_08291_c1_1288793053318848us.jpg 0.705023 0.696687 0.088623 -0.098575 701.645435 -1257.262375 57.871060
slice22/query/img_08292_c1_1288793053384747us.jpg 0.705079 0.696103 0.090754 -0.100336 700.875738 -1256.801409 57.872381
slice22/query/img_08293_c1_1288793053451360us.jpg 0.704768 0.695895 0.092870 -0.102013 700.105346 -1256.344525 57.875110
slice22/query/img_08294_c1_1288793053517973us.jpg 0.704525 0.695622 0.094706 -0.103853 699.333880 -1255.893558 57.877964
slice22/query/img_08295_c1_1288793053651346us.jpg 0.704570 0.694568 0.098555 -0.106972 697.780965 -1255.003325 57.882894
slice22/query/img_08296_c1_1288793053717937us.jpg 0.704748 0.693860 0.100758 -0.108332 697.004551 -1254.565693 57.886645
slice22/query/img_08297_c1_1288793053784674us.jpg 0.704772 0.693272 0.102993 -0.109830 696.223938 -1254.132071 57.892177
slice22/query/img_08298_c1_1288793053917925us.jpg 0.704460 0.692304 0.107054 -0.113972 694.652149 -1253.271947 57.904206
slice22/query/img_08299_c1_1288793053984639us.jpg 0.703754 0.692354 0.108765 -0.116387 693.867681 -1252.846028 57.905580
slice22/query/img_08300_c1_1288793054051251us.jpg 0.702747 0.692703 0.110343 -0.118883 693.081174 -1252.423848 57.905917
slice22/query/img_08301_c1_1288793054117864us.jpg 0.701571 0.693177 0.112301 -0.121210 692.294640 -1252.009442 57.909000
slice22/query/img_08302_c1_1288793054251237us.jpg 0.699845 0.693487 0.116193 -0.125668 690.695270 -1251.183672 57.905826
slice22/query/img_08303_c1_1288793054317827us.jpg 0.699275 0.693340 0.118193 -0.127765 689.893930 -1250.777068 57.904766
slice22/query/img_08304_c1_1288793054451182us.jpg 0.699370 0.691783 0.122234 -0.131820 688.286563 -1249.977887 57.899757
slice22/query/img_08305_c1_1288793054517792us.jpg 0.699483 0.690876 0.124333 -0.133995 687.485734 -1249.590881 57.899194
slice22/query/img_08306_c1_1288793054651147us.jpg 0.699534 0.689258 0.128103 -0.138436 685.858646 -1248.831033 57.895367
slice22/query/img_08307_c1_1288793054784525us.jpg 0.699294 0.687970 0.132246 -0.142109 684.210912 -1248.082608 57.894387
slice22/query/img_08308_c1_1288793054917722us.jpg 0.698172 0.687593 0.135610 -0.146225 682.557419 -1247.356206 57.903698
slice22/query/img_08309_c1_1288793054984457us.jpg 0.697531 0.687426 0.137266 -0.148506 681.726875 -1246.994718 57.906636
slice22/query/img_08310_c1_1288793055051070us.jpg 0.696713 0.687565 0.139056 -0.150027 680.891734 -1246.652341 57.914886
slice22/query/img_08311_c1_1288793055184430us.jpg 0.695880 0.686857 0.142858 -0.153526 679.224789 -1245.962351 57.919233
slice22/query/img_08312_c1_1288793055251032us.jpg 0.695796 0.686131 0.144617 -0.155495 678.387483 -1245.617073 57.919506
slice22/query/img_08313_c1_1288793055317646us.jpg 0.695755 0.685362 0.146399 -0.157390 677.548357 -1245.279894 57.920435
slice22/query/img_08314_c1_1288793055451001us.jpg 0.694996 0.684566 0.149758 -0.161004 675.870203 -1244.619206 57.924369
slice22/query/img_08315_c1_1288793055517614us.jpg 0.694667 0.684195 0.151183 -0.162662 675.025603 -1244.295609 57.926307
slice22/query/img_08316_c1_1288793055584347us.jpg 0.694202 0.684032 0.152574 -0.164029 674.179332 -1243.976140 57.928609
slice22/query/img_08317_c1_1288793055650959us.jpg 0.693659 0.683978 0.154214 -0.165011 673.330267 -1243.661409 57.933591
slice22/query/img_08318_c1_1288793055784312us.jpg 0.692624 0.683781 0.157027 -0.167505 671.631580 -1243.035745 57.944822
slice22/query/img_08319_c1_1288793055850922us.jpg 0.692275 0.683522 0.158183 -0.168913 670.779078 -1242.732391 57.948177
slice22/query/img_08320_c1_1288793055917534us.jpg 0.692047 0.683148 0.159275 -0.170329 669.924589 -1242.432127 57.951886
slice22/query/img_08321_c1_1288793056050887us.jpg 0.692007 0.682073 0.161027 -0.173128 668.204000 -1241.842973 57.952627
slice22/query/img_08322_c1_1288793056117499us.jpg 0.691940 0.681630 0.161574 -0.174627 667.341525 -1241.548432 57.953823
slice22/query/img_08323_c1_1288793056184238us.jpg 0.691763 0.681250 0.162366 -0.176067 666.477965 -1241.261220 57.959708
slice22/query/img_08324_c1_1288793056250850us.jpg 0.691400 0.681011 0.163784 -0.177099 665.609525 -1240.977937 57.970975
slice22/query/img_08325_c1_1288793056384202us.jpg 0.689715 0.681561 0.166274 -0.179220 663.867893 -1240.425404 57.982806
slice22/query/img_08326_c1_1288793056450814us.jpg 0.688409 0.682222 0.167043 -0.181008 662.998297 -1240.143627 57.985127
slice22/query/img_08327_c1_1288793056517427us.jpg 0.687226 0.682697 0.167679 -0.183109 662.131229 -1239.865839 57.986112
slice22/query/img_08328_c1_1288793056650800us.jpg 0.685371 0.682902 0.169512 -0.187556 660.386856 -1239.331638 57.987863
slice22/query/img_08329_c1_1288793056717390us.jpg 0.684331 0.683039 0.170715 -0.189751 659.513363 -1239.064559 57.991019
slice22/query/img_08330_c1_1288793056784128us.jpg 0.683285 0.683179 0.172278 -0.191592 658.635358 -1238.804527 57.997605
slice22/query/img_08331_c1_1288793056917377us.jpg 0.681928 0.682836 0.175619 -0.194592 656.875601 -1238.299907 58.008034
slice22/query/img_08332_c1_1288793056984092us.jpg 0.681851 0.681959 0.178215 -0.195579 655.988379 -1238.055215 58.018467
slice22/query/img_08333_c1_1288793057050704us.jpg 0.682950 0.679824 0.180766 -0.196830 655.102304 -1237.820038 58.030038
slice22/query/img_08334_c1_1288793057117317us.jpg 0.683037 0.678576 0.183573 -0.198231 654.212218 -1237.584185 58.037505
slice22/query/img_08335_c1_1288793057250675us.jpg 0.681896 0.678172 0.185273 -0.201929 652.422048 -1237.129958 58.038894
slice22/query/img_08336_c1_1288793057317281us.jpg 0.681278 0.677768 0.186248 -0.204456 651.526252 -1236.904081 58.041798
slice22/query/img_08337_c1_1288793057384019us.jpg 0.680377 0.677561 0.187456 -0.207025 650.628725 -1236.681309 58.046627
slice22/query/img_08338_c1_1288793057517251us.jpg 0.676846 0.678914 0.189785 -0.211986 648.817492 -1236.245943 58.039077
slice22/query/img_08339_c1_1288793057583983us.jpg 0.674806 0.679903 0.191351 -0.213901 647.907415 -1236.027304 58.044968
slice22/query/img_08340_c1_1288793057650596us.jpg 0.673353 0.680547 0.192369 -0.215512 646.998483 -1235.819945 58.052185
slice22/query/img_08341_c1_1288793057783968us.jpg 0.673281 0.679870 0.193801 -0.216589 645.165658 -1235.430640 58.061936
slice22/query/img_08342_c1_1288793057850559us.jpg 0.674771 0.678212 0.194669 -0.216370 644.246709 -1235.242849 58.072007
slice22/query/img_08343_c1_1288793057917172us.jpg 0.676670 0.676129 0.195542 -0.216170 643.328735 -1235.060353 58.084052
slice22/query/img_08344_c1_1288793058050547us.jpg 0.680029 0.672876 0.195635 -0.215700 641.488918 -1234.693221 58.105786
slice22/query/img_08345_c1_1288793058117148us.jpg 0.680194 0.673005 0.194468 -0.215832 640.572480 -1234.508106 58.114668
slice22/query/img_08346_c1_1288793058183874us.jpg 0.679463 0.673982 0.193972 -0.215529 639.662172 -1234.322726 58.125077
slice22/query/img_08347_c1_1288793058317103us.jpg 0.677482 0.675897 0.195022 -0.214818 637.815714 -1233.927818 58.128608
slice22/query/img_08348_c1_1288793058383839us.jpg 0.676261 0.677232 0.195649 -0.213891 636.895273 -1233.729639 58.142577
slice22/query/img_08349_c1_1288793058450449us.jpg 0.675808 0.677865 0.195228 -0.213701 635.976262 -1233.528364 58.149789
slice22/query/img_08350_c1_1288793058583804us.jpg 0.677471 0.676533 0.193275 -0.214431 634.141137 -1233.133414 58.160362
slice22/query/img_08351_c1_1288793058650419us.jpg 0.679024 0.675063 0.191863 -0.215418 633.226703 -1232.937442 58.165955
slice22/query/img_08352_c1_1288793058717026us.jpg 0.679912 0.674145 0.191260 -0.216030 632.311423 -1232.741474 58.175265
slice22/query/img_08353_c1_1288793058850849us.jpg 0.679389 0.674042 0.192110 -0.217237 630.474064 -1232.334995 58.203138
slice22/query/img_08354_c1_1288793058916988us.jpg 0.677770 0.675296 0.192214 -0.218303 629.553442 -1232.127249 58.215603
slice22/query/img_08355_c1_1288793058983727us.jpg 0.675489 0.677172 0.191876 -0.219856 628.635297 -1231.919444 58.226726
slice22/query/img_08356_c1_1288793059050340us.jpg 0.673846 0.678176 0.191543 -0.222083 627.714169 -1231.715596 58.232548
slice22/query/img_08357_c1_1288793059183694us.jpg 0.672335 0.678729 0.192858 -0.223826 625.854776 -1231.320576 58.254769
slice22/query/img_08358_c1_1288793059250304us.jpg 0.672056 0.678586 0.194162 -0.223973 624.934210 -1231.127185 58.275467
slice22/query/img_08359_c1_1288793059383683us.jpg 0.672692 0.677158 0.196237 -0.224575 623.093313 -1230.743912 58.309613
slice22/query/img_08360_c1_1288793059450269us.jpg 0.673343 0.676036 0.197202 -0.225157 622.172711 -1230.558040 58.326197
slice22/query/img_08361_c1_1288793059583619us.jpg 0.673701 0.674628 0.198985 -0.226734 620.324967 -1230.182463 58.352736
slice22/query/img_08362_c1_1288793059650231us.jpg 0.673244 0.674605 0.199490 -0.227715 619.403956 -1229.998215 58.366670
slice22/query/img_08363_c1_1288793059716867us.jpg 0.672810 0.674637 0.200073 -0.228390 618.479805 -1229.814049 58.383033
slice22/query/img_08364_c1_1288793059850196us.jpg 0.672234 0.674842 0.200782 -0.228860 616.627801 -1229.453685 58.412467
slice22/query/img_08365_c1_1288793059916808us.jpg 0.672210 0.674864 0.200714 -0.228924 615.700493 -1229.275139 58.427349
slice22/query/img_08366_c1_1288793059983547us.jpg 0.672328 0.674772 0.200758 -0.228811 614.774317 -1229.098719 58.443157
slice22/query/img_08367_c1_1288793060116776us.jpg 0.672734 0.674579 0.201850 -0.227222 612.915881 -1228.743120 58.482681
slice22/query/img_08368_c1_1288793060183675us.jpg 0.672934 0.674671 0.201857 -0.226345 611.986196 -1228.562888 58.496593
slice22/query/img_08369_c1_1288793060250123us.jpg 0.672988 0.675039 0.201129 -0.225737 611.064547 -1228.387907 58.510053
slice22/query/img_08370_c1_1288793060383494us.jpg 0.673298 0.675568 0.198976 -0.225136 609.216049 -1228.026473 58.531178
slice22/query/img_08371_c1_1288793060450086us.jpg 0.673845 0.675255 0.197846 -0.225432 608.290857 -1227.842865 58.542475
slice22/query/img_08372_c1_1288793060516698us.jpg 0.674247 0.675091 0.197069 -0.225403 607.368186 -1227.658024 58.555501
slice22/query/img_08373_c1_1288793060583437us.jpg 0.674099 0.675580 0.196539 -0.224843 606.445417 -1227.473221 58.571820
slice22/query/img_08374_c1_1288793060716688us.jpg 0.674269 0.676223 0.195332 -0.223450 604.595000 -1227.098071 58.600738
slice22/query/img_08375_c1_1288793060783400us.jpg 0.674684 0.676128 0.194439 -0.223264 603.670274 -1226.905187 58.616571
slice22/query/img_08376_c1_1288793060850011us.jpg 0.675003 0.676100 0.193968 -0.222794 602.748012 -1226.712353 58.636151
slice22/query/img_08377_c1_1288793060983368us.jpg 0.673648 0.677931 0.193885 -0.221395 600.893768 -1226.316002 58.670553
slice22/query/img_08378_c1_1288793061049975us.jpg 0.672936 0.678572 0.193138 -0.222249 599.969186 -1226.115622 58.681120
slice22/query/img_08379_c1_1288793061116588us.jpg 0.672541 0.678713 0.192491 -0.223571 599.047880 -1225.917247 58.693275
slice22/query/img_08380_c1_1288793061250383us.jpg 0.671508 0.679274 0.190890 -0.226327 597.188848 -1225.514827 58.712346
slice22/query/img_08381_c1_1288793061316557us.jpg 0.670769 0.679859 0.190260 -0.227294 596.259534 -1225.315523 58.725816
slice22/query/img_08382_c1_1288793061383290us.jpg 0.669969 0.680462 0.190313 -0.227804 595.329221 -1225.119953 58.747498
slice22/query/img_08383_c1_1288793061449904us.jpg 0.669288 0.680746 0.191021 -0.228362 594.400216 -1224.921588 58.768261
slice22/query/img_08384_c1_1288793061583258us.jpg 0.668711 0.680259 0.192333 -0.230395 592.541214 -1224.527443 58.805673
slice22/query/img_08385_c1_1288793061649867us.jpg 0.668083 0.680483 0.192686 -0.231258 591.609802 -1224.329082 58.823631
slice22/query/img_08386_c1_1288793061716480us.jpg 0.667089 0.681202 0.193069 -0.231688 590.681826 -1224.138752 58.843574
slice22/query/img_08387_c1_1288793061850833us.jpg 0.667035 0.680545 0.194569 -0.232522 588.819661 -1223.757428 58.877846
slice22/query/img_08388_c1_1288793061916442us.jpg 0.667719 0.679527 0.196122 -0.232230 587.891532 -1223.577141 58.900878
slice22/query/img_08389_c1_1288793061983181us.jpg 0.668075 0.678995 0.197087 -0.231945 586.963685 -1223.398854 58.925704
slice22/query/img_08390_c1_1288793062049794us.jpg 0.667499 0.679698 0.197525 -0.231168 586.038175 -1223.221821 58.948985
slice22/query/img_08391_c1_1288793062183146us.jpg 0.666707 0.680452 0.198978 -0.229989 584.185344 -1222.863972 58.993241
slice22/query/img_08392_c1_1288793062249758us.jpg 0.666765 0.680289 0.198502 -0.230713 583.266792 -1222.684412 59.008196
slice22/query/img_08393_c1_1288793062316370us.jpg 0.666757 0.680315 0.197790 -0.231271 582.348078 -1222.509189 59.022432
slice22/query/img_08394_c1_1288793062449744us.jpg 0.667041 0.679994 0.195296 -0.233505 580.514668 -1222.152360 59.051780
slice22/query/img_08395_c1_1288793062516334us.jpg 0.667077 0.680286 0.194674 -0.233069 579.597986 -1221.978156 59.072990
slice22/query/img_08396_c1_1288793062583071us.jpg 0.667071 0.680259 0.195439 -0.232525 578.680144 -1221.804337 59.100098
slice22/query/img_08397_c1_1288793062716302us.jpg 0.668074 0.678846 0.196800 -0.232626 576.845753 -1221.453916 59.147114
slice22/query/img_08398_c1_1288793062783036us.jpg 0.668393 0.678504 0.196892 -0.232632 575.933744 -1221.279387 59.168041
slice22/query/img_08399_c1_1288793062849648us.jpg 0.668123 0.678815 0.196918 -0.232476 575.023196 -1221.107527 59.192092
slice22/query/img_08400_c1_1288793062982998us.jpg 0.666305 0.680676 0.197839 -0.231468 573.198422 -1220.758001 59.233318
slice22/query/img_08401_c1_1288793063049612us.jpg 0.665902 0.680506 0.198551 -0.232516 572.287792 -1220.579882 59.250500
slice22/query/img_08402_c1_1288793063116225us.jpg 0.666634 0.679467 0.199098 -0.232990 571.377968 -1220.408590 59.268979
slice22/query/img_08403_c1_1288793063249577us.jpg 0.664340 0.682188 0.196665 -0.233657 569.559709 -1220.051700 59.294246
slice22/query/img_08404_c1_1288793063316187us.jpg 0.663027 0.683437 0.195577 -0.234646 568.657379 -1219.880428 59.307419
slice22/query/img_08405_c1_1288793063382926us.jpg 0.662811 0.683186 0.195730 -0.235857 567.752806 -1219.703995 59.322884
slice22/query/img_08406_c1_1288793063516157us.jpg 0.662961 0.682509 0.196024 -0.237147 565.938605 -1219.353838 59.360542
slice22/query/img_08407_c1_1288793063582888us.jpg 0.663336 0.682127 0.196131 -0.237109 565.032029 -1219.186633 59.382216
slice22/query/img_08408_c1_1288793063649502us.jpg 0.665038 0.680406 0.196664 -0.236845 564.125957 -1219.023914 59.408171
slice22/query/img_08409_c1_1288793063782877us.jpg 0.668343 0.677503 0.199001 -0.233891 562.305007 -1218.711298 59.466476
slice22/query/img_08410_c1_1288793063849465us.jpg 0.668668 0.677833 0.199707 -0.231394 561.397803 -1218.553995 59.494288
slice22/query/img_08411_c1_1288793063916079us.jpg 0.668634 0.678233 0.200185 -0.229900 560.493750 -1218.392302 59.519739
slice22/query/img_08412_c1_1288793064049451us.jpg 0.668387 0.678094 0.199711 -0.231436 558.682937 -1218.038798 59.544173
slice22/query/img_08413_c1_1288793064116042us.jpg 0.666572 0.679945 0.197787 -0.232887 557.785200 -1217.858893 59.549925
slice22/query/img_08414_c1_1288793064182781us.jpg 0.664654 0.681960 0.195954 -0.234025 556.888816 -1217.678772 59.559234
slice22/query/img_08415_c1_1288793064316032us.jpg 0.663309 0.683321 0.194245 -0.235293 555.091714 -1217.322123 59.588967
slice22/query/img_08416_c1_1288793064382743us.jpg 0.664024 0.682805 0.194666 -0.234426 554.194522 -1217.150277 59.613567
slice22/query/img_08417_c1_1288793064449357us.jpg 0.664960 0.682038 0.195621 -0.233204 553.301001 -1216.983084 59.639923
slice22/query/img_08418_c1_1288793064582725us.jpg 0.666215 0.681313 0.196426 -0.231054 551.509401 -1216.643491 59.691540
slice22/query/img_08419_c1_1288793064649320us.jpg 0.666445 0.681309 0.196464 -0.230373 550.619031 -1216.474321 59.711784
slice22/query/img_08420_c1_1288793064715934us.jpg 0.666282 0.681593 0.196146 -0.230275 549.731739 -1216.298696 59.729283
slice22/query/img_08421_c1_1288793064849307us.jpg 0.665043 0.682627 0.195460 -0.231376 547.951629 -1215.934577 59.758496
slice22/query/img_08422_c1_1288793064915897us.jpg 0.664069 0.683483 0.194471 -0.232477 547.067573 -1215.752000 59.769375
slice22/query/img_08423_c1_1288793064982636us.jpg 0.663162 0.684239 0.193548 -0.233607 546.187780 -1215.573665 59.781629
slice22/query/img_08424_c1_1288793065115865us.jpg 0.662945 0.684125 0.193564 -0.234542 544.415019 -1215.219418 59.819561
slice22/query/img_08425_c1_1288793065182598us.jpg 0.663364 0.683636 0.194265 -0.234204 543.530661 -1215.053347 59.844036
slice22/query/img_08426_c1_1288793065249212us.jpg 0.663795 0.683152 0.194957 -0.233819 542.647410 -1214.886736 59.868935
slice22/query/img_08427_c1_1288793065382566us.jpg 0.664303 0.682625 0.196138 -0.232924 540.876602 -1214.547911 59.905908
slice22/query/img_08428_c1_1288793065449175us.jpg 0.663918 0.682779 0.196749 -0.233056 539.996705 -1214.376224 59.924965
slice22/query/img_08429_c1_1288793065515787us.jpg 0.663343 0.683019 0.196880 -0.233879 539.116785 -1214.200456 59.940777
slice22/query/img_08430_c1_1288793065649160us.jpg 0.662061 0.683550 0.196558 -0.236220 537.358193 -1213.849027 59.962834
slice22/query/img_08431_c1_1288793065715751us.jpg 0.661773 0.683656 0.196182 -0.237030 536.482141 -1213.681468 59.976915
slice22/query/img_08432_c1_1288793065782488us.jpg 0.661684 0.683741 0.195892 -0.237274 535.603097 -1213.515761 59.995882
slice22/query/img_08433_c1_1288793065915732us.jpg 0.662619 0.682783 0.196682 -0.236770 533.844904 -1213.187176 60.036141
slice22/query/img_08434_c1_1288793066049088us.jpg 0.663860 0.681440 0.198422 -0.235707 532.078436 -1212.854680 60.075086
slice22/query/img_08435_c1_1288793066115677us.jpg 0.664047 0.681178 0.198807 -0.235616 531.202530 -1212.693973 60.098557
slice22/query/img_08436_c1_1288793066249033us.jpg 0.663857 0.681278 0.198848 -0.235826 529.440481 -1212.358396 60.133704
slice22/query/img_08437_c1_1288793066315642us.jpg 0.663630 0.681534 0.198764 -0.235794 528.563693 -1212.195035 60.150773
slice22/query/img_08438_c1_1288793066382380us.jpg 0.663600 0.681618 0.198684 -0.235705 527.685060 -1212.029713 60.165595
slice22/query/img_08439_c1_1288793066448994us.jpg 0.663616 0.681623 0.198648 -0.235676 526.813121 -1211.868449 60.181695
slice22/query/img_08440_c1_1288793066582346us.jpg 0.664138 0.681106 0.198558 -0.235774 525.066113 -1211.543231 60.218644
slice22/query/img_08441_c1_1288793066648956us.jpg 0.664414 0.680784 0.198706 -0.235804 524.192331 -1211.380895 60.235073
slice22/query/img_08442_c1_1288793066715570us.jpg 0.664567 0.680717 0.198622 -0.235634 523.318913 -1211.218758 60.252691
slice22/query/img_08443_c1_1288793066848927us.jpg 0.664890 0.680711 0.198421 -0.234911 521.571297 -1210.899617 60.292259
slice22/query/img_08444_c1_1288793066915532us.jpg 0.665087 0.680707 0.198346 -0.234427 520.697690 -1210.741615 60.310837
slice22/query/img_08445_c1_1288793066982271us.jpg 0.665147 0.680747 0.198654 -0.233878 519.822607 -1210.581584 60.329703
slice22/query/img_08446_c1_1288793067048883us.jpg 0.665221 0.680809 0.198557 -0.233572 518.950884 -1210.418931 60.346599
slice22/query/img_08447_c1_1288793067182257us.jpg 0.665185 0.681042 0.198019 -0.233450 517.201839 -1210.082900 60.378020
slice22/query/img_08448_c1_1288793067248852us.jpg 0.665007 0.681385 0.197811 -0.233133 516.330379 -1209.917571 60.393267
slice22/query/img_08449_c1_1288793067382202us.jpg 0.664627 0.682082 0.197734 -0.232243 514.584169 -1209.583362 60.426505
slice22/query/img_08450_c1_1288793067448811us.jpg 0.664619 0.682338 0.197506 -0.231706 513.708950 -1209.415940 60.440202
slice22/query/img_08451_c1_1288793067515424us.jpg 0.664582 0.682621 0.197164 -0.231271 512.838317 -1209.249628 60.453742
slice22/query/img_08452_c1_1288793067648779us.jpg 0.664564 0.682895 0.196780 -0.230839 511.088151 -1208.915129 60.482771
slice22/query/img_08453_c1_1288793067715386us.jpg 0.664902 0.682565 0.196867 -0.230767 510.214504 -1208.742984 60.496506
slice22/query/img_08454_c1_1288793067782124us.jpg 0.664970 0.682706 0.196712 -0.230286 509.340968 -1208.573691 60.508234
slice22/query/img_08455_c1_1288793067915354us.jpg 0.664826 0.683261 0.196500 -0.229235 507.583618 -1208.229201 60.531713
slice22/query/img_08456_c1_1288793067982089us.jpg 0.664870 0.683286 0.196392 -0.229126 506.707926 -1208.056739 60.543381
slice22/query/img_08457_c1_1288793068048701us.jpg 0.665076 0.683156 0.196258 -0.229029 505.832825 -1207.882693 60.553078
slice22/query/img_08458_c1_1288793068115315us.jpg 0.665041 0.683201 0.196141 -0.229096 504.959711 -1207.709148 60.561801
slice22/query/img_08459_c1_1288793068248669us.jpg 0.664274 0.683846 0.196371 -0.229202 503.205188 -1207.355493 60.578521
slice22/query/img_08460_c1_1288793068315279us.jpg 0.663763 0.684344 0.196572 -0.229022 502.329481 -1207.179038 60.589747
slice22/query/img_08461_c1_1288793068382016us.jpg 0.663389 0.684673 0.197003 -0.228751 501.454835 -1207.003509 60.600254
slice22/query/img_08462_c1_1288793068515262us.jpg 0.663577 0.684275 0.198450 -0.228145 499.697837 -1206.651560 60.624694
slice22/query/img_08463_c1_1288793068581979us.jpg 0.663763 0.684036 0.198957 -0.227879 498.813906 -1206.474911 60.631902
slice22/query/img_08464_c1_1288793068648592us.jpg 0.663916 0.683741 0.199416 -0.227918 497.934596 -1206.304832 60.637847
slice22/query/img_08465_c1_1288793068781945us.jpg 0.663542 0.683886 0.199604 -0.228408 496.176787 -1205.948354 60.648727
slice22/query/img_08466_c1_1288793068848554us.jpg 0.663434 0.683895 0.199830 -0.228499 495.294108 -1205.772995 60.652350
slice22/query/img_08467_c1_1288793068915169us.jpg 0.663337 0.683928 0.200497 -0.228095 494.407570 -1205.598271 60.655814
slice22/query/img_08468_c1_1288793069048543us.jpg 0.661746 0.685258 0.202655 -0.226815 492.638854 -1205.243109 60.660600
slice22/query/img_08469_c1_1288793069115134us.jpg 0.660941 0.685969 0.202698 -0.226973 491.754345 -1205.063445 60.656241
slice22/query/img_08470_c1_1288793069181870us.jpg 0.660453 0.686242 0.202444 -0.227796 490.872146 -1204.882342 60.649645
slice22/query/img_08471_c1_1288793069248483us.jpg 0.660454 0.686029 0.202349 -0.228516 489.988064 -1204.705397 60.639446
slice22/query/img_08472_c1_1288793069381840us.jpg 0.660243 0.685775 0.203057 -0.229260 488.216064 -1204.352385 60.637302
