slice22/query/img_07704_c1_1289590310625467us.jpg 0.713115 0.700013 0.024916 -0.028770 731.050045 -1279.266815 57.852720
slice22/query/img_07705_c1_1289590310692079us.jpg 0.713153 0.699880 0.026434 -0.029693 730.397238 -1278.679956 57.851818
slice22/query/img_07706_c1_1289590310825431us.jpg 0.714257 0.698531 0.029899 -0.031581 729.079131 -1277.515899 57.854993
slice22/query/img_07707_c1_1289590310892044us.jpg 0.714898 0.697761 0.031321 -0.032703 728.420574 -1276.938996 57.852801
slice22/query/img_07708_c1_1289590310958658us.jpg 0.714978 0.697556 0.032551 -0.034077 727.759393 -1276.362147 57.851675
slice22/query/img_07709_c1_1289590311092031us.jpg 0.713907 0.698407 0.034099 -0.037424 726.427535 -1275.205485 57.845490
slice22/query/img_07710_c1_1289590311158623us.jpg 0.713165 0.699012 0.034991 -0.039405 725.761134 -1274.631235 57.843649
slice22/query/img_07711_c1_1289590311291978us.jpg 0.711346 0.700509 0.037189 -0.043485 724.411440 -1273.480792 57.844616
slice22/query/img_07712_c1_1289590311358587us.jpg 0.710660 0.701011 0.038362 -0.045539 723.730052 -1272.912974 57.844025
slice22/query/img_07713_c1_1289590311425327us.jpg 0.710310 0.701166 0.039630 -0.047497 723.046722 -1272.346409 57.844560
slice22/query/img_07714_c1_1289590311558553us.jpg 0.710748 0.700284 0.043339 -0.050604 721.657415 -1271.225641 57.843243
slice22/query/img_07715_c1_1289590311625290us.jpg 0.711224 0.699532 0.046236 -0.051746 720.957414 -1270.664361 57.843611
slice22/query/img_07716_c1_1289590311691903us.jpg 0.711674 0.698787 0.049273 -0.052815 720.250042 -1270.111056 57.848065
slice22/query/img_07717_c1_1289590311825255us.jpg 0.712144 0.697719 0.054333 -0.055560 718.825900 -1269.006727 57.847982
slice22/query/img_07718_c1_1289590311891868us.jpg 0.712260 0.697284 0.056403 -0.057441 718.107746 -1268.456840 57.846145
slice22/query/img_07719_c1_1289590311958482us.jpg 0.712433 0.696739 0.058409 -0.059850 717.387068 -1267.905587 57.842928
slice22/query/img_07720_c1_1289590312091837us.jpg 0.712286 0.696150 0.060839 -0.065746 715.938337 -1266.817919 57.834558
slice22/query/img_07721_c1_1289590312158447us.jpg 0.711779 0.696271 0.061982 -0.068816 715.204888 -1266.274679 57.831106
slice22/query/img_07722_c1_1289590312225185us.jpg 0.710924 0.696732 0.063625 -0.071442 714.464785 -1265.732896 57.832502
slice22/query/img_07723_c1_1289590312358429us.jpg 0.709015 0.697782 0.068175 -0.075829 712.962992 -1264.656900 57.840111
slice22/query/img_07724_c1_1289590312425152us.jpg 0.708296 0.698104 0.070351 -0.077582 712.201741 -1264.128374 57.843704
slice22/query/img_07725_c1_1289590312558722us.jpg 0.707936 0.697701 0.074053 -0.080972 710.663207 -1263.083173 57.843370
slice22/query/img_07726_c1_1289590312625116us.jpg 0.708225 0.697002 0.075948 -0.082689 709.886216 -1262.564204 57.841583
slice22/query/img_07727_c1_1289590312691730us.jpg 0.708389 0.696423 0.077752 -0.084471 709.107148 -1262.051165 57.840889
slice22/query/img_07728_c1_1289590312825101us.jpg 0.707779 0.696157 0.081165 -0.088465 707.532322 -1261.027684 57.839441
slice22/query/img_07729_c1_1289590312891693us.jpg 0.706996 0.696503 0.082641 -0.090608 706.741787 -1260.520033 57.840078
slice22/query/img_07730_c1_1289590312958306us.jpg 0.705966 0.697092 0.083954 -0.092875 705.948809 -1260.016592 57.840996
slice22/query/img_07731_c1_1289590313091680us.jpg 0.704359 0.697853 0.087142 -0.096364 704.350061 -1259.020852 57.843431
slice22/query/img_07732_c1_1289590313158271us.jpg 0.704155 0.697642 0.088530 -0.098102 703.545187 -1258.529854 57.844503
slice22/query/img_07733_c1_1289590313225010us.jpg 0.704260 0.697118 0.089822 -0.099878 702.740926 -1258.049177 57.847837
slice22/query/img_07734_c1_1289590313358258us.jpg 0.705127 0.695369 0.093057 -0.102948 701.113550 -1257.089069 57.847616
slice22/query/img_07735_c1_1289590313424974us.jpg 0.705186 0.694852 0.095069 -0.104192 700.292871 -1256.611932 57.851669
slice22/query/img_07736_c1_1289590313491588us.jpg 0.705257 0.694324 0.096795 -0.105634 699.470597 -1256.138211 57.853460
slice22/query/img_07737_c1_1289590313624964us.jpg 0.705191 0.693420 0.100199 -0.108788 697.818309 -1255.199799 57.863234
slice22/query/img_07738_c1_1289590313691552us.jpg 0.705220 0.692969 0.101868 -0.109911 696.980165 -1254.733012 57.867432
slice22/query/img_07739_c1_1289590313758166us.jpg 0.705265 0.692489 0.103507 -0.111111 696.143018 -1254.273900 57.872905
slice22/query/img_07740_c1_1289590313891519us.jpg 0.705415 0.691323 0.106841 -0.114226 694.462677 -1253.360647 57.884563
slice22/query/img_07741_c1_1289590313958131us.jpg 0.705083 0.691120 0.108385 -0.116031 693.618323 -1252.904501 57.889452
slice22/query/img_07742_c1_1289590314024869us.jpg 0.704339 0.691338 0.109738 -0.117963 692.766897 -1252.453973 57.894906
slice22/query/img_07743_c1_1289590314158098us.jpg 0.702159 0.692271 0.112955 -0.122372 691.060122 -1251.559250 57.911730
slice22/query/img_07744_c1_1289590314224833us.jpg 0.701065 0.692731 0.114589 -0.124500 690.197506 -1251.112294 57.916470
slice22/query/img_07745_c1_1289590314291447us.jpg 0.700247 0.692902 0.116101 -0.126736 689.333884 -1250.667010 57.915973
slice22/query/img_07746_c1_1289590314424801us.jpg 0.699871 0.691921 0.119240 -0.131178 687.592843 -1249.783709 57.906007
slice22/query/img_07747_c1_1289590314491412us.jpg 0.699850 0.691197 0.121207 -0.133288 686.714531 -1249.353411 57.903096
slice22/query/img_07748_c1_1289590314558025us.jpg 0.699658 0.690593 0.123279 -0.135510 685.834182 -1248.925449 57.902699
slice22/query/img_07749_c1_1289590314691406us.jpg 0.698906 0.689756 0.127242 -0.139918 684.070166 -1248.091325 57.898070
slice22/query/img_07750_c1_1289590314757989us.jpg 0.698184 0.689675 0.128923 -0.142360 683.182892 -1247.690064 57.904130
slice22/query/img_07751_c1_1289590314824728us.jpg 0.697474 0.689588 0.130589 -0.144727 682.286030 -1247.286945 57.907035
slice22/query/img_07752_c1_1289590314957980us.jpg 0.695754 0.689650 0.134632 -0.148937 680.497743 -1246.502983 57.925605
slice22/query/img_07753_c1_1289590315024692us.jpg 0.695035 0.689583 0.136642 -0.150769 679.583256 -1246.119381 57.929909
slice22/query/img_07754_c1_1289590315091306us.jpg 0.694559 0.689220 0.138582 -0.152832 678.675979 -1245.741316 57.936301
slice22/query/img_07755_c1_1289590315224659us.jpg 0.694078 0.688019 0.142204 -0.157047 676.833782 -1244.986219 57.940994
slice22/query/img_07756_c1_1289590315291272us.jpg 0.693569 0.687657 0.144065 -0.159169 675.912266 -1244.619814 57.948739
slice22/query/img_07757_c1_1289590315357884us.jpg 0.693140 0.687207 0.145947 -0.161256 674.985814 -1244.255085 57.953133
slice22/query/img_07758_c1_1289590315491237us.jpg 0.691652 0.686843 0.149924 -0.165493 673.133360 -1243.529944 57.960044
slice22/query/img_07759_c1_1289590315557849us.jpg 0.690655 0.686871 0.151987 -0.167646 672.197879 -1243.166262 57.959601
slice22/query/img_07760_c1_1289590315624587us.jpg 0.689528 0.687025 0.153848 -0.169938 671.266798 -1242.823946 57.968089
slice22/query/img_07761_c1_1289590315757837us.jpg 0.688167 0.686314 0.157600 -0.174822 669.397260 -1242.157533 57.979145
slice22/query/img_07762_c1_1289590315824552us.jpg 0.687904 0.685667 0.159443 -0.176712 668.443074 -1241.826304 57.979678
slice22/query/img_07763_c1_1289590315891166us.jpg 0.687882 0.684810 0.161082 -0.178622 667.493030 -1241.506956 57.982581
slice22/query/img_07764_c1_1289590316024519us.jpg 0.688174 0.682624 0.165106 -0.182158 665.574434 -1240.884962 57.974239
slice22/query/img_07765_c1_1289590316091130us.jpg 0.687424 0.682422 0.167234 -0.183799 664.605190 -1240.579663 57.990749
slice22/query/img_07766_c1_1289590316224508us.jpg 0.686531 0.680835 0.170517 -0.189902 662.706461 -1239.992053 57.940902
slice22/query/img_07767_c1_1289590316291099us.jpg 0.685020 0.681123 0.171915 -0.193039 661.744009 -1239.692898 57.943621
slice22/query/img_07768_c1_1289590316424449us.jpg 0.682322 0.681768 0.174981 -0.197513 659.761043 -1239.107895 57.959707
slice22/query/img_07769_c1_1289590316491080us.jpg 0.681289 0.681748 0.176738 -0.199570 658.766209 -1238.821408 57.962045
slice22/query/img_07770_c1_1289590316557673us.jpg 0.680599 0.681400 0.178693 -0.201365 657.773910 -1238.546076 57.970009
slice22/query/img_07771_c1_1289590316691030us.jpg 0.680568 0.679459 0.183897 -0.203334 655.781461 -1238.013884 57.990351
slice22/query/img_07772_c1_1289590316757657us.jpg 0.681891 0.677113 0.186803 -0.204074 654.781865 -1237.759925 58.002480
slice22/query/img_07773_c1_1289590316824376us.jpg 0.682264 0.675801 0.189422 -0.204763 653.779491 -1237.512213 58.012970
slice22/query/img_07774_c1_1289590316957609us.jpg 0.681867 0.674803 0.191234 -0.207672 651.764872 -1237.023949 58.016976
slice22/query/img_07775_c1_1289590317024361us.jpg 0.681228 0.674579 0.191851 -0.209916 650.758196 -1236.780804 58.019789
slice22/query/img_07776_c1_1289590317090954us.jpg 0.679732 0.675208 0.192707 -0.211948 649.749825 -1236.542808 58.026284
slice22/query/img_07777_c1_1289590317157568us.jpg 0.677748 0.676474 0.193710 -0.213347 648.737714 -1236.305182 58.034328
slice22/query/img_07778_c1_1289590317290923us.jpg 0.675715 0.677554 0.194291 -0.215828 646.700178 -1235.843216 58.028497
slice22/query/img_07779_c1_1289590317357533us.jpg 0.674954 0.678131 0.194658 -0.216064 645.675750 -1235.612273 58.033549
slice22/query/img_07780_c1_1289590317424271us.jpg 0.675225 0.677734 0.195189 -0.215982 644.644896 -1235.382593 58.039808
slice22/query/img_07781_c1_1289590317624265us.jpg 0.678415 0.674164 0.195357 -0.217008 641.607449 -1234.796756 58.110498
slice22/query/img_07782_c1_1289590317757491us.jpg 0.678695 0.674103 0.193974 -0.217561 639.494746 -1234.370078 58.143854
slice22/query/img_07783_c1_1289590317824201us.jpg 0.677311 0.675424 0.194793 -0.217043 638.484884 -1234.144888 58.156349
slice22/query/img_07784_c1_1289590317890814us.jpg 0.675673 0.676997 0.196161 -0.216011 637.460824 -1233.922357 58.173256
slice22/query/img_07785_c1_1289590318024189us.jpg 0.674088 0.678406 0.197548 -0.215281 635.413385 -1233.485995 58.189294
slice22/query/img_07786_c1_1289590318090779us.jpg 0.674411 0.678073 0.196920 -0.215890 634.387924 -1233.272371 58.193143
slice22/query/img_07787_c1_1289590318224134us.jpg 0.676212 0.676374 0.194476 -0.217794 632.323113 -1232.840274 58.205334
slice22/query/img_07788_c1_1289590318290747us.jpg 0.677027 0.675455 0.194128 -0.218424 631.276744 -1232.618898 58.211293
slice22/query/img_07789_c1_1289590318357358us.jpg 0.677179 0.675061 0.194226 -0.219082 630.227304 -1232.397735 58.225335
slice22/query/img_07790_c1_1289590318424096us.jpg 0.676152 0.675875 0.194371 -0.219616 629.175092 -1232.173239 58.244612
slice22/query/img_07791_c1_1289590318557344us.jpg 0.676621 0.674781 0.192723 -0.222961 627.077781 -1231.729322 58.223449
slice22/query/img_07792_c1_1289590318624060us.jpg 0.674732 0.676375 0.193121 -0.223513 626.011093 -1231.497976 58.247062
slice22/query/img_07793_c1_1289590318690674us.jpg 0.673557 0.677376 0.194123 -0.223156 624.947545 -1231.273919 58.276889
slice22/query/img_07794_c1_1289590318824048us.jpg 0.673090 0.677447 0.195469 -0.223174 622.844876 -1230.827108 58.332552
slice22/query/img_07795_c1_1289590318890644us.jpg 0.673848 0.676417 0.195886 -0.223645 621.784411 -1230.607466 58.347161
slice22/query/img_07796_c1_1289590318957252us.jpg 0.674675 0.675272 0.196490 -0.224080 620.724823 -1230.390859 58.361130
slice22/query/img_07797_c1_1289590319023990us.jpg 0.675176 0.674455 0.196821 -0.224742 619.666785 -1230.183237 58.377921
slice22/query/img_07798_c1_1289590319157238us.jpg 0.674735 0.674034 0.197835 -0.226435 617.549193 -1229.745370 58.412857
slice22/query/img_07799_c1_1289590319223954us.jpg 0.673926 0.674531 0.198075 -0.227151 616.490889 -1229.530308 58.432833
slice22/query/img_07800_c1_1289590319290568us.jpg 0.672816 0.675348 0.198040 -0.228041 615.424843 -1229.310553 58.454720
slice22/query/img_07801_c1_1289590319423924us.jpg 0.671045 0.676452 0.199487 -0.228725 613.280245 -1228.878290 58.490996
slice22/query/img_07802_c1_1289590319490532us.jpg 0.670361 0.676763 0.200682 -0.228769 612.208778 -1228.663573 58.510487
slice22/query/img_07803_c1_1289590319557145us.jpg 0.669877 0.676994 0.201007 -0.229217 611.136578 -1228.453730 58.527192
slice22/query/img_07804_c1_1289590319690521us.jpg 0.670116 0.676397 0.200607 -0.230627 608.982782 -1228.043180 58.548788
slice22/query/img_07805_c1_1289590319757110us.jpg 0.671047 0.675203 0.200586 -0.231435 607.901272 -1227.839584 58.564779
slice22/query/img_07806_c1_1289590319823849us.jpg 0.671942 0.674270 0.200754 -0.231413 606.817278 -1227.633985 58.581132
slice22/query/img_07807_c1_1289590319890462us.jpg 0.672519 0.673913 0.201147 -0.230432 605.732190 -1227.433502 58.604590
slice22/query/img_07808_c1_1289590320023835us.jpg 0.674501 0.672965 0.200187 -0.228236 603.555807 -1227.038749 58.650834
slice22/query/img_07809_c1_1289590320090426us.jpg 0.675304 0.672719 0.199616 -0.227085 602.470400 -1226.835048 58.674185
slice22/query/img_07810_c1_1289590320157041us.jpg 0.675523 0.673060 0.199575 -0.225453 601.381600 -1226.624687 58.698838
slice22/query/img_07811_c1_1289590320290414us.jpg 0.675283 0.674168 0.197483 -0.224700 599.192036 -1226.190822 58.737202
slice22/query/img_07812_c1_1289590320357005us.jpg 0.675002 0.674814 0.195904 -0.224989 598.096663 -1225.967066 58.750777
slice22/query/img_07813_c1_1289590320423744us.jpg 0.674480 0.675762 0.194082 -0.225288 597.004585 -1225.743379 58.767220
slice22/query/img_07814_c1_1289590320556974us.jpg 0.673024 0.678150 0.190417 -0.225594 594.808800 -1225.275992 58.801606
slice22/query/img_07815_c1_1289590320623708us.jpg 0.672373 0.678893 0.189833 -0.225793 593.705963 -1225.041088 58.824386
slice22/query/img_07816_c1_1289590320690322us.jpg 0.671792 0.679428 0.189558 -0.226142 592.605647 -1224.810768 58.849147
slice22/query/img_07817_c1_1289590320823676us.jpg 0.670162 0.680769 0.189523 -0.226976 590.425852 -1224.335653 58.893360
slice22/query/img_07818_c1_1289590320890307us.jpg 0.669512 0.681454 0.189439 -0.226907 589.315837 -1224.103925 58.917893
slice22/query/img_07819_c1_1289590320956899us.jpg 0.669368 0.681415 0.189889 -0.227072 588.200297 -1223.873396 58.947182
slice22/query/img_07820_c1_1289590321090255us.jpg 0.668826 0.680970 0.192016 -0.228213 586.028808 -1223.390231 58.990791
slice22/query/img_07821_c1_1289590321156864us.jpg 0.667114 0.682164 0.193036 -0.228798 584.909800 -1223.146915 59.010928
slice22/query/img_07822_c1_1289590321223602us.jpg 0.665671 0.682977 0.193950 -0.229800 583.787624 -1222.906277 59.028339
slice22/query/img_07823_c1_1289590321356831us.jpg 0.663762 0.683563 0.194105 -0.233421 581.553607 -1222.438865 59.048744
slice22/query/img_07824_c1_1289590321423588us.jpg 0.663358 0.683631 0.193256 -0.235069 580.434395 -1222.212713 59.060604
slice22/query/img_07825_c1_1289590321490180us.jpg 0.663277 0.683600 0.193100 -0.235514 579.321938 -1221.996798 59.082903
slice22/query/img_07826_c1_1289590321623557us.jpg 0.664890 0.681202 0.195941 -0.235568 577.094125 -1221.589543 59.145232
slice22/query/img_07827_c1_1289590321690167us.jpg 0.666976 0.679183 0.196854 -0.234738 575.980476 -1221.384795 59.176858
slice22/query/img_07828_c1_1289590321756759us.jpg 0.667756 0.678326 0.197934 -0.234091 574.866814 -1221.182608 59.209631
slice22/query/img_07829_c1_1289590321890112us.jpg 0.668070 0.678954 0.198251 -0.231086 572.642214 -1220.786277 59.263640
slice22/query/img_07830_c1_1289590321956744us.jpg 0.668371 0.678501 0.198056 -0.231714 571.527076 -1220.571302 59.282744
slice22/query/img_07831_c1_1289590322023462us.jpg 0.667336 0.679637 0.197621 -0.231738 570.416096 -1220.352219 59.299782
slice22/query/img_07832_c1_1289590322090075us.jpg 0.665783 0.681586 0.195551 -0.232236 569.311410 -1220.142158 59.316241
slice22/query/img_07833_c1_1289590322223449us.jpg 0.663761 0.683315 0.193499 -0.234648 567.101559 -1219.709802 59.349261
slice22/query/img_07834_c1_1289590322290062us.jpg 0.663459 0.683658 0.192782 -0.235092 565.991055 -1219.489098 59.370947
slice22/query/img_07835_c1_1289590322356655us.jpg 0.663842 0.683389 0.192657 -0.234897 564.879007 -1219.278028 59.397654
slice22/query/img_07836_c1_1289590322490027us.jpg 0.667648 0.679849 0.194631 -0.232743 562.644452 -1218.867814 59.460698
slice22/query/img_07837_c1_1289590322556642us.jpg 0.668868 0.679438 0.195551 -0.229649 561.522632 -1218.658880 59.492678
slice22/query/img_07838_c1_1289590322623357us.jpg 0.669335 0.679433 0.196017 -0.227901 560.407560 -1218.450953 59.521592
slice22/query/img_07839_c1_1289590322757963us.jpg 0.669675 0.678775 0.196551 -0.228401 558.175920 -1218.004981 59.554456
slice22/query/img_07840_c1_1289590322823323us.jpg 0.668245 0.679961 0.195669 -0.229815 557.061045 -1217.772666 59.564904
slice22/query/img_07841_c1_1289590322889934us.jpg 0.666621 0.681362 0.194046 -0.231751 555.944496 -1217.540016 59.570315
slice22/query/img_07842_c1_1289590322956548us.jpg 0.665098 0.682587 0.192629 -0.233695 554.831361 -1217.304521 59.578986
slice22/query/img_07843_c1_1289590323089903us.jpg 0.663309 0.683873 0.192691 -0.234968 552.596431 -1216.857359 59.630201
slice22/query/img_07844_c1_1289590323156514us.jpg 0.663707 0.683528 0.193499 -0.234181 551.472569 -1216.636547 59.657343
slice22/query/img_07845_c1_1289590323223252us.jpg 0.664307 0.683033 0.194426 -0.233152 550.350247 -1216.420452 59.686272
slice22/query/img_07846_c1_1289590323289865us.jpg 0.665138 0.682274 0.195347 -0.232235 549.229938 -1216.205087 59.713585
slice22/query/img_07847_c1_1289590323423219us.jpg 0.665989 0.681197 0.195958 -0.232445 546.997686 -1215.765662 59.761151
slice22/query/img_07848_c1_1289590323489830us.jpg 0.665927 0.681192 0.195108 -0.233348 545.880246 -1215.548384 59.779415
slice22/query/img_07849_c1_1289590323556443us.jpg 0.665551 0.681387 0.194475 -0.234379 544.765608 -1215.331405 59.801025
slice22/query/img_07850_c1_1289590323689817us.jpg 0.664276 0.682273 0.194141 -0.235690 542.545365 -1214.894530 59.848433
slice22/query/img_07851_c1_1289590323756406us.jpg 0.664075 0.682603 0.194406 -0.235083 541.418259 -1214.667328 59.868736
slice22/query/img_07852_c1_1289590323823145us.jpg 0.663593 0.683054 0.195027 -0.234619 540.299859 -1214.449868 59.896083
slice22/query/img_07853_c1_1289590323889759us.jpg 0.663321 0.683293 0.195644 -0.234175 539.181870 -1214.239847 59.926788
slice22/query/img_07854_c1_1289590324023132us.jpg 0.664174 0.682138 0.196321 -0.234562 536.931170 -1213.801282 59.971208
slice22/query/img_07855_c1_1289590324089727us.jpg 0.664539 0.681692 0.196203 -0.234922 535.806311 -1213.582940 59.991767
slice22/query/img_07856_c1_1289590324156336us.jpg 0.664703 0.681587 0.195632 -0.235241 534.687302 -1213.367048 60.010720
slice22/query/img_07857_c1_1289590324223075us.jpg 0.664588 0.681707 0.195574 -0.235266 533.567870 -1213.156683 60.038674
slice22/query/img_07858_c1_1289590324356302us.jpg 0.664795 0.681379 0.196536 -0.234828 531.326407 -1212.733384 60.093076
slice22/query/img_07859_c1_1289590324423039us.jpg 0.664992 0.681110 0.196912 -0.234733 530.202457 -1212.513992 60.115260
slice22/query/img_07860_c1_1289590324489653us.jpg 0.665124 0.680916 0.197405 -0.234508 529.078261 -1212.293572 60.135572
slice22/query/img_07861_c1_1289590324556267us.jpg 0.665089 0.680982 0.197575 -0.234274 527.956059 -1212.077962 60.154449
slice22/query/img_07862_c1_1289590324689647us.jpg 0.665348 0.680798 0.197592 -0.234061 525.710874 -1211.651794 60.200168
slice22/query/img_07863_c1_1289590324756231us.jpg 0.665774 0.680316 0.197747 -0.234119 524.589269 -1211.439310 60.219916
slice22/query/img_07864_c1_1289590324822970us.jpg 0.666113 0.679921 0.197722 -0.234323 523.470291 -1211.219836 60.235952
slice22/query/img_07865_c1_1289590324889583us.jpg 0.666102 0.679877 0.197690 -0.234509 522.353379 -1211.002132 60.253852
slice22/query/img_07866_c1_1289590325022936us.jpg 0.666068 0.679976 0.197802 -0.234225 520.106075 -1210.566934 60.298658
slice22/query/img_07867_c1_1289590325089547us.jpg 0.665994 0.680103 0.198024 -0.233875 518.988207 -1210.349438 60.321447
slice22/query/img_07868_c1_1289590325156162us.jpg 0.666015 0.680092 0.198374 -0.233552 517.869756 -1210.137026 60.341871
slice22/query/img_07869_c1_1289590325289519us.jpg 0.665874 0.680236 0.198694 -0.233263 515.620042 -1209.708349 60.383746
slice22/query/img_07870_c1_1289590325356135us.jpg 0.665763 0.680358 0.198720 -0.233202 514.501823 -1209.488215 60.393667
slice22/query/img_07871_c1_1289590325489498us.jpg 0.665121 0.681015 0.198801 -0.233047 512.265540 -1209.048958 60.430625
slice22/query/img_07872_c1_1289590325556091us.jpg 0.664962 0.681118 0.198942 -0.233080 511.153602 -1208.830409 60.448177
slice22/query/img_07873_c1_1289590325756056us.jpg 0.664588 0.681646 0.199382 -0.232226 507.807661 -1208.226313 60.542481
slice22/query/img_07874_c1_1289590325889412us.jpg 0.664338 0.681909 0.199859 -0.231759 505.571941 -1207.792088 60.586951
slice22/query/img_07875_c1_1289590325956042us.jpg 0.664576 0.681560 0.200202 -0.231807 504.455612 -1207.573392 60.592772
slice22/query/img_07876_c1_1289590326022759us.jpg 0.664429 0.681614 0.200646 -0.231682 503.333447 -1207.350046 60.604925
slice22/query/img_07877_c1_1289590326089372us.jpg 0.664104 0.681912 0.200841 -0.231572 502.213020 -1207.134089 60.616431
slice22/query/img_07878_c1_1289590326222726us.jpg 0.663195 0.682870 0.201589 -0.230703 499.969974 -1206.717096 60.651308
slice22/query/img_07879_c1_1289590326355974us.jpg 0.663146 0.682771 0.202787 -0.230082 497.699356 -1206.280088 60.674296
slice22/query/img_07880_c1_1289590326422688us.jpg 0.663171 0.682560 0.203251 -0.230228 496.583275 -1206.066666 60.682653
slice22/query/img_07881_c1_1289590326489301us.jpg 0.663264 0.682516 0.203249 -0.230093 495.456258 -1205.854464 60.689411
slice22/query/img_07882_c1_1289590326622671us.jpg 0.662274 0.683253 0.204127 -0.229979 493.217272 -1205.427321 60.691467
slice22/query/img_07883_c1_1289590326689289us.jpg 0.660699 0.684636 0.204617 -0.229962 492.091238 -1205.209649 60.704118
slice22/query/img_07884_c1_1289590326755879us.jpg 0.659691 0.685743 0.204292 -0.229846 490.960964 -1205.002108 60.708256
slice22/query/img_07885_c1_1289590326822617us.jpg 0.659101 0.686181 0.204314 -0.230211 489.827302 -1204.788622 60.702593
