slice22/query/img_07365_c1_1290445319145154us.jpg 0.710769 0.702576 0.019310 -0.028668 731.844085 -1279.852753 57.896668
slice22/query/img_07366_c1_1290445319278528us.jpg 0.710884 0.702244 0.023435 -0.030789 730.436718 -1278.563387 57.892809
slice22/query/img_07367_c1_1290445319345116us.jpg 0.711191 0.701820 0.025630 -0.031604 729.724025 -1277.939735 57.896311
slice22/query/img_07368_c1_1290445319411853us.jpg 0.711944 0.700939 0.027802 -0.032382 729.007604 -1277.313782 57.897158
slice22/query/img_07369_c1_1290445319545104us.jpg 0.712684 0.699890 0.031944 -0.034855 727.591164 -1276.063948 57.888917
slice22/query/img_07370_c1_1290445319611817us.jpg 0.712107 0.700317 0.033332 -0.036725 726.876878 -1275.439774 57.883062
slice22/query/img_07371_c1_1290445319678429us.jpg 0.711309 0.700944 0.034490 -0.039074 726.159710 -1274.818559 57.877843
slice22/query/img_07372_c1_1290445319745041us.jpg 0.710265 0.701802 0.035444 -0.041721 725.439733 -1274.196719 57.870844
slice22/query/img_07373_c1_1290445319811780us.jpg 0.709101 0.702757 0.036645 -0.044335 724.711191 -1273.586960 57.869879
slice22/query/img_07374_c1_1290445319945032us.jpg 0.707885 0.703550 0.039505 -0.048537 723.222497 -1272.371948 57.868474
slice22/query/img_07375_c1_1290445320011742us.jpg 0.708071 0.703157 0.041020 -0.050233 722.476410 -1271.771454 57.866373
slice22/query/img_07376_c1_1290445320078354us.jpg 0.708607 0.702408 0.043234 -0.051295 721.722461 -1271.172196 57.866191
slice22/query/img_07377_c1_1290445320211726us.jpg 0.710206 0.700288 0.049561 -0.052419 720.199532 -1269.980568 57.875578
slice22/query/img_07378_c1_1290445320278317us.jpg 0.710853 0.699364 0.052584 -0.053031 719.428907 -1269.381968 57.874082
slice22/query/img_07379_c1_1290445320344929us.jpg 0.711345 0.698605 0.054797 -0.054200 718.656648 -1268.794631 57.871465
slice22/query/img_07380_c1_1290445320411666us.jpg 0.711481 0.698187 0.056537 -0.055979 717.884335 -1268.211023 57.865035
slice22/query/img_07381_c1_1290445320544923us.jpg 0.711200 0.697854 0.058800 -0.061128 716.330611 -1267.051307 57.855720
slice22/query/img_07382_c1_1290445320611628us.jpg 0.710624 0.698114 0.059391 -0.064211 715.542822 -1266.471070 57.850181
slice22/query/img_07383_c1_1290445320678240us.jpg 0.709758 0.698633 0.060164 -0.067350 714.752847 -1265.892847 57.848318
slice22/query/img_07384_c1_1290445320811591us.jpg 0.708258 0.699392 0.063630 -0.071922 713.149695 -1264.755104 57.859386
slice22/query/img_07385_c1_1290445320944823us.jpg 0.707075 0.699882 0.067973 -0.074762 711.562805 -1263.639377 57.873901
slice22/query/img_07386_c1_1290445321011553us.jpg 0.706850 0.699768 0.069711 -0.076339 710.751252 -1263.080958 57.870123
slice22/query/img_07387_c1_1290445321078186us.jpg 0.706861 0.699379 0.071594 -0.078045 709.936004 -1262.524036 57.867668
slice22/query/img_07388_c1_1290445321144780us.jpg 0.706867 0.698982 0.073259 -0.079983 709.115626 -1261.969691 57.862830
slice22/query/img_07389_c1_1290445321278128us.jpg 0.706271 0.698668 0.076223 -0.085058 707.468650 -1260.864225 57.852273
slice22/query/img_07390_c1_1290445321344740us.jpg 0.705383 0.699083 0.077731 -0.087605 706.640105 -1260.314124 57.850906
slice22/query/img_07391_c1_1290445321479137us.jpg 0.703883 0.699685 0.081208 -0.091622 704.958053 -1259.230384 57.845863
slice22/query/img_07392_c1_1290445321544800us.jpg 0.703359 0.699723 0.083189 -0.093559 704.114925 -1258.695655 57.846069
slice22/query/img_07393_c1_1290445321611441us.jpg 0.703214 0.699406 0.084928 -0.095440 703.264872 -1258.167738 57.844240
slice22/query/img_07394_c1_1290445321678054us.jpg 0.703403 0.698737 0.086581 -0.097440 702.410312 -1257.648969 57.843076
slice22/query/img_07395_c1_1290445321811408us.jpg 0.703979 0.697030 0.091306 -0.101123 700.685560 -1256.610700 57.846084
slice22/query/img_07396_c1_1290445321878021us.jpg 0.703975 0.696443 0.093503 -0.103168 699.821687 -1256.105973 57.850324
slice22/query/img_07397_c1_1290445321944628us.jpg 0.703768 0.696056 0.095491 -0.105345 698.952334 -1255.599326 57.850521
slice22/query/img_07398_c1_1290445322011365us.jpg 0.703479 0.695771 0.097538 -0.107267 698.080096 -1255.102134 57.856625
slice22/query/img_07399_c1_1290445322077978us.jpg 0.703275 0.695412 0.099701 -0.108935 697.196359 -1254.598973 57.858463
slice22/query/img_07400_c1_1290445322211351us.jpg 0.703452 0.694062 0.104344 -0.112011 695.423437 -1253.614530 57.856786
slice22/query/img_07401_c1_1290445322277942us.jpg 0.703247 0.693648 0.106373 -0.113936 694.516704 -1253.122881 57.855406
slice22/query/img_07402_c1_1290445322344554us.jpg 0.702641 0.693672 0.108006 -0.115974 693.606486 -1252.639683 57.857783
slice22/query/img_07403_c1_1290445322477926us.jpg 0.701501 0.693224 0.109971 -0.123465 691.809618 -1251.692985 57.866569
slice22/query/img_07404_c1_1290445322544516us.jpg 0.700245 0.693728 0.112167 -0.125766 690.911120 -1251.221420 57.869888
slice22/query/img_07405_c1_1290445322611253us.jpg 0.699134 0.694123 0.113985 -0.128113 690.002680 -1250.756677 57.872794
slice22/query/img_07406_c1_1290445322677864us.jpg 0.698543 0.693883 0.116309 -0.130523 689.088666 -1250.292996 57.872513
slice22/query/img_07407_c1_1290445322812510us.jpg 0.698696 0.692085 0.120815 -0.135076 687.245526 -1249.380865 57.863013
slice22/query/img_07408_c1_1290445322877831us.jpg 0.698837 0.691111 0.122967 -0.137375 686.317244 -1248.932472 57.859104
slice22/query/img_07409_c1_1290445322944440us.jpg 0.698725 0.690403 0.125460 -0.139236 685.381949 -1248.488629 57.859398
slice22/query/img_07410_c1_1290445323011178us.jpg 0.698349 0.689885 0.127822 -0.141522 684.440829 -1248.047211 57.858321
slice22/query/img_07411_c1_1290445323077790us.jpg 0.697629 0.689745 0.130040 -0.143722 683.499574 -1247.630533 57.864833
slice22/query/img_07412_c1_1290445323211163us.jpg 0.695940 0.689638 0.134493 -0.148253 681.586626 -1246.787820 57.905071
slice22/query/img_07413_c1_1290445323277754us.jpg 0.694859 0.689779 0.137162 -0.150204 680.626203 -1246.364715 57.905639
slice22/query/img_07414_c1_1290445323344365us.jpg 0.694089 0.689693 0.139381 -0.152109 679.666626 -1245.958757 57.905350
slice22/query/img_07415_c1_1290445323477742us.jpg 0.693290 0.688619 0.143854 -0.156394 677.759629 -1245.212774 57.925541
slice22/query/img_07416_c1_1290445323544329us.jpg 0.693106 0.687987 0.146044 -0.157953 676.771643 -1244.834126 57.933270
slice22/query/img_07417_c1_1290445323611065us.jpg 0.692536 0.687698 0.147932 -0.159942 675.785138 -1244.461435 57.942729
slice22/query/img_07418_c1_1290445323677676us.jpg 0.692037 0.687283 0.149723 -0.162204 674.785070 -1244.084397 57.948398
slice22/query/img_07419_c1_1290445323744289us.jpg 0.691181 0.687254 0.151237 -0.164553 673.775655 -1243.705157 57.954353
slice22/query/img_07420_c1_1290445323877642us.jpg 0.689448 0.686653 0.155937 -0.169861 671.853917 -1243.041688 57.963011
slice22/query/img_07421_c1_1290445323944252us.jpg 0.688563 0.686562 0.157697 -0.172182 670.863585 -1242.699186 57.968038
slice22/query/img_07422_c1_1290445324010989us.jpg 0.687775 0.686383 0.159450 -0.174410 669.879903 -1242.364597 57.971831
slice22/query/img_07423_c1_1290445324077602us.jpg 0.687527 0.685770 0.160869 -0.176484 668.882542 -1242.027936 57.968120
slice22/query/img_07424_c1_1290445324210974us.jpg 0.687813 0.683813 0.164145 -0.179915 666.896414 -1241.393398 57.976854
slice22/query/img_07425_c1_1290445324344178us.jpg 0.688196 0.681973 0.168722 -0.181194 664.910548 -1240.789965 58.019656
slice22/query/img_07426_c1_1290445324477549us.jpg 0.687293 0.681538 0.173639 -0.181614 662.899230 -1240.187845 58.041652
slice22/query/img_07427_c1_1290445324544139us.jpg 0.685806 0.682171 0.174370 -0.184144 661.890954 -1239.877445 58.037784
slice22/query/img_07428_c1_1290445324610878us.jpg 0.684201 0.682891 0.174419 -0.187369 660.888889 -1239.574649 58.030519
slice22/query/img_07429_c1_1290445324677489us.jpg 0.682644 0.683639 0.174852 -0.189898 659.872108 -1239.276885 58.028656
slice22/query/img_07430_c1_1290445324810844us.jpg 0.680894 0.683880 0.177302 -0.193018 657.846557 -1238.728923 58.031949
slice22/query/img_07431_c1_1290445324877451us.jpg 0.680425 0.683588 0.179030 -0.194106 656.818045 -1238.445957 58.037794
slice22/query/img_07432_c1_1290445324944063us.jpg 0.680420 0.682720 0.181199 -0.195165 655.787042 -1238.174173 58.050385
slice22/query/img_07433_c1_1290445325010801us.jpg 0.681742 0.680564 0.183855 -0.195596 654.750902 -1237.913372 58.064917
slice22/query/img_07434_c1_1290445325144056us.jpg 0.682199 0.678640 0.188088 -0.196658 652.692269 -1237.391195 58.090051
slice22/query/img_07435_c1_1290445325210765us.jpg 0.681823 0.678172 0.188819 -0.198868 651.662145 -1237.130514 58.088924
slice22/query/img_07436_c1_1290445325277377us.jpg 0.680769 0.678245 0.189569 -0.201496 650.623545 -1236.868925 58.088884
slice22/query/img_07437_c1_1290445325343988us.jpg 0.678778 0.679252 0.190459 -0.203966 649.577707 -1236.612987 58.089941
slice22/query/img_07438_c1_1290445325477362us.jpg 0.675567 0.680209 0.190047 -0.211675 647.518453 -1236.159286 58.082933
slice22/query/img_07439_c1_1290445325543953us.jpg 0.673726 0.681329 0.190806 -0.213253 646.447767 -1235.908322 58.093070
slice22/query/img_07440_c1_1290445325610689us.jpg 0.672576 0.682087 0.191289 -0.214026 645.375744 -1235.662495 58.103506
slice22/query/img_07441_c1_1290445325677301us.jpg 0.672488 0.681733 0.192169 -0.214640 644.301736 -1235.422697 58.115079
slice22/query/img_07442_c1_1290445325810708us.jpg 0.675229 0.678154 0.194443 -0.215328 642.188186 -1234.976758 58.141690
slice22/query/img_07443_c1_1290445325877268us.jpg 0.676738 0.676416 0.194589 -0.215924 641.121214 -1234.758838 58.152574
slice22/query/img_07444_c1_1290445325943877us.jpg 0.677418 0.675641 0.194614 -0.216195 640.051376 -1234.534895 58.160413
slice22/query/img_07445_c1_1290445326010614us.jpg 0.676872 0.676153 0.195102 -0.215861 638.986318 -1234.304325 58.177453
slice22/query/img_07446_c1_1290445326077227us.jpg 0.675856 0.677131 0.196587 -0.214629 637.911100 -1234.081594 58.199951
slice22/query/img_07447_c1_1290445326210601us.jpg 0.673903 0.678813 0.198630 -0.213573 635.774818 -1233.618712 58.222150
slice22/query/img_07448_c1_1290445326277191us.jpg 0.673936 0.678864 0.198383 -0.213537 634.707399 -1233.402627 58.228809
slice22/query/img_07449_c1_1290445326410540us.jpg 0.675604 0.677747 0.195295 -0.214657 632.555983 -1232.966774 58.249591
slice22/query/img_07450_c1_1290445326477151us.jpg 0.676603 0.676985 0.194389 -0.214739 631.483768 -1232.756804 58.263640
slice22/query/img_07451_c1_1290445326610525us.jpg 0.677091 0.676802 0.193304 -0.214756 629.309624 -1232.321182 58.303539
slice22/query/img_07452_c1_1290445326677115us.jpg 0.675944 0.678147 0.192803 -0.214576 628.205761 -1232.089302 58.319572
slice22/query/img_07453_c1_1290445326743726us.jpg 0.674728 0.679401 0.192390 -0.214806 627.099475 -1231.861459 58.337946
slice22/query/img_07454_c1_1290445326810472us.jpg 0.673929 0.680012 0.192499 -0.215285 625.992406 -1231.651646 58.353849
slice22/query/img_07455_c1_1290445326944432us.jpg 0.673955 0.680084 0.193253 -0.214299 623.819819 -1231.185340 58.375761
slice22/query/img_07456_c1_1290445327010449us.jpg 0.674048 0.680139 0.193199 -0.213877 622.740533 -1230.955176 58.387651
slice22/query/img_07457_c1_1290445327077038us.jpg 0.674563 0.679644 0.193040 -0.213974 621.658684 -1230.722655 58.397435
slice22/query/img_07458_c1_1290445327143650us.jpg 0.674975 0.679089 0.193033 -0.214441 620.575459 -1230.485420 58.408349
slice22/query/img_07459_c1_1290445327210388us.jpg 0.675468 0.678489 0.192580 -0.215192 619.487218 -1230.252460 58.415449
slice22/query/img_07460_c1_1290445327343637us.jpg 0.675021 0.678430 0.192808 -0.216574 617.321093 -1229.784140 58.446414
slice22/query/img_07461_c1_1290445327410351us.jpg 0.674197 0.679014 0.192917 -0.217211 616.215579 -1229.539943 58.456143
slice22/query/img_07462_c1_1290445327476963us.jpg 0.672872 0.679969 0.192782 -0.218453 615.115325 -1229.297049 58.464728
slice22/query/img_07463_c1_1290445327543576us.jpg 0.671587 0.680818 0.193148 -0.219433 614.007165 -1229.061258 58.477509
slice22/query/img_07464_c1_1290445327676949us.jpg 0.671318 0.679823 0.194917 -0.221766 611.817499 -1228.635795 58.498623
slice22/query/img_07465_c1_1290445327743541us.jpg 0.670533 0.680283 0.195268 -0.222421 610.720645 -1228.406029 58.511877
slice22/query/img_07466_c1_1290445327810275us.jpg 0.669953 0.680434 0.195559 -0.223450 609.618666 -1228.171551 58.521148
slice22/query/img_07467_c1_1290445327876888us.jpg 0.670087 0.679847 0.195705 -0.224701 608.518742 -1227.947322 58.533825
slice22/query/img_07468_c1_1290445327943501us.jpg 0.670884 0.678565 0.196108 -0.225845 607.414148 -1227.725073 58.547481
slice22/query/img_07469_c1_1290445328076853us.jpg 0.671924 0.676864 0.197544 -0.226607 605.216046 -1227.303681 58.590325
slice22/query/img_07470_c1_1290445328143464us.jpg 0.672408 0.676279 0.197735 -0.226749 604.105302 -1227.090671 58.610763
slice22/query/img_07471_c1_1290445328210200us.jpg 0.672788 0.675827 0.197710 -0.226992 602.992680 -1226.879451 58.633919
slice22/query/img_07472_c1_1290445328276812us.jpg 0.672754 0.675899 0.198121 -0.226518 601.865494 -1226.665266 58.658888
slice22/query/img_07473_c1_1290445328411005us.jpg 0.672091 0.676551 0.198314 -0.226371 599.636847 -1226.235046 58.702283
slice22/query/img_07474_c1_1290445328476784us.jpg 0.672015 0.676420 0.197993 -0.227268 598.519816 -1226.010239 58.718784
slice22/query/img_07475_c1_1290445328543388us.jpg 0.672110 0.676335 0.197282 -0.227857 597.398252 -1225.790810 58.736487
slice22/query/img_07476_c1_1290445328610125us.jpg 0.671764 0.676793 0.196179 -0.228470 596.277928 -1225.572100 58.755515
slice22/query/img_07477_c1_1290445328676739us.jpg 0.671117 0.677511 0.195316 -0.228982 595.154990 -1225.349073 58.776280
slice22/query/img_07478_c1_1290445328810111us.jpg 0.670665 0.677600 0.195325 -0.230030 592.913796 -1224.906860 58.821719
slice22/query/img_07479_c1_1290445328876700us.jpg 0.670420 0.677679 0.195472 -0.230389 591.784400 -1224.679963 58.845696
slice22/query/img_07480_c1_1290445328943314us.jpg 0.669819 0.678255 0.195802 -0.230161 590.651776 -1224.447833 58.870511
slice22/query/img_07481_c1_1290445329010051us.jpg 0.669352 0.678752 0.195681 -0.230156 589.524384 -1224.224660 58.897594
slice22/query/img_07482_c1_1290445329143278us.jpg 0.670760 0.677353 0.196992 -0.229060 587.256634 -1223.789626 58.950641
slice22/query/img_07483_c1_1290445329210041us.jpg 0.670789 0.677680 0.196826 -0.228146 586.120564 -1223.570195 58.978601
slice22/query/img_07484_c1_1290445329276625us.jpg 0.670044 0.678678 0.197019 -0.227203 584.978061 -1223.344444 59.001519
slice22/query/img_07485_c1_1290445329343237us.jpg 0.669657 0.679156 0.197108 -0.226837 583.842048 -1223.126575 59.024052
slice22/query/img_07486_c1_1290445329409975us.jpg 0.669404 0.679400 0.196360 -0.227499 582.703333 -1222.900306 59.038071
slice22/query/img_07487_c1_1290445329543201us.jpg 0.669199 0.679954 0.193662 -0.228758 580.460622 -1222.452665 59.084338
slice22/query/img_07488_c1_1290445329609938us.jpg 0.668842 0.680623 0.192386 -0.228888 579.323693 -1222.218467 59.104832
slice22/query/img_07489_c1_1290445329676550us.jpg 0.668559 0.680889 0.192434 -0.228884 578.184920 -1221.987347 59.132804
slice22/query/img_07490_c1_1290445329743163us.jpg 0.668968 0.680251 0.193082 -0.229041 577.046176 -1221.754897 59.158377
slice22/query/img_07491_c1_1290445329876535us.jpg 0.669920 0.679512 0.194012 -0.227661 574.775230 -1221.289325 59.216470
slice22/query/img_07492_c1_1290445329943125us.jpg 0.669087 0.680384 0.194760 -0.226866 573.630122 -1221.054973 59.240494
slice22/query/img_07493_c1_1290445330009863us.jpg 0.668563 0.681174 0.194200 -0.226521 572.489719 -1220.814141 59.258557
slice22/query/img_07494_c1_1290445330076475us.jpg 0.668198 0.680930 0.194488 -0.228079 571.349627 -1220.575097 59.275296
slice22/query/img_07495_c1_1290445330209827us.jpg 0.665663 0.683175 0.192802 -0.230201 569.077250 -1220.105451 59.293781
slice22/query/img_07496_c1_1290445330276439us.jpg 0.664242 0.683898 0.192968 -0.232010 567.932076 -1219.866109 59.306248
slice22/query/img_07497_c1_1290445330343050us.jpg 0.663795 0.683818 0.192786 -0.233670 566.783960 -1219.628825 59.321158
slice22/query/img_07498_c1_1290445330409788us.jpg 0.663696 0.683715 0.192641 -0.234373 565.635939 -1219.394477 59.339980
slice22/query/img_07499_c1_1290445330476400us.jpg 0.664319 0.682777 0.193400 -0.234716 564.494040 -1219.173046 59.369000
slice22/query/img_07500_c1_1290445330609773us.jpg 0.667834 0.679504 0.195726 -0.232299 562.180573 -1218.763694 59.452511
slice22/query/img_07501_c1_1290445330676362us.jpg 0.668217 0.679520 0.197374 -0.229743 561.032529 -1218.566517 59.495725
slice22/query/img_07502_c1_1290445330742976us.jpg 0.669195 0.678903 0.198009 -0.228168 559.873024 -1218.351956 59.525833
slice22/query/img_07503_c1_1290445330876347us.jpg 0.670237 0.678279 0.197187 -0.227678 557.565541 -1217.917871 59.571533
slice22/query/img_07504_c1_1290445330942941us.jpg 0.669517 0.679205 0.195672 -0.228340 556.411727 -1217.690555 59.583866
slice22/query/img_07505_c1_1290445331009677us.jpg 0.668474 0.680332 0.193974 -0.229488 555.257040 -1217.455756 59.595991
slice22/query/img_07506_c1_1290445331076288us.jpg 0.667397 0.681462 0.192562 -0.230459 554.098885 -1217.219963 59.613353
slice22/query/img_07507_c1_1290445331209641us.jpg 0.666269 0.682771 0.192017 -0.230304 551.800653 -1216.746035 59.665012
slice22/query/img_07508_c1_1290445331276254us.jpg 0.666216 0.683036 0.192102 -0.229596 550.645295 -1216.511103 59.690279
slice22/query/img_07509_c1_1290445331342863us.jpg 0.666478 0.682992 0.192427 -0.228693 549.489855 -1216.276698 59.713033
slice22/query/img_07510_c1_1290445331409601us.jpg 0.666624 0.682835 0.192928 -0.228314 548.336867 -1216.039177 59.736997
slice22/query/img_07511_c1_1290445331542827us.jpg 0.666929 0.682374 0.192458 -0.229198 546.039558 -1215.569926 59.778159
slice22/query/img_07512_c1_1290445331609582us.jpg 0.666752 0.682384 0.191934 -0.230120 544.893598 -1215.339863 59.799009
slice22/query/img_07513_c1_1290445331676175us.jpg 0.666203 0.682652 0.191949 -0.230901 543.742493 -1215.106828 59.821740
slice22/query/img_07514_c1_1290445331742787us.jpg 0.665373 0.683105 0.192046 -0.231871 542.591375 -1214.868839 59.845292
slice22/query/img_07515_c1_1290445331876139us.jpg 0.663744 0.684132 0.193130 -0.232611 540.293992 -1214.419020 59.900788
slice22/query/img_07516_c1_1290445331942755us.jpg 0.663144 0.684503 0.193996 -0.232511 539.137155 -1214.200110 59.930153
slice22/query/img_07517_c1_1290445332009488us.jpg 0.662814 0.684388 0.194796 -0.233121 537.979361 -1213.977224 59.957716
slice22/query/img_07518_c1_1290445332142735us.jpg 0.662902 0.683351 0.195827 -0.235041 535.685304 -1213.534507 60.013559
slice22/query/img_07519_c1_1290445332209449us.jpg 0.663045 0.683002 0.196060 -0.235458 534.529578 -1213.319178 60.037021
slice22/query/img_07520_c1_1290445332276062us.jpg 0.663093 0.682702 0.196592 -0.235749 533.371164 -1213.101697 60.058652
slice22/query/img_07521_c1_1290445332342675us.jpg 0.663246 0.682394 0.197153 -0.235741 532.212493 -1212.887755 60.081869
slice22/query/img_07522_c1_1290445332476055us.jpg 0.664366 0.681049 0.198812 -0.235082 529.891317 -1212.457170 60.125400
slice22/query/img_07523_c1_1290445332542661us.jpg 0.664718 0.680688 0.199246 -0.234766 528.735600 -1212.243706 60.148497
slice22/query/img_07524_c1_1290445332609375us.jpg 0.665011 0.680495 0.199377 -0.234384 527.569005 -1212.031983 60.172237
slice22/query/img_07525_c1_1290445332676009us.jpg 0.665380 0.680248 0.199581 -0.233880 526.409211 -1211.819393 60.192788
slice22/query/img_07526_c1_1290445332742600us.jpg 0.665810 0.679817 0.199511 -0.233969 525.251202 -1211.606855 60.214375
slice22/query/img_07527_c1_1290445332875972us.jpg 0.666500 0.679287 0.199130 -0.233867 522.924481 -1211.192259 60.266946
slice22/query/img_07528_c1_1290445332942563us.jpg 0.666496 0.679481 0.198694 -0.233688 521.763531 -1210.976598 60.291605
slice22/query/img_07529_c1_1290445333009299us.jpg 0.666439 0.679732 0.198278 -0.233470 520.596479 -1210.752903 60.310554
slice22/query/img_07530_c1_1290445333075913us.jpg 0.666507 0.679922 0.198291 -0.232711 519.435887 -1210.535673 60.330983
slice22/query/img_07531_c1_1290445333142525us.jpg 0.666549 0.680063 0.198151 -0.232299 518.275895 -1210.315825 60.353469
slice22/query/img_07532_c1_1290445333275881us.jpg 0.667092 0.679910 0.198321 -0.231040 515.936666 -1209.858283 60.398863
slice22/query/img_07533_c1_1290445333342492us.jpg 0.666928 0.680268 0.198323 -0.230457 514.771065 -1209.635212 60.417174
slice22/query/img_07534_c1_1290445333409225us.jpg 0.666491 0.680770 0.197855 -0.230642 513.613733 -1209.409562 60.436490
slice22/query/img_07535_c1_1290445333475839us.jpg 0.666255 0.681281 0.197367 -0.230231 512.449381 -1209.185266 60.451651
slice22/query/img_07536_c1_1290445333542450us.jpg 0.665868 0.681805 0.197263 -0.229890 511.292724 -1208.970794 60.473218
slice22/query/img_07537_c1_1290445333675803us.jpg 0.665597 0.682215 0.197135 -0.229567 508.975672 -1208.519828 60.511109
slice22/query/img_07538_c1_1290445333742412us.jpg 0.665517 0.682422 0.196944 -0.229350 507.805396 -1208.297512 60.529265
slice22/query/img_07539_c1_1290445333809150us.jpg 0.665452 0.682559 0.197143 -0.228956 506.632764 -1208.074330 60.546765
slice22/query/img_07540_c1_1290445333942972us.jpg 0.665522 0.682353 0.197432 -0.229118 504.317425 -1207.631002 60.571834
slice22/query/img_07541_c1_1290445334009113us.jpg 0.665358 0.682389 0.198114 -0.228897 503.155933 -1207.394262 60.583039
slice22/query/img_07542_c1_1290445334075724us.jpg 0.664913 0.682657 0.198645 -0.228932 502.004028 -1207.167951 60.596521
slice22/query/img_07543_c1_1290445334142337us.jpg 0.664544 0.682861 0.199289 -0.228838 500.853205 -1206.941222 60.605466
slice22/query/img_07544_c1_1290445334275712us.jpg 0.663617 0.683466 0.200710 -0.228478 498.525385 -1206.505457 60.642996
slice22/query/img_07545_c1_1290445334342301us.jpg 0.663669 0.683319 0.201322 -0.228230 497.359823 -1206.280896 60.651293
slice22/query/img_07546_c1_1290445334409037us.jpg 0.663916 0.682791 0.201866 -0.228609 496.196469 -1206.049102 60.650870
slice22/query/img_07547_c1_1290445334475649us.jpg 0.663843 0.682677 0.202281 -0.228796 495.042806 -1205.830788 60.661352
slice22/query/img_07548_c1_1290445334542263us.jpg 0.663818 0.682532 0.202998 -0.228666 493.885793 -1205.611727 60.663614
slice22/query/img_07549_c1_1290445334675612us.jpg 0.661756 0.684023 0.204875 -0.228511 491.570091 -1205.165574 60.680479
slice22/query/img_07550_c1_1290445334742225us.jpg 0.661085 0.684449 0.204951 -0.229111 490.408474 -1204.941856 60.674293
slice22/query/img_07551_c1_1290445334808962us.jpg 0.660074 0.685133 0.204619 -0.230275 489.247117 -1204.718230 60.678935
