slice22/query/img_07806_c1_1292959617198339us.jpg 0.710266 0.703203 0.016608 -0.027431 731.854104 -1280.015921 57.900718
slice22/query/img_07807_c1_1292959617264948us.jpg 0.710293 0.703045 0.019231 -0.029021 731.143671 -1279.347591 57.897812
slice22/query/img_07808_c1_1292959617331574us.jpg 0.710129 0.703077 0.021628 -0.030508 730.428179 -1278.685854 57.896026
slice22/query/img_07809_c1_1292959617464954us.jpg 0.710644 0.702241 0.026509 -0.033780 728.987624 -1277.404915 57.894982
slice22/query/img_07810_c1_1292959617531576us.jpg 0.711009 0.701680 0.029008 -0.035625 728.262010 -1276.763074 57.891620
slice22/query/img_07811_c1_1292959617664974us.jpg 0.710596 0.701672 0.032606 -0.040587 726.798546 -1275.486721 57.885444
slice22/query/img_07812_c1_1292959617731577us.jpg 0.709968 0.702068 0.034237 -0.043281 726.055705 -1274.845657 57.880566
slice22/query/img_07813_c1_1292959617798323us.jpg 0.709166 0.702613 0.035882 -0.046159 725.309407 -1274.205729 57.875202
slice22/query/img_07814_c1_1292959617864954us.jpg 0.708206 0.703300 0.037686 -0.048920 724.555232 -1273.570467 57.873910
slice22/query/img_07815_c1_1292959617998346us.jpg 0.706871 0.704053 0.041475 -0.054063 723.034338 -1272.328828 57.880382
slice22/query/img_07816_c1_1292959618064956us.jpg 0.706877 0.703752 0.043517 -0.056242 722.260620 -1271.711431 57.878063
slice22/query/img_07817_c1_1292959618131582us.jpg 0.707113 0.703226 0.046156 -0.057741 721.479246 -1271.097596 57.879081
slice22/query/img_07818_c1_1292959618198328us.jpg 0.707569 0.702452 0.049415 -0.058877 720.692835 -1270.490976 57.883320
slice22/query/img_07819_c1_1292959618331583us.jpg 0.708408 0.700882 0.055765 -0.061748 719.114599 -1269.292860 57.893978
slice22/query/img_07820_c1_1292959618398330us.jpg 0.708895 0.700063 0.058050 -0.063326 718.313961 -1268.700273 57.890504
slice22/query/img_07821_c1_1292959618464959us.jpg 0.709141 0.699424 0.060317 -0.065480 717.514954 -1268.111138 57.887079
slice22/query/img_07822_c1_1292959618599223us.jpg 0.709238 0.698534 0.062969 -0.071178 715.901164 -1266.928485 57.872509
slice22/query/img_07823_c1_1292959618664960us.jpg 0.708856 0.698515 0.063902 -0.074280 715.086257 -1266.344239 57.868019
slice22/query/img_07824_c1_1292959618731588us.jpg 0.708102 0.698876 0.065227 -0.076877 714.265141 -1265.761866 57.867246
slice22/query/img_07825_c1_1292959618864962us.jpg 0.706395 0.699831 0.069248 -0.080290 712.607742 -1264.612805 57.870781
slice22/query/img_07826_c1_1292959618931608us.jpg 0.705849 0.700016 0.071313 -0.081667 711.768546 -1264.042397 57.872597
slice22/query/img_07827_c1_1292959618998337us.jpg 0.705646 0.699896 0.072968 -0.082972 710.928664 -1263.479350 57.873160
slice22/query/img_07828_c1_1292959619064962us.jpg 0.705773 0.699395 0.074910 -0.084379 710.087337 -1262.918597 57.873293
slice22/query/img_07829_c1_1292959619198362us.jpg 0.706110 0.698318 0.078225 -0.087418 708.386768 -1261.802811 57.867656
slice22/query/img_07830_c1_1292959619264964us.jpg 0.705675 0.698351 0.079415 -0.089566 707.533361 -1261.245442 57.865281
slice22/query/img_07831_c1_1292959619331594us.jpg 0.705084 0.698521 0.080663 -0.091757 706.676091 -1260.691307 57.861880
slice22/query/img_07832_c1_1292959619398339us.jpg 0.704264 0.698919 0.081691 -0.094083 705.817113 -1260.140952 57.858770
slice22/query/img_07833_c1_1292959619531596us.jpg 0.702775 0.699565 0.084615 -0.097759 704.081214 -1259.049947 57.856319
slice22/query/img_07834_c1_1292959619598343us.jpg 0.702378 0.699581 0.085791 -0.099458 703.204296 -1258.512363 57.857253
slice22/query/img_07835_c1_1292959619664970us.jpg 0.702316 0.699227 0.086836 -0.101457 702.324777 -1257.979498 57.857734
slice22/query/img_07836_c1_1292959619731598us.jpg 0.702374 0.698757 0.088218 -0.103084 701.435941 -1257.448627 57.859448
slice22/query/img_07837_c1_1292959619865003us.jpg 0.702285 0.697831 0.092369 -0.106279 699.649073 -1256.388701 57.864505
slice22/query/img_07838_c1_1292959619931620us.jpg 0.701960 0.697616 0.094343 -0.108089 698.747013 -1255.860688 57.867008
slice22/query/img_07839_c1_1292959619998345us.jpg 0.701754 0.697270 0.096159 -0.110041 697.843574 -1255.344325 57.869176
slice22/query/img_07840_c1_1292959620064976us.jpg 0.701637 0.696843 0.098132 -0.111743 696.933535 -1254.831249 57.871725
slice22/query/img_07841_c1_1292959620199314us.jpg 0.701601 0.695663 0.102025 -0.115763 695.099679 -1253.811713 57.873516
slice22/query/img_07842_c1_1292959620264978us.jpg 0.701653 0.694890 0.104786 -0.117606 694.175621 -1253.307225 57.878864
slice22/query/img_07843_c1_1292959620331624us.jpg 0.701382 0.694438 0.107285 -0.119618 693.249747 -1252.807964 57.882994
slice22/query/img_07844_c1_1292959620398350us.jpg 0.700670 0.694470 0.109315 -0.121753 692.320511 -1252.314533 57.885263
slice22/query/img_07845_c1_1292959620464980us.jpg 0.699632 0.694851 0.111074 -0.123935 691.389052 -1251.825112 57.888087
slice22/query/img_07846_c1_1292959620598374us.jpg 0.698243 0.694658 0.115046 -0.129115 689.513022 -1250.868748 57.883261
slice22/query/img_07847_c1_1292959620664989us.jpg 0.697747 0.694314 0.117323 -0.131578 688.558428 -1250.384299 57.882046
slice22/query/img_07848_c1_1292959620731607us.jpg 0.697243 0.693996 0.119307 -0.134115 687.599503 -1249.908890 57.883885
slice22/query/img_07849_c1_1292959620798354us.jpg 0.696777 0.693595 0.121192 -0.136898 686.636739 -1249.432929 57.879390
slice22/query/img_07850_c1_1292959620931610us.jpg 0.696318 0.692475 0.124983 -0.141414 684.696896 -1248.505490 57.871801
slice22/query/img_07851_c1_1292959620998376us.jpg 0.696212 0.691858 0.126974 -0.143177 683.720840 -1248.056942 57.875219
slice22/query/img_07852_c1_1292959621064987us.jpg 0.696294 0.690947 0.129113 -0.145246 682.744091 -1247.612527 57.882686
slice22/query/img_07853_c1_1292959621131610us.jpg 0.696361 0.690043 0.131357 -0.147198 681.760718 -1247.170183 57.889035
slice22/query/img_07854_c1_1292959621265017us.jpg 0.694859 0.689996 0.135688 -0.150549 679.773295 -1246.305923 57.903513
slice22/query/img_07855_c1_1292959621331641us.jpg 0.693970 0.689992 0.137464 -0.153041 678.774329 -1245.879878 57.905760
slice22/query/img_07856_c1_1292959621398360us.jpg 0.693230 0.689694 0.139429 -0.155928 677.771121 -1245.455757 57.911140
slice22/query/img_07857_c1_1292959621464990us.jpg 0.692466 0.689532 0.141557 -0.158109 676.763082 -1245.039489 57.915990
slice22/query/img_07858_c1_1292959621598363us.jpg 0.690451 0.689840 0.144122 -0.163179 674.732515 -1244.235659 57.923362
slice22/query/img_07859_c1_1292959621664994us.jpg 0.689807 0.689434 0.145708 -0.166179 673.710432 -1243.832951 57.932128
slice22/query/img_07860_c1_1292959621798385us.jpg 0.688848 0.688415 0.150695 -0.169896 671.631738 -1243.047339 57.951515
slice22/query/img_07861_c1_1292959621865013us.jpg 0.688198 0.688142 0.152780 -0.171761 670.582154 -1242.657680 57.956218
slice22/query/img_07862_c1_1292959621931619us.jpg 0.687433 0.687932 0.154418 -0.174184 669.534960 -1242.275656 57.960578
slice22/query/img_07863_c1_1292959621998365us.jpg 0.687070 0.687246 0.156261 -0.176662 668.480485 -1241.899511 57.964952
slice22/query/img_07864_c1_1292959622131790us.jpg 0.686715 0.685180 0.160112 -0.182525 666.390835 -1241.185002 57.972238
slice22/query/img_07865_c1_1292959622198388us.jpg 0.686027 0.684545 0.162610 -0.185265 665.331937 -1240.831347 57.976340
slice22/query/img_07866_c1_1292959622265002us.jpg 0.684587 0.684759 0.165448 -0.187277 664.260966 -1240.478037 57.986279
slice22/query/img_07867_c1_1292959622331622us.jpg 0.682942 0.685251 0.167951 -0.189246 663.185721 -1240.137970 57.994522
slice22/query/img_07868_c1_1292959622398368us.jpg 0.681322 0.685616 0.169801 -0.192089 662.105188 -1239.801247 57.998162
slice22/query/img_07869_c1_1292959622531627us.jpg 0.680567 0.684272 0.173714 -0.196020 659.921018 -1239.183389 57.990153
slice22/query/img_07870_c1_1292959622598371us.jpg 0.679418 0.684164 0.175660 -0.198633 658.827351 -1238.871168 57.994920
slice22/query/img_07871_c1_1292959622665001us.jpg 0.678790 0.683494 0.177673 -0.201276 657.727106 -1238.572123 58.002782
slice22/query/img_07872_c1_1292959622731626us.jpg 0.678468 0.682860 0.179163 -0.203186 656.618303 -1238.288425 58.015084
slice22/query/img_07873_c1_1292959622865006us.jpg 0.679952 0.679318 0.186743 -0.203273 654.447736 -1237.788700 58.066019
slice22/query/img_07874_c1_1292959622931629us.jpg 0.680022 0.678655 0.188483 -0.203645 653.354924 -1237.534015 58.077253
slice22/query/img_07875_c1_1292959622998375us.jpg 0.679900 0.678176 0.189601 -0.204609 652.254094 -1237.277623 58.086345
slice22/query/img_07876_c1_1292959623065003us.jpg 0.679851 0.677433 0.190455 -0.206431 651.152947 -1237.030339 58.098218
slice22/query/img_07877_c1_1292959623198380us.jpg 0.678165 0.677929 0.191844 -0.209046 648.932144 -1236.534348 58.109701
slice22/query/img_07878_c1_1292959623265025us.jpg 0.676463 0.678924 0.193067 -0.210203 647.810248 -1236.270510 58.115358
slice22/query/img_07879_c1_1292959623331632us.jpg 0.675068 0.679805 0.193863 -0.211104 646.676896 -1236.008835 58.121098
slice22/query/img_07880_c1_1292959623398378us.jpg 0.674511 0.679932 0.194990 -0.211440 645.534857 -1235.747141 58.119861
slice22/query/img_07881_c1_1292959623531634us.jpg 0.674705 0.678838 0.196273 -0.213144 643.278731 -1235.269409 58.142728
slice22/query/img_07882_c1_1292959623598384us.jpg 0.675872 0.677294 0.196898 -0.213776 642.126964 -1235.023845 58.148434
slice22/query/img_07883_c1_1292959623665010us.jpg 0.677171 0.675913 0.196721 -0.214199 640.974758 -1234.784108 58.156345
slice22/query/img_07884_c1_1292959623731635us.jpg 0.677829 0.675507 0.196044 -0.214023 639.813250 -1234.541447 58.168080
slice22/query/img_07885_c1_1292959623865015us.jpg 0.677668 0.675880 0.198046 -0.211494 637.554997 -1234.065149 58.195742
slice22/query/img_07886_c1_1292959623931635us.jpg 0.676937 0.676555 0.199467 -0.210337 636.404668 -1233.813842 58.202629
slice22/query/img_07887_c1_1292959623998386us.jpg 0.676401 0.677012 0.200042 -0.210046 635.266425 -1233.579625 58.212449
slice22/query/img_07888_c1_1292959624131640us.jpg 0.676470 0.677219 0.197551 -0.211510 632.965632 -1233.113318 58.220975
slice22/query/img_07889_c1_1292959624198407us.jpg 0.676518 0.677425 0.195460 -0.212638 631.815784 -1232.875829 58.222084
slice22/query/img_07890_c1_1292959624265015us.jpg 0.676652 0.677354 0.194397 -0.213412 630.648786 -1232.635727 58.233354
slice22/query/img_07891_c1_1292959624331641us.jpg 0.676551 0.677420 0.193977 -0.213899 629.477685 -1232.400364 58.258150
slice22/query/img_07892_c1_1292959624465027us.jpg 0.676781 0.676671 0.192541 -0.216822 627.240737 -1231.922574 58.281348
slice22/query/img_07893_c1_1292959624531643us.jpg 0.676293 0.677124 0.193420 -0.216145 626.087951 -1231.687643 58.301743
slice22/query/img_07894_c1_1292959624598390us.jpg 0.675551 0.678013 0.193882 -0.215266 624.919422 -1231.456367 58.325870
slice22/query/img_07895_c1_1292959624665020us.jpg 0.674949 0.678878 0.194065 -0.214261 623.735570 -1231.219251 58.348627
slice22/query/img_07896_c1_1292959624798394us.jpg 0.675465 0.678654 0.194210 -0.213211 621.423424 -1230.733719 58.386224
slice22/query/img_07897_c1_1292959624865041us.jpg 0.675981 0.678193 0.194199 -0.213051 620.270613 -1230.490309 58.404702
slice22/query/img_07898_c1_1292959624998394us.jpg 0.676970 0.677243 0.193766 -0.213325 617.961696 -1229.984226 58.430656
slice22/query/img_07899_c1_1292959625065025us.jpg 0.676726 0.677444 0.193553 -0.213655 616.816137 -1229.734693 58.444510
slice22/query/img_07900_c1_1292959625131650us.jpg 0.675920 0.678141 0.193294 -0.214229 615.661442 -1229.481479 58.457846
slice22/query/img_07901_c1_1292959625198396us.jpg 0.674691 0.679125 0.193130 -0.215131 614.491866 -1229.212145 58.468091
slice22/query/img_07902_c1_1292959625331674us.jpg 0.675000 0.677194 0.193905 -0.219509 612.240573 -1228.736800 58.439277
slice22/query/img_07903_c1_1292959625398398us.jpg 0.673833 0.678101 0.194211 -0.220023 611.065868 -1228.475583 58.455802
slice22/query/img_07904_c1_1292959625465027us.jpg 0.673032 0.678693 0.194284 -0.220583 609.891127 -1228.215332 58.471906
slice22/query/img_07905_c1_1292959625598421us.jpg 0.673556 0.677346 0.194374 -0.223032 607.569013 -1227.718863 58.505617
slice22/query/img_07906_c1_1292959625665028us.jpg 0.674018 0.676444 0.195037 -0.223794 606.399089 -1227.470776 58.522507
slice22/query/img_07907_c1_1292959625731655us.jpg 0.674241 0.675884 0.195575 -0.224343 605.227845 -1227.222632 58.541839
slice22/query/img_07908_c1_1292959625798401us.jpg 0.674087 0.675606 0.196124 -0.225164 604.063769 -1226.978755 58.561717
slice22/query/img_07909_c1_1292959625931685us.jpg 0.673499 0.675449 0.198418 -0.225385 601.718063 -1226.508566 58.613228
slice22/query/img_07910_c1_1292959625998423us.jpg 0.672427 0.676393 0.199177 -0.225084 600.541063 -1226.273323 58.640891
slice22/query/img_07911_c1_1292959626065034us.jpg 0.672078 0.676378 0.198962 -0.226357 599.359150 -1226.030571 58.659639
slice22/query/img_07912_c1_1292959626131659us.jpg 0.672080 0.675942 0.199324 -0.227332 598.175832 -1225.793987 58.678649
slice22/query/img_07913_c1_1292959626265059us.jpg 0.672660 0.675454 0.197723 -0.228465 595.812574 -1225.330455 58.726130
slice22/query/img_07914_c1_1292959626331660us.jpg 0.672677 0.675571 0.197021 -0.228674 594.632109 -1225.105626 58.750814
slice22/query/img_07915_c1_1292959626398407us.jpg 0.672502 0.675772 0.196544 -0.229007 593.444994 -1224.874234 58.778239
slice22/query/img_07916_c1_1292959626465037us.jpg 0.672177 0.676002 0.196471 -0.229345 592.257230 -1224.642121 58.810552
slice22/query/img_07917_c1_1292959626598410us.jpg 0.671149 0.676409 0.197071 -0.230636 589.903162 -1224.154394 58.843715
slice22/query/img_07918_c1_1292959626665040us.jpg 0.670522 0.676963 0.197521 -0.230449 588.714246 -1223.909215 58.868267
slice22/query/img_07919_c1_1292959626731664us.jpg 0.670363 0.677213 0.198131 -0.229651 587.528117 -1223.678397 58.898330
slice22/query/img_07920_c1_1292959626865967us.jpg 0.669587 0.678313 0.198736 -0.228143 585.160061 -1223.219820 58.961233
slice22/query/img_07921_c1_1292959626931689us.jpg 0.669822 0.678061 0.199477 -0.227554 583.976686 -1223.001731 58.988665
slice22/query/img_07922_c1_1292959626998412us.jpg 0.670209 0.677565 0.199346 -0.228007 582.795566 -1222.777999 59.010586
slice22/query/img_07923_c1_1292959627065044us.jpg 0.670462 0.677116 0.198981 -0.228910 581.617103 -1222.552618 59.032714
slice22/query/img_07924_c1_1292959627198436us.jpg 0.670610 0.677113 0.196078 -0.230985 579.277293 -1222.100611 59.071416
slice22/query/img_07925_c1_1292959627265066us.jpg 0.669303 0.678114 0.196360 -0.231598 578.105149 -1221.870408 59.099825
slice22/query/img_07926_c1_1292959627331671us.jpg 0.668575 0.678324 0.197448 -0.232159 576.932772 -1221.643947 59.133339
slice22/query/img_07927_c1_1292959627398417us.jpg 0.668689 0.678076 0.198053 -0.232039 575.758393 -1221.421702 59.165781
slice22/query/img_07928_c1_1292959627531697us.jpg 0.666707 0.679589 0.199716 -0.231894 573.413102 -1220.979388 59.226079
slice22/query/img_07929_c1_1292959627598418us.jpg 0.666851 0.679756 0.199564 -0.231118 572.245187 -1220.759475 59.251097
slice22/query/img_07930_c1_1292959627665048us.jpg 0.667379 0.679317 0.199522 -0.230919 571.075694 -1220.544123 59.275242
slice22/query/img_07931_c1_1292959627731674us.jpg 0.667452 0.679458 0.199285 -0.230501 569.911027 -1220.330628 59.299026
slice22/query/img_07932_c1_1292959627865049us.jpg 0.668542 0.679019 0.197661 -0.230034 567.588084 -1219.893697 59.340951
slice22/query/img_07933_c1_1292959627931676us.jpg 0.668415 0.679241 0.197253 -0.230095 566.423350 -1219.670240 59.365305
slice22/query/img_07934_c1_1292959627998422us.jpg 0.668077 0.679745 0.196429 -0.230295 565.258142 -1219.443664 59.387450
slice22/query/img_07935_c1_1292959628131677us.jpg 0.668858 0.678991 0.196455 -0.230230 562.945125 -1218.989496 59.443061
slice22/query/img_07936_c1_1292959628198424us.jpg 0.668585 0.679217 0.197427 -0.229521 561.781331 -1218.746817 59.470377
slice22/query/img_07937_c1_1292959628265054us.jpg 0.667493 0.680210 0.198857 -0.228524 560.611973 -1218.517537 59.501700
slice22/query/img_07938_c1_1292959628398429us.jpg 0.668712 0.679194 0.198423 -0.228361 558.283274 -1218.086014 59.545317
slice22/query/img_07939_c1_1292959628465055us.jpg 0.668187 0.679532 0.197964 -0.229287 557.123400 -1217.853932 59.562002
slice22/query/img_07940_c1_1292959628531682us.jpg 0.667665 0.679877 0.196763 -0.230812 555.963768 -1217.619318 59.576171
slice22/query/img_07941_c1_1292959628598428us.jpg 0.666851 0.680344 0.195811 -0.232592 554.804619 -1217.384053 59.589591
slice22/query/img_07942_c1_1292959628731705us.jpg 0.664541 0.681957 0.195707 -0.234561 552.497942 -1216.923035 59.642487
slice22/query/img_07943_c1_1292959628798430us.jpg 0.663887 0.682556 0.196172 -0.234283 551.341972 -1216.700232 59.671501
slice22/query/img_07944_c1_1292959628865057us.jpg 0.663724 0.682830 0.196498 -0.233670 550.181606 -1216.479870 59.699088
slice22/query/img_07945_c1_1292959628999742us.jpg 0.664244 0.682282 0.197767 -0.232720 547.865133 -1216.042672 59.760633
slice22/query/img_07946_c1_1292959629065081us.jpg 0.664951 0.681566 0.197743 -0.232822 546.702785 -1215.825677 59.783270
slice22/query/img_07947_c1_1292959629131687us.jpg 0.665344 0.681052 0.197415 -0.233478 545.542440 -1215.605632 59.806317
slice22/query/img_07948_c1_1292959629198434us.jpg 0.665425 0.680790 0.197322 -0.234092 544.380467 -1215.380631 59.826213
slice22/query/img_07949_c1_1292959629331686us.jpg 0.664713 0.681298 0.197166 -0.234767 542.065223 -1214.944322 59.877621
slice22/query/img_07950_c1_1292959629398435us.jpg 0.664194 0.681918 0.197284 -0.234336 540.907295 -1214.724045 59.899646
slice22/query/img_07951_c1_1292959629465065us.jpg 0.663576 0.682634 0.197424 -0.233883 539.749629 -1214.503926 59.925871
slice22/query/img_07952_c1_1292959629598460us.jpg 0.663744 0.682346 0.198367 -0.233447 537.424273 -1214.071613 59.972560
slice22/query/img_07953_c1_1292959629665087us.jpg 0.663949 0.682083 0.198323 -0.233672 536.269458 -1213.848445 59.992748
slice22/query/img_07954_c1_1292959629731694us.jpg 0.664070 0.682076 0.197787 -0.233803 535.114780 -1213.626204 60.011591
slice22/query/img_07955_c1_1292959629798439us.jpg 0.664211 0.682109 0.197060 -0.233921 533.963081 -1213.403470 60.030731
slice22/query/img_07956_c1_1292959629931695us.jpg 0.664590 0.681794 0.197444 -0.233436 531.660717 -1212.960837 60.078850
slice22/query/img_07957_c1_1292959629998441us.jpg 0.664987 0.681373 0.198112 -0.232970 530.509200 -1212.743084 60.105401
slice22/query/img_07958_c1_1292959630065071us.jpg 0.665319 0.681126 0.198535 -0.232382 529.353258 -1212.523469 60.129455
slice22/query/img_07959_c1_1292959630198467us.jpg 0.665711 0.681186 0.198217 -0.231355 527.044418 -1212.080964 60.179275
slice22/query/img_07960_c1_1292959630265072us.jpg 0.666186 0.680887 0.197969 -0.231076 525.891792 -1211.857550 60.201510
slice22/query/img_07961_c1_1292959630331698us.jpg 0.666771 0.680351 0.197964 -0.230975 524.732495 -1211.631040 60.220852
slice22/query/img_07962_c1_1292959630398445us.jpg 0.667274 0.679899 0.197805 -0.230988 523.579828 -1211.408153 60.239535
slice22/query/img_07963_c1_1292959630531700us.jpg 0.667106 0.680341 0.197141 -0.230740 521.274688 -1210.968059 60.285474
slice22/query/img_07964_c1_1292959630598446us.jpg 0.666813 0.680850 0.196633 -0.230521 520.125067 -1210.745237 60.305704
slice22/query/img_07965_c1_1292959630665076us.jpg 0.666571 0.681188 0.196843 -0.230043 518.975329 -1210.522208 60.327466
slice22/query/img_07966_c1_1292959630798472us.jpg 0.666242 0.681410 0.196982 -0.230217 516.679402 -1210.067388 60.373756
slice22/query/img_07967_c1_1292959630865100us.jpg 0.665865 0.681731 0.197333 -0.230054 515.526482 -1209.830463 60.388317
slice22/query/img_07968_c1_1292959630931705us.jpg 0.665584 0.681925 0.197536 -0.230123 514.377933 -1209.597020 60.405073
slice22/query/img_07969_c1_1292959630998451us.jpg 0.665351 0.682042 0.197820 -0.230204 513.228696 -1209.365474 60.417450
slice22/query/img_07970_c1_1292959631131707us.jpg 0.664855 0.682470 0.198093 -0.230136 510.929646 -1208.903918 60.440552
slice22/query/img_07971_c1_1292959631198470us.jpg 0.664930 0.682006 0.198652 -0.230809 509.783610 -1208.672984 60.451779
slice22/query/img_07972_c1_1292959631331724us.jpg 0.665186 0.681811 0.199093 -0.230269 507.472747 -1208.232358 60.490369
slice22/query/img_07973_c1_1292959631531708us.jpg 0.666271 0.681038 0.199474 -0.229086 504.037984 -1207.604785 60.541759
slice22/query/img_07974_c1_1292959631665119us.jpg 0.665743 0.681527 0.200156 -0.228573 501.746875 -1207.158968 60.570716
slice22/query/img_07975_c1_1292959631731733us.jpg 0.665327 0.681772 0.200591 -0.228669 500.594297 -1206.929149 60.579347
slice22/query/img_07976_c1_1292959631798457us.jpg 0.665104 0.681947 0.201175 -0.228287 499.439406 -1206.705418 60.588857
slice22/query/img_07977_c1_1292959631865087us.jpg 0.665116 0.681658 0.202108 -0.228287 498.286266 -1206.478252 60.597348
slice22/query/img_07978_c1_1292959631999056us.jpg 0.665045 0.681516 0.202964 -0.228159 495.965028 -1206.022137 60.604154
slice22/query/img_07979_c1_1292959632065090us.jpg 0.665009 0.681357 0.203115 -0.228604 494.808704 -1205.797525 60.607056
slice22/query/img_07980_c1_1292959632131714us.jpg 0.664867 0.681358 0.203861 -0.228349 493.641387 -1205.569428 60.606237
slice22/query/img_07981_c1_1292959632198460us.jpg 0.664319 0.681850 0.204643 -0.227777 492.477558 -1205.340192 60.604962
slice22/query/img_07982_c1_1292959632331718us.jpg 0.663775 0.682503 0.204753 -0.227309 490.129810 -1204.891901 60.592877
slice22/query/img_07983_c1_1292959632398464us.jpg 0.662415 0.684200 0.203970 -0.226878 488.992299 -1204.711072 60.626755
