slice22/query/img_07772_c1_1299251217381737us.jpg 0.711848 0.701693 0.018519 -0.023595 729.452198 -1281.775320 57.820658
slice22/query/img_07773_c1_1299251217448345us.jpg 0.711427 0.701997 0.020100 -0.025846 728.835354 -1281.194802 57.817354
slice22/query/img_07774_c1_1299251217514970us.jpg 0.710686 0.702617 0.021860 -0.027861 728.214965 -1280.622477 57.815429
slice22/query/img_07775_c1_1299251217648372us.jpg 0.709354 0.703671 0.025109 -0.032146 726.976477 -1279.482178 57.811220
slice22/query/img_07776_c1_1299251217714972us.jpg 0.709168 0.703681 0.026658 -0.034679 726.349952 -1278.917506 57.807467
slice22/query/img_07777_c1_1299251217781721us.jpg 0.709188 0.703465 0.028537 -0.037083 725.717963 -1278.357755 57.802700
slice22/query/img_07778_c1_1299251217848347us.jpg 0.709286 0.703160 0.030619 -0.039273 725.079355 -1277.800814 57.800374
slice22/query/img_07779_c1_1299251217981731us.jpg 0.709246 0.702791 0.035172 -0.042629 723.781889 -1276.692496 57.797776
slice22/query/img_07780_c1_1299251218048349us.jpg 0.709254 0.702578 0.037579 -0.043943 723.125376 -1276.142979 57.799157
slice22/query/img_07781_c1_1299251218114974us.jpg 0.709247 0.702366 0.040087 -0.045206 722.467604 -1275.594867 57.799991
slice22/query/img_07782_c1_1299251218248353us.jpg 0.709359 0.701763 0.044699 -0.048384 721.133106 -1274.507577 57.800208
slice22/query/img_07783_c1_1299251218314975us.jpg 0.709281 0.701567 0.046614 -0.050510 720.466945 -1273.968650 57.800275
slice22/query/img_07784_c1_1299251218448373us.jpg 0.708958 0.701316 0.049928 -0.055157 719.104330 -1272.892459 57.795203
slice22/query/img_07785_c1_1299251218581733us.jpg 0.708188 0.701516 0.053150 -0.059328 717.726665 -1271.824683 57.788804
slice22/query/img_07786_c1_1299251218648352us.jpg 0.707780 0.701651 0.054864 -0.061017 717.028410 -1271.296587 57.787791
slice22/query/img_07787_c1_1299251218714978us.jpg 0.707349 0.701800 0.056798 -0.062508 716.331562 -1270.772857 57.787435
slice22/query/img_07788_c1_1299251218848378us.jpg 0.707008 0.701472 0.060431 -0.066523 714.921780 -1269.733708 57.783398
slice22/query/img_07789_c1_1299251218914979us.jpg 0.707353 0.700762 0.062366 -0.068521 714.212367 -1269.218637 57.780197
slice22/query/img_07790_c1_1299251218981728us.jpg 0.707738 0.700046 0.063973 -0.070358 713.500884 -1268.705642 57.778719
slice22/query/img_07791_c1_1299251219048354us.jpg 0.707990 0.699486 0.065483 -0.071990 712.789658 -1268.197403 57.776926
slice22/query/img_07792_c1_1299251219181737us.jpg 0.708388 0.698498 0.068764 -0.074554 711.335615 -1267.191806 57.778478
slice22/query/img_07793_c1_1299251219248355us.jpg 0.708428 0.698149 0.070788 -0.075546 710.607347 -1266.693647 57.782608
slice22/query/img_07794_c1_1299251219314981us.jpg 0.708178 0.698070 0.072876 -0.076632 709.871921 -1266.195226 57.787928
slice22/query/img_07795_c1_1299251219448384us.jpg 0.707414 0.698173 0.076613 -0.079061 708.389883 -1265.204976 57.791822
slice22/query/img_07796_c1_1299251219515006us.jpg 0.706928 0.698324 0.077980 -0.080715 707.647126 -1264.710621 57.790345
slice22/query/img_07797_c1_1299251219581732us.jpg 0.706480 0.698437 0.079253 -0.082408 706.898986 -1264.221104 57.789709
slice22/query/img_07798_c1_1299251219648357us.jpg 0.706326 0.698259 0.080217 -0.084281 706.152755 -1263.734886 57.787068
slice22/query/img_07799_c1_1299251219781739us.jpg 0.706783 0.697216 0.082704 -0.086643 704.646346 -1262.777479 57.785350
slice22/query/img_07800_c1_1299251219848359us.jpg 0.707034 0.696629 0.084123 -0.087945 703.883360 -1262.300283 57.787394
slice22/query/img_07801_c1_1299251219914984us.jpg 0.706765 0.696537 0.085593 -0.089401 703.124480 -1261.819968 57.788480
slice22/query/img_07802_c1_1299251220048386us.jpg 0.705254 0.697401 0.088592 -0.091649 701.582857 -1260.873388 57.790854
slice22/query/img_07803_c1_1299251220114986us.jpg 0.704828 0.697441 0.090122 -0.093115 700.808960 -1260.401500 57.792546
slice22/query/img_07804_c1_1299251220181735us.jpg 0.704487 0.697473 0.091182 -0.094417 700.027323 -1259.932441 57.791511
slice22/query/img_07805_c1_1299251220248360us.jpg 0.704572 0.697070 0.092112 -0.095852 699.244199 -1259.467551 57.789057
slice22/query/img_07806_c1_1299251220381760us.jpg 0.705454 0.695479 0.093868 -0.099157 697.674426 -1258.547133 57.789176
slice22/query/img_07807_c1_1299251220448362us.jpg 0.705321 0.695241 0.095035 -0.100651 696.879328 -1258.092700 57.793412
slice22/query/img_07808_c1_1299251220514987us.jpg 0.704657 0.695600 0.095799 -0.102086 696.082467 -1257.636790 57.794600
slice22/query/img_07809_c1_1299251220648365us.jpg 0.703831 0.695299 0.096215 -0.109191 694.484071 -1256.731865 57.807901
slice22/query/img_07810_c1_1299251220714989us.jpg 0.702827 0.695751 0.097944 -0.111225 693.684833 -1256.272332 57.814619
slice22/query/img_07811_c1_1299251220781739us.jpg 0.701823 0.696193 0.099589 -0.113323 692.878085 -1255.822617 57.819207
slice22/query/img_07812_c1_1299251220915014us.jpg 0.699952 0.696747 0.103618 -0.117790 691.242615 -1254.926088 57.832026
slice22/query/img_07813_c1_1299251220981740us.jpg 0.699545 0.696503 0.105942 -0.119565 690.412964 -1254.484548 57.837160
slice22/query/img_07814_c1_1299251221048366us.jpg 0.699310 0.696083 0.108089 -0.121452 689.584621 -1254.050020 57.842992
slice22/query/img_07815_c1_1299251221181746us.jpg 0.699463 0.694554 0.112713 -0.125070 687.906689 -1253.160156 57.836967
slice22/query/img_07816_c1_1299251221248367us.jpg 0.699435 0.693817 0.115120 -0.127104 687.059654 -1252.722845 57.833015
slice22/query/img_07817_c1_1299251221314992us.jpg 0.698959 0.693530 0.117156 -0.129408 686.207882 -1252.284680 57.830077
slice22/query/img_07818_c1_1299251221448370us.jpg 0.697219 0.693552 0.120978 -0.135040 684.497343 -1251.416674 57.816713
slice22/query/img_07819_c1_1299251221514992us.jpg 0.696102 0.693792 0.122697 -0.137984 683.635287 -1250.999008 57.813806
slice22/query/img_07820_c1_1299251221581744us.jpg 0.695082 0.693952 0.124271 -0.140882 682.767160 -1250.585249 57.808530
slice22/query/img_07821_c1_1299251221714996us.jpg 0.693459 0.693838 0.128711 -0.145385 681.022192 -1249.810889 57.845345
slice22/query/img_07822_c1_1299251221781744us.jpg 0.692737 0.693652 0.131038 -0.147617 680.148672 -1249.424077 57.851175
slice22/query/img_07823_c1_1299251221848369us.jpg 0.692099 0.693342 0.133705 -0.149660 679.272878 -1249.042072 57.859501
slice22/query/img_07824_c1_1299251221981748us.jpg 0.691264 0.692322 0.138295 -0.154009 677.496401 -1248.303467 57.876794
slice22/query/img_07825_c1_1299251222048370us.jpg 0.690393 0.692110 0.140335 -0.156994 676.604219 -1247.936037 57.884848
slice22/query/img_07826_c1_1299251222114995us.jpg 0.689471 0.692019 0.142238 -0.159711 675.697851 -1247.571890 57.889947
slice22/query/img_07827_c1_1299251222248373us.jpg 0.688191 0.691204 0.145940 -0.165324 673.885495 -1246.864710 57.888589
slice22/query/img_07828_c1_1299251222315004us.jpg 0.687406 0.690882 0.147874 -0.168192 672.972990 -1246.518345 57.894715
slice22/query/img_07829_c1_1299251222381747us.jpg 0.686428 0.690864 0.149258 -0.171013 672.051989 -1246.173107 57.899846
slice22/query/img_07830_c1_1299251222514999us.jpg 0.685300 0.689956 0.152859 -0.175951 670.197387 -1245.524495 57.912689
slice22/query/img_07831_c1_1299251222581772us.jpg 0.684532 0.689730 0.155224 -0.177748 669.254290 -1245.203823 57.923519
slice22/query/img_07832_c1_1299251222715004us.jpg 0.683350 0.689069 0.161284 -0.179453 667.386700 -1244.589405 57.945836
slice22/query/img_07833_c1_1299251222781749us.jpg 0.682905 0.688565 0.162583 -0.181896 666.443022 -1244.281083 57.947730
slice22/query/img_07834_c1_1299251222848374us.jpg 0.682332 0.688153 0.163392 -0.184853 665.501970 -1243.984559 57.952975
slice22/query/img_07835_c1_1299251222915000us.jpg 0.682044 0.687439 0.164781 -0.187328 664.557510 -1243.690021 57.952281
slice22/query/img_07836_c1_1299251223048376us.jpg 0.681351 0.686259 0.168221 -0.191078 662.634768 -1243.119362 57.965065
slice22/query/img_07837_c1_1299251223115000us.jpg 0.680304 0.686272 0.169704 -0.193436 661.672250 -1242.832217 57.978042
slice22/query/img_07838_c1_1299251223181750us.jpg 0.679460 0.686088 0.171606 -0.195368 660.705621 -1242.553818 57.991636
slice22/query/img_07839_c1_1299251223315027us.jpg 0.678383 0.685204 0.174973 -0.199190 658.762882 -1242.010118 58.010413
slice22/query/img_07840_c1_1299251223381776us.jpg 0.677591 0.684990 0.176336 -0.201407 657.781533 -1241.734046 58.021664
slice22/query/img_07841_c1_1299251223448377us.jpg 0.676806 0.684931 0.177998 -0.202780 656.791329 -1241.468866 58.033851
slice22/query/img_07842_c1_1299251223515003us.jpg 0.675775 0.685149 0.179140 -0.204468 655.804914 -1241.212181 58.046522
slice22/query/img_07843_c1_1299251223648381us.jpg 0.674244 0.684942 0.181870 -0.207782 653.834084 -1240.699634 58.069106
slice22/query/img_07844_c1_1299251223715004us.jpg 0.673510 0.684768 0.182997 -0.209734 652.841521 -1240.445459 58.080192
slice22/query/img_07845_c1_1299251223781754us.jpg 0.673029 0.684389 0.184351 -0.211324 651.843593 -1240.201609 58.090803
slice22/query/img_07846_c1_1299251223915011us.jpg 0.671850 0.684171 0.187186 -0.213284 649.841721 -1239.724607 58.113046
slice22/query/img_07847_c1_1299251223981764us.jpg 0.671471 0.683818 0.188635 -0.214327 648.833261 -1239.490144 58.125491
slice22/query/img_07848_c1_1299251224048381us.jpg 0.671439 0.683144 0.190070 -0.215309 647.816977 -1239.259453 58.136986
slice22/query/img_07849_c1_1299251224115006us.jpg 0.671275 0.682550 0.191350 -0.216566 646.801869 -1239.037733 58.148214
slice22/query/img_07850_c1_1299251224248388us.jpg 0.670384 0.682108 0.192902 -0.219323 644.755331 -1238.573600 58.157822
slice22/query/img_07851_c1_1299251224315007us.jpg 0.669422 0.682429 0.193190 -0.221003 643.724906 -1238.347254 58.173585
slice22/query/img_07852_c1_1299251224381757us.jpg 0.668714 0.682593 0.193755 -0.222141 642.695321 -1238.126597 58.180189
slice22/query/img_07853_c1_1299251224515033us.jpg 0.667642 0.682974 0.194496 -0.223544 640.618587 -1237.691040 58.202002
slice22/query/img_07854_c1_1299251224581758us.jpg 0.667337 0.683232 0.195347 -0.222926 639.575787 -1237.483653 58.218099
slice22/query/img_07855_c1_1299251224648384us.jpg 0.667219 0.683292 0.196199 -0.222343 638.531805 -1237.280537 58.233021
slice22/query/img_07856_c1_1299251224781788us.jpg 0.668231 0.682309 0.197120 -0.221506 636.461916 -1236.846005 58.271000
slice22/query/img_07857_c1_1299251224848410us.jpg 0.668608 0.682050 0.196644 -0.221589 635.428043 -1236.642530 58.278506
slice22/query/img_07858_c1_1299251224915011us.jpg 0.668881 0.681956 0.196240 -0.221414 634.383735 -1236.433200 58.288160
slice22/query/img_07859_c1_1299251224981761us.jpg 0.668442 0.682466 0.195334 -0.221970 633.339379 -1236.210350 58.301064
slice22/query/img_07860_c1_1299251225115038us.jpg 0.667865 0.683360 0.193809 -0.222292 631.234553 -1235.777355 58.329852
slice22/query/img_07861_c1_1299251225181762us.jpg 0.667258 0.683992 0.193106 -0.222781 630.181102 -1235.559405 58.343330
slice22/query/img_07862_c1_1299251225248387us.jpg 0.666526 0.684553 0.192577 -0.223706 629.112806 -1235.339679 58.355673
slice22/query/img_07863_c1_1299251225382741us.jpg 0.666217 0.684729 0.191922 -0.224648 626.989819 -1234.894652 58.395009
slice22/query/img_07864_c1_1299251225448412us.jpg 0.665880 0.685054 0.192590 -0.224084 625.935032 -1234.674421 58.417826
slice22/query/img_07865_c1_1299251225515013us.jpg 0.665916 0.685100 0.193399 -0.223137 624.879030 -1234.464217 58.437244
slice22/query/img_07866_c1_1299251225581764us.jpg 0.666164 0.684926 0.193899 -0.222496 623.818877 -1234.245202 58.453839
slice22/query/img_07867_c1_1299251225715017us.jpg 0.667020 0.684186 0.195696 -0.220629 621.685358 -1233.820473 58.484671
slice22/query/img_07868_c1_1299251225781764us.jpg 0.667401 0.683687 0.195811 -0.220918 620.618586 -1233.604743 58.493955
slice22/query/img_07869_c1_1299251225848390us.jpg 0.667460 0.683500 0.195030 -0.222010 619.551018 -1233.382831 58.498219
slice22/query/img_07870_c1_1299251225981796us.jpg 0.666245 0.684257 0.192716 -0.225324 617.404685 -1232.941061 58.511745
slice22/query/img_07871_c1_1299251226048415us.jpg 0.665089 0.685012 0.191838 -0.227186 616.321624 -1232.723100 58.524598
slice22/query/img_07872_c1_1299251226181773us.jpg 0.665107 0.684348 0.192225 -0.228802 614.193064 -1232.272545 58.567942
slice22/query/img_07873_c1_1299251226248393us.jpg 0.664248 0.685136 0.192573 -0.228646 613.123450 -1232.049410 58.585380
slice22/query/img_07874_c1_1299251226315018us.jpg 0.663716 0.685426 0.194090 -0.228040 612.048040 -1231.828620 58.608171
slice22/query/img_07875_c1_1299251226448398us.jpg 0.665212 0.683794 0.196371 -0.226622 609.876998 -1231.407014 58.646350
slice22/query/img_07876_c1_1299251226515018us.jpg 0.666454 0.682651 0.195616 -0.227069 608.791648 -1231.202162 58.657235
slice22/query/img_07877_c1_1299251226581770us.jpg 0.667318 0.681758 0.194198 -0.228429 607.707730 -1230.985872 58.666421
slice22/query/img_07878_c1_1299251226715042us.jpg 0.666564 0.682179 0.193225 -0.230193 605.529411 -1230.553178 58.698695
slice22/query/img_07879_c1_1299251226781770us.jpg 0.664462 0.683973 0.193326 -0.230861 604.431225 -1230.332655 58.723701
slice22/query/img_07880_c1_1299251226915023us.jpg 0.662111 0.684597 0.193738 -0.235373 602.263521 -1229.864498 58.732067
slice22/query/img_07881_c1_1299251226981775us.jpg 0.660920 0.685675 0.194321 -0.235106 601.163207 -1229.639987 58.758360
slice22/query/img_07882_c1_1299251227048396us.jpg 0.660826 0.685787 0.195263 -0.234260 600.064672 -1229.424092 58.783783
slice22/query/img_07883_c1_1299251227115022us.jpg 0.661804 0.684893 0.196136 -0.233384 598.968874 -1229.216894 58.808368
slice22/query/img_07884_c1_1299251227248403us.jpg 0.665608 0.681433 0.196619 -0.232284 596.789664 -1228.814912 58.855174
slice22/query/img_07885_c1_1299251227315022us.jpg 0.667309 0.679917 0.195985 -0.232382 595.705684 -1228.610225 58.878428
slice22/query/img_07886_c1_1299251227381774us.jpg 0.668103 0.679185 0.195281 -0.232835 594.625373 -1228.405753 58.907764
slice22/query/img_07887_c1_1299251227515025us.jpg 0.667228 0.679779 0.196024 -0.232987 592.462160 -1227.981544 58.963016
slice22/query/img_07888_c1_1299251227581779us.jpg 0.665941 0.680969 0.196668 -0.232648 591.382914 -1227.761977 58.989974
slice22/query/img_07889_c1_1299251227648400us.jpg 0.664795 0.682115 0.197066 -0.232233 590.305196 -1227.545776 59.016979
slice22/query/img_07890_c1_1299251227715025us.jpg 0.663936 0.683020 0.197354 -0.231785 589.233419 -1227.332757 59.044236
slice22/query/img_07891_c1_1299251227848403us.jpg 0.664680 0.682407 0.198444 -0.230522 587.096999 -1226.916747 59.090030
slice22/query/img_07892_c1_1299251227915027us.jpg 0.665813 0.681331 0.198543 -0.230354 586.033832 -1226.714948 59.113020
slice22/query/img_07893_c1_1299251227981777us.jpg 0.666689 0.680530 0.197766 -0.230855 584.977540 -1226.506433 59.133432
slice22/query/img_07894_c1_1299251228115031us.jpg 0.666635 0.680651 0.196982 -0.231324 582.851475 -1226.081459 59.177050
slice22/query/img_07895_c1_1299251228181778us.jpg 0.665993 0.681110 0.197334 -0.231521 581.787432 -1225.870060 59.199721
slice22/query/img_07896_c1_1299251228248403us.jpg 0.665292 0.681661 0.196861 -0.232317 580.732433 -1225.654508 59.219172
slice22/query/img_07897_c1_1299251228381806us.jpg 0.664655 0.682245 0.195857 -0.233272 578.625430 -1225.238664 59.264345
slice22/query/img_07898_c1_1299251228448410us.jpg 0.663663 0.683277 0.196701 -0.232365 577.569681 -1225.029760 59.297793
slice22/query/img_07899_c1_1299251228581803us.jpg 0.664134 0.682829 0.198642 -0.230676 575.462917 -1224.617543 59.355046
slice22/query/img_07900_c1_1299251228648405us.jpg 0.664614 0.682459 0.199030 -0.230055 574.419621 -1224.414657 59.375960
slice22/query/img_07901_c1_1299251228781787us.jpg 0.665723 0.681508 0.197712 -0.230802 572.333025 -1224.008026 59.407689
slice22/query/img_07902_c1_1299251228848407us.jpg 0.666122 0.681124 0.197026 -0.231369 571.294859 -1223.804921 59.421974
slice22/query/img_07903_c1_1299251228915031us.jpg 0.666080 0.681071 0.196823 -0.231819 570.260052 -1223.595451 59.441323
slice22/query/img_07904_c1_1299251229049704us.jpg 0.665361 0.681627 0.198052 -0.231202 568.192197 -1223.184014 59.492755
slice22/query/img_07905_c1_1299251229115058us.jpg 0.665149 0.681819 0.198563 -0.230809 567.160196 -1222.988421 59.515624
slice22/query/img_07906_c1_1299251229248413us.jpg 0.665748 0.681251 0.198258 -0.231022 565.088439 -1222.587549 59.557603
slice22/query/img_07907_c1_1299251229315034us.jpg 0.666225 0.680791 0.197510 -0.231640 564.055331 -1222.387902 59.573434
slice22/query/img_07908_c1_1299251229381784us.jpg 0.666660 0.680320 0.197157 -0.232073 563.020443 -1222.187715 59.592103
slice22/query/img_07909_c1_1299251229515365us.jpg 0.666667 0.679956 0.197790 -0.232581 560.946928 -1221.778581 59.634530
slice22/query/img_07910_c1_1299251229581810us.jpg 0.666189 0.680334 0.197753 -0.232878 559.907914 -1221.575171 59.656319
slice22/query/img_07911_c1_1299251229648411us.jpg 0.665601 0.680941 0.197284 -0.233180 558.864871 -1221.371122 59.674127
slice22/query/img_07912_c1_1299251229715036us.jpg 0.665146 0.681362 0.196837 -0.233627 557.825476 -1221.164467 59.692024
slice22/query/img_07913_c1_1299251229848419us.jpg 0.664773 0.681598 0.196870 -0.233974 555.742968 -1220.760271 59.730751
slice22/query/img_07914_c1_1299251229915048us.jpg 0.664713 0.681523 0.197521 -0.233813 554.696444 -1220.557068 59.753852
slice22/query/img_07915_c1_1299251229981787us.jpg 0.664589 0.681539 0.197858 -0.233834 553.652835 -1220.358651 59.774788
slice22/query/img_07916_c1_1299251230048413us.jpg 0.664433 0.681727 0.197868 -0.233719 552.613907 -1220.155859 59.795551
slice22/query/img_07917_c1_1299251230181814us.jpg 0.664495 0.681793 0.198035 -0.233210 550.526347 -1219.764249 59.842687
slice22/query/img_07918_c1_1299251230248414us.jpg 0.664874 0.681484 0.198175 -0.232913 549.487690 -1219.565534 59.862661
slice22/query/img_07919_c1_1299251230315039us.jpg 0.665234 0.681077 0.198707 -0.232625 548.448499 -1219.368530 59.883828
slice22/query/img_07920_c1_1299251230381790us.jpg 0.665423 0.680770 0.199623 -0.232195 547.411951 -1219.172709 59.908934
slice22/query/img_07921_c1_1299251230515066us.jpg 0.665363 0.680855 0.199829 -0.231942 545.341377 -1218.781276 59.947247
slice22/query/img_07922_c1_1299251230581791us.jpg 0.665133 0.681162 0.199733 -0.231782 544.312646 -1218.583844 59.967943
slice22/query/img_07923_c1_1299251230648416us.jpg 0.665072 0.681252 0.199876 -0.231572 543.283747 -1218.386053 59.988385
slice22/query/img_07924_c1_1299251230781796us.jpg 0.665935 0.680183 0.200668 -0.231547 541.223939 -1217.994582 60.023394
slice22/query/img_07925_c1_1299251230848417us.jpg 0.666345 0.679751 0.200750 -0.231565 540.201852 -1217.800885 60.042805
slice22/query/img_07926_c1_1299251230915043us.jpg 0.666511 0.679653 0.200332 -0.231735 539.182918 -1217.603963 60.059983
slice22/query/img_07927_c1_1299251231048455us.jpg 0.666008 0.680362 0.198987 -0.232262 537.152404 -1217.217622 60.096042
slice22/query/img_07928_c1_1299251231115045us.jpg 0.665304 0.681149 0.198609 -0.232296 536.140230 -1217.021083 60.116300
slice22/query/img_07929_c1_1299251231181795us.jpg 0.664392 0.682055 0.197821 -0.232918 535.136412 -1216.820496 60.136456
slice22/query/img_07930_c1_1299251231315067us.jpg 0.662572 0.683436 0.197849 -0.234028 533.123517 -1216.424298 60.173647
slice22/query/img_07931_c1_1299251231381820us.jpg 0.661879 0.683967 0.198531 -0.233862 532.119929 -1216.226408 60.197225
slice22/query/img_07932_c1_1299251231448420us.jpg 0.661545 0.684463 0.199072 -0.232893 531.119169 -1216.038377 60.222204
slice22/query/img_07933_c1_1299251231515046us.jpg 0.661958 0.684312 0.199142 -0.232101 530.119408 -1215.846325 60.244587
slice22/query/img_07934_c1_1299251231648457us.jpg 0.664754 0.682042 0.198716 -0.231155 528.135838 -1215.485479 60.277814
slice22/query/img_07935_c1_1299251231781797us.jpg 0.666317 0.680613 0.198450 -0.231097 526.167108 -1215.104711 60.319918
slice22/query/img_07936_c1_1299251231915074us.jpg 0.664858 0.682071 0.197152 -0.232110 524.200512 -1214.723080 60.348777
slice22/query/img_07937_c1_1299251231981808us.jpg 0.663338 0.683670 0.196108 -0.232635 523.221595 -1214.525400 60.368229
slice22/query/img_07938_c1_1299251232048434us.jpg 0.661965 0.685002 0.196110 -0.232629 522.244726 -1214.325461 60.388845
slice22/query/img_07939_c1_1299251232115049us.jpg 0.661258 0.685723 0.196232 -0.232411 521.276722 -1214.133690 60.410410
slice22/query/img_07940_c1_1299251232248428us.jpg 0.662596 0.684713 0.196276 -0.231539 519.342410 -1213.763528 60.445889
slice22/query/img_07941_c1_1299251232315050us.jpg 0.663899 0.683590 0.196816 -0.230665 518.380254 -1213.577332 60.469801
slice22/query/img_07942_c1_1299251232381800us.jpg 0.665182 0.682481 0.197586 -0.229592 517.415992 -1213.393956 60.492910
slice22/query/img_07943_c1_1299251232515075us.jpg 0.667032 0.680981 0.198459 -0.227918 515.497018 -1213.019828 60.526086
slice22/query/img_07944_c1_1299251232581801us.jpg 0.667008 0.681132 0.198147 -0.227812 514.542052 -1212.829844 60.541198
slice22/query/img_07945_c1_1299251232715054us.jpg 0.665938 0.682253 0.196372 -0.229119 512.642854 -1212.444582 60.565482
slice22/query/img_07946_c1_1299251232781802us.jpg 0.665014 0.683033 0.195634 -0.230108 511.694182 -1212.244559 60.580728
slice22/query/img_07947_c1_1299251232848430us.jpg 0.663928 0.683925 0.195672 -0.230562 510.744998 -1212.043932 60.595990
slice22/query/img_07948_c1_1299251232981806us.jpg 0.663243 0.684459 0.196578 -0.230179 508.831738 -1211.660488 60.631373
slice22/query/img_07949_c1_1299251233048432us.jpg 0.663653 0.684063 0.197065 -0.229755 507.880466 -1211.468610 60.648228
slice22/query/img_07950_c1_1299251233248429us.jpg 0.667160 0.680505 0.199117 -0.228389 505.004555 -1210.897148 60.703805
slice22/query/img_07951_c1_1299251233381845us.jpg 0.667161 0.680157 0.199525 -0.229068 503.051211 -1210.505927 60.727354
slice22/query/img_07952_c1_1299251233448455us.jpg 0.666113 0.680919 0.199526 -0.229852 502.069960 -1210.307023 60.735165
slice22/query/img_07953_c1_1299251233515056us.jpg 0.664837 0.681832 0.200094 -0.230345 501.087228 -1210.106220 60.744744
slice22/query/img_07954_c1_1299251233581807us.jpg 0.663562 0.682679 0.200798 -0.230898 500.100571 -1209.906998 60.754330
slice22/query/img_07955_c1_1299251233715061us.jpg 0.662349 0.683451 0.201663 -0.231344 498.118879 -1209.524599 60.772645
slice22/query/img_07956_c1_1299251233781808us.jpg 0.662536 0.683181 0.202006 -0.231305 497.121771 -1209.333281 60.776981
slice22/query/img_07957_c1_1299251233848441us.jpg 0.662974 0.682424 0.203046 -0.231377 496.129056 -1209.138757 60.783556
slice22/query/img_07958_c1_1299251233981832us.jpg 0.664212 0.680856 0.206520 -0.229361 494.129805 -1208.761564 60.813102
slice22/query/img_07959_c1_1299251234048438us.jpg 0.664121 0.680960 0.207396 -0.228527 493.122457 -1208.578740 60.824550
slice22/query/img_07960_c1_1299251234115060us.jpg 0.663878 0.681104 0.208260 -0.228016 492.108475 -1208.388642 60.825785
slice22/query/img_07961_c1_1299251234248448us.jpg 0.662561 0.682237 0.208988 -0.227794 490.086249 -1208.014844 60.842649
slice22/query/img_07962_c1_1299251234315060us.jpg 0.661985 0.682716 0.208716 -0.228279 489.068272 -1207.818780 60.838257
slice22/query/img_07963_c1_1299251234381810us.jpg 0.661382 0.683249 0.208519 -0.228617 488.049323 -1207.626529 60.840099
