slice22/database/img_07144_c1_1303399106316137us.jpg 0.712719 0.700694 0.019892 -0.025761 731.204819 -1279.303351 57.860328
slice22/database/img_07145_c1_1303399106449572us.jpg 0.712980 0.700220 0.023629 -0.028167 729.887086 -1278.113511 57.860692
slice22/database/img_07146_c1_1303399106582888us.jpg 0.714222 0.698703 0.027489 -0.030741 728.553781 -1276.938224 57.854590
slice22/database/img_07147_c1_1303399106782890us.jpg 0.713023 0.699457 0.031381 -0.037045 726.572915 -1275.195806 57.848762
slice22/database/img_07148_c1_1303399106916175us.jpg 0.711268 0.700866 0.033357 -0.042096 725.224355 -1274.039489 57.848064
slice22/database/img_07149_c1_1303399106982891us.jpg 0.710396 0.701558 0.034660 -0.044186 724.539820 -1273.463678 57.848965
slice22/database/img_07150_c1_1303399107049515us.jpg 0.709907 0.701853 0.036102 -0.046157 723.851110 -1272.893188 57.848457
slice22/database/img_07151_c1_1303399107116140us.jpg 0.709861 0.701696 0.037820 -0.047852 723.158360 -1272.326974 57.848890
slice22/database/img_07152_c1_1303399107249525us.jpg 0.710537 0.700581 0.041931 -0.050652 721.757345 -1271.195967 57.853769
slice22/database/img_07153_c1_1303399107316141us.jpg 0.711202 0.699685 0.044642 -0.051371 721.046230 -1270.638501 57.856172
slice22/database/img_07154_c1_1303399107382892us.jpg 0.711868 0.698776 0.047685 -0.051788 720.331303 -1270.084528 57.858677
slice22/database/img_07155_c1_1303399107516167us.jpg 0.712472 0.697680 0.052323 -0.053748 718.895582 -1268.977231 57.857913
slice22/database/img_07156_c1_1303399107582893us.jpg 0.712566 0.697330 0.053990 -0.055369 718.165555 -1268.427337 57.857076
slice22/database/img_07157_c1_1303399107649518us.jpg 0.712627 0.696987 0.055374 -0.057499 717.434871 -1267.880126 57.853850
slice22/database/img_07158_c1_1303399107782897us.jpg 0.712524 0.696535 0.057100 -0.062364 715.964581 -1266.787618 57.847628
slice22/database/img_07159_c1_1303399107849518us.jpg 0.712034 0.696744 0.057734 -0.064982 715.226073 -1266.240542 57.841605
slice22/database/img_07160_c1_1303399107916144us.jpg 0.711122 0.697338 0.058965 -0.067448 714.485901 -1265.698989 57.841956
slice22/database/img_07161_c1_1303399108049551us.jpg 0.709055 0.698714 0.062873 -0.071313 712.981060 -1264.620706 57.846555
slice22/database/img_07162_c1_1303399108116147us.jpg 0.708239 0.699159 0.064872 -0.073258 712.222024 -1264.082524 57.847871
slice22/database/img_07163_c1_1303399108182896us.jpg 0.707615 0.699430 0.066643 -0.075077 711.460563 -1263.547026 57.849228
slice22/database/img_07164_c1_1303399108316173us.jpg 0.707284 0.699015 0.070204 -0.078739 709.914796 -1262.505565 57.850393
slice22/database/img_07165_c1_1303399108382897us.jpg 0.707059 0.698778 0.072024 -0.081170 709.137376 -1261.986457 57.848871
slice22/database/img_07166_c1_1303399108582900us.jpg 0.705459 0.698848 0.076967 -0.089522 706.779590 -1260.428569 57.844723
slice22/database/img_07167_c1_1303399108716153us.jpg 0.703555 0.699698 0.081160 -0.094059 705.182567 -1259.398892 57.854175
slice22/database/img_07168_c1_1303399108849568us.jpg 0.702945 0.699263 0.085112 -0.098261 703.552791 -1258.383513 57.852847
slice22/database/img_07169_c1_1303399108916151us.jpg 0.703062 0.698634 0.086686 -0.100497 702.732276 -1257.887112 57.849909
slice22/database/img_07170_c1_1303399108982901us.jpg 0.703264 0.697880 0.088482 -0.102734 701.906494 -1257.397674 57.848753
slice22/database/img_07171_c1_1303399109049526us.jpg 0.703506 0.696988 0.091176 -0.104752 701.074308 -1256.908211 57.848772
slice22/database/img_07172_c1_1303399109182926us.jpg 0.703310 0.695945 0.096111 -0.108530 699.395803 -1255.939610 57.858196
slice22/database/img_07173_c1_1303399109249527us.jpg 0.703206 0.695535 0.097926 -0.110199 698.548961 -1255.461810 57.858692
slice22/database/img_07174_c1_1303399109316152us.jpg 0.703279 0.694915 0.100094 -0.111683 697.700546 -1254.985961 57.859448
slice22/database/img_07175_c1_1303399109449555us.jpg 0.703848 0.693336 0.104422 -0.113928 695.987667 -1254.059381 57.866010
slice22/database/img_07176_c1_1303399109516153us.jpg 0.704080 0.692572 0.106250 -0.115438 695.125501 -1253.596838 57.868755
slice22/database/img_07177_c1_1303399109582903us.jpg 0.704007 0.692086 0.108022 -0.117146 694.265235 -1253.139561 57.873511
slice22/database/img_07178_c1_1303399109716177us.jpg 0.702670 0.692289 0.110843 -0.121262 692.528772 -1252.230001 57.889460
slice22/database/img_07179_c1_1303399109782905us.jpg 0.701521 0.692827 0.112477 -0.123321 691.661343 -1251.769290 57.890388
slice22/database/img_07180_c1_1303399109849531us.jpg 0.700313 0.693394 0.114085 -0.125500 690.789121 -1251.313767 57.887462
slice22/database/img_07181_c1_1303399109982908us.jpg 0.699022 0.693421 0.116946 -0.129847 689.027567 -1250.431522 57.875714
slice22/database/img_07182_c1_1303399110049532us.jpg 0.698916 0.692858 0.118727 -0.131784 688.137245 -1249.993483 57.872569
slice22/database/img_07183_c1_1303399110116158us.jpg 0.699041 0.692058 0.120787 -0.133448 687.245907 -1249.562189 57.872078
slice22/database/img_07184_c1_1303399110249537us.jpg 0.699531 0.690156 0.125014 -0.136790 685.448758 -1248.715488 57.862719
slice22/database/img_07185_c1_1303399110316182us.jpg 0.699250 0.689675 0.127203 -0.138630 684.539512 -1248.289447 57.863322
slice22/database/img_07186_c1_1303399110382908us.jpg 0.698610 0.689548 0.129105 -0.140712 683.632741 -1247.874785 57.870040
slice22/database/img_07187_c1_1303399110516161us.jpg 0.697283 0.689340 0.132264 -0.145302 681.771953 -1247.067326 57.881473
slice22/database/img_07188_c1_1303399110582909us.jpg 0.696347 0.689557 0.133964 -0.147193 680.834690 -1246.670099 57.884540
slice22/database/img_07189_c1_1303399110716161us.jpg 0.695177 0.689059 0.138068 -0.151208 678.966503 -1245.886106 57.886613
slice22/database/img_07190_c1_1303399110782910us.jpg 0.694918 0.688538 0.139813 -0.153155 678.014184 -1245.496710 57.889729
slice22/database/img_07191_c1_1303399110849535us.jpg 0.694573 0.688062 0.141593 -0.155210 677.065372 -1245.111653 57.893763
slice22/database/img_07192_c1_1303399110983768us.jpg 0.693811 0.687130 0.145318 -0.159251 675.158720 -1244.361754 57.904049
slice22/database/img_07193_c1_1303399111049562us.jpg 0.693126 0.686945 0.146710 -0.161740 674.197770 -1243.991792 57.908681
slice22/database/img_07194_c1_1303399111116162us.jpg 0.692221 0.686943 0.148342 -0.164114 673.229953 -1243.617739 57.912082
slice22/database/img_07195_c1_1303399111182912us.jpg 0.691088 0.687131 0.149807 -0.166754 672.262286 -1243.251805 57.918100
slice22/database/img_07196_c1_1303399111316289us.jpg 0.689628 0.686546 0.153362 -0.171893 670.299453 -1242.550857 57.926370
slice22/database/img_07197_c1_1303399111382917us.jpg 0.689066 0.686070 0.155207 -0.174374 669.321611 -1242.205962 57.929945
slice22/database/img_07198_c1_1303399111449539us.jpg 0.688622 0.685561 0.156789 -0.176699 668.333418 -1241.863934 57.936315
slice22/database/img_07199_c1_1303399111516164us.jpg 0.688628 0.684589 0.158278 -0.179099 667.348705 -1241.532896 57.943001
slice22/database/img_07200_c1_1303399111649547us.jpg 0.688629 0.682551 0.162467 -0.183082 665.366568 -1240.891433 57.963310
slice22/database/img_07201_c1_1303399111716165us.jpg 0.687718 0.682408 0.165086 -0.184691 664.369061 -1240.570326 57.975498
slice22/database/img_07202_c1_1303399111782917us.jpg 0.686176 0.682836 0.167195 -0.186931 663.369647 -1240.249587 57.982711
slice22/database/img_07203_c1_1303399111916171us.jpg 0.682886 0.683725 0.170283 -0.192847 661.373914 -1239.628747 57.989388
slice22/database/img_07204_c1_1303399111982915us.jpg 0.681445 0.684003 0.171649 -0.195728 660.364644 -1239.327729 57.990027
slice22/database/img_07205_c1_1303399112049542us.jpg 0.680190 0.684191 0.172971 -0.198258 659.351836 -1239.034524 57.994037
slice22/database/img_07206_c1_1303399112116167us.jpg 0.679066 0.684203 0.174535 -0.200682 658.336796 -1238.750130 58.001303
slice22/database/img_07207_c1_1303399112249549us.jpg 0.678378 0.683023 0.179005 -0.203078 656.298636 -1238.207110 58.019785
slice22/database/img_07208_c1_1303399112316168us.jpg 0.678939 0.681149 0.182529 -0.204357 655.272489 -1237.951129 58.034509
slice22/database/img_07209_c1_1303399112382919us.jpg 0.680466 0.678609 0.185672 -0.204894 654.240432 -1237.701742 58.048099
slice22/database/img_07210_c1_1303399112516196us.jpg 0.681753 0.676414 0.187090 -0.206578 652.174033 -1237.212733 58.066240
slice22/database/img_07211_c1_1303399112582920us.jpg 0.682061 0.675750 0.187030 -0.207784 651.139432 -1236.973878 58.071570
slice22/database/img_07212_c1_1303399112649545us.jpg 0.681433 0.675955 0.187129 -0.209086 650.092109 -1236.722557 58.080435
slice22/database/img_07213_c1_1303399112782924us.jpg 0.679891 0.676880 0.188521 -0.209859 647.983288 -1236.235854 58.087097
slice22/database/img_07214_c1_1303399112849558us.jpg 0.677985 0.678333 0.189050 -0.210857 646.928245 -1235.981177 58.097286
slice22/database/img_07215_c1_1303399112916172us.jpg 0.676325 0.679632 0.189321 -0.211760 645.873256 -1235.733894 58.105983
slice22/database/img_07216_c1_1303399112982921us.jpg 0.675221 0.680401 0.189209 -0.212910 644.819178 -1235.493675 58.111156
slice22/database/img_07217_c1_1303399113116204us.jpg 0.676155 0.678656 0.190158 -0.214666 642.706036 -1235.022864 58.126251
slice22/database/img_07218_c1_1303399113182923us.jpg 0.677572 0.676908 0.190715 -0.215220 641.642917 -1234.798465 58.138277
slice22/database/img_07219_c1_1303399113249548us.jpg 0.678468 0.675773 0.190471 -0.216178 640.581113 -1234.569308 58.149118
slice22/database/img_07220_c1_1303399113382927us.jpg 0.677824 0.675780 0.192783 -0.216127 638.444250 -1234.108515 58.185598
slice22/database/img_07221_c1_1303399113449577us.jpg 0.676465 0.676740 0.194981 -0.215408 637.368601 -1233.877444 58.199383
slice22/database/img_07222_c1_1303399113516175us.jpg 0.675000 0.677799 0.196474 -0.215315 636.295572 -1233.644379 58.211794
slice22/database/img_07223_c1_1303399113582926us.jpg 0.674261 0.678180 0.196933 -0.216012 635.224275 -1233.416316 58.218673
slice22/database/img_07224_c1_1303399113716205us.jpg 0.674990 0.677103 0.195162 -0.218704 633.079826 -1232.979627 58.229171
slice22/database/img_07225_c1_1303399113782926us.jpg 0.675860 0.676136 0.194225 -0.219841 632.002132 -1232.762962 58.234556
slice22/database/img_07226_c1_1303399113849551us.jpg 0.676835 0.674914 0.194291 -0.220539 630.916081 -1232.548286 58.246333
slice22/database/img_07227_c1_1303399113982932us.jpg 0.676804 0.674573 0.194821 -0.221209 628.748234 -1232.107462 58.283414
slice22/database/img_07228_c1_1303399114049552us.jpg 0.675561 0.675645 0.195004 -0.221573 627.654807 -1231.885906 58.303172
slice22/database/img_07229_c1_1303399114116177us.jpg 0.674193 0.676799 0.194995 -0.222226 626.563308 -1231.660766 58.317678
slice22/database/img_07230_c1_1303399114249581us.jpg 0.672196 0.678484 0.195808 -0.222421 624.391097 -1231.222193 58.351137
slice22/database/img_07231_c1_1303399114316206us.jpg 0.672015 0.678769 0.196061 -0.221874 623.306883 -1231.007140 58.368508
slice22/database/img_07232_c1_1303399114382930us.jpg 0.672686 0.678239 0.196177 -0.221357 622.220888 -1230.793902 58.381802
slice22/database/img_07233_c1_1303399114449555us.jpg 0.673881 0.677231 0.196273 -0.220724 621.142616 -1230.582862 58.394546
slice22/database/img_07234_c1_1303399114582935us.jpg 0.676072 0.675375 0.196378 -0.219614 618.995260 -1230.163637 58.423738
slice22/database/img_07235_c1_1303399114649556us.jpg 0.676532 0.675069 0.196504 -0.219029 617.918396 -1229.950200 58.439198
slice22/database/img_07236_c1_1303399114782964us.jpg 0.676086 0.676035 0.195526 -0.218297 615.778311 -1229.520967 58.470904
slice22/database/img_07237_c1_1303399114849558us.jpg 0.675448 0.676963 0.194619 -0.218206 614.706495 -1229.300023 58.484845
slice22/database/img_07238_c1_1303399114916184us.jpg 0.674639 0.677952 0.194382 -0.217852 613.639160 -1229.076777 58.500008
slice22/database/img_07239_c1_1303399115049582us.jpg 0.673169 0.679708 0.193900 -0.217357 611.509859 -1228.629614 58.528077
slice22/database/img_07240_c1_1303399115116192us.jpg 0.672680 0.680525 0.192872 -0.217228 610.444854 -1228.399272 58.540692
slice22/database/img_07241_c1_1303399115182937us.jpg 0.672570 0.680901 0.191659 -0.217464 609.381975 -1228.169738 58.552598
slice22/database/img_07242_c1_1303399115316213us.jpg 0.673796 0.679617 0.190281 -0.218890 607.274205 -1227.714090 58.578017
slice22/database/img_07243_c1_1303399115382935us.jpg 0.673968 0.679402 0.190339 -0.218976 606.215114 -1227.489097 58.593937
slice22/database/img_07244_c1_1303399115449561us.jpg 0.673828 0.679554 0.190491 -0.218804 605.152818 -1227.264460 58.612157
slice22/database/img_07245_c1_1303399115582937us.jpg 0.673386 0.679839 0.190334 -0.219416 603.039673 -1226.806602 58.641289
slice22/database/img_07246_c1_1303399115649562us.jpg 0.672511 0.680547 0.191010 -0.219316 601.981551 -1226.580050 58.661058
slice22/database/img_07247_c1_1303399115716188us.jpg 0.671103 0.681892 0.191406 -0.219107 600.923990 -1226.350710 58.679726
slice22/database/img_07248_c1_1303399115849590us.jpg 0.670140 0.681948 0.191382 -0.221884 598.826298 -1225.896669 58.705473
slice22/database/img_07249_c1_1303399115916197us.jpg 0.669987 0.681647 0.191114 -0.223496 597.781028 -1225.676088 58.722707
slice22/database/img_07250_c1_1303399115982948us.jpg 0.669736 0.681625 0.190600 -0.224751 596.742324 -1225.462342 58.740786
slice22/database/img_07251_c1_1303399116116214us.jpg 0.668242 0.682525 0.190021 -0.226945 594.669646 -1225.023921 58.778994
slice22/database/img_07252_c1_1303399116182949us.jpg 0.667672 0.682611 0.190829 -0.227686 593.630446 -1224.808449 58.804883
slice22/database/img_07253_c1_1303399116249565us.jpg 0.667512 0.682342 0.191539 -0.228361 592.594633 -1224.595942 58.827204
slice22/database/img_07254_c1_1303399116382976us.jpg 0.666037 0.683277 0.192894 -0.228735 590.521198 -1224.181247 58.878632
slice22/database/img_07255_c1_1303399116449565us.jpg 0.665370 0.683827 0.193216 -0.228761 589.486646 -1223.974258 58.901525
slice22/database/img_07256_c1_1303399116516195us.jpg 0.665642 0.683429 0.193755 -0.228701 588.456792 -1223.777139 58.925705
slice22/database/img_07257_c1_1303399116649578us.jpg 0.666847 0.682534 0.194436 -0.227282 586.401513 -1223.398720 58.969331
slice22/database/img_07258_c1_1303399116716214us.jpg 0.666614 0.683169 0.194873 -0.225679 585.381531 -1223.204448 58.989804
slice22/database/img_07259_c1_1303399116849571us.jpg 0.667645 0.682725 0.194945 -0.223904 583.345169 -1222.810263 59.021730
slice22/database/img_07260_c1_1303399116916197us.jpg 0.668060 0.682626 0.193771 -0.223988 582.335832 -1222.608240 59.031620
slice22/database/img_07261_c1_1303399116982948us.jpg 0.668461 0.682474 0.192058 -0.224728 581.329258 -1222.404045 59.041119
slice22/database/img_07262_c1_1303399117116205us.jpg 0.668171 0.683378 0.189535 -0.224985 579.319782 -1221.992457 59.074675
slice22/database/img_07263_c1_1303399117182952us.jpg 0.667648 0.684096 0.189718 -0.224200 578.312202 -1221.776997 59.094172
slice22/database/img_07264_c1_1303399117249570us.jpg 0.667448 0.684112 0.190016 -0.224492 577.313866 -1221.566533 59.114522
slice22/database/img_07265_c1_1303399117382950us.jpg 0.668163 0.683255 0.190539 -0.224535 575.313184 -1221.154676 59.154467
slice22/database/img_07266_c1_1303399117449571us.jpg 0.667844 0.683915 0.191071 -0.223016 574.318372 -1220.949926 59.176997
slice22/database/img_07267_c1_1303399117583350us.jpg 0.666561 0.684850 0.192055 -0.223141 572.340262 -1220.533831 59.210087
slice22/database/img_07268_c1_1303399117649597us.jpg 0.667361 0.683788 0.192220 -0.223864 571.362089 -1220.334882 59.228659
slice22/database/img_07269_c1_1303399117849611us.jpg 0.661776 0.688159 0.191222 -0.227870 568.424224 -1219.735333 59.271519
slice22/database/img_07270_c1_1303399118382991us.jpg 0.668432 0.680182 0.196128 -0.228219 560.574381 -1218.348212 59.627948
slice22/database/img_07271_c1_1303399118716210us.jpg 0.667270 0.681028 0.196689 -0.228616 555.791323 -1217.413546 59.650172
slice22/database/img_07272_c1_1303399118782954us.jpg 0.665336 0.682899 0.194712 -0.230356 554.814786 -1217.211081 59.653769
slice22/database/img_07273_c1_1303399118916228us.jpg 0.665152 0.682981 0.194371 -0.230931 552.867270 -1216.829873 59.681590
slice22/database/img_07274_c1_1303399118982966us.jpg 0.666315 0.681895 0.195646 -0.229706 551.891129 -1216.647263 59.704524
slice22/database/img_07275_c1_1303399119049580us.jpg 0.667612 0.680703 0.196895 -0.228407 550.917628 -1216.468824 59.727838
slice22/database/img_07276_c1_1303399119249618us.jpg 0.668458 0.679605 0.198521 -0.227794 547.991580 -1215.912013 59.788231
slice22/database/img_07277_c1_1303399119716219us.jpg 0.664596 0.682709 0.195163 -0.232664 541.167636 -1214.601364 59.917477
slice22/database/img_07278_c1_1303399119849590us.jpg 0.665333 0.682008 0.196663 -0.231346 539.197194 -1214.235385 59.961237
slice22/database/img_07279_c1_1303399119916210us.jpg 0.665530 0.681621 0.196851 -0.231761 538.216271 -1214.047747 59.976884
slice22/database/img_07280_c1_1303399120049611us.jpg 0.665540 0.681326 0.195861 -0.233429 536.245457 -1213.667416 59.995953
slice22/database/img_07281_c1_1303399120116233us.jpg 0.665221 0.681654 0.195188 -0.233945 535.256777 -1213.479557 60.009170
slice22/database/img_07282_c1_1303399120182961us.jpg 0.664934 0.681975 0.194886 -0.234078 534.271254 -1213.295837 60.025436
slice22/database/img_07283_c1_1303399120316216us.jpg 0.664541 0.682296 0.195610 -0.233656 532.288987 -1212.926929 60.066294
slice22/database/img_07284_c1_1303399120382961us.jpg 0.664785 0.682000 0.196190 -0.233336 531.293888 -1212.739321 60.085865
slice22/database/img_07285_c1_1303399120449587us.jpg 0.665085 0.681638 0.196570 -0.233220 530.297188 -1212.555469 60.103812
slice22/database/img_07286_c1_1303399120582971us.jpg 0.665635 0.681125 0.197421 -0.232429 528.296462 -1212.188944 60.139601
slice22/database/img_07287_c1_1303399120649589us.jpg 0.665760 0.680967 0.197636 -0.232354 527.297937 -1212.002692 60.156462
slice22/database/img_07288_c1_1303399120716257us.jpg 0.665762 0.680858 0.197511 -0.232773 526.302524 -1211.815436 60.173302
slice22/database/img_07289_c1_1303399120849590us.jpg 0.666337 0.679996 0.197666 -0.233515 524.296195 -1211.455933 60.202175
slice22/database/img_07290_c1_1303399120916215us.jpg 0.666204 0.680030 0.197761 -0.233714 523.291752 -1211.266720 60.218049
slice22/database/img_07291_c1_1303399121116252us.jpg 0.665775 0.680341 0.197454 -0.234290 520.274409 -1210.718284 60.271883
slice22/database/img_07292_c1_1303399121382974us.jpg 0.666069 0.679929 0.198421 -0.233835 516.247247 -1209.977946 60.347164
slice22/database/img_07293_c1_1303399121449593us.jpg 0.666107 0.680080 0.198427 -0.233279 515.229788 -1209.794147 60.363438
slice22/database/img_07294_c1_1303399121516219us.jpg 0.666234 0.680191 0.198096 -0.232874 514.215354 -1209.605775 60.379198
slice22/database/img_07295_c1_1303399121649595us.jpg 0.665728 0.681079 0.197152 -0.232529 512.183476 -1209.231567 60.410190
slice22/database/img_07296_c1_1303399121716221us.jpg 0.665879 0.681187 0.196827 -0.232054 511.165300 -1209.044290 60.423460
slice22/database/img_07297_c1_1303399121782970us.jpg 0.665866 0.681159 0.196871 -0.232133 510.146280 -1208.849466 60.437587
slice22/database/img_07298_c1_1303399121916229us.jpg 0.666023 0.681594 0.196272 -0.230913 508.097358 -1208.464671 60.469419
slice22/database/img_07299_c1_1303399121982971us.jpg 0.666237 0.681659 0.195911 -0.230409 507.073468 -1208.268047 60.479873
slice22/database/img_07300_c1_1303399122049596us.jpg 0.666603 0.681544 0.195733 -0.229839 506.050502 -1208.072292 60.495154
slice22/database/img_07301_c1_1303399122182974us.jpg 0.666987 0.681701 0.195213 -0.228700 503.994415 -1207.671669 60.524131
slice22/database/img_07302_c1_1303399122249597us.jpg 0.667022 0.681881 0.195463 -0.227848 502.962460 -1207.470681 60.538439
slice22/database/img_07303_c1_1303399122316223us.jpg 0.666874 0.682030 0.195420 -0.227872 501.931278 -1207.262344 60.547657
