150111/0019/0529.jpg 0.0 0.0 0.0 0.0 64.11600000 0.35900000 1.43300000
160829/0010/0272.jpg 0.0 0.0 0.0 0.0 64.58900000 2.80500000 1.51800000
160321/0014/0758.jpg 0.0 0.0 0.0 0.0 64.89200000 5.37900000 1.60100000
140502/0015/0022.jpg 0.0 0.0 0.0 0.0 65.05200000 7.68600000 1.58200000
161018/0009/0877.jpg 0.0 0.0 0.0 0.0 64.70500000 9.79800000 1.77100000
160829/0010/0437.jpg 0.0 0.0 0.0 0.0 64.79000000 11.92500000 1.44200000
161123/0011/0472.jpg 0.0 0.0 0.0 0.0 65.60700000 13.98000000 1.06600000
160829/0010/0525.jpg 0.0 0.0 0.0 0.0 66.80300000 15.96200000 1.01500000
150312/0024/0708.jpg 0.0 0.0 0.0 0.0 67.66900000 17.54100000 1.12500000
140528/0018/0204.jpg 0.0 0.0 0.0 0.0 68.07700000 19.05900000 1.61700000
170626/0011/0310.jpg 0.0 0.0 0.0 0.0 68.07700000 20.53200000 1.81100000
150929/0023/0648.jpg 0.0 0.0 0.0 0.0 69.36200000 28.73400000 1.14900000
160426/0012/0604.jpg 0.0 0.0 0.0 0.0 69.74900000 30.46700000 1.71200000
160201/0014/0078.jpg 0.0 0.0 0.0 0.0 71.53000000 47.26600000 1.54900000
161018/0010/0823.jpg 0.0 0.0 0.0 0.0 71.42900000 49.81700000 1.36700000
141010/0024/0887.jpg 0.0 0.0 0.0 0.0 72.99000000 52.19400000 0.92100000
160606/0012/0645.jpg 0.0 0.0 0.0 0.0 75.17400000 54.34800000 0.91200000
160829/0011/0593.jpg 0.0 0.0 0.0 0.0 76.69200000 56.41400000 1.52900000
141029/0017/0125.jpg 0.0 0.0 0.0 0.0 76.82600000 58.41300000 1.66900000
141222/0032/0974.jpg 0.0 0.0 0.0 0.0 76.68300000 60.35700000 1.50000000
140718/0015/0801.jpg 0.0 0.0 0.0 0.0 77.31500000 62.61000000 1.14000000
141107/0019/0899.jpg 0.0 0.0 0.0 0.0 78.65700000 64.48200000 1.04100000
150226/0018/0731.jpg 0.0 0.0 0.0 0.0 79.38700000 66.62400000 1.76300000
160906/0012/0725.jpg 0.0 0.0 0.0 0.0 78.54800000 72.16700000 1.06300000
140122/0014/0906.jpg 0.0 0.0 0.0 0.0 79.80400000 74.01800000 1.07500000
160201/0014/0792.jpg 0.0 0.0 0.0 0.0 81.26500000 76.07800000 0.91100000
160927/0012/0444.jpg 0.0 0.0 0.0 0.0 82.33700000 77.73400000 1.26000000
170411/0017/0225.jpg 0.0 0.0 0.0 0.0 82.93300000 79.41000000 1.31300000
160411/0011/0880.jpg 0.0 0.0 0.0 0.0 83.18000000 81.53600000 1.38000000
161223/0013/0596.jpg 0.0 0.0 0.0 0.0 83.20200000 83.97000000 1.47200000
160829/0012/0367.jpg 0.0 0.0 0.0 0.0 83.49100000 86.32600000 1.47000000
160912/0012/0779.jpg 0.0 0.0 0.0 0.0 83.56300000 88.91800000 1.59400000
160912/0012/0830.jpg 0.0 0.0 0.0 0.0 83.53400000 91.50600000 1.52600000
160216/0016/0423.jpg 0.0 0.0 0.0 0.0 83.90200000 93.64600000 1.12900000
160912/0012/0929.jpg 0.0 0.0 0.0 0.0 84.77000000 95.59100000 1.08000000
160923/0013/0239.jpg 0.0 0.0 0.0 0.0 86.31000000 97.67500000 0.93000000
160923/0013/0287.jpg 0.0 0.0 0.0 0.0 87.75000000 99.51800000 1.01800000
160418/0014/0267.jpg 0.0 0.0 0.0 0.0 88.87700000 101.40000000 1.04800000
161010/0015/0151.jpg 0.0 0.0 0.0 0.0 89.89800000 103.56500000 1.06700000
160601/0012/0872.jpg 0.0 0.0 0.0 0.0 90.40700000 105.53400000 1.49900000
150305/0019/0855.jpg 0.0 0.0 0.0 0.0 90.32000000 107.65800000 1.80900000
160906/0013/0653.jpg 0.0 0.0 0.0 0.0 89.76400000 109.72600000 1.78800000
140718/0017/0002.jpg 0.0 0.0 0.0 0.0 89.27100000 111.49000000 1.81000000
170904/0012/0426.jpg 0.0 0.0 0.0 0.0 89.03900000 113.28700000 1.69300000
140106/0020/0410.jpg 0.0 0.0 0.0 0.0 89.23900000 114.94300000 1.37000000
161010/0015/0504.jpg 0.0 0.0 0.0 0.0 90.15700000 116.81700000 1.10300000
150813/0016/0843.jpg 0.0 0.0 0.0 0.0 91.34100000 118.67200000 1.15600000
151214/0016/0798.jpg 0.0 0.0 0.0 0.0 92.13500000 120.21800000 1.17900000
150910/0016/0920.jpg 0.0 0.0 0.0 0.0 92.87500000 121.99400000 1.07000000
161216/0016/0756.jpg 0.0 0.0 0.0 0.0 94.04300000 123.32400000 0.81600000
150111/0024/0362.jpg 0.0 0.0 0.0 0.0 95.88900000 124.84000000 0.97900000
150625/0018/0366.jpg 0.0 0.0 0.0 0.0 97.66700000 126.23300000 0.83000000
150625/0018/0424.jpg 0.0 0.0 0.0 0.0 98.69900000 127.61300000 1.27000000
140718/0017/0389.jpg 0.0 0.0 0.0 0.0 98.83900000 129.46000000 1.59000000
161216/0017/0072.jpg 0.0 0.0 0.0 0.0 98.18100000 131.40100000 1.82400000
140606/0039/0668.jpg 0.0 0.0 0.0 0.0 97.86100000 132.89300000 1.68200000
161010/0016/0001.jpg 0.0 0.0 0.0 0.0 97.67400000 134.37700000 1.80800000
140117/0028/0787.jpg 0.0 0.0 0.0 0.0 97.73200000 136.16500000 1.53800000
160426/0015/0507.jpg 0.0 0.0 0.0 0.0 97.94000000 138.30700000 1.36900000
160816/0015/0033.jpg 0.0 0.0 0.0 0.0 95.77900000 151.78200000 2.33500000
150226/0021/0453.jpg 0.0 0.0 0.0 0.0 95.13100000 153.03900000 2.23500000
170411/0019/0276.jpg 0.0 0.0 0.0 0.0 94.25200000 154.52700000 2.13200000
170307/0016/0269.jpg 0.0 0.0 0.0 0.0 93.38100000 156.20600000 2.05100000
141107/0022/0949.jpg 0.0 0.0 0.0 0.0 92.42900000 157.97500000 2.20100000
140718/0018/0302.jpg 0.0 0.0 0.0 0.0 91.51700000 159.91200000 2.07200000
160715/0015/0720.jpg 0.0 0.0 0.0 0.0 90.86400000 161.76200000 1.96400000
151214/0018/0151.jpg 0.0 0.0 0.0 0.0 90.64800000 163.82700000 1.91300000
160816/0015/0461.jpg 0.0 0.0 0.0 0.0 89.74600000 169.24600000 1.57900000
160912/0014/0938.jpg 0.0 0.0 0.0 0.0 90.13500000 171.37100000 1.55700000
160715/0016/0058.jpg 0.0 0.0 0.0 0.0 89.63700000 176.01000000 1.99100000
160927/0014/0800.jpg 0.0 0.0 0.0 0.0 89.12700000 177.75700000 2.05500000
170411/0020/0020.jpg 0.0 0.0 0.0 0.0 88.42700000 179.54900000 2.04900000
150327/0023/0264.jpg 0.0 0.0 0.0 0.0 86.38800000 182.76700000 2.26500000
141215/0023/0389.jpg 0.0 0.0 0.0 0.0 85.39700000 184.48300000 2.16500000
140613/0020/0523.jpg 0.0 0.0 0.0 0.0 83.98800000 186.30200000 2.09700000
150929/0030/0260.jpg 0.0 0.0 0.0 0.0 82.81400000 187.99900000 1.95700000
140919/0024/0393.jpg 0.0 0.0 0.0 0.0 82.22900000 189.57000000 2.00100000
161216/0019/0027.jpg 0.0 0.0 0.0 0.0 81.76000000 191.37800000 1.83200000
161216/0019/0070.jpg 0.0 0.0 0.0 0.0 81.35800000 193.02000000 1.90800000
170419/0018/0040.jpg 0.0 0.0 0.0 0.0 80.83200000 194.01500000 2.11500000
161114/0031/0428.jpg 0.0 0.0 0.0 0.0 79.99600000 194.92600000 2.32200000
150806/0017/0003.jpg 0.0 0.0 0.0 0.0 78.64600000 196.09300000 2.48200000
150806/0017/0050.jpg 0.0 0.0 0.0 0.0 77.61900000 197.32000000 2.20900000
140122/0018/0552.jpg 0.0 0.0 0.0 0.0 76.92300000 199.01300000 2.01200000
140416/0018/0768.jpg 0.0 0.0 0.0 0.0 76.26600000 201.21000000 1.85200000
170217/0022/0635.jpg 0.0 0.0 0.0 0.0 75.57400000 203.12800000 2.13700000
160321/0021/0484.jpg 0.0 0.0 0.0 0.0 74.56100000 204.85900000 2.00100000
160606/0016/0886.jpg 0.0 0.0 0.0 0.0 73.73100000 206.37100000 2.02100000
150910/0019/0743.jpg 0.0 0.0 0.0 0.0 72.95500000 207.94900000 1.94700000
141121/0023/0161.jpg 0.0 0.0 0.0 0.0 72.91800000 209.88300000 1.68100000
160616/0016/0584.jpg 0.0 0.0 0.0 0.0 73.31200000 212.22600000 1.32500000
170320/0015/0611.jpg 0.0 0.0 0.0 0.0 73.76200000 214.16200000 1.54800000
170320/0015/0646.jpg 0.0 0.0 0.0 0.0 74.11800000 216.06400000 1.52200000
160715/0017/0307.jpg 0.0 0.0 0.0 0.0 74.19500000 218.03200000 1.77500000
150320/0021/0808.jpg 0.0 0.0 0.0 0.0 74.57100000 219.80800000 2.23500000
140904/0023/0934.jpg 0.0 0.0 0.0 0.0 73.90200000 220.98200000 2.40000000
171004/0013/0630.jpg 0.0 0.0 0.0 0.0 72.31900000 222.71900000 2.55300000
150929/0031/0448.jpg 0.0 0.0 0.0 0.0 70.96000000 223.81500000 2.05200000
170424/0016/0136.jpg 0.0 0.0 0.0 0.0 70.04000000 225.54400000 1.76200000
160725/0021/0536.jpg 0.0 0.0 0.0 0.0 70.03500000 227.30300000 1.63600000
170217/0023/0563.jpg 0.0 0.0 0.0 0.0 70.41100000 228.87800000 1.66800000
140122/0019/0454.jpg 0.0 0.0 0.0 0.0 70.44100000 230.43000000 1.66700000
150522/0024/0806.jpg 0.0 0.0 0.0 0.0 70.27500000 232.62100000 1.49200000
160725/0021/0760.jpg 0.0 0.0 0.0 0.0 70.28700000 234.88800000 1.50100000
160912/0016/0701.jpg 0.0 0.0 0.0 0.0 70.51700000 237.20600000 1.69400000
140718/0020/0395.jpg 0.0 0.0 0.0 0.0 70.35300000 238.80600000 1.75500000
160314/0020/0001.jpg 0.0 0.0 0.0 0.0 69.73600000 240.11000000 2.05600000
160906/0017/0003.jpg 0.0 0.0 0.0 0.0 68.81300000 241.31900000 1.97300000
170424/0016/0579.jpg 0.0 0.0 0.0 0.0 68.16800000 242.56700000 1.74000000
160927/0016/0518.jpg 0.0 0.0 0.0 0.0 67.91200000 244.16000000 1.77700000
160816/0017/0526.jpg 0.0 0.0 0.0 0.0 67.71000000 246.30100000 1.66900000
140117/0031/0471.jpg 0.0 0.0 0.0 0.0 67.60100000 248.48600000 1.82200000
160801/0016/0628.jpg 0.0 0.0 0.0 0.0 67.33200000 250.25400000 2.04500000
140117/0031/0527.jpg 0.0 0.0 0.0 0.0 66.75700000 250.92400000 2.35100000
160816/0017/0667.jpg 0.0 0.0 0.0 0.0 65.23200000 251.70400000 2.51300000
170223/0016/0737.jpg 0.0 0.0 0.0 0.0 64.91700000 251.59800000 2.16900000
140711/0035/0877.jpg 0.0 0.0 0.0 0.0 64.39000000 252.30900000 1.96600000
160725/0022/0446.jpg 0.0 0.0 0.0 0.0 64.24700000 253.94000000 1.81300000
170904/0016/0118.jpg 0.0 0.0 0.0 0.0 64.13700000 256.26800000 1.62000000
161123/0018/0664.jpg 0.0 0.0 0.0 0.0 64.19500000 260.86800000 1.43700000
150429/0019/0991.jpg 0.0 0.0 0.0 0.0 65.15000000 262.99600000 1.03500000
160725/0022/0793.jpg 0.0 0.0 0.0 0.0 67.36900000 264.80800000 0.71600000
160816/0018/0141.jpg 0.0 0.0 0.0 0.0 69.95100000 266.02900000 0.51500000
170424/0017/0322.jpg 0.0 0.0 0.0 0.0 71.61800000 267.36800000 1.11700000
140314/0033/0324.jpg 0.0 0.0 0.0 0.0 71.84700000 268.69800000 2.02800000
161010/0019/0749.jpg 0.0 0.0 0.0 0.0 71.24300000 270.05700000 2.01600000
151127/0022/0514.jpg 0.0 0.0 0.0 0.0 70.92400000 271.43500000 1.77600000
140613/0023/0312.jpg 0.0 0.0 0.0 0.0 70.95100000 273.03600000 1.49100000
170223/0017/0232.jpg 0.0 0.0 0.0 0.0 71.09500000 275.29300000 1.32400000
170411/0022/0927.jpg 0.0 0.0 0.0 0.0 71.40900000 277.80200000 1.38300000
150723/0026/0529.jpg 0.0 0.0 0.0 0.0 71.28800000 279.76200000 1.85300000
150305/0026/0394.jpg 0.0 0.0 0.0 0.0 70.97800000 281.29800000 1.92300000
160715/0019/0235.jpg 0.0 0.0 0.0 0.0 70.39300000 282.79000000 1.81000000
150929/0033/0530.jpg 0.0 0.0 0.0 0.0 69.80900000 284.35100000 1.66900000
150929/0033/0593.jpg 0.0 0.0 0.0 0.0 69.28500000 286.59500000 1.81500000
141107/0027/0645.jpg 0.0 0.0 0.0 0.0 69.23700000 289.13500000 1.58200000
160314/0021/0599.jpg 0.0 0.0 0.0 0.0 68.93300000 291.91000000 1.57700000
160725/0023/0595.jpg 0.0 0.0 0.0 0.0 69.21000000 294.93700000 1.71400000
170217/0026/0069.jpg 0.0 0.0 0.0 0.0 67.95000000 301.47100000 2.59400000
160927/0018/0231.jpg 0.0 0.0 0.0 0.0 66.87000000 302.22400000 2.88500000
170424/0018/0233.jpg 0.0 0.0 0.0 0.0 65.68700000 302.80200000 3.01800000
161114/0034/0572.jpg 0.0 0.0 0.0 0.0 64.29200000 303.25000000 2.59100000
171004/0016/0648.jpg 0.0 0.0 0.0 0.0 46.88600000 308.51000000 -2.05500000
150429/0022/0059.jpg 0.0 0.0 0.0 0.0 46.24400000 306.96500000 -1.94300000
150806/0020/0866.jpg 0.0 0.0 0.0 0.0 46.00600000 305.28000000 -1.94900000
140812/0027/0437.jpg 0.0 0.0 0.0 0.0 45.63500000 303.87400000 -2.14000000
150327/0031/0375.jpg 0.0 0.0 0.0 0.0 44.67400000 302.47600000 -2.41600000
150910/0023/0306.jpg 0.0 0.0 0.0 0.0 42.87200000 301.36000000 -2.46100000
140117/0035/0230.jpg 0.0 0.0 0.0 0.0 41.00900000 300.25500000 -2.46300000
160801/0019/0118.jpg 0.0 0.0 0.0 0.0 39.40200000 299.04000000 -2.54200000
170424/0019/0228.jpg 0.0 0.0 0.0 0.0 37.34800000 297.83900000 -2.58300000
170904/0018/0188.jpg 0.0 0.0 0.0 0.0 35.22200000 296.76500000 -2.85700000
170626/0019/0952.jpg 0.0 0.0 0.0 0.0 32.68400000 295.99400000 -2.79900000
160801/0019/0323.jpg 0.0 0.0 0.0 0.0 29.87400000 295.36600000 -2.99700000
170307/0021/0715.jpg 0.0 0.0 0.0 0.0 27.02900000 295.06100000 2.99900000
160906/0019/0697.jpg 0.0 0.0 0.0 0.0 24.33400000 295.38400000 3.13400000
160801/0019/0479.jpg 0.0 0.0 0.0 0.0 22.30500000 294.90000000 -2.58400000
170904/0018/0528.jpg 0.0 0.0 0.0 0.0 21.13300000 293.50200000 -1.93000000
171004/0017/0349.jpg 0.0 0.0 0.0 0.0 20.43800000 291.24900000 -1.72100000
161003/0019/0340.jpg 0.0 0.0 0.0 0.0 20.13400000 288.80800000 -1.76900000
161003/0019/0389.jpg 0.0 0.0 0.0 0.0 19.49300000 286.86900000 -2.06000000
161003/0019/0440.jpg 0.0 0.0 0.0 0.0 18.28600000 285.38300000 -2.49800000
161018/0018/0406.jpg 0.0 0.0 0.0 0.0 16.22600000 284.17400000 -2.80400000
150827/0025/0462.jpg 0.0 0.0 0.0 0.0 13.93200000 283.51200000 -2.76600000
160321/0026/0380.jpg 0.0 0.0 0.0 0.0 11.86800000 282.99100000 -2.79900000
161216/0024/0508.jpg 0.0 0.0 0.0 0.0 9.26900000 282.63300000 -2.90100000
161003/0019/0875.jpg 0.0 0.0 0.0 0.0 1.09000000 276.23700000 2.98400000
