170904/0009/0822.jpg 0.0 0.0 0.0 0.0 64.11300000 0.38100000 1.40500000
161223/0011/0226.jpg 0.0 0.0 0.0 0.0 64.60800000 2.82600000 1.39500000
161010/0012/0543.jpg 0.0 0.0 0.0 0.0 64.94100000 5.34900000 1.47000000
160912/0010/0591.jpg 0.0 0.0 0.0 0.0 65.04800000 7.71800000 1.65300000
150806/0011/0928.jpg 0.0 0.0 0.0 0.0 64.93400000 9.80800000 1.67000000
170725/0018/0431.jpg 0.0 0.0 0.0 0.0 64.64000000 11.97600000 1.43400000
161018/0009/0967.jpg 0.0 0.0 0.0 0.0 65.61400000 13.95700000 1.08200000
161123/0011/0516.jpg 0.0 0.0 0.0 0.0 66.85800000 15.90900000 0.92800000
141010/0023/0954.jpg 0.0 0.0 0.0 0.0 67.66700000 17.52400000 1.35200000
140625/0021/0750.jpg 0.0 0.0 0.0 0.0 68.06500000 19.06000000 1.46000000
160725/0014/0907.jpg 0.0 0.0 0.0 0.0 68.11700000 20.56700000 1.77800000
171004/0009/0379.jpg 0.0 0.0 0.0 0.0 69.41800000 28.70100000 1.06300000
150813/0014/0419.jpg 0.0 0.0 0.0 0.0 69.85600000 30.48400000 1.83400000
160912/0011/0652.jpg 0.0 0.0 0.0 0.0 71.44500000 47.26200000 1.58300000
161010/0013/0758.jpg 0.0 0.0 0.0 0.0 71.58400000 49.77200000 1.17000000
170217/0016/0271.jpg 0.0 0.0 0.0 0.0 72.99700000 52.14600000 0.87400000
150730/0017/0360.jpg 0.0 0.0 0.0 0.0 75.16600000 54.35000000 0.88200000
140926/0019/0247.jpg 0.0 0.0 0.0 0.0 76.69000000 56.40300000 1.51100000
140606/0037/0828.jpg 0.0 0.0 0.0 0.0 76.83500000 58.39300000 1.66300000
160719/0014/0454.jpg 0.0 0.0 0.0 0.0 76.78200000 60.32700000 1.59900000
160616/0012/0450.jpg 0.0 0.0 0.0 0.0 77.32000000 62.59600000 0.86700000
160418/0013/0255.jpg 0.0 0.0 0.0 0.0 78.70900000 64.45900000 1.00400000
150111/0021/0830.jpg 0.0 0.0 0.0 0.0 79.27500000 66.59400000 1.92200000
150929/0025/0304.jpg 0.0 0.0 0.0 0.0 78.54900000 72.21000000 1.37100000
161003/0011/0402.jpg 0.0 0.0 0.0 0.0 79.84000000 74.02500000 0.92700000
140122/0014/0968.jpg 0.0 0.0 0.0 0.0 81.25400000 76.06600000 0.91100000
170411/0017/0190.jpg 0.0 0.0 0.0 0.0 82.31300000 77.79100000 1.27600000
150820/0014/0260.jpg 0.0 0.0 0.0 0.0 83.15200000 79.37800000 1.23400000
160321/0017/0291.jpg 0.0 0.0 0.0 0.0 83.14000000 81.56800000 1.41400000
160829/0012/0323.jpg 0.0 0.0 0.0 0.0 83.23200000 83.98300000 1.52000000
160816/0013/0143.jpg 0.0 0.0 0.0 0.0 83.43700000 86.32900000 1.57700000
150216/0018/0999.jpg 0.0 0.0 0.0 0.0 83.61400000 88.97400000 1.62700000
150918/0013/0692.jpg 0.0 0.0 0.0 0.0 83.65400000 91.49900000 1.60000000
160912/0012/0879.jpg 0.0 0.0 0.0 0.0 83.88600000 93.65500000 1.30900000
161114/0028/0542.jpg 0.0 0.0 0.0 0.0 84.81200000 95.54200000 1.09800000
160418/0014/0176.jpg 0.0 0.0 0.0 0.0 86.32800000 97.61900000 1.09300000
140409/0034/0221.jpg 0.0 0.0 0.0 0.0 87.73300000 99.49900000 1.15100000
160321/0018/0091.jpg 0.0 0.0 0.0 0.0 88.82400000 101.42500000 1.13300000
160801/0012/0978.jpg 0.0 0.0 0.0 0.0 89.92200000 103.58100000 1.31100000
160305/0014/0835.jpg 0.0 0.0 0.0 0.0 90.39100000 105.54300000 1.67300000
160912/0013/0232.jpg 0.0 0.0 0.0 0.0 90.31400000 107.63100000 1.71500000
150730/0018/0649.jpg 0.0 0.0 0.0 0.0 89.73300000 109.72900000 1.78700000
150820/0015/0119.jpg 0.0 0.0 0.0 0.0 89.29100000 111.50700000 1.69100000
160305/0015/0114.jpg 0.0 0.0 0.0 0.0 88.93000000 113.29300000 1.48800000
160418/0014/0641.jpg 0.0 0.0 0.0 0.0 89.30400000 114.88900000 1.33400000
160715/0014/0323.jpg 0.0 0.0 0.0 0.0 90.15000000 116.81500000 1.24800000
140926/0021/0065.jpg 0.0 0.0 0.0 0.0 91.32600000 118.66500000 1.22500000
150305/0020/0369.jpg 0.0 0.0 0.0 0.0 92.18600000 120.21900000 1.44100000
160314/0016/0227.jpg 0.0 0.0 0.0 0.0 92.85300000 121.98000000 1.22800000
170411/0018/0332.jpg 0.0 0.0 0.0 0.0 94.06500000 123.31500000 0.85800000
170904/0012/0695.jpg 0.0 0.0 0.0 0.0 95.82200000 124.85000000 0.93300000
160725/0018/0256.jpg 0.0 0.0 0.0 0.0 97.64800000 126.26800000 0.95400000
151111/0013/0588.jpg 0.0 0.0 0.0 0.0 98.68900000 127.61800000 1.25200000
170419/0015/0995.jpg 0.0 0.0 0.0 0.0 98.76600000 129.41600000 1.76400000
160426/0015/0326.jpg 0.0 0.0 0.0 0.0 98.26000000 131.40500000 1.86700000
140122/0016/0413.jpg 0.0 0.0 0.0 0.0 97.86700000 132.84100000 1.77200000
140314/0028/0688.jpg 0.0 0.0 0.0 0.0 97.68700000 134.36600000 1.71200000
140625/0026/0127.jpg 0.0 0.0 0.0 0.0 97.72700000 136.14900000 1.38900000
170419/0016/0275.jpg 0.0 0.0 0.0 0.0 97.92800000 138.30100000 1.49800000
170303/0016/0504.jpg 0.0 0.0 0.0 0.0 95.77500000 151.76200000 2.44600000
170217/0020/0347.jpg 0.0 0.0 0.0 0.0 95.12800000 153.06400000 2.16000000
170307/0016/0223.jpg 0.0 0.0 0.0 0.0 94.28200000 154.56000000 2.11700000
170411/0019/0328.jpg 0.0 0.0 0.0 0.0 93.34800000 156.15500000 2.06800000
140718/0018/0259.jpg 0.0 0.0 0.0 0.0 92.47500000 158.00400000 2.18400000
160616/0015/0180.jpg 0.0 0.0 0.0 0.0 91.50500000 159.89500000 1.95400000
160616/0015/0219.jpg 0.0 0.0 0.0 0.0 90.84600000 161.76300000 1.90600000
151127/0018/0810.jpg 0.0 0.0 0.0 0.0 90.67100000 163.84000000 1.97600000
160906/0015/0171.jpg 0.0 0.0 0.0 0.0 89.76300000 169.22800000 1.54200000
160426/0016/0503.jpg 0.0 0.0 0.0 0.0 89.89800000 171.37100000 1.52300000
160912/0015/0049.jpg 0.0 0.0 0.0 0.0 89.63000000 176.01100000 1.92700000
160816/0015/0638.jpg 0.0 0.0 0.0 0.0 89.05700000 177.73600000 2.06900000
160725/0020/0002.jpg 0.0 0.0 0.0 0.0 88.20100000 179.40100000 2.25800000
150216/0022/0358.jpg 0.0 0.0 0.0 0.0 86.39000000 182.75700000 2.07100000
151111/0015/0197.jpg 0.0 0.0 0.0 0.0 85.40900000 184.48500000 2.16300000
140625/0027/0865.jpg 0.0 0.0 0.0 0.0 84.00100000 186.29200000 2.19800000
170424/0014/0958.jpg 0.0 0.0 0.0 0.0 82.81500000 188.01200000 2.00000000
140416/0018/0457.jpg 0.0 0.0 0.0 0.0 82.26300000 189.56600000 2.02400000
160616/0015/0911.jpg 0.0 0.0 0.0 0.0 81.78300000 191.39900000 1.73100000
171004/0012/0947.jpg 0.0 0.0 0.0 0.0 81.36000000 193.01900000 2.02400000
151118/0015/0122.jpg 0.0 0.0 0.0 0.0 80.81800000 194.01400000 2.19700000
161127/0016/0362.jpg 0.0 0.0 0.0 0.0 80.00600000 194.94000000 2.30200000
150312/0032/0268.jpg 0.0 0.0 0.0 0.0 78.60700000 196.07500000 2.54000000
171004/0013/0125.jpg 0.0 0.0 0.0 0.0 77.58400000 197.33100000 2.25100000
150723/0023/0822.jpg 0.0 0.0 0.0 0.0 76.89300000 199.01100000 1.90500000
150305/0023/0442.jpg 0.0 0.0 0.0 0.0 76.24900000 201.21900000 2.03300000
171004/0013/0256.jpg 0.0 0.0 0.0 0.0 75.58400000 203.11500000 1.99300000
150730/0021/0587.jpg 0.0 0.0 0.0 0.0 74.62900000 204.86400000 2.12400000
150820/0017/0939.jpg 0.0 0.0 0.0 0.0 73.74800000 206.36100000 2.22700000
160606/0016/0928.jpg 0.0 0.0 0.0 0.0 73.01500000 207.94000000 1.95000000
160715/0017/0092.jpg 0.0 0.0 0.0 0.0 72.85500000 209.87400000 1.41200000
140606/0041/0886.jpg 0.0 0.0 0.0 0.0 73.34300000 212.21900000 1.45800000
140416/0019/0035.jpg 0.0 0.0 0.0 0.0 73.78700000 214.13400000 1.36800000
141128/0023/0659.jpg 0.0 0.0 0.0 0.0 74.10100000 216.04200000 1.54900000
140528/0023/0592.jpg 0.0 0.0 0.0 0.0 74.21200000 218.02000000 1.62800000
160906/0016/0447.jpg 0.0 0.0 0.0 0.0 74.51300000 219.79100000 2.10200000
160418/0017/0661.jpg 0.0 0.0 0.0 0.0 73.93000000 221.00100000 2.38900000
170725/0023/0466.jpg 0.0 0.0 0.0 0.0 72.28600000 222.63600000 2.62900000
160719/0018/0783.jpg 0.0 0.0 0.0 0.0 71.05000000 223.86600000 2.28700000
170725/0023/0604.jpg 0.0 0.0 0.0 0.0 70.23200000 225.57700000 1.84900000
160906/0016/0695.jpg 0.0 0.0 0.0 0.0 70.09500000 227.28600000 1.44800000
150216/0024/0001.jpg 0.0 0.0 0.0 0.0 70.44500000 228.87000000 1.60000000
140904/0024/0222.jpg 0.0 0.0 0.0 0.0 70.44000000 230.39900000 1.58300000
161018/0015/0147.jpg 0.0 0.0 0.0 0.0 70.22900000 232.56700000 1.47600000
160616/0017/0215.jpg 0.0 0.0 0.0 0.0 70.32300000 234.91900000 1.64900000
160715/0017/0901.jpg 0.0 0.0 0.0 0.0 70.52100000 237.19900000 1.74100000
140911/0034/0447.jpg 0.0 0.0 0.0 0.0 70.35600000 238.80800000 1.91200000
161003/0016/0122.jpg 0.0 0.0 0.0 0.0 69.76500000 240.13900000 2.08000000
170904/0015/0784.jpg 0.0 0.0 0.0 0.0 68.82100000 241.34200000 1.91200000
160719/0019/0257.jpg 0.0 0.0 0.0 0.0 68.29000000 242.61800000 1.85700000
160906/0017/0077.jpg 0.0 0.0 0.0 0.0 68.00400000 244.16100000 1.71400000
170303/0019/0382.jpg 0.0 0.0 0.0 0.0 67.80600000 246.27900000 1.70700000
161003/0016/0371.jpg 0.0 0.0 0.0 0.0 67.67600000 248.52900000 1.62900000
150320/0022/0967.jpg 0.0 0.0 0.0 0.0 67.33700000 250.27200000 2.21200000
170223/0016/0695.jpg 0.0 0.0 0.0 0.0 66.69900000 250.86800000 2.57600000
161123/0018/0397.jpg 0.0 0.0 0.0 0.0 65.16200000 251.59700000 2.54400000
150312/0033/0961.jpg 0.0 0.0 0.0 0.0 64.92800000 251.58400000 1.97400000
141010/0031/0163.jpg 0.0 0.0 0.0 0.0 64.37500000 252.28000000 1.96200000
140625/0030/0086.jpg 0.0 0.0 0.0 0.0 64.24900000 253.95200000 1.71900000
140625/0030/0157.jpg 0.0 0.0 0.0 0.0 64.00900000 256.27300000 1.49000000
170424/0017/0132.jpg 0.0 0.0 0.0 0.0 64.28900000 260.80200000 1.47000000
160725/0022/0731.jpg 0.0 0.0 0.0 0.0 65.31700000 262.86400000 0.96500000
160912/0017/0451.jpg 0.0 0.0 0.0 0.0 67.33400000 264.83200000 0.74200000
170419/0020/0495.jpg 0.0 0.0 0.0 0.0 69.99600000 265.93800000 0.58300000
141215/0026/0008.jpg 0.0 0.0 0.0 0.0 71.50400000 267.40600000 1.34400000
170411/0022/0660.jpg 0.0 0.0 0.0 0.0 71.79500000 268.68900000 1.80200000
140129/0025/0568.jpg 0.0 0.0 0.0 0.0 71.22900000 270.05900000 1.87900000
170307/0019/0758.jpg 0.0 0.0 0.0 0.0 71.01100000 271.42800000 1.58200000
150820/0019/0756.jpg 0.0 0.0 0.0 0.0 70.93500000 273.04400000 1.36400000
151111/0017/0744.jpg 0.0 0.0 0.0 0.0 71.11300000 275.26400000 1.44000000
150708/0021/0507.jpg 0.0 0.0 0.0 0.0 71.48500000 277.79500000 1.63000000
160923/0017/0858.jpg 0.0 0.0 0.0 0.0 71.41900000 279.76700000 1.93200000
170419/0021/0059.jpg 0.0 0.0 0.0 0.0 70.95700000 281.26500000 1.91500000
150806/0019/0535.jpg 0.0 0.0 0.0 0.0 70.30700000 282.76600000 2.01800000
140314/0033/0839.jpg 0.0 0.0 0.0 0.0 69.82900000 284.35500000 1.65700000
160829/0017/0821.jpg 0.0 0.0 0.0 0.0 69.22300000 286.55700000 1.72600000
160927/0017/0875.jpg 0.0 0.0 0.0 0.0 69.23500000 289.12400000 1.76600000
161114/0034/0224.jpg 0.0 0.0 0.0 0.0 68.89600000 291.88500000 1.73600000
150918/0019/0106.jpg 0.0 0.0 0.0 0.0 69.21100000 294.93800000 1.67400000
151127/0023/0501.jpg 0.0 0.0 0.0 0.0 67.95000000 301.50000000 2.64200000
170403/0018/0787.jpg 0.0 0.0 0.0 0.0 66.89700000 302.52800000 2.92600000
161114/0034/0532.jpg 0.0 0.0 0.0 0.0 65.69200000 302.82000000 2.83000000
170424/0018/0278.jpg 0.0 0.0 0.0 0.0 64.18200000 303.08900000 2.70800000
150820/0021/0168.jpg 0.0 0.0 0.0 0.0 46.82900000 308.52400000 -2.24300000
151027/0020/0018.jpg 0.0 0.0 0.0 0.0 46.24300000 306.96900000 -1.92900000
171004/0016/0731.jpg 0.0 0.0 0.0 0.0 46.05800000 305.27200000 -1.83300000
150813/0023/0023.jpg 0.0 0.0 0.0 0.0 45.59900000 303.90300000 -2.24900000
151214/0023/0121.jpg 0.0 0.0 0.0 0.0 44.61500000 302.55600000 -2.31300000
160801/0019/0034.jpg 0.0 0.0 0.0 0.0 42.90300000 301.30900000 -2.52600000
140122/0022/0633.jpg 0.0 0.0 0.0 0.0 40.86300000 300.38200000 -2.58300000
170424/0019/0180.jpg 0.0 0.0 0.0 0.0 39.39000000 299.00800000 -2.59400000
150305/0028/0556.jpg 0.0 0.0 0.0 0.0 37.38300000 297.82600000 -2.67000000
170626/0019/0899.jpg 0.0 0.0 0.0 0.0 35.26200000 296.76700000 -2.71600000
150929/0035/0248.jpg 0.0 0.0 0.0 0.0 32.68600000 295.93900000 -2.87500000
150806/0021/0344.jpg 0.0 0.0 0.0 0.0 29.87500000 295.39500000 -2.90000000
171004/0017/0173.jpg 0.0 0.0 0.0 0.0 27.06100000 295.09900000 -3.13900000
171004/0017/0221.jpg 0.0 0.0 0.0 0.0 24.35000000 295.32800000 3.12200000
160923/0019/0708.jpg 0.0 0.0 0.0 0.0 22.30600000 294.88000000 -2.60500000
171004/0017/0307.jpg 0.0 0.0 0.0 0.0 21.14600000 293.51900000 -1.99600000
170307/0021/0930.jpg 0.0 0.0 0.0 0.0 20.41500000 291.22000000 -1.63200000
171004/0017/0408.jpg 0.0 0.0 0.0 0.0 19.97500000 288.84900000 -1.76700000
161010/0022/0039.jpg 0.0 0.0 0.0 0.0 19.54800000 286.88400000 -2.06400000
160927/0019/0839.jpg 0.0 0.0 0.0 0.0 18.24000000 285.39000000 -2.54700000
170411/0025/0135.jpg 0.0 0.0 0.0 0.0 16.24500000 284.22300000 -2.69000000
140528/0028/0236.jpg 0.0 0.0 0.0 0.0 13.86500000 283.57000000 -2.72500000
150522/0029/0318.jpg 0.0 0.0 0.0 0.0 11.85900000 282.91900000 -2.80000000
150320/0026/0883.jpg 0.0 0.0 0.0 0.0 9.27800000 282.58600000 -3.09800000
141215/0032/0174.jpg 0.0 0.0 0.0 0.0 1.10300000 276.26500000 2.91400000
