160816/0010/0746.jpg 0.0 0.0 0.0 0.0 64.13000000 0.32200000 1.36300000
160923/0010/0824.jpg 0.0 0.0 0.0 0.0 64.56000000 2.83500000 1.32700000
161003/0009/0489.jpg 0.0 0.0 0.0 0.0 64.86800000 5.36800000 1.65400000
170217/0014/0937.jpg 0.0 0.0 0.0 0.0 65.08400000 7.70400000 1.80600000
161114/0025/0964.jpg 0.0 0.0 0.0 0.0 64.66800000 9.79600000 1.55500000
150625/0014/0688.jpg 0.0 0.0 0.0 0.0 64.92000000 11.93500000 1.36900000
140718/0014/0232.jpg 0.0 0.0 0.0 0.0 65.70200000 13.90800000 1.24400000
150429/0014/0059.jpg 0.0 0.0 0.0 0.0 66.98500000 15.86100000 1.17900000
141222/0031/0835.jpg 0.0 0.0 0.0 0.0 67.59000000 17.55600000 1.37000000
160816/0011/0197.jpg 0.0 0.0 0.0 0.0 68.20400000 19.05000000 1.62200000
170411/0015/0400.jpg 0.0 0.0 0.0 0.0 68.00200000 20.51800000 1.71000000
170303/0013/0270.jpg 0.0 0.0 0.0 0.0 69.46200000 28.67900000 0.93900000
161223/0012/0050.jpg 0.0 0.0 0.0 0.0 69.87300000 30.47600000 1.72300000
160620/0012/0296.jpg 0.0 0.0 0.0 0.0 71.57700000 47.26600000 1.56000000
160906/0012/0063.jpg 0.0 0.0 0.0 0.0 71.40700000 49.82600000 1.22000000
161010/0013/0821.jpg 0.0 0.0 0.0 0.0 73.02900000 52.10400000 0.92700000
141010/0024/0960.jpg 0.0 0.0 0.0 0.0 75.15700000 54.40300000 0.97500000
150806/0012/0988.jpg 0.0 0.0 0.0 0.0 76.64500000 56.41000000 1.67000000
160719/0014/0401.jpg 0.0 0.0 0.0 0.0 76.72800000 58.34600000 1.65400000
141029/0017/0184.jpg 0.0 0.0 0.0 0.0 76.82200000 60.31200000 1.47900000
160418/0013/0194.jpg 0.0 0.0 0.0 0.0 77.18800000 62.69400000 0.93400000
141128/0017/0802.jpg 0.0 0.0 0.0 0.0 78.62000000 64.53100000 1.09700000
151111/0012/0058.jpg 0.0 0.0 0.0 0.0 79.43400000 66.62300000 1.73400000
161010/0014/0443.jpg 0.0 0.0 0.0 0.0 78.74400000 72.12400000 1.09400000
171004/0010/0337.jpg 0.0 0.0 0.0 0.0 79.91300000 73.95000000 1.03300000
160927/0012/0399.jpg 0.0 0.0 0.0 0.0 81.39200000 75.97600000 1.04700000
171004/0010/0416.jpg 0.0 0.0 0.0 0.0 82.48400000 77.70200000 1.09500000
140122/0015/0082.jpg 0.0 0.0 0.0 0.0 83.17700000 79.37200000 1.47400000
160829/0012/0279.jpg 0.0 0.0 0.0 0.0 83.12100000 81.53100000 1.50800000
170626/0012/0880.jpg 0.0 0.0 0.0 0.0 83.18100000 83.94000000 1.50700000
160305/0014/0292.jpg 0.0 0.0 0.0 0.0 83.50500000 86.29800000 1.61800000
140106/0019/0777.jpg 0.0 0.0 0.0 0.0 83.61800000 88.95600000 1.47300000
160719/0015/0262.jpg 0.0 0.0 0.0 0.0 83.70800000 91.49000000 1.68500000
151118/0012/0244.jpg 0.0 0.0 0.0 0.0 83.99200000 93.65600000 1.21200000
150918/0013/0778.jpg 0.0 0.0 0.0 0.0 84.76000000 95.60200000 1.04400000
160912/0012/0980.jpg 0.0 0.0 0.0 0.0 86.21900000 97.70300000 0.96700000
151214/0016/0269.jpg 0.0 0.0 0.0 0.0 87.74100000 99.49000000 1.12200000
160923/0013/0331.jpg 0.0 0.0 0.0 0.0 88.95600000 101.39600000 1.05400000
150806/0014/0187.jpg 0.0 0.0 0.0 0.0 89.86500000 103.59700000 1.11800000
161127/0013/0924.jpg 0.0 0.0 0.0 0.0 90.36600000 105.52600000 1.36500000
150820/0014/0987.jpg 0.0 0.0 0.0 0.0 90.25800000 107.67000000 1.91900000
140718/0016/0960.jpg 0.0 0.0 0.0 0.0 89.75900000 109.70300000 2.03300000
141222/0034/0429.jpg 0.0 0.0 0.0 0.0 89.29500000 111.49900000 1.90400000
140106/0020/0375.jpg 0.0 0.0 0.0 0.0 88.92300000 113.29300000 1.41400000
160906/0013/0767.jpg 0.0 0.0 0.0 0.0 89.21500000 114.92800000 1.36300000
151027/0014/0096.jpg 0.0 0.0 0.0 0.0 90.20300000 116.79500000 1.25000000
140409/0034/0761.jpg 0.0 0.0 0.0 0.0 91.29600000 118.69000000 1.21300000
150320/0017/0814.jpg 0.0 0.0 0.0 0.0 92.07800000 120.26300000 1.19200000
151118/0012/0817.jpg 0.0 0.0 0.0 0.0 92.90500000 121.99400000 0.97800000
150730/0018/0981.jpg 0.0 0.0 0.0 0.0 94.07600000 123.35800000 0.85000000
171004/0011/0311.jpg 0.0 0.0 0.0 0.0 95.86100000 124.80500000 0.97200000
151111/0013/0549.jpg 0.0 0.0 0.0 0.0 97.61900000 126.28300000 0.88400000
161010/0015/0822.jpg 0.0 0.0 0.0 0.0 98.65400000 127.63700000 1.20500000
161114/0029/0629.jpg 0.0 0.0 0.0 0.0 98.88500000 129.45300000 1.75800000
140122/0016/0379.jpg 0.0 0.0 0.0 0.0 98.14100000 131.35900000 1.74900000
160321/0019/0287.jpg 0.0 0.0 0.0 0.0 97.78000000 132.84300000 1.81300000
151214/0017/0235.jpg 0.0 0.0 0.0 0.0 97.72900000 134.40300000 1.78100000
170419/0016/0216.jpg 0.0 0.0 0.0 0.0 97.64000000 136.17500000 1.54100000
140606/0039/0780.jpg 0.0 0.0 0.0 0.0 97.84400000 138.30400000 1.33600000
170424/0014/0045.jpg 0.0 0.0 0.0 0.0 95.91700000 151.89600000 2.46200000
160606/0015/0437.jpg 0.0 0.0 0.0 0.0 95.17500000 153.08400000 2.28600000
150522/0022/0542.jpg 0.0 0.0 0.0 0.0 94.31900000 154.58900000 2.22700000
170217/0020/0502.jpg 0.0 0.0 0.0 0.0 93.38700000 156.21400000 2.28400000
150708/0017/0827.jpg 0.0 0.0 0.0 0.0 92.38200000 157.93700000 1.97900000
160719/0017/0027.jpg 0.0 0.0 0.0 0.0 91.54400000 159.97300000 2.02600000
140718/0018/0343.jpg 0.0 0.0 0.0 0.0 90.78700000 161.74000000 1.98600000
150708/0017/0989.jpg 0.0 0.0 0.0 0.0 90.72500000 163.85600000 1.90100000
160927/0014/0628.jpg 0.0 0.0 0.0 0.0 89.48900000 169.19900000 1.62200000
160906/0015/0206.jpg 0.0 0.0 0.0 0.0 89.86100000 171.37000000 1.50700000
160426/0016/0667.jpg 0.0 0.0 0.0 0.0 89.59900000 175.98700000 1.99800000
150910/0018/0850.jpg 0.0 0.0 0.0 0.0 89.02700000 177.72500000 2.21400000
150708/0018/0460.jpg 0.0 0.0 0.0 0.0 88.11900000 179.36000000 2.23700000
140314/0030/0333.jpg 0.0 0.0 0.0 0.0 86.26600000 182.69400000 2.22000000
140528/0022/0663.jpg 0.0 0.0 0.0 0.0 85.43600000 184.52500000 2.10200000
160829/0014/0935.jpg 0.0 0.0 0.0 0.0 83.92400000 186.27600000 2.16900000
170403/0015/0552.jpg 0.0 0.0 0.0 0.0 82.86100000 187.99300000 1.99100000
170403/0015/0586.jpg 0.0 0.0 0.0 0.0 82.24400000 189.55300000 1.90600000
160829/0015/0047.jpg 0.0 0.0 0.0 0.0 81.74900000 191.37600000 1.89600000
160912/0015/0427.jpg 0.0 0.0 0.0 0.0 81.36200000 193.03200000 1.84700000
150625/0020/0777.jpg 0.0 0.0 0.0 0.0 80.89300000 194.09900000 2.37500000
150327/0024/0768.jpg 0.0 0.0 0.0 0.0 80.00100000 194.97300000 2.29900000
140718/0019/0214.jpg 0.0 0.0 0.0 0.0 78.59400000 196.03700000 2.40700000
150723/0023/0774.jpg 0.0 0.0 0.0 0.0 77.55800000 197.30200000 2.10900000
170223/0015/0345.jpg 0.0 0.0 0.0 0.0 76.93500000 198.99900000 2.06200000
140613/0021/0023.jpg 0.0 0.0 0.0 0.0 76.25600000 201.19600000 2.01200000
150723/0023/0946.jpg 0.0 0.0 0.0 0.0 75.53000000 203.13400000 2.09700000
150708/0019/0253.jpg 0.0 0.0 0.0 0.0 74.51700000 204.81700000 2.13300000
161127/0016/0758.jpg 0.0 0.0 0.0 0.0 73.60500000 206.28400000 2.22400000
170626/0016/0398.jpg 0.0 0.0 0.0 0.0 73.04100000 207.97500000 1.85900000
140812/0023/0391.jpg 0.0 0.0 0.0 0.0 72.83700000 209.87700000 1.40700000
140812/0023/0449.jpg 0.0 0.0 0.0 0.0 73.19800000 212.26000000 1.42900000
160418/0017/0485.jpg 0.0 0.0 0.0 0.0 73.79900000 214.12800000 1.52200000
151127/0020/0508.jpg 0.0 0.0 0.0 0.0 74.13100000 216.06400000 1.46800000
161123/0017/0435.jpg 0.0 0.0 0.0 0.0 74.03900000 217.97200000 1.63300000
160305/0018/0866.jpg 0.0 0.0 0.0 0.0 74.50400000 219.77400000 2.25500000
141010/0030/0144.jpg 0.0 0.0 0.0 0.0 73.97400000 221.09300000 2.38800000
160829/0016/0044.jpg 0.0 0.0 0.0 0.0 72.34400000 222.78600000 2.46500000
160725/0021/0397.jpg 0.0 0.0 0.0 0.0 70.87900000 223.73600000 2.23700000
161003/0015/0765.jpg 0.0 0.0 0.0 0.0 70.25000000 225.55000000 1.67100000
160927/0016/0205.jpg 0.0 0.0 0.0 0.0 69.83500000 227.30300000 1.55200000
170626/0016/0968.jpg 0.0 0.0 0.0 0.0 70.29900000 228.89500000 1.47800000
161010/0018/0677.jpg 0.0 0.0 0.0 0.0 70.31400000 230.40600000 1.65600000
160829/0016/0298.jpg 0.0 0.0 0.0 0.0 70.29400000 232.59500000 1.52900000
160715/0017/0839.jpg 0.0 0.0 0.0 0.0 70.33800000 234.89800000 1.47300000
160906/0016/0900.jpg 0.0 0.0 0.0 0.0 70.55700000 237.16900000 1.77400000
150910/0020/0590.jpg 0.0 0.0 0.0 0.0 70.36700000 238.83400000 1.81700000
161018/0015/0331.jpg 0.0 0.0 0.0 0.0 69.57700000 240.01100000 2.08600000
150226/0024/0140.jpg 0.0 0.0 0.0 0.0 68.85300000 241.38400000 1.93400000
160906/0017/0037.jpg 0.0 0.0 0.0 0.0 68.32500000 242.61000000 1.85300000
160816/0017/0475.jpg 0.0 0.0 0.0 0.0 68.04600000 244.18000000 1.80600000
160801/0016/0536.jpg 0.0 0.0 0.0 0.0 67.82500000 246.29100000 1.69500000
160906/0017/0162.jpg 0.0 0.0 0.0 0.0 67.71800000 248.50200000 1.79500000
161018/0015/0538.jpg 0.0 0.0 0.0 0.0 67.34800000 250.28600000 1.99000000
160912/0017/0065.jpg 0.0 0.0 0.0 0.0 66.77000000 250.97800000 2.44700000
170419/0020/0029.jpg 0.0 0.0 0.0 0.0 65.08900000 251.55300000 2.29800000
170403/0017/0439.jpg 0.0 0.0 0.0 0.0 64.67700000 251.42600000 2.14900000
150929/0032/0400.jpg 0.0 0.0 0.0 0.0 64.33000000 252.28200000 1.89200000
140502/0024/0593.jpg 0.0 0.0 0.0 0.0 64.14300000 253.94600000 1.77300000
170424/0017/0035.jpg 0.0 0.0 0.0 0.0 64.23800000 256.26900000 1.66100000
160725/0022/0662.jpg 0.0 0.0 0.0 0.0 64.37100000 260.81700000 1.42300000
140606/0043/0283.jpg 0.0 0.0 0.0 0.0 65.08300000 263.07600000 1.01300000
161010/0019/0577.jpg 0.0 0.0 0.0 0.0 67.31100000 264.86000000 0.61500000
160912/0017/0506.jpg 0.0 0.0 0.0 0.0 69.82400000 266.23800000 0.52200000
170904/0016/0386.jpg 0.0 0.0 0.0 0.0 71.38700000 267.45600000 1.19200000
150730/0023/0259.jpg 0.0 0.0 0.0 0.0 71.76400000 268.65600000 1.91900000
170411/0022/0712.jpg 0.0 0.0 0.0 0.0 71.33900000 270.11600000 1.89000000
150910/0021/0475.jpg 0.0 0.0 0.0 0.0 71.01800000 271.43100000 1.70600000
150226/0025/0130.jpg 0.0 0.0 0.0 0.0 70.91800000 273.04600000 1.50300000
160305/0020/0821.jpg 0.0 0.0 0.0 0.0 71.07700000 275.28700000 1.48100000
151111/0017/0795.jpg 0.0 0.0 0.0 0.0 71.51700000 277.80800000 1.62400000
150708/0021/0567.jpg 0.0 0.0 0.0 0.0 71.46700000 279.78800000 1.86400000
160719/0020/0598.jpg 0.0 0.0 0.0 0.0 71.01200000 281.34000000 1.95100000
150910/0021/0819.jpg 0.0 0.0 0.0 0.0 70.42700000 282.78500000 1.85600000
141128/0026/0366.jpg 0.0 0.0 0.0 0.0 69.79400000 284.32500000 1.66300000
160715/0019/0310.jpg 0.0 0.0 0.0 0.0 69.14700000 286.54800000 1.85400000
150910/0022/0016.jpg 0.0 0.0 0.0 0.0 69.26400000 289.14000000 1.76000000
160927/0017/0947.jpg 0.0 0.0 0.0 0.0 68.87800000 291.87900000 1.75400000
161114/0034/0285.jpg 0.0 0.0 0.0 0.0 68.81800000 294.88000000 1.69600000
160715/0019/0655.jpg 0.0 0.0 0.0 0.0 67.89400000 301.42300000 2.81200000
160923/0018/0389.jpg 0.0 0.0 0.0 0.0 66.83600000 302.19300000 3.05000000
170403/0018/0812.jpg 0.0 0.0 0.0 0.0 65.72000000 302.82500000 2.73600000
160829/0018/0271.jpg 0.0 0.0 0.0 0.0 64.31000000 303.28300000 2.48100000
141222/0042/0288.jpg 0.0 0.0 0.0 0.0 46.99300000 308.41000000 -2.08800000
151118/0018/0796.jpg 0.0 0.0 0.0 0.0 46.34500000 306.93800000 -1.95500000
140904/0027/0762.jpg 0.0 0.0 0.0 0.0 45.99000000 305.30300000 -1.87900000
161223/0021/0161.jpg 0.0 0.0 0.0 0.0 45.64400000 303.87200000 -2.25600000
160719/0022/0266.jpg 0.0 0.0 0.0 0.0 44.69800000 302.43700000 -2.42700000
140904/0027/0894.jpg 0.0 0.0 0.0 0.0 42.93300000 301.27100000 -2.46800000
150216/0027/0962.jpg 0.0 0.0 0.0 0.0 41.04700000 300.17900000 -2.50700000
160601/0018/0995.jpg 0.0 0.0 0.0 0.0 39.45000000 298.97400000 -2.61100000
160321/0025/0650.jpg 0.0 0.0 0.0 0.0 37.37100000 297.85200000 -2.69700000
171004/0017/0036.jpg 0.0 0.0 0.0 0.0 35.22600000 296.74000000 -2.77100000
171004/0017/0076.jpg 0.0 0.0 0.0 0.0 32.72900000 295.94400000 -2.79800000
150625/0025/0781.jpg 0.0 0.0 0.0 0.0 29.85800000 295.41800000 -2.97500000
160305/0023/0143.jpg 0.0 0.0 0.0 0.0 27.01200000 295.04100000 3.06000000
160816/0020/0410.jpg 0.0 0.0 0.0 0.0 24.33500000 295.42600000 -3.07200000
170904/0018/0466.jpg 0.0 0.0 0.0 0.0 22.31800000 294.87700000 -2.47600000
141215/0030/0461.jpg 0.0 0.0 0.0 0.0 21.15700000 293.49700000 -1.93800000
151111/0019/0875.jpg 0.0 0.0 0.0 0.0 20.47300000 291.24400000 -1.67700000
161114/0036/0068.jpg 0.0 0.0 0.0 0.0 19.95900000 288.80700000 -1.79200000
160906/0019/0941.jpg 0.0 0.0 0.0 0.0 19.60800000 286.82600000 -2.11700000
170403/0020/0285.jpg 0.0 0.0 0.0 0.0 18.27100000 285.43000000 -2.45400000
160305/0023/0611.jpg 0.0 0.0 0.0 0.0 16.20500000 284.27000000 -2.66700000
170403/0020/0364.jpg 0.0 0.0 0.0 0.0 13.90400000 283.42600000 -2.96800000
170320/0019/0872.jpg 0.0 0.0 0.0 0.0 11.86400000 282.84000000 -2.83700000
161003/0019/0637.jpg 0.0 0.0 0.0 0.0 9.27000000 282.68700000 -2.94200000
150625/0026/0844.jpg 0.0 0.0 0.0 0.0 1.12400000 276.12300000 3.07600000
