160912/0010/0434.jpg 0.0 0.0 0.0 0.0 64.15700000 0.33900000 1.34600000
161010/0012/0495.jpg 0.0 0.0 0.0 0.0 64.54800000 2.80100000 1.41900000
160912/0010/0545.jpg 0.0 0.0 0.0 0.0 65.00400000 5.39200000 1.61200000
160305/0011/0997.jpg 0.0 0.0 0.0 0.0 65.01600000 7.67600000 1.61200000
160829/0010/0394.jpg 0.0 0.0 0.0 0.0 64.65900000 9.73200000 1.70900000
161114/0026/0024.jpg 0.0 0.0 0.0 0.0 65.00500000 11.93300000 1.29500000
161010/0012/0722.jpg 0.0 0.0 0.0 0.0 65.72800000 13.90000000 1.14800000
160601/0010/0987.jpg 0.0 0.0 0.0 0.0 66.98700000 15.85600000 1.23500000
150320/0014/0116.jpg 0.0 0.0 0.0 0.0 67.54400000 17.60300000 1.17200000
140926/0018/0010.jpg 0.0 0.0 0.0 0.0 67.98700000 19.07900000 1.63200000
170904/0010/0271.jpg 0.0 0.0 0.0 0.0 67.99400000 20.53200000 1.73400000
150910/0013/0555.jpg 0.0 0.0 0.0 0.0 69.49400000 28.67500000 1.17200000
150216/0017/0177.jpg 0.0 0.0 0.0 0.0 69.90100000 30.47900000 1.54800000
161003/0010/0610.jpg 0.0 0.0 0.0 0.0 71.41900000 47.25600000 1.62800000
161003/0010/0671.jpg 0.0 0.0 0.0 0.0 71.63000000 49.76100000 1.23800000
161003/0010/0731.jpg 0.0 0.0 0.0 0.0 73.04600000 52.11600000 0.91800000
160829/0011/0537.jpg 0.0 0.0 0.0 0.0 75.32300000 54.23100000 0.95200000
140424/0020/0449.jpg 0.0 0.0 0.0 0.0 76.73200000 56.37900000 1.57500000
140828/0018/0689.jpg 0.0 0.0 0.0 0.0 76.85600000 58.43700000 1.63800000
140718/0015/0722.jpg 0.0 0.0 0.0 0.0 76.63100000 60.33700000 1.47600000
160314/0014/0452.jpg 0.0 0.0 0.0 0.0 77.17300000 62.71600000 0.89700000
150910/0014/0930.jpg 0.0 0.0 0.0 0.0 78.70800000 64.44000000 1.09400000
170307/0013/0143.jpg 0.0 0.0 0.0 0.0 79.22500000 66.58400000 1.79000000
160829/0012/0045.jpg 0.0 0.0 0.0 0.0 78.77100000 72.11000000 1.21100000
160906/0012/0774.jpg 0.0 0.0 0.0 0.0 79.96200000 73.95500000 0.89100000
170223/0012/0309.jpg 0.0 0.0 0.0 0.0 81.18000000 76.11900000 0.99800000
160829/0012/0187.jpg 0.0 0.0 0.0 0.0 82.28600000 77.77100000 1.16300000
170424/0012/0194.jpg 0.0 0.0 0.0 0.0 82.89700000 79.41900000 1.29900000
161010/0014/0666.jpg 0.0 0.0 0.0 0.0 83.12000000 81.54800000 1.40100000
160719/0015/0101.jpg 0.0 0.0 0.0 0.0 83.26400000 83.91800000 1.57700000
161223/0013/0645.jpg 0.0 0.0 0.0 0.0 83.43000000 86.27500000 1.50300000
170320/0012/0570.jpg 0.0 0.0 0.0 0.0 83.62300000 88.93400000 1.66300000
160927/0012/0721.jpg 0.0 0.0 0.0 0.0 83.44500000 91.49300000 1.41800000
160801/0012/0742.jpg 0.0 0.0 0.0 0.0 83.84000000 93.66300000 1.17900000
161003/0011/0925.jpg 0.0 0.0 0.0 0.0 84.88500000 95.54500000 1.12700000
151214/0016/0199.jpg 0.0 0.0 0.0 0.0 86.41300000 97.59200000 0.79500000
140606/0038/0848.jpg 0.0 0.0 0.0 0.0 87.70900000 99.52700000 0.95300000
160912/0013/0073.jpg 0.0 0.0 0.0 0.0 88.93500000 101.35600000 1.07700000
141010/0026/0402.jpg 0.0 0.0 0.0 0.0 89.85500000 103.58100000 1.04600000
141128/0019/0337.jpg 0.0 0.0 0.0 0.0 90.35800000 105.53200000 1.68300000
161127/0013/0984.jpg 0.0 0.0 0.0 0.0 90.25300000 107.66700000 1.84000000
161010/0015/0312.jpg 0.0 0.0 0.0 0.0 89.82100000 109.76800000 2.02700000
150827/0017/0421.jpg 0.0 0.0 0.0 0.0 89.23700000 111.49900000 1.66200000
141128/0019/0637.jpg 0.0 0.0 0.0 0.0 88.92000000 113.32300000 1.41100000
160715/0014/0272.jpg 0.0 0.0 0.0 0.0 89.31300000 114.88700000 1.29400000
140718/0017/0101.jpg 0.0 0.0 0.0 0.0 90.14000000 116.83200000 1.16800000
140528/0020/0683.jpg 0.0 0.0 0.0 0.0 91.32900000 118.65100000 1.08700000
160321/0018/0721.jpg 0.0 0.0 0.0 0.0 92.25900000 120.21800000 1.28000000
170411/0018/0289.jpg 0.0 0.0 0.0 0.0 92.81700000 121.99700000 1.00600000
150827/0017/0753.jpg 0.0 0.0 0.0 0.0 94.00800000 123.33500000 0.73300000
140718/0017/0280.jpg 0.0 0.0 0.0 0.0 95.91600000 124.81100000 0.76800000
141128/0020/0145.jpg 0.0 0.0 0.0 0.0 97.72000000 126.22500000 1.08200000
140919/0022/0199.jpg 0.0 0.0 0.0 0.0 98.64500000 127.63700000 1.46100000
141010/0027/0224.jpg 0.0 0.0 0.0 0.0 98.72300000 129.43700000 1.65900000
160601/0013/0444.jpg 0.0 0.0 0.0 0.0 98.28600000 131.43500000 1.87900000
160816/0014/0410.jpg 0.0 0.0 0.0 0.0 97.92000000 132.86700000 1.91700000
140606/0039/0695.jpg 0.0 0.0 0.0 0.0 97.73500000 134.37900000 1.66800000
140606/0039/0730.jpg 0.0 0.0 0.0 0.0 97.63600000 136.18700000 1.58400000
170223/0013/0678.jpg 0.0 0.0 0.0 0.0 97.82400000 138.30300000 1.42300000
170419/0016/0709.jpg 0.0 0.0 0.0 0.0 95.93400000 151.94400000 2.42800000
160616/0014/0994.jpg 0.0 0.0 0.0 0.0 94.98500000 152.93000000 2.39400000
161123/0015/0637.jpg 0.0 0.0 0.0 0.0 94.15200000 154.43200000 2.22600000
161216/0018/0015.jpg 0.0 0.0 0.0 0.0 93.33200000 156.15100000 2.20400000
170217/0020/0593.jpg 0.0 0.0 0.0 0.0 92.35100000 157.92600000 2.26300000
160725/0019/0454.jpg 0.0 0.0 0.0 0.0 91.59600000 159.94900000 2.08600000
160829/0014/0344.jpg 0.0 0.0 0.0 0.0 91.04700000 161.81700000 2.02100000
171004/0012/0365.jpg 0.0 0.0 0.0 0.0 90.52500000 163.79400000 1.65200000
160912/0014/0891.jpg 0.0 0.0 0.0 0.0 89.92500000 169.24700000 1.47900000
161010/0017/0029.jpg 0.0 0.0 0.0 0.0 89.79300000 171.35800000 1.56100000
160616/0015/0512.jpg 0.0 0.0 0.0 0.0 90.05200000 176.20100000 2.00600000
161010/0017/0169.jpg 0.0 0.0 0.0 0.0 89.00000000 177.74600000 2.13200000
170424/0014/0727.jpg 0.0 0.0 0.0 0.0 88.12400000 179.33700000 1.98800000
140528/0022/0614.jpg 0.0 0.0 0.0 0.0 86.23300000 182.67800000 2.04300000
150327/0023/0419.jpg 0.0 0.0 0.0 0.0 85.29200000 184.40100000 2.21200000
161018/0013/0965.jpg 0.0 0.0 0.0 0.0 83.91500000 186.26900000 2.12800000
141029/0021/0091.jpg 0.0 0.0 0.0 0.0 82.80700000 187.97700000 2.04200000
150305/0022/0979.jpg 0.0 0.0 0.0 0.0 82.26500000 189.58100000 1.95100000
150216/0022/0689.jpg 0.0 0.0 0.0 0.0 81.78200000 191.37400000 1.70600000
160725/0020/0370.jpg 0.0 0.0 0.0 0.0 81.32700000 192.99000000 1.86100000
150226/0022/0751.jpg 0.0 0.0 0.0 0.0 80.89500000 194.09800000 2.24500000
161010/0017/0608.jpg 0.0 0.0 0.0 0.0 79.97000000 194.90900000 2.31900000
150723/0023/0720.jpg 0.0 0.0 0.0 0.0 78.56600000 196.03100000 2.45500000
170725/0022/0912.jpg 0.0 0.0 0.0 0.0 77.67600000 197.38500000 2.13200000
171004/0013/0184.jpg 0.0 0.0 0.0 0.0 76.93700000 199.03100000 2.01200000
151111/0015/0763.jpg 0.0 0.0 0.0 0.0 76.24000000 201.20200000 1.95700000
150216/0023/0153.jpg 0.0 0.0 0.0 0.0 75.63000000 203.18600000 2.03100000
161018/0014/0482.jpg 0.0 0.0 0.0 0.0 74.68500000 204.91400000 2.11600000
170424/0015/0537.jpg 0.0 0.0 0.0 0.0 73.77900000 206.35300000 2.10400000
161123/0017/0195.jpg 0.0 0.0 0.0 0.0 72.91700000 207.93800000 1.90900000
150730/0021/0724.jpg 0.0 0.0 0.0 0.0 72.84100000 209.85800000 1.63500000
150730/0021/0781.jpg 0.0 0.0 0.0 0.0 73.19700000 212.25300000 1.39800000
141128/0023/0597.jpg 0.0 0.0 0.0 0.0 73.82000000 214.14900000 1.48300000
160715/0017/0261.jpg 0.0 0.0 0.0 0.0 74.13900000 216.08200000 1.63400000
160912/0016/0174.jpg 0.0 0.0 0.0 0.0 74.24300000 218.03000000 1.62400000
160816/0016/0834.jpg 0.0 0.0 0.0 0.0 74.61000000 219.84500000 1.96300000
150820/0018/0348.jpg 0.0 0.0 0.0 0.0 73.80500000 220.92000000 2.40800000
160725/0021/0340.jpg 0.0 0.0 0.0 0.0 72.34500000 222.80900000 2.60000000
141010/0030/0282.jpg 0.0 0.0 0.0 0.0 70.85800000 223.72400000 2.25500000
160725/0021/0478.jpg 0.0 0.0 0.0 0.0 69.94800000 225.51000000 1.72500000
161010/0018/0608.jpg 0.0 0.0 0.0 0.0 69.80400000 227.31900000 1.51100000
140904/0024/0180.jpg 0.0 0.0 0.0 0.0 70.49400000 228.88300000 1.65000000
140926/0025/0092.jpg 0.0 0.0 0.0 0.0 70.30800000 230.39000000 1.58400000
161010/0018/0722.jpg 0.0 0.0 0.0 0.0 70.29800000 232.59500000 1.63500000
150708/0020/0211.jpg 0.0 0.0 0.0 0.0 70.34900000 234.91500000 1.48200000
150522/0024/0923.jpg 0.0 0.0 0.0 0.0 70.58000000 237.21200000 1.77900000
150320/0022/0543.jpg 0.0 0.0 0.0 0.0 70.40300000 238.82200000 1.91200000
150226/0024/0094.jpg 0.0 0.0 0.0 0.0 69.57100000 239.99700000 2.10300000
160816/0017/0410.jpg 0.0 0.0 0.0 0.0 68.88000000 241.34300000 1.91600000
160616/0017/0407.jpg 0.0 0.0 0.0 0.0 68.07900000 242.56400000 1.74600000
160715/0018/0130.jpg 0.0 0.0 0.0 0.0 67.83700000 244.14800000 1.60500000
160923/0016/0999.jpg 0.0 0.0 0.0 0.0 67.82300000 246.26800000 1.69100000
160305/0019/0827.jpg 0.0 0.0 0.0 0.0 67.72400000 248.52300000 1.70500000
170904/0015/0949.jpg 0.0 0.0 0.0 0.0 67.19700000 250.15000000 1.88200000
160923/0017/0119.jpg 0.0 0.0 0.0 0.0 66.80400000 251.04400000 2.55100000
170424/0016/0868.jpg 0.0 0.0 0.0 0.0 65.08500000 251.53900000 2.32100000
170424/0016/0875.jpg 0.0 0.0 0.0 0.0 64.98400000 251.63000000 2.28400000
150312/0033/0977.jpg 0.0 0.0 0.0 0.0 64.60100000 252.34700000 1.86700000
140613/0022/0658.jpg 0.0 0.0 0.0 0.0 64.13700000 253.93100000 1.80400000
140117/0031/0715.jpg 0.0 0.0 0.0 0.0 64.25300000 256.26900000 1.62200000
150429/0019/0945.jpg 0.0 0.0 0.0 0.0 64.07400000 260.86200000 1.19600000
161114/0033/0339.jpg 0.0 0.0 0.0 0.0 65.37200000 262.84200000 1.10300000
160211/0024/0142.jpg 0.0 0.0 0.0 0.0 67.31100000 264.89300000 0.70500000
140528/0025/0083.jpg 0.0 0.0 0.0 0.0 69.75900000 266.30700000 0.58800000
151127/0022/0341.jpg 0.0 0.0 0.0 0.0 71.37900000 267.43600000 1.32000000
151127/0022/0387.jpg 0.0 0.0 0.0 0.0 71.95900000 268.74600000 1.81000000
140122/0020/0625.jpg 0.0 0.0 0.0 0.0 71.19600000 270.06200000 1.91600000
150111/0032/0593.jpg 0.0 0.0 0.0 0.0 70.89800000 271.42600000 1.60700000
140122/0020/0722.jpg 0.0 0.0 0.0 0.0 70.97800000 273.05700000 1.46600000
160314/0021/0088.jpg 0.0 0.0 0.0 0.0 71.16600000 275.25600000 1.39100000
170424/0017/0609.jpg 0.0 0.0 0.0 0.0 71.53600000 277.81300000 1.37400000
151111/0017/0837.jpg 0.0 0.0 0.0 0.0 71.48700000 279.78300000 1.82900000
140606/0043/0844.jpg 0.0 0.0 0.0 0.0 70.90600000 281.28500000 2.02200000
140122/0020/0992.jpg 0.0 0.0 0.0 0.0 70.44800000 282.81600000 1.80700000
160912/0018/0035.jpg 0.0 0.0 0.0 0.0 69.86300000 284.37300000 1.76300000
160912/0018/0091.jpg 0.0 0.0 0.0 0.0 69.43900000 286.61400000 1.62900000
150723/0026/0750.jpg 0.0 0.0 0.0 0.0 69.26300000 289.15200000 1.59800000
150820/0020/0281.jpg 0.0 0.0 0.0 0.0 69.23300000 291.93600000 1.73300000
160816/0018/0912.jpg 0.0 0.0 0.0 0.0 68.78800000 294.90800000 1.54500000
160906/0018/0598.jpg 0.0 0.0 0.0 0.0 67.93700000 301.41300000 2.70700000
160816/0019/0100.jpg 0.0 0.0 0.0 0.0 66.90800000 302.59300000 2.90500000
151027/0019/0319.jpg 0.0 0.0 0.0 0.0 65.72300000 302.83900000 2.74800000
151027/0019/0361.jpg 0.0 0.0 0.0 0.0 64.29500000 303.29600000 2.45400000
141215/0028/0548.jpg 0.0 0.0 0.0 0.0 47.12800000 308.33300000 -2.13400000
171004/0016/0690.jpg 0.0 0.0 0.0 0.0 46.35100000 306.94900000 -1.77900000
140613/0024/0965.jpg 0.0 0.0 0.0 0.0 46.09200000 305.25500000 -2.05000000
170320/0018/0671.jpg 0.0 0.0 0.0 0.0 45.58300000 303.90700000 -2.28900000
140528/0026/0911.jpg 0.0 0.0 0.0 0.0 44.60100000 302.57700000 -2.35100000
161003/0018/0753.jpg 0.0 0.0 0.0 0.0 42.95000000 301.26700000 -2.46400000
150910/0023/0347.jpg 0.0 0.0 0.0 0.0 41.09000000 300.08500000 -2.46000000
150305/0028/0497.jpg 0.0 0.0 0.0 0.0 39.47400000 298.94300000 -2.55500000
141215/0029/0593.jpg 0.0 0.0 0.0 0.0 37.32700000 297.88500000 -2.71700000
150730/0025/0562.jpg 0.0 0.0 0.0 0.0 35.26000000 296.74100000 -2.75600000
160411/0018/0062.jpg 0.0 0.0 0.0 0.0 32.71300000 296.02400000 -2.71800000
160906/0019/0603.jpg 0.0 0.0 0.0 0.0 29.84700000 295.30300000 -2.99000000
161018/0018/0022.jpg 0.0 0.0 0.0 0.0 27.03000000 295.14000000 3.11600000
161127/0020/0837.jpg 0.0 0.0 0.0 0.0 24.39200000 295.30700000 -3.00700000
160816/0020/0459.jpg 0.0 0.0 0.0 0.0 22.31200000 294.86500000 -2.48800000
160906/0019/0785.jpg 0.0 0.0 0.0 0.0 21.04500000 293.53500000 -2.02300000
161010/0021/0926.jpg 0.0 0.0 0.0 0.0 20.49700000 291.23500000 -1.72100000
170411/0025/0016.jpg 0.0 0.0 0.0 0.0 19.95500000 288.81300000 -1.80700000
161018/0018/0306.jpg 0.0 0.0 0.0 0.0 19.64900000 286.82700000 -1.99200000
170424/0019/0765.jpg 0.0 0.0 0.0 0.0 18.33700000 285.34000000 -2.37900000
170419/0023/0394.jpg 0.0 0.0 0.0 0.0 16.26100000 284.06400000 -2.76800000
160321/0026/0331.jpg 0.0 0.0 0.0 0.0 13.90400000 283.37500000 -2.89800000
161223/0022/0382.jpg 0.0 0.0 0.0 0.0 11.81000000 283.10100000 -2.82100000
140718/0025/0722.jpg 0.0 0.0 0.0 0.0 9.27500000 282.69000000 -3.02200000
161010/0022/0510.jpg 0.0 0.0 0.0 0.0 1.07500000 276.02500000 2.92700000
