161010/0012/0437.jpg 0.0 0.0 0.0 0.0 64.03800000 0.35200000 1.45100000
170904/0009/0868.jpg 0.0 0.0 0.0 0.0 64.63400000 2.80700000 1.48900000
160923/0010/0883.jpg 0.0 0.0 0.0 0.0 64.83200000 5.39700000 1.70000000
170904/0009/0947.jpg 0.0 0.0 0.0 0.0 65.09700000 7.68000000 1.58100000
161003/0009/0594.jpg 0.0 0.0 0.0 0.0 64.59600000 9.76600000 1.55900000
160211/0016/0946.jpg 0.0 0.0 0.0 0.0 64.43700000 12.05900000 1.32000000
170223/0010/0915.jpg 0.0 0.0 0.0 0.0 65.86800000 13.83200000 1.20500000
140129/0018/0594.jpg 0.0 0.0 0.0 0.0 67.08500000 15.82700000 1.18800000
150226/0017/0216.jpg 0.0 0.0 0.0 0.0 67.54500000 17.61700000 1.25200000
150327/0015/0507.jpg 0.0 0.0 0.0 0.0 68.22800000 19.04600000 1.47900000
161010/0012/0920.jpg 0.0 0.0 0.0 0.0 68.16900000 20.54700000 1.86600000
150730/0016/0807.jpg 0.0 0.0 0.0 0.0 69.05000000 28.91900000 1.12500000
170411/0015/0743.jpg 0.0 0.0 0.0 0.0 69.63600000 30.45500000 1.63200000
160305/0013/0042.jpg 0.0 0.0 0.0 0.0 71.41700000 47.26800000 1.61600000
170223/0011/0644.jpg 0.0 0.0 0.0 0.0 71.65300000 49.77000000 1.25300000
160305/0013/0189.jpg 0.0 0.0 0.0 0.0 73.06400000 52.10500000 0.99800000
160927/0011/0788.jpg 0.0 0.0 0.0 0.0 75.36200000 54.18100000 0.97900000
140904/0018/0480.jpg 0.0 0.0 0.0 0.0 76.76300000 56.39900000 1.40600000
161018/0011/0017.jpg 0.0 0.0 0.0 0.0 76.85900000 58.43700000 1.78800000
170904/0011/0071.jpg 0.0 0.0 0.0 0.0 76.62200000 60.32800000 1.46100000
140812/0018/0301.jpg 0.0 0.0 0.0 0.0 77.39600000 62.58200000 1.02500000
140812/0018/0354.jpg 0.0 0.0 0.0 0.0 78.71800000 64.43300000 0.89900000
170217/0016/0763.jpg 0.0 0.0 0.0 0.0 79.21100000 66.59300000 1.91300000
161003/0011/0353.jpg 0.0 0.0 0.0 0.0 78.46700000 72.22700000 1.05500000
161018/0011/0394.jpg 0.0 0.0 0.0 0.0 79.45900000 74.25800000 1.08600000
170725/0019/0921.jpg 0.0 0.0 0.0 0.0 81.15000000 76.13900000 0.92700000
150820/0014/0214.jpg 0.0 0.0 0.0 0.0 82.27100000 77.78400000 1.15100000
160829/0012/0233.jpg 0.0 0.0 0.0 0.0 82.84600000 79.41600000 1.38800000
140122/0015/0141.jpg 0.0 0.0 0.0 0.0 83.35600000 81.54700000 1.50200000
170217/0017/0376.jpg 0.0 0.0 0.0 0.0 83.15000000 83.94900000 1.39800000
140106/0019/0710.jpg 0.0 0.0 0.0 0.0 83.51700000 86.28900000 1.54800000
150312/0027/0109.jpg 0.0 0.0 0.0 0.0 83.64600000 88.93000000 1.59600000
170307/0013/0774.jpg 0.0 0.0 0.0 0.0 83.43400000 91.50100000 1.37000000
160411/0012/0110.jpg 0.0 0.0 0.0 0.0 84.03000000 93.64800000 1.38600000
160216/0016/0472.jpg 0.0 0.0 0.0 0.0 84.87700000 95.52500000 1.01700000
161123/0013/0976.jpg 0.0 0.0 0.0 0.0 86.18900000 97.71900000 1.07300000
140122/0015/0519.jpg 0.0 0.0 0.0 0.0 87.70200000 99.51300000 1.10900000
160715/0013/0859.jpg 0.0 0.0 0.0 0.0 88.98800000 101.37700000 1.21100000
150730/0018/0491.jpg 0.0 0.0 0.0 0.0 89.84600000 103.58100000 1.20200000
170626/0013/0341.jpg 0.0 0.0 0.0 0.0 90.47000000 105.52300000 1.45500000
140723/0020/0830.jpg 0.0 0.0 0.0 0.0 90.38300000 107.66100000 1.82600000
160912/0013/0274.jpg 0.0 0.0 0.0 0.0 89.85100000 109.76200000 1.81300000
160816/0013/0818.jpg 0.0 0.0 0.0 0.0 89.25100000 111.48100000 1.65400000
150226/0020/0083.jpg 0.0 0.0 0.0 0.0 88.91600000 113.32000000 1.47400000
160923/0013/0637.jpg 0.0 0.0 0.0 0.0 89.19900000 114.92700000 1.32300000
161216/0016/0536.jpg 0.0 0.0 0.0 0.0 90.11800000 116.81600000 1.26900000
150820/0015/0299.jpg 0.0 0.0 0.0 0.0 91.30300000 118.65700000 1.27200000
161223/0014/0735.jpg 0.0 0.0 0.0 0.0 92.04100000 120.25600000 1.25800000
160715/0014/0475.jpg 0.0 0.0 0.0 0.0 92.79400000 122.01400000 0.98500000
151118/0012/0850.jpg 0.0 0.0 0.0 0.0 94.04200000 123.28500000 0.92300000
160906/0014/0017.jpg 0.0 0.0 0.0 0.0 95.79000000 124.93200000 0.82800000
170403/0013/0773.jpg 0.0 0.0 0.0 0.0 97.58700000 126.30700000 1.00200000
160620/0014/0140.jpg 0.0 0.0 0.0 0.0 98.64100000 127.64700000 1.21400000
150625/0018/0494.jpg 0.0 0.0 0.0 0.0 98.71100000 129.41800000 1.88400000
140314/0028/0592.jpg 0.0 0.0 0.0 0.0 98.29200000 131.41000000 1.82800000
140314/0028/0638.jpg 0.0 0.0 0.0 0.0 97.92300000 132.86900000 1.80500000
160418/0015/0219.jpg 0.0 0.0 0.0 0.0 97.76500000 134.38500000 1.59700000
160426/0015/0455.jpg 0.0 0.0 0.0 0.0 97.61400000 136.18400000 1.50100000
140314/0028/0831.jpg 0.0 0.0 0.0 0.0 97.81500000 138.30800000 1.38900000
160211/0020/0418.jpg 0.0 0.0 0.0 0.0 95.96100000 151.92200000 2.39900000
170307/0016/0178.jpg 0.0 0.0 0.0 0.0 95.19900000 153.08800000 2.18300000
150625/0019/0512.jpg 0.0 0.0 0.0 0.0 94.33200000 154.58700000 2.24100000
160725/0019/0344.jpg 0.0 0.0 0.0 0.0 93.38000000 156.22800000 2.20300000
160321/0020/0238.jpg 0.0 0.0 0.0 0.0 92.56500000 158.06000000 2.04500000
160912/0014/0672.jpg 0.0 0.0 0.0 0.0 91.63100000 159.98000000 2.00300000
160211/0020/0718.jpg 0.0 0.0 0.0 0.0 90.77200000 161.74200000 1.74800000
170403/0014/0854.jpg 0.0 0.0 0.0 0.0 90.78700000 163.87900000 1.82400000
160606/0015/0772.jpg 0.0 0.0 0.0 0.0 89.42200000 169.19300000 1.55400000
160216/0018/0797.jpg 0.0 0.0 0.0 0.0 90.33700000 171.34700000 1.70400000
150708/0018/0358.jpg 0.0 0.0 0.0 0.0 90.08100000 176.21000000 2.14700000
160719/0017/0402.jpg 0.0 0.0 0.0 0.0 89.23300000 177.81900000 1.93100000
140314/0030/0235.jpg 0.0 0.0 0.0 0.0 88.09400000 179.34500000 1.98000000
160829/0014/0844.jpg 0.0 0.0 0.0 0.0 86.20700000 182.62200000 2.19400000
141128/0022/0491.jpg 0.0 0.0 0.0 0.0 85.51900000 184.56300000 2.17500000
140314/0030/0444.jpg 0.0 0.0 0.0 0.0 83.92700000 186.22400000 2.09600000
140122/0018/0180.jpg 0.0 0.0 0.0 0.0 82.87000000 188.00300000 2.23400000
160923/0015/0529.jpg 0.0 0.0 0.0 0.0 82.27500000 189.56000000 1.97100000
150929/0030/0334.jpg 0.0 0.0 0.0 0.0 81.78200000 191.37300000 1.76200000
160927/0015/0177.jpg 0.0 0.0 0.0 0.0 81.30900000 192.99800000 1.91000000
161216/0019/0104.jpg 0.0 0.0 0.0 0.0 80.91900000 194.09900000 2.10700000
151118/0015/0169.jpg 0.0 0.0 0.0 0.0 80.01700000 195.00400000 2.54700000
140911/0032/0578.jpg 0.0 0.0 0.0 0.0 78.54700000 196.04500000 2.56000000
150827/0020/0217.jpg 0.0 0.0 0.0 0.0 77.69200000 197.36700000 2.21100000
150730/0021/0434.jpg 0.0 0.0 0.0 0.0 76.88300000 198.98200000 2.04300000
150216/0023/0087.jpg 0.0 0.0 0.0 0.0 76.29400000 201.22600000 1.88700000
140904/0023/0308.jpg 0.0 0.0 0.0 0.0 75.51700000 203.08600000 1.92600000
160418/0017/0266.jpg 0.0 0.0 0.0 0.0 74.49000000 204.79900000 2.01900000
150708/0019/0299.jpg 0.0 0.0 0.0 0.0 73.76700000 206.39400000 2.19200000
161223/0017/0476.jpg 0.0 0.0 0.0 0.0 73.06600000 207.96500000 1.89200000
161127/0016/0871.jpg 0.0 0.0 0.0 0.0 72.82100000 209.87300000 1.43800000
140117/0030/0682.jpg 0.0 0.0 0.0 0.0 73.37400000 212.23500000 1.48900000
151127/0020/0458.jpg 0.0 0.0 0.0 0.0 73.82300000 214.14700000 1.45500000
140314/0031/0375.jpg 0.0 0.0 0.0 0.0 74.07300000 216.03100000 1.54200000
160616/0016/0742.jpg 0.0 0.0 0.0 0.0 74.23800000 218.06700000 1.84600000
161018/0014/0801.jpg 0.0 0.0 0.0 0.0 74.61700000 219.85900000 1.97600000
170626/0016/0736.jpg 0.0 0.0 0.0 0.0 73.98000000 221.11000000 2.25200000
161216/0020/0084.jpg 0.0 0.0 0.0 0.0 72.40500000 222.87000000 2.35900000
161018/0014/0991.jpg 0.0 0.0 0.0 0.0 70.73600000 223.67400000 2.17700000
160906/0016/0658.jpg 0.0 0.0 0.0 0.0 69.93000000 225.51500000 1.58900000
161127/0017/0336.jpg 0.0 0.0 0.0 0.0 69.79600000 227.29200000 1.66000000
161003/0015/0848.jpg 0.0 0.0 0.0 0.0 70.29800000 228.85800000 1.77400000
160912/0016/0542.jpg 0.0 0.0 0.0 0.0 70.30200000 230.39100000 1.58000000
140718/0020/0230.jpg 0.0 0.0 0.0 0.0 70.17700000 232.61400000 1.49000000
160923/0016/0762.jpg 0.0 0.0 0.0 0.0 70.35700000 234.88600000 1.56000000
150827/0021/0362.jpg 0.0 0.0 0.0 0.0 70.58900000 237.20400000 1.67700000
161114/0032/0694.jpg 0.0 0.0 0.0 0.0 70.28500000 238.78200000 1.91700000
160418/0018/0163.jpg 0.0 0.0 0.0 0.0 69.87300000 240.19800000 2.23000000
161003/0016/0158.jpg 0.0 0.0 0.0 0.0 68.88100000 241.35700000 2.17100000
161010/0018/0978.jpg 0.0 0.0 0.0 0.0 68.33500000 242.63200000 1.81800000
170904/0015/0839.jpg 0.0 0.0 0.0 0.0 68.08200000 244.16900000 1.77500000
160906/0017/0118.jpg 0.0 0.0 0.0 0.0 67.80600000 246.24300000 1.62600000
170904/0015/0914.jpg 0.0 0.0 0.0 0.0 67.48400000 248.50600000 1.71600000
160923/0017/0083.jpg 0.0 0.0 0.0 0.0 67.44800000 250.27400000 2.10300000
170217/0024/0356.jpg 0.0 0.0 0.0 0.0 66.82100000 251.05300000 2.66000000
161003/0016/0520.jpg 0.0 0.0 0.0 0.0 65.06200000 251.51700000 2.42600000
170419/0020/0033.jpg 0.0 0.0 0.0 0.0 65.00500000 251.62500000 2.28000000
140502/0024/0542.jpg 0.0 0.0 0.0 0.0 64.65800000 252.36300000 1.86500000
170217/0024/0521.jpg 0.0 0.0 0.0 0.0 64.13200000 253.92500000 1.54600000
170303/0019/0618.jpg 0.0 0.0 0.0 0.0 64.27800000 256.29500000 1.76500000
160719/0019/0832.jpg 0.0 0.0 0.0 0.0 64.42700000 260.78300000 1.24800000
170424/0017/0181.jpg 0.0 0.0 0.0 0.0 65.06600000 263.07300000 1.02700000
160816/0018/0079.jpg 0.0 0.0 0.0 0.0 67.31000000 264.90600000 0.56900000
161003/0016/0960.jpg 0.0 0.0 0.0 0.0 69.75400000 266.34600000 0.58000000
150806/0019/0023.jpg 0.0 0.0 0.0 0.0 71.99700000 267.37000000 1.21400000
151214/0021/0202.jpg 0.0 0.0 0.0 0.0 71.67600000 268.63000000 2.00900000
151127/0022/0458.jpg 0.0 0.0 0.0 0.0 71.37500000 270.11500000 2.00800000
140613/0023/0267.jpg 0.0 0.0 0.0 0.0 70.89700000 271.42200000 1.58800000
160201/0020/0190.jpg 0.0 0.0 0.0 0.0 70.90000000 273.03200000 1.63000000
160725/0023/0128.jpg 0.0 0.0 0.0 0.0 71.18100000 275.29300000 1.58300000
160816/0018/0502.jpg 0.0 0.0 0.0 0.0 71.55900000 277.78800000 1.42500000
170419/0021/0018.jpg 0.0 0.0 0.0 0.0 71.53400000 279.79200000 1.77000000
150806/0019/0498.jpg 0.0 0.0 0.0 0.0 70.89800000 281.26800000 2.02800000
141222/0040/0005.jpg 0.0 0.0 0.0 0.0 70.46000000 282.81200000 1.85500000
160601/0017/0477.jpg 0.0 0.0 0.0 0.0 69.86700000 284.31900000 1.75600000
160906/0018/0289.jpg 0.0 0.0 0.0 0.0 69.12000000 286.54200000 1.65400000
170403/0018/0437.jpg 0.0 0.0 0.0 0.0 69.29600000 289.14700000 1.64400000
170411/0023/0266.jpg 0.0 0.0 0.0 0.0 69.24100000 291.91800000 1.67200000
140502/0025/0899.jpg 0.0 0.0 0.0 0.0 69.28400000 294.96100000 1.68000000
150625/0024/0328.jpg 0.0 0.0 0.0 0.0 67.95400000 301.53500000 2.71100000
150730/0024/0200.jpg 0.0 0.0 0.0 0.0 66.91500000 302.59900000 2.92800000
160816/0019/0131.jpg 0.0 0.0 0.0 0.0 65.69000000 302.92900000 2.86000000
160923/0018/0460.jpg 0.0 0.0 0.0 0.0 64.18700000 303.04200000 2.56300000
140416/0022/0001.jpg 0.0 0.0 0.0 0.0 47.17600000 308.27800000 -2.25400000
170403/0019/0415.jpg 0.0 0.0 0.0 0.0 46.17700000 306.95900000 -1.82600000
151214/0023/0010.jpg 0.0 0.0 0.0 0.0 45.95400000 305.29900000 -1.87000000
150827/0024/0473.jpg 0.0 0.0 0.0 0.0 45.66000000 303.88200000 -2.25900000
150723/0028/0132.jpg 0.0 0.0 0.0 0.0 44.60600000 302.58200000 -2.31400000
170411/0024/0421.jpg 0.0 0.0 0.0 0.0 42.93800000 301.23600000 -2.55800000
150806/0021/0086.jpg 0.0 0.0 0.0 0.0 41.07500000 300.07400000 -2.48200000
150806/0021/0134.jpg 0.0 0.0 0.0 0.0 39.51500000 298.93700000 -2.54700000
170411/0024/0552.jpg 0.0 0.0 0.0 0.0 37.42700000 297.75400000 -2.71700000
170320/0019/0038.jpg 0.0 0.0 0.0 0.0 35.25600000 296.72300000 -2.72400000
170223/0019/0189.jpg 0.0 0.0 0.0 0.0 32.65300000 296.03500000 -2.83500000
160816/0020/0300.jpg 0.0 0.0 0.0 0.0 29.87200000 295.29800000 -3.01800000
151118/0019/0440.jpg 0.0 0.0 0.0 0.0 27.03200000 295.14000000 -3.10000000
160801/0019/0427.jpg 0.0 0.0 0.0 0.0 24.38200000 295.43700000 -3.12900000
150312/0037/0049.jpg 0.0 0.0 0.0 0.0 22.26200000 294.95500000 -2.34800000
170307/0021/0874.jpg 0.0 0.0 0.0 0.0 21.03100000 293.56900000 -1.91900000
160906/0019/0832.jpg 0.0 0.0 0.0 0.0 20.36200000 291.24700000 -1.60500000
161018/0018/0257.jpg 0.0 0.0 0.0 0.0 20.21900000 288.76300000 -1.70500000
161127/0021/0070.jpg 0.0 0.0 0.0 0.0 19.65900000 286.82100000 -2.11000000
160321/0026/0249.jpg 0.0 0.0 0.0 0.0 18.24400000 285.45900000 -2.45200000
160321/0026/0286.jpg 0.0 0.0 0.0 0.0 16.30800000 284.06000000 -2.74600000
160620/0020/0238.jpg 0.0 0.0 0.0 0.0 13.86800000 283.64500000 -2.78500000
160620/0020/0288.jpg 0.0 0.0 0.0 0.0 11.79700000 283.10000000 -2.91900000
170725/0027/0248.jpg 0.0 0.0 0.0 0.0 9.29500000 282.54000000 3.09000000
170904/0019/0231.jpg 0.0 0.0 0.0 0.0 1.11900000 275.89900000 2.89100000
