160829/0010/0224.jpg 0.0 0.0 0.0 0.0 64.21400000 0.30100000 1.35800000
160801/0010/0482.jpg 0.0 0.0 0.0 0.0 64.67900000 2.81100000 1.57600000
161223/0011/0305.jpg 0.0 0.0 0.0 0.0 65.07100000 5.38800000 1.61300000
160418/0011/0577.jpg 0.0 0.0 0.0 0.0 65.13200000 7.70400000 1.60100000
160305/0012/0057.jpg 0.0 0.0 0.0 0.0 65.09000000 9.84200000 1.65500000
160725/0014/0607.jpg 0.0 0.0 0.0 0.0 65.10700000 11.91900000 1.30200000
160616/0011/0090.jpg 0.0 0.0 0.0 0.0 65.90700000 13.80900000 1.11800000
160725/0014/0720.jpg 0.0 0.0 0.0 0.0 67.11000000 15.82200000 1.18900000
160601/0011/0020.jpg 0.0 0.0 0.0 0.0 67.78700000 17.51000000 1.30100000
140613/0013/0335.jpg 0.0 0.0 0.0 0.0 67.91600000 19.07400000 1.42600000
170217/0015/0379.jpg 0.0 0.0 0.0 0.0 67.89600000 20.49300000 1.71100000
151127/0014/0710.jpg 0.0 0.0 0.0 0.0 69.64000000 28.59000000 1.05700000
141121/0016/0368.jpg 0.0 0.0 0.0 0.0 69.97900000 30.49800000 1.78000000
160829/0011/0376.jpg 0.0 0.0 0.0 0.0 71.39900000 47.24400000 1.69800000
160305/0013/0118.jpg 0.0 0.0 0.0 0.0 71.76000000 49.73800000 1.26200000
170424/0011/0497.jpg 0.0 0.0 0.0 0.0 73.09400000 52.06800000 0.89600000
160601/0011/0713.jpg 0.0 0.0 0.0 0.0 75.03600000 54.46900000 0.84600000
171004/0009/0890.jpg 0.0 0.0 0.0 0.0 76.77800000 56.39600000 1.60400000
141222/0032/0919.jpg 0.0 0.0 0.0 0.0 76.64100000 58.38000000 1.76100000
151027/0012/0630.jpg 0.0 0.0 0.0 0.0 76.60500000 60.32800000 1.44100000
160411/0011/0397.jpg 0.0 0.0 0.0 0.0 77.12800000 62.71300000 0.89800000
140606/0037/0976.jpg 0.0 0.0 0.0 0.0 78.75700000 64.39700000 1.00100000
140122/0014/0724.jpg 0.0 0.0 0.0 0.0 79.48700000 66.64200000 1.64200000
160912/0012/0379.jpg 0.0 0.0 0.0 0.0 78.85600000 72.09500000 1.08200000
160927/0012/0350.jpg 0.0 0.0 0.0 0.0 79.94100000 73.85800000 0.99700000
170626/0012/0652.jpg 0.0 0.0 0.0 0.0 81.48900000 75.90000000 1.00700000
151214/0015/0665.jpg 0.0 0.0 0.0 0.0 82.51700000 77.67900000 1.22400000
161018/0011/0508.jpg 0.0 0.0 0.0 0.0 83.29000000 79.33400000 1.30600000
151027/0013/0171.jpg 0.0 0.0 0.0 0.0 83.05500000 81.56500000 1.41300000
161003/0011/0663.jpg 0.0 0.0 0.0 0.0 83.12000000 83.97600000 1.56300000
160906/0013/0102.jpg 0.0 0.0 0.0 0.0 83.52600000 86.30500000 1.55300000
140919/0020/0987.jpg 0.0 0.0 0.0 0.0 83.44600000 88.95200000 1.57000000
160411/0012/0063.jpg 0.0 0.0 0.0 0.0 83.77500000 91.47100000 1.57700000
160927/0012/0771.jpg 0.0 0.0 0.0 0.0 84.04400000 93.62800000 1.21900000
160601/0012/0678.jpg 0.0 0.0 0.0 0.0 84.92700000 95.52800000 1.15800000
161018/0011/0872.jpg 0.0 0.0 0.0 0.0 86.19800000 97.74200000 1.07400000
160906/0013/0438.jpg 0.0 0.0 0.0 0.0 87.79100000 99.48500000 1.06400000
160906/0013/0481.jpg 0.0 0.0 0.0 0.0 88.77500000 101.44600000 1.12200000
151027/0013/0768.jpg 0.0 0.0 0.0 0.0 89.95500000 103.55900000 1.26800000
160411/0012/0340.jpg 0.0 0.0 0.0 0.0 90.48200000 105.52600000 1.40700000
161123/0014/0207.jpg 0.0 0.0 0.0 0.0 90.19200000 107.63800000 1.74500000
160725/0017/0673.jpg 0.0 0.0 0.0 0.0 89.86200000 109.75100000 1.95700000
150929/0027/0470.jpg 0.0 0.0 0.0 0.0 89.32000000 111.52300000 1.64200000
160801/0013/0199.jpg 0.0 0.0 0.0 0.0 89.03600000 113.24300000 1.65900000
150918/0014/0208.jpg 0.0 0.0 0.0 0.0 89.18200000 114.94500000 1.41200000
160211/0019/0458.jpg 0.0 0.0 0.0 0.0 90.08900000 116.82000000 1.10400000
140129/0021/0350.jpg 0.0 0.0 0.0 0.0 91.29500000 118.71100000 1.17100000
140926/0021/0120.jpg 0.0 0.0 0.0 0.0 91.94800000 120.30200000 1.35900000
160418/0014/0819.jpg 0.0 0.0 0.0 0.0 92.94300000 121.97500000 1.06600000
151127/0017/0461.jpg 0.0 0.0 0.0 0.0 93.98800000 123.37500000 1.02700000
150625/0018/0308.jpg 0.0 0.0 0.0 0.0 95.94300000 124.79200000 0.79400000
140117/0028/0520.jpg 0.0 0.0 0.0 0.0 97.56300000 126.32400000 1.04400000
140723/0021/0503.jpg 0.0 0.0 0.0 0.0 98.63200000 127.63000000 1.22600000
170411/0018/0573.jpg 0.0 0.0 0.0 0.0 98.69400000 129.42700000 1.62100000
141128/0020/0386.jpg 0.0 0.0 0.0 0.0 98.09700000 131.36900000 2.03300000
160426/0015/0362.jpg 0.0 0.0 0.0 0.0 97.94000000 132.90200000 1.83800000
140424/0022/0794.jpg 0.0 0.0 0.0 0.0 97.77200000 134.38000000 1.71400000
160816/0014/0529.jpg 0.0 0.0 0.0 0.0 97.58400000 136.20300000 1.41900000
151127/0017/0947.jpg 0.0 0.0 0.0 0.0 97.76200000 138.32700000 1.34300000
160715/0015/0442.jpg 0.0 0.0 0.0 0.0 95.57300000 151.61800000 2.36900000
150723/0022/0378.jpg 0.0 0.0 0.0 0.0 95.20700000 153.11100000 2.33800000
150723/0022/0467.jpg 0.0 0.0 0.0 0.0 94.34600000 154.62000000 2.07500000
150929/0029/0456.jpg 0.0 0.0 0.0 0.0 93.44500000 156.21800000 2.10200000
170411/0019/0375.jpg 0.0 0.0 0.0 0.0 92.59600000 158.02100000 1.96600000
160211/0020/0667.jpg 0.0 0.0 0.0 0.0 91.37400000 159.86100000 2.00500000
170419/0017/0119.jpg 0.0 0.0 0.0 0.0 90.71400000 161.71100000 1.81800000
160314/0017/0816.jpg 0.0 0.0 0.0 0.0 90.79700000 163.84800000 1.73300000
160616/0015/0367.jpg 0.0 0.0 0.0 0.0 90.04200000 169.25800000 1.50900000
160801/0014/0735.jpg 0.0 0.0 0.0 0.0 90.42000000 171.32500000 1.53900000
140314/0030/0153.jpg 0.0 0.0 0.0 0.0 89.41300000 175.93500000 2.03000000
160426/0016/0705.jpg 0.0 0.0 0.0 0.0 88.94900000 177.66800000 2.10600000
150327/0022/0901.jpg 0.0 0.0 0.0 0.0 88.02000000 179.30400000 2.05500000
150730/0020/0911.jpg 0.0 0.0 0.0 0.0 86.19900000 182.61200000 2.09600000
150708/0018/0618.jpg 0.0 0.0 0.0 0.0 85.23800000 184.31600000 2.18600000
140919/0024/0282.jpg 0.0 0.0 0.0 0.0 84.05000000 186.26500000 2.20900000
160923/0015/0497.jpg 0.0 0.0 0.0 0.0 82.88600000 188.00000000 2.02300000
150929/0030/0294.jpg 0.0 0.0 0.0 0.0 82.25500000 189.54000000 1.89900000
160715/0016/0436.jpg 0.0 0.0 0.0 0.0 81.80800000 191.39000000 1.87500000
160620/0015/0632.jpg 0.0 0.0 0.0 0.0 81.37600000 192.99800000 1.89800000
161223/0017/0018.jpg 0.0 0.0 0.0 0.0 80.92000000 194.11400000 2.09600000
150625/0020/0818.jpg 0.0 0.0 0.0 0.0 79.90400000 194.83300000 2.59100000
160816/0016/0138.jpg 0.0 0.0 0.0 0.0 78.72200000 196.17800000 2.54800000
141128/0023/0029.jpg 0.0 0.0 0.0 0.0 77.72400000 197.41100000 2.27400000
151118/0015/0345.jpg 0.0 0.0 0.0 0.0 76.86900000 198.97000000 1.94600000
141010/0029/0527.jpg 0.0 0.0 0.0 0.0 76.20400000 201.21800000 1.75900000
151111/0015/0811.jpg 0.0 0.0 0.0 0.0 75.49400000 203.11100000 2.00800000
170217/0022/0699.jpg 0.0 0.0 0.0 0.0 74.70200000 204.94100000 2.08200000
161123/0017/0144.jpg 0.0 0.0 0.0 0.0 73.79200000 206.42000000 2.29900000
170424/0015/0581.jpg 0.0 0.0 0.0 0.0 73.08200000 207.97600000 1.82900000
161223/0017/0534.jpg 0.0 0.0 0.0 0.0 72.76500000 209.86800000 1.49800000
150929/0030/0990.jpg 0.0 0.0 0.0 0.0 73.41500000 212.22600000 1.23000000
140528/0023/0515.jpg 0.0 0.0 0.0 0.0 73.83500000 214.15900000 1.55300000
160418/0017/0518.jpg 0.0 0.0 0.0 0.0 74.15900000 216.03700000 1.53200000
150305/0023/0902.jpg 0.0 0.0 0.0 0.0 73.98800000 217.98600000 1.79700000
140528/0023/0638.jpg 0.0 0.0 0.0 0.0 74.67600000 219.87500000 1.93300000
161216/0020/0018.jpg 0.0 0.0 0.0 0.0 74.00200000 221.11500000 2.32100000
161123/0017/0585.jpg 0.0 0.0 0.0 0.0 72.07700000 222.45600000 2.31500000
150820/0018/0462.jpg 0.0 0.0 0.0 0.0 71.28200000 224.03300000 2.16000000
161018/0015/0032.jpg 0.0 0.0 0.0 0.0 69.86300000 225.50500000 1.87100000
170419/0019/0266.jpg 0.0 0.0 0.0 0.0 69.67300000 227.30600000 1.62000000
170307/0018/0321.jpg 0.0 0.0 0.0 0.0 70.29100000 228.84500000 1.74900000
141222/0038/0445.jpg 0.0 0.0 0.0 0.0 70.21000000 230.38400000 1.65900000
141215/0024/0956.jpg 0.0 0.0 0.0 0.0 70.15100000 232.57800000 1.51000000
141107/0025/0504.jpg 0.0 0.0 0.0 0.0 70.37000000 234.91800000 1.39100000
150429/0019/0319.jpg 0.0 0.0 0.0 0.0 70.61200000 237.21200000 1.62500000
140613/0022/0142.jpg 0.0 0.0 0.0 0.0 70.26100000 238.77500000 1.84100000
160201/0019/0459.jpg 0.0 0.0 0.0 0.0 69.87700000 240.21500000 2.19500000
160620/0016/0834.jpg 0.0 0.0 0.0 0.0 68.91800000 241.37900000 1.93000000
170303/0019/0318.jpg 0.0 0.0 0.0 0.0 68.38700000 242.61300000 1.76400000
150929/0032/0029.jpg 0.0 0.0 0.0 0.0 68.09100000 244.18400000 1.65000000
160305/0019/0769.jpg 0.0 0.0 0.0 0.0 67.60400000 246.30800000 1.61900000
160801/0016/0586.jpg 0.0 0.0 0.0 0.0 67.76400000 248.52800000 1.75900000
150522/0025/0270.jpg 0.0 0.0 0.0 0.0 67.43800000 250.33700000 2.13000000
161003/0016/0455.jpg 0.0 0.0 0.0 0.0 66.64400000 250.72300000 2.52300000
160912/0017/0103.jpg 0.0 0.0 0.0 0.0 65.40000000 251.95200000 2.59300000
150625/0022/0682.jpg 0.0 0.0 0.0 0.0 64.56300000 251.35400000 2.08700000
140613/0022/0592.jpg 0.0 0.0 0.0 0.0 64.71000000 252.37600000 1.96100000
170307/0019/0119.jpg 0.0 0.0 0.0 0.0 64.35300000 253.94400000 1.53900000
160725/0022/0515.jpg 0.0 0.0 0.0 0.0 64.28900000 256.28600000 1.57500000
140528/0024/0818.jpg 0.0 0.0 0.0 0.0 64.48600000 260.79100000 1.39200000
170419/0020/0361.jpg 0.0 0.0 0.0 0.0 65.39900000 262.84500000 0.98400000
170424/0017/0232.jpg 0.0 0.0 0.0 0.0 67.22200000 264.99400000 0.60200000
150625/0023/0132.jpg 0.0 0.0 0.0 0.0 70.23300000 265.59800000 0.72100000
161003/0016/0998.jpg 0.0 0.0 0.0 0.0 71.34800000 267.45900000 1.20200000
170403/0017/0920.jpg 0.0 0.0 0.0 0.0 71.65900000 268.65300000 1.97600000
150730/0023/0298.jpg 0.0 0.0 0.0 0.0 71.38900000 270.12600000 1.85800000
141107/0026/0886.jpg 0.0 0.0 0.0 0.0 70.87300000 271.41600000 1.88400000
161216/0021/0698.jpg 0.0 0.0 0.0 0.0 70.87200000 273.04400000 1.46900000
160418/0019/0241.jpg 0.0 0.0 0.0 0.0 71.19100000 275.27900000 1.33200000
170307/0019/0906.jpg 0.0 0.0 0.0 0.0 71.60900000 277.82500000 1.65900000
161003/0017/0329.jpg 0.0 0.0 0.0 0.0 71.55700000 279.81400000 1.66800000
141222/0039/0954.jpg 0.0 0.0 0.0 0.0 71.06200000 281.34400000 2.06200000
170419/0021/0104.jpg 0.0 0.0 0.0 0.0 70.25300000 282.73300000 1.84000000
161003/0017/0473.jpg 0.0 0.0 0.0 0.0 69.92400000 284.35200000 1.91400000
151111/0017/0990.jpg 0.0 0.0 0.0 0.0 69.51100000 286.63100000 1.88000000
151111/0018/0044.jpg 0.0 0.0 0.0 0.0 69.09700000 289.10700000 1.67600000
150429/0020/0879.jpg 0.0 0.0 0.0 0.0 68.79500000 291.85100000 1.60600000
161010/0020/0348.jpg 0.0 0.0 0.0 0.0 68.63900000 294.86100000 1.54700000
161216/0022/0563.jpg 0.0 0.0 0.0 0.0 67.89200000 301.36200000 2.57700000
161010/0020/0549.jpg 0.0 0.0 0.0 0.0 66.86500000 302.09600000 2.86600000
141128/0027/0107.jpg 0.0 0.0 0.0 0.0 65.59500000 302.48900000 3.03300000
140613/0024/0374.jpg 0.0 0.0 0.0 0.0 64.31800000 303.33200000 2.74900000
160314/0022/0672.jpg 0.0 0.0 0.0 0.0 46.54500000 308.75900000 -2.24800000
170411/0024/0264.jpg 0.0 0.0 0.0 0.0 46.13600000 307.01500000 -1.68500000
170217/0026/0885.jpg 0.0 0.0 0.0 0.0 45.86800000 305.31200000 -1.80600000
140625/0032/0249.jpg 0.0 0.0 0.0 0.0 45.56500000 303.90200000 -2.23600000
160912/0019/0175.jpg 0.0 0.0 0.0 0.0 44.59200000 302.59000000 -2.47700000
140122/0022/0589.jpg 0.0 0.0 0.0 0.0 42.81100000 301.47600000 -2.54400000
170626/0019/0730.jpg 0.0 0.0 0.0 0.0 41.10000000 300.06700000 -2.54000000
160829/0019/0149.jpg 0.0 0.0 0.0 0.0 39.54900000 298.88100000 -2.52700000
150820/0021/0640.jpg 0.0 0.0 0.0 0.0 37.44500000 297.74600000 -2.66700000
160411/0017/0999.jpg 0.0 0.0 0.0 0.0 35.26600000 296.72100000 -2.69500000
151027/0020/0399.jpg 0.0 0.0 0.0 0.0 32.67700000 296.04300000 -2.89300000
151118/0019/0379.jpg 0.0 0.0 0.0 0.0 29.87000000 295.42500000 -2.95800000
160411/0018/0245.jpg 0.0 0.0 0.0 0.0 27.05300000 295.04100000 -3.13700000
160426/0022/0013.jpg 0.0 0.0 0.0 0.0 24.32100000 295.19700000 -3.03500000
160725/0025/0139.jpg 0.0 0.0 0.0 0.0 22.34400000 294.83800000 -2.45100000
150312/0037/0122.jpg 0.0 0.0 0.0 0.0 21.00900000 293.56800000 -1.92200000
151027/0020/0697.jpg 0.0 0.0 0.0 0.0 20.53400000 291.23000000 -1.74600000
160923/0019/0888.jpg 0.0 0.0 0.0 0.0 19.84900000 288.81500000 -1.78200000
150929/0035/0646.jpg 0.0 0.0 0.0 0.0 19.72300000 286.81000000 -2.13800000
170411/0025/0093.jpg 0.0 0.0 0.0 0.0 18.15800000 285.50000000 -2.39000000
160906/0020/0035.jpg 0.0 0.0 0.0 0.0 16.16200000 284.34200000 -2.82700000
161223/0022/0332.jpg 0.0 0.0 0.0 0.0 13.87400000 283.68100000 -2.72900000
171004/0017/0625.jpg 0.0 0.0 0.0 0.0 11.77200000 283.10200000 -2.83900000
161223/0022/0444.jpg 0.0 0.0 0.0 0.0 9.27300000 282.75700000 -2.91400000
140416/0023/0471.jpg 0.0 0.0 0.0 0.0 1.15800000 276.68500000 3.11300000
