161223/0011/0160.jpg 0.0 0.0 0.0 0.0 64.23700000 0.35600000 1.48600000
160912/0010/0489.jpg 0.0 0.0 0.0 0.0 64.69800000 2.81300000 1.52000000
140409/0031/0331.jpg 0.0 0.0 0.0 0.0 65.08600000 5.36300000 1.56800000
161018/0009/0834.jpg 0.0 0.0 0.0 0.0 65.14000000 7.69500000 1.86000000
170904/0009/0982.jpg 0.0 0.0 0.0 0.0 65.10000000 9.81300000 1.56700000
161010/0012/0671.jpg 0.0 0.0 0.0 0.0 65.15700000 11.90800000 1.41800000
171004/0009/0006.jpg 0.0 0.0 0.0 0.0 65.89900000 13.78400000 1.13000000
160606/0011/0799.jpg 0.0 0.0 0.0 0.0 67.16100000 15.79400000 1.20700000
150216/0016/0826.jpg 0.0 0.0 0.0 0.0 67.83500000 17.52800000 1.31200000
160719/0013/0422.jpg 0.0 0.0 0.0 0.0 67.90600000 19.08900000 1.44400000
160201/0013/0383.jpg 0.0 0.0 0.0 0.0 67.89100000 20.49700000 1.96500000
170320/0011/0302.jpg 0.0 0.0 0.0 0.0 68.91800000 28.95100000 1.16300000
150429/0014/0393.jpg 0.0 0.0 0.0 0.0 70.02800000 30.48600000 1.54200000
170217/0016/0133.jpg 0.0 0.0 0.0 0.0 71.33600000 47.23800000 1.67200000
160601/0011/0596.jpg 0.0 0.0 0.0 0.0 71.78100000 49.70800000 1.40800000
150730/0017/0297.jpg 0.0 0.0 0.0 0.0 73.11000000 52.08400000 1.01400000
161018/0010/0921.jpg 0.0 0.0 0.0 0.0 75.03400000 54.47400000 0.73100000
141128/0017/0495.jpg 0.0 0.0 0.0 0.0 76.79600000 56.41400000 1.48100000
160829/0011/0641.jpg 0.0 0.0 0.0 0.0 76.60600000 58.37700000 1.73600000
140117/0026/0896.jpg 0.0 0.0 0.0 0.0 76.52300000 60.32700000 1.38200000
140117/0026/0961.jpg 0.0 0.0 0.0 0.0 77.40700000 62.56100000 0.89500000
140718/0015/0865.jpg 0.0 0.0 0.0 0.0 78.54300000 64.56000000 0.96000000
170424/0011/0914.jpg 0.0 0.0 0.0 0.0 79.13100000 66.56300000 1.72100000
160801/0012/0272.jpg 0.0 0.0 0.0 0.0 78.98200000 72.01100000 1.09300000
170626/0012/0598.jpg 0.0 0.0 0.0 0.0 80.01600000 73.86800000 1.03500000
160620/0013/0012.jpg 0.0 0.0 0.0 0.0 81.07000000 76.21100000 1.04200000
170626/0012/0705.jpg 0.0 0.0 0.0 0.0 82.50600000 77.66000000 1.17800000
171004/0010/0452.jpg 0.0 0.0 0.0 0.0 83.29300000 79.31500000 1.28200000
160816/0013/0029.jpg 0.0 0.0 0.0 0.0 83.02600000 81.51100000 1.45500000
160923/0012/0970.jpg 0.0 0.0 0.0 0.0 83.31700000 83.92700000 1.50100000
170626/0012/0934.jpg 0.0 0.0 0.0 0.0 83.39500000 86.29500000 1.49200000
170307/0013/0702.jpg 0.0 0.0 0.0 0.0 83.43900000 88.95000000 1.53500000
170403/0012/0758.jpg 0.0 0.0 0.0 0.0 83.79200000 91.51100000 1.53600000
150625/0017/0296.jpg 0.0 0.0 0.0 0.0 83.79200000 93.70000000 1.27400000
160411/0012/0155.jpg 0.0 0.0 0.0 0.0 84.69100000 95.66500000 1.15800000
151118/0012/0318.jpg 0.0 0.0 0.0 0.0 86.19200000 97.74200000 0.99300000
160620/0013/0465.jpg 0.0 0.0 0.0 0.0 87.66600000 99.55000000 0.93000000
140723/0020/0625.jpg 0.0 0.0 0.0 0.0 88.98800000 101.33300000 1.15100000
150226/0019/0796.jpg 0.0 0.0 0.0 0.0 89.83100000 103.61500000 1.33800000
140528/0020/0379.jpg 0.0 0.0 0.0 0.0 90.34300000 105.51800000 1.65600000
151214/0016/0486.jpg 0.0 0.0 0.0 0.0 90.45000000 107.65900000 1.82900000
160801/0013/0111.jpg 0.0 0.0 0.0 0.0 89.67000000 109.65900000 1.85400000
150327/0018/0672.jpg 0.0 0.0 0.0 0.0 89.22600000 111.47200000 1.65300000
160314/0015/0993.jpg 0.0 0.0 0.0 0.0 89.10200000 113.30400000 1.51600000
141029/0018/0804.jpg 0.0 0.0 0.0 0.0 89.36300000 114.89000000 1.21200000
160816/0013/0968.jpg 0.0 0.0 0.0 0.0 90.08700000 116.85700000 1.19600000
150320/0017/0757.jpg 0.0 0.0 0.0 0.0 91.35800000 118.64200000 1.22900000
170411/0018/0236.jpg 0.0 0.0 0.0 0.0 91.94400000 120.29100000 1.30400000
161216/0016/0708.jpg 0.0 0.0 0.0 0.0 92.77700000 122.03200000 1.01700000
170223/0013/0291.jpg 0.0 0.0 0.0 0.0 93.97500000 123.38100000 0.85500000
170419/0015/0847.jpg 0.0 0.0 0.0 0.0 95.97500000 124.81200000 0.92900000
140718/0017/0322.jpg 0.0 0.0 0.0 0.0 97.51900000 126.31700000 0.97700000
161216/0016/0953.jpg 0.0 0.0 0.0 0.0 98.61500000 127.61700000 1.48400000
160418/0015/0037.jpg 0.0 0.0 0.0 0.0 98.92400000 129.43600000 1.70800000
150216/0020/0493.jpg 0.0 0.0 0.0 0.0 98.08800000 131.36600000 2.02900000
140424/0022/0754.jpg 0.0 0.0 0.0 0.0 97.95000000 132.85700000 1.64300000
140122/0016/0453.jpg 0.0 0.0 0.0 0.0 97.57000000 134.38600000 1.69700000
140314/0028/0756.jpg 0.0 0.0 0.0 0.0 97.55100000 136.19800000 1.58200000
160725/0018/0642.jpg 0.0 0.0 0.0 0.0 97.73400000 138.31100000 1.53200000
170307/0016/0137.jpg 0.0 0.0 0.0 0.0 96.03000000 152.00700000 2.24300000
161123/0015/0586.jpg 0.0 0.0 0.0 0.0 95.19900000 153.12300000 2.34700000
161216/0017/0967.jpg 0.0 0.0 0.0 0.0 94.35700000 154.60800000 2.23400000
141121/0021/0008.jpg 0.0 0.0 0.0 0.0 93.45300000 156.22700000 2.37100000
161223/0016/0000.jpg 0.0 0.0 0.0 0.0 92.30500000 157.88900000 2.29100000
160715/0015/0677.jpg 0.0 0.0 0.0 0.0 91.65400000 160.01700000 2.10700000
160321/0020/0330.jpg 0.0 0.0 0.0 0.0 91.13300000 161.83800000 1.84100000
160829/0014/0382.jpg 0.0 0.0 0.0 0.0 90.49700000 163.74500000 1.91500000
170424/0014/0458.jpg 0.0 0.0 0.0 0.0 90.14200000 169.25500000 1.69200000
161003/0014/0161.jpg 0.0 0.0 0.0 0.0 90.42400000 171.32700000 1.38300000
160923/0015/0180.jpg 0.0 0.0 0.0 0.0 90.16900000 176.26800000 1.99900000
160912/0015/0092.jpg 0.0 0.0 0.0 0.0 88.85000000 177.62700000 2.03800000
170419/0017/0631.jpg 0.0 0.0 0.0 0.0 88.00600000 179.27100000 2.08900000
170411/0020/0123.jpg 0.0 0.0 0.0 0.0 86.19800000 182.60500000 2.21400000
151127/0019/0458.jpg 0.0 0.0 0.0 0.0 85.55200000 184.58900000 2.07500000
170411/0020/0215.jpg 0.0 0.0 0.0 0.0 83.91000000 186.20100000 2.09600000
161127/0016/0211.jpg 0.0 0.0 0.0 0.0 82.88300000 188.02500000 1.98700000
161127/0016/0241.jpg 0.0 0.0 0.0 0.0 82.27000000 189.54800000 1.97800000
170411/0020/0319.jpg 0.0 0.0 0.0 0.0 81.72900000 191.36800000 1.81100000
161018/0014/0097.jpg 0.0 0.0 0.0 0.0 81.30900000 192.97300000 1.93100000
140613/0020/0785.jpg 0.0 0.0 0.0 0.0 80.73500000 193.96000000 2.17600000
160906/0015/0748.jpg 0.0 0.0 0.0 0.0 80.06800000 195.06000000 2.48700000
170424/0015/0196.jpg 0.0 0.0 0.0 0.0 78.53600000 195.96700000 2.57200000
140625/0028/0279.jpg 0.0 0.0 0.0 0.0 77.72500000 197.41700000 1.99000000
160715/0016/0788.jpg 0.0 0.0 0.0 0.0 76.96900000 199.03000000 1.96500000
150806/0017/0158.jpg 0.0 0.0 0.0 0.0 76.31100000 201.22600000 1.88000000
140625/0028/0440.jpg 0.0 0.0 0.0 0.0 75.65200000 203.19500000 1.92100000
160616/0016/0369.jpg 0.0 0.0 0.0 0.0 74.46100000 204.75400000 2.27000000
150827/0020/0509.jpg 0.0 0.0 0.0 0.0 73.79800000 206.42000000 2.13100000
170303/0017/0723.jpg 0.0 0.0 0.0 0.0 72.90500000 207.87700000 1.96100000
150929/0030/0938.jpg 0.0 0.0 0.0 0.0 72.74600000 209.89000000 1.43500000
161123/0017/0296.jpg 0.0 0.0 0.0 0.0 73.13700000 212.28600000 1.31900000
160616/0016/0637.jpg 0.0 0.0 0.0 0.0 73.83500000 214.14400000 1.47300000
140106/0023/0000.jpg 0.0 0.0 0.0 0.0 74.02600000 216.06700000 1.55400000
141128/0023/0718.jpg 0.0 0.0 0.0 0.0 74.28900000 218.05900000 1.66300000
141222/0038/0131.jpg 0.0 0.0 0.0 0.0 74.67800000 219.87900000 2.20900000
141222/0038/0175.jpg 0.0 0.0 0.0 0.0 74.00000000 221.12500000 2.25800000
161003/0015/0653.jpg 0.0 0.0 0.0 0.0 72.08200000 222.44600000 2.40400000
160418/0017/0765.jpg 0.0 0.0 0.0 0.0 71.29300000 224.03200000 2.15100000
150820/0018/0513.jpg 0.0 0.0 0.0 0.0 70.40300000 225.60400000 1.92600000
150522/0024/0682.jpg 0.0 0.0 0.0 0.0 69.64500000 227.29000000 1.69000000
140122/0019/0410.jpg 0.0 0.0 0.0 0.0 70.54400000 228.90400000 1.66100000
170307/0018/0352.jpg 0.0 0.0 0.0 0.0 70.19100000 230.36900000 1.55100000
140911/0034/0149.jpg 0.0 0.0 0.0 0.0 70.34800000 232.60100000 1.61800000
161123/0017/0899.jpg 0.0 0.0 0.0 0.0 70.21500000 234.84800000 1.44100000
170626/0017/0154.jpg 0.0 0.0 0.0 0.0 70.46000000 237.13500000 1.76200000
140416/0019/0660.jpg 0.0 0.0 0.0 0.0 70.27100000 238.75400000 1.75800000
160906/0016/0967.jpg 0.0 0.0 0.0 0.0 69.49600000 239.95000000 2.06200000
160418/0018/0218.jpg 0.0 0.0 0.0 0.0 68.96800000 241.40800000 1.99100000
150226/0024/0179.jpg 0.0 0.0 0.0 0.0 68.38700000 242.61600000 1.76400000
161010/0019/0019.jpg 0.0 0.0 0.0 0.0 68.09200000 244.17400000 1.74100000
140117/0031/0430.jpg 0.0 0.0 0.0 0.0 67.90400000 246.28900000 1.68400000
160923/0017/0042.jpg 0.0 0.0 0.0 0.0 67.77200000 248.50500000 1.68100000
140904/0024/0885.jpg 0.0 0.0 0.0 0.0 67.08100000 250.12800000 2.18100000
150226/0024/0424.jpg 0.0 0.0 0.0 0.0 66.59000000 250.71300000 2.58200000
161010/0019/0227.jpg 0.0 0.0 0.0 0.0 64.97400000 251.42300000 2.43000000
141107/0026/0192.jpg 0.0 0.0 0.0 0.0 65.06700000 251.65800000 2.26700000
150625/0022/0710.jpg 0.0 0.0 0.0 0.0 64.10500000 252.22600000 1.86600000
161223/0018/0864.jpg 0.0 0.0 0.0 0.0 64.36600000 253.95200000 1.68500000
170626/0017/0634.jpg 0.0 0.0 0.0 0.0 63.87900000 256.26200000 1.61700000
160829/0017/0078.jpg 0.0 0.0 0.0 0.0 64.48800000 260.77200000 1.47400000
160715/0018/0679.jpg 0.0 0.0 0.0 0.0 65.41400000 262.81100000 0.93800000
161003/0016/0907.jpg 0.0 0.0 0.0 0.0 67.19600000 265.00300000 0.60200000
140606/0043/0431.jpg 0.0 0.0 0.0 0.0 69.68500000 266.42100000 0.49400000
140528/0025/0124.jpg 0.0 0.0 0.0 0.0 71.34600000 267.47700000 1.36500000
140129/0025/0514.jpg 0.0 0.0 0.0 0.0 72.02100000 268.77400000 1.99400000
170403/0017/0964.jpg 0.0 0.0 0.0 0.0 71.08200000 270.02400000 1.90300000
170411/0022/0768.jpg 0.0 0.0 0.0 0.0 70.86000000 271.43000000 1.68300000
141128/0025/0973.jpg 0.0 0.0 0.0 0.0 70.85400000 273.03200000 1.40200000
170403/0018/0121.jpg 0.0 0.0 0.0 0.0 71.21500000 275.25100000 1.35300000
160616/0018/0472.jpg 0.0 0.0 0.0 0.0 71.06500000 277.81900000 1.47900000
150910/0021/0725.jpg 0.0 0.0 0.0 0.0 71.56500000 279.78600000 1.84200000
160418/0019/0400.jpg 0.0 0.0 0.0 0.0 70.88000000 281.23600000 2.01200000
150429/0020/0616.jpg 0.0 0.0 0.0 0.0 70.21500000 282.71600000 2.04100000
160715/0019/0266.jpg 0.0 0.0 0.0 0.0 69.93600000 284.37900000 1.82900000
161223/0019/0777.jpg 0.0 0.0 0.0 0.0 69.56000000 286.58600000 1.86200000
161223/0019/0832.jpg 0.0 0.0 0.0 0.0 69.31700000 289.17800000 1.60900000
150910/0022/0081.jpg 0.0 0.0 0.0 0.0 68.79000000 291.86100000 1.75700000
160927/0018/0014.jpg 0.0 0.0 0.0 0.0 68.62700000 294.88200000 1.66500000
150813/0022/0144.jpg 0.0 0.0 0.0 0.0 67.87100000 301.34500000 2.84600000
150327/0029/0924.jpg 0.0 0.0 0.0 0.0 66.82200000 302.07900000 2.98500000
161003/0017/0909.jpg 0.0 0.0 0.0 0.0 65.74800000 302.95800000 2.86700000
170419/0021/0766.jpg 0.0 0.0 0.0 0.0 64.14700000 303.01000000 2.51300000
151118/0018/0735.jpg 0.0 0.0 0.0 0.0 47.20100000 308.27700000 -2.26200000
140613/0024/0918.jpg 0.0 0.0 0.0 0.0 46.46800000 306.93600000 -1.94800000
160719/0022/0164.jpg 0.0 0.0 0.0 0.0 46.18400000 305.19200000 -1.97000000
140718/0023/0529.jpg 0.0 0.0 0.0 0.0 45.56300000 303.91200000 -2.12100000
150708/0023/0339.jpg 0.0 0.0 0.0 0.0 44.57600000 302.58200000 -2.46900000
170725/0026/0330.jpg 0.0 0.0 0.0 0.0 42.98800000 301.15900000 -2.50600000
160829/0019/0112.jpg 0.0 0.0 0.0 0.0 41.11400000 300.05700000 -2.42900000
150910/0023/0390.jpg 0.0 0.0 0.0 0.0 39.50800000 298.83900000 -2.45100000
160725/0024/0772.jpg 0.0 0.0 0.0 0.0 37.44200000 297.73500000 -2.69000000
161223/0021/0523.jpg 0.0 0.0 0.0 0.0 35.26500000 296.71600000 -2.76000000
160906/0019/0550.jpg 0.0 0.0 0.0 0.0 32.71000000 295.89500000 -2.81300000
171004/0017/0124.jpg 0.0 0.0 0.0 0.0 29.87400000 295.29200000 -2.97900000
160616/0020/0381.jpg 0.0 0.0 0.0 0.0 27.06900000 295.16100000 -3.11100000
170904/0018/0411.jpg 0.0 0.0 0.0 0.0 24.34300000 295.17300000 3.03400000
170307/0021/0827.jpg 0.0 0.0 0.0 0.0 22.21300000 294.97300000 -2.34200000
161010/0021/0874.jpg 0.0 0.0 0.0 0.0 21.21400000 293.50400000 -2.10900000
140723/0029/0603.jpg 0.0 0.0 0.0 0.0 20.53100000 291.25500000 -1.70100000
161123/0021/0536.jpg 0.0 0.0 0.0 0.0 19.84500000 288.81900000 -1.81200000
171004/0017/0458.jpg 0.0 0.0 0.0 0.0 19.23700000 287.03800000 -2.06700000
150929/0035/0679.jpg 0.0 0.0 0.0 0.0 18.38500000 285.25500000 -2.39300000
161003/0019/0491.jpg 0.0 0.0 0.0 0.0 16.18800000 284.39100000 -2.85300000
171004/0017/0594.jpg 0.0 0.0 0.0 0.0 13.88900000 283.72400000 -2.79400000
151111/0020/0151.jpg 0.0 0.0 0.0 0.0 11.85900000 282.80400000 -2.83700000
161010/0022/0285.jpg 0.0 0.0 0.0 0.0 9.27800000 282.77200000 -2.86800000
140613/0026/0351.jpg 0.0 0.0 0.0 0.0 1.12300000 276.69500000 2.93600000
