0.4494 0.5485 0.1502 0.0929 0.4851 0.3255 0.5365 0.4067
0.3440 0.4309 0.2216 0.2963 0.2615 0.2179 0.5370 0.3758
0.4206 0.5067 0.1434 0.0795 0.4801 0.3814 0.4635 0.4220
0.4207 0.5163 0.1494 0.0583 0.4927 0.3573 0.5040 0.4064
0.4574 0.5182 0.1241 0.0854 0.4724 0.3468 0.4758 0.4058
0.5059 0.4663 0.1612 0.0797 0.4731 0.3323 0.5352 0.3293
0.1936 0.4879 0.0852 0.0774 0.2486 0.3245 0.2036 0.4135
0.5065 0.5076 0.1538 0.0209 0.4732 0.3716 0.4875 0.4403
0.2566 0.4125 0.0359 0.1059 0.2814 -1.0000 0.3194 -1.0000
0.3760 0.2745 0.3020 0.2863 0.3792 0.2053 0.4564 0.1414
