0.6375 0.8285 0.2129 0.0947 0.7097 0.5000 0.7631 0.6145
0.4348 0.6667 0.3315 0.4261 0.3711 0.3041 0.7287 0.5479
0.5944 0.7821 0.2190 0.0882 0.7326 0.5989 0.6758 0.6374
0.6200 0.8188 0.1988 0.0485 0.7412 0.5529 0.7456 0.6235
0.6703 0.8172 0.1442 0.0673 0.7005 0.5076 0.7316 0.6263
0.6570 0.7184 0.2267 0.0913 0.7129 0.4880 0.7488 0.5222
0.2443 0.7727 0.1300 0.0876 0.4186 0.5269 0.3016 0.6330
0.7348 0.7845 0.1850 0.0116 0.7538 0.5729 0.7273 0.7172
0.3547 0.6744 0.0513 0.1270 0.4688 -1.0000 0.4821 -1.0000
0.5083 0.3661 0.5246 0.3864 0.5955 0.2753 0.6283 0.2461
