0.8458 0.9833 0.5422 0.2840 0.9395 0.6452 0.9598 0.9157
0.8207 0.9180 0.6957 0.6477 0.7629 0.5825 0.9840 0.9043
0.8278 0.9553 0.5524 0.1863 0.9358 0.6791 0.9780 0.9505
0.8333 0.9530 0.5439 0.2061 0.9412 0.6118 0.9586 0.8941
0.8486 0.9516 0.6093 0.2260 0.9036 0.6650 0.9579 0.9105
0.9227 0.9563 0.5467 0.2283 0.9378 0.6364 0.9803 0.8424
0.5739 0.9489 0.3900 0.2165 0.7674 0.6766 0.5979 0.9574
0.8508 0.9503 0.5150 0.1040 0.9077 0.6823 0.9596 0.9596
0.6686 0.9186 0.3385 0.2963 0.8490 -1.0000 0.8410 -1.0000
0.8066 0.8306 0.9071 0.6023 0.9101 0.6067 0.8953 0.6545
