0.9125 0.9958 0.7149 0.3909 0.9758 0.7056 0.9799 0.9759
0.8967 0.9454 0.8315 0.7443 0.8763 0.6856 0.9947 0.9681
0.8722 0.9721 0.7381 0.3088 0.9786 0.7273 1.0000 0.9835
0.9000 0.9732 0.7135 0.3515 0.9765 0.6765 0.9704 0.9588
0.8865 0.9516 0.7721 0.3606 0.9797 0.7208 0.9789 0.9421
0.9614 0.9709 0.7067 0.3562 0.9761 0.7273 0.9951 0.9458
0.6875 0.9716 0.5350 0.3814 0.8779 0.7365 0.7037 0.9947
0.9061 0.9669 0.7200 0.2197 0.9333 0.7708 0.9798 0.9747
0.8140 0.9709 0.5026 0.4709 0.9323 -1.0000 0.9179 -1.0000
0.8840 0.9235 0.9344 0.7784 0.9494 0.6910 0.9476 0.8429
