0.7917 0.9707 0.4177 0.1975 0.8871 0.6008 0.9157 0.8474
0.7065 0.8251 0.5543 0.5511 0.6546 0.5309 0.9468 0.7819
0.7556 0.9218 0.4095 0.1373 0.8610 0.6524 0.9121 0.8626
0.8067 0.9128 0.4737 0.1152 0.8824 0.5882 0.9231 0.8235
0.7892 0.9194 0.4465 0.1587 0.8782 0.6294 0.9158 0.8421
0.8744 0.8981 0.3778 0.1461 0.8947 0.6029 0.9557 0.7734
0.4659 0.8807 0.2600 0.1598 0.6802 0.6287 0.5079 0.8883
0.8177 0.9227 0.4100 0.0405 0.8821 0.6667 0.9141 0.9091
0.5756 0.8430 0.1744 0.2116 0.7240 -1.0000 0.7282 -1.0000
0.7348 0.7213 0.7814 0.4830 0.8090 0.4775 0.8534 0.4921
