slice24/query/img_10407_c0_1283348678858706us.jpg 0.248758 0.329686 0.647923 -0.640018 192.873620 -1163.353731 42.756389
slice24/query/img_10408_c0_1283348678925321us.jpg 0.247978 0.332410 0.646891 -0.639955 192.072027 -1163.258942 42.720400
slice24/query/img_10409_c0_1283348679058679us.jpg 0.251357 0.334207 0.645591 -0.639013 190.587151 -1163.175435 42.552418
slice24/query/img_10410_c0_1283348679125285us.jpg 0.255079 0.335234 0.645074 -0.637521 189.815406 -1163.143517 42.460363
slice24/query/img_10411_c0_1283348679191898us.jpg 0.256900 0.336886 0.644369 -0.636630 189.026469 -1163.095585 42.378539
slice24/query/img_10412_c0_1283348679325251us.jpg 0.260752 0.340933 0.642849 -0.634444 187.332254 -1163.005861 42.192448
slice24/query/img_10413_c0_1283348679391862us.jpg 0.262589 0.342839 0.642228 -0.633286 186.474495 -1162.940940 42.101080
slice24/query/img_10414_c0_1283348679458600us.jpg 0.264958 0.344114 0.641848 -0.631992 185.612157 -1162.875854 42.002061
slice24/query/img_10415_c0_1283348679525213us.jpg 0.267640 0.345154 0.641108 -0.631045 184.750894 -1162.804240 41.900652
slice24/query/img_10416_c0_1283348679658588us.jpg 0.274310 0.346507 0.638727 -0.629853 182.972276 -1162.671041 41.673977
slice24/query/img_10417_c0_1283348679725177us.jpg 0.277092 0.347599 0.637300 -0.629479 182.091930 -1162.585633 41.575219
slice24/query/img_10418_c0_1283348679791792us.jpg 0.279716 0.348762 0.635950 -0.629040 181.221389 -1162.492762 41.487523
slice24/query/img_10419_c0_1283348679925146us.jpg 0.286173 0.350567 0.633131 -0.627975 179.473947 -1162.297175 41.299137
slice24/query/img_10420_c0_1283348679991756us.jpg 0.288410 0.351983 0.632000 -0.627299 178.604741 -1162.176505 41.221319
slice24/query/img_10421_c0_1283348680058495us.jpg 0.290732 0.353576 0.631282 -0.626053 177.735719 -1162.053274 41.148173
slice24/query/img_10422_c0_1283348680192168us.jpg 0.295351 0.357367 0.629492 -0.623535 175.980642 -1161.801489 40.990266
slice24/query/img_10423_c0_1283348680258479us.jpg 0.297435 0.359037 0.628490 -0.622595 175.104994 -1161.662319 40.913597
slice24/query/img_10424_c0_1283348680325074us.jpg 0.299531 0.360796 0.627266 -0.621807 174.229826 -1161.517053 40.838504
slice24/query/img_10425_c0_1283348680391687us.jpg 0.301487 0.362495 0.625960 -0.621191 173.351207 -1161.363045 40.764689
slice24/query/img_10426_c0_1283348680525062us.jpg 0.305368 0.365665 0.623051 -0.620360 171.543576 -1161.040965 40.595506
slice24/query/img_10427_c0_1283348680591653us.jpg 0.307362 0.367113 0.621530 -0.620046 170.639354 -1160.868982 40.516454
slice24/query/img_10428_c0_1283348680658391us.jpg 0.309346 0.368636 0.620151 -0.619537 169.732300 -1160.689898 40.438260
slice24/query/img_10429_c0_1283348680725004us.jpg 0.311311 0.370014 0.619283 -0.618598 168.830343 -1160.503749 40.361996
slice24/query/img_10430_c0_1283348680858355us.jpg 0.315356 0.372533 0.618043 -0.616273 167.009887 -1160.121381 40.201270
slice24/query/img_10431_c0_1283348680924969us.jpg 0.317521 0.373598 0.617426 -0.615134 166.103244 -1159.923233 40.123519
slice24/query/img_10432_c0_1283348680991581us.jpg 0.319332 0.375181 0.616406 -0.614255 165.200571 -1159.717438 40.048868
slice24/query/img_10433_c0_1283348681124956us.jpg 0.322563 0.378306 0.614091 -0.612968 163.391408 -1159.292875 39.898370
slice24/query/img_10434_c0_1283348681191566us.jpg 0.324364 0.379543 0.612845 -0.612500 162.491129 -1159.070944 39.826280
slice24/query/img_10435_c0_1283348681258284us.jpg 0.326201 0.380682 0.611768 -0.611894 161.596794 -1158.844724 39.754496
slice24/query/img_10436_c0_1283348681324898us.jpg 0.327938 0.382044 0.610954 -0.610929 160.703932 -1158.617720 39.685797
slice24/query/img_10437_c0_1283348681458251us.jpg 0.331286 0.384924 0.610156 -0.608106 158.914237 -1158.152561 39.544696
slice24/query/img_10438_c0_1283348681524863us.jpg 0.332907 0.386244 0.610183 -0.606354 158.023915 -1157.915050 39.475831
slice24/query/img_10439_c0_1283348681591476us.jpg 0.334515 0.387539 0.610227 -0.604596 157.140550 -1157.673899 39.406642
slice24/query/img_10440_c0_1283348681658214us.jpg 0.336178 0.388930 0.610121 -0.602885 156.257456 -1157.427488 39.339000
slice24/query/img_10441_c0_1283348681791445us.jpg 0.339163 0.391999 0.609103 -0.600248 154.495273 -1156.911382 39.209937
slice24/query/img_10442_c0_1283348681858180us.jpg 0.340576 0.393444 0.608442 -0.599173 153.609289 -1156.646876 39.140346
slice24/query/img_10443_c0_1283348681924794us.jpg 0.342156 0.394817 0.607780 -0.598040 152.733793 -1156.377095 39.073434
slice24/query/img_10444_c0_1283348682058147us.jpg 0.345484 0.397223 0.606293 -0.596040 150.984604 -1155.824983 38.938991
slice24/query/img_10445_c0_1283348682124758us.jpg 0.347274 0.398271 0.605775 -0.594826 150.112136 -1155.545338 38.870931
slice24/query/img_10446_c0_1283348682191371us.jpg 0.348767 0.399721 0.605254 -0.593508 149.238656 -1155.262758 38.801072
slice24/query/img_10447_c0_1283348682324744us.jpg 0.351491 0.403034 0.603964 -0.590969 147.494752 -1154.676011 38.662105
slice24/query/img_10448_c0_1283348682391336us.jpg 0.352992 0.404506 0.603102 -0.589948 146.627953 -1154.375408 38.595847
slice24/query/img_10449_c0_1283348682458075us.jpg 0.354751 0.405849 0.601876 -0.589223 145.764001 -1154.070270 38.528345
slice24/query/img_10450_c0_1283348682524688us.jpg 0.356518 0.407091 0.600463 -0.588741 144.902194 -1153.759914 38.463204
slice24/query/img_10451_c0_1283348682658040us.jpg 0.359776 0.409749 0.597514 -0.587915 143.184368 -1153.129374 38.337640
slice24/query/img_10452_c0_1283348682724651us.jpg 0.361162 0.411279 0.596011 -0.587523 142.328549 -1152.807007 38.274416
slice24/query/img_10453_c0_1283348682858026us.jpg 0.364307 0.414212 0.593210 -0.586353 140.617936 -1152.149258 38.149550
slice24/query/img_10454_c0_1283348682924616us.jpg 0.365990 0.415490 0.592133 -0.585490 139.758094 -1151.817786 38.082426
slice24/query/img_10455_c0_1283348682991230us.jpg 0.367622 0.416893 0.591394 -0.584215 138.904345 -1151.484449 38.018191
slice24/query/img_10456_c0_1283348683057968us.jpg 0.369408 0.418098 0.590836 -0.582791 138.053276 -1151.145269 37.954603
slice24/query/img_10457_c0_1283348683191199us.jpg 0.372392 0.421186 0.589260 -0.580258 136.328402 -1150.440986 37.823446
slice24/query/img_10458_c0_1283348683257932us.jpg 0.373648 0.422869 0.588093 -0.579409 135.468234 -1150.078987 37.759331
slice24/query/img_10459_c0_1283348683324547us.jpg 0.374760 0.424638 0.586847 -0.578660 134.611794 -1149.715091 37.691911
slice24/query/img_10460_c0_1283348683457903us.jpg 0.377313 0.427313 0.584672 -0.577232 132.907095 -1148.972025 37.562804
slice24/query/img_10461_c0_1283348683524513us.jpg 0.379185 0.428141 0.583219 -0.576862 132.059612 -1148.592710 37.497748
slice24/query/img_10462_c0_1283348683591125us.jpg 0.381992 0.428676 0.581000 -0.576851 131.223474 -1148.213559 37.434585
slice24/query/img_10463_c0_1283348683724503us.jpg 0.385819 0.430480 0.578791 -0.575180 129.547124 -1147.448722 37.305531
slice24/query/img_10464_c0_1283348683791110us.jpg 0.386035 0.432713 0.578344 -0.573808 128.708227 -1147.058182 37.249426
slice24/query/img_10465_c0_1283348683857830us.jpg 0.385912 0.435430 0.577551 -0.572632 127.870379 -1146.664366 37.194166
slice24/query/img_10466_c0_1283348683924443us.jpg 0.386469 0.437710 0.576377 -0.571701 127.039167 -1146.269206 37.133751
slice24/query/img_10467_c0_1283348684057793us.jpg 0.389328 0.440169 0.574700 -0.569557 125.389863 -1145.470620 37.003492
slice24/query/img_10468_c0_1283348684124408us.jpg 0.391138 0.440777 0.573874 -0.568679 124.571962 -1145.063233 36.937106
slice24/query/img_10469_c0_1283348684191020us.jpg 0.393077 0.441299 0.572782 -0.568038 123.759069 -1144.656900 36.870140
slice24/query/img_10470_c0_1283348684324375us.jpg 0.396623 0.442935 0.570120 -0.566976 122.139810 -1143.828079 36.740786
slice24/query/img_10471_c0_1283348684390986us.jpg 0.397895 0.444162 0.569079 -0.566170 121.333834 -1143.409449 36.682300
slice24/query/img_10472_c0_1283348684457723us.jpg 0.399296 0.445466 0.567974 -0.565269 120.532942 -1142.987899 36.624323
slice24/query/img_10473_c0_1283348684590974us.jpg 0.401838 0.447975 0.566643 -0.562815 118.933804 -1142.136536 36.504492
slice24/query/img_10474_c0_1283348684657709us.jpg 0.402862 0.449617 0.566104 -0.561313 118.143079 -1141.706295 36.448276
slice24/query/img_10475_c0_1283348684724303us.jpg 0.404218 0.451214 0.565246 -0.559921 117.354343 -1141.278397 36.388064
slice24/query/img_10476_c0_1283348684857655us.jpg 0.407666 0.454288 0.563064 -0.557126 115.795660 -1140.412845 36.270734
slice24/query/img_10477_c0_1283348684924267us.jpg 0.409187 0.455952 0.561909 -0.555817 115.029409 -1139.975903 36.214875
slice24/query/img_10478_c0_1283348684990881us.jpg 0.410502 0.457899 0.560473 -0.554695 114.263718 -1139.535684 36.157085
slice24/query/img_10479_c0_1283348685057618us.jpg 0.411660 0.459625 0.559280 -0.553612 113.510499 -1139.091418 36.103433
slice24/query/img_10480_c0_1283348685190866us.jpg 0.414561 0.462737 0.556594 -0.551558 112.006708 -1138.198680 35.989670
slice24/query/img_10481_c0_1283348685257583us.jpg 0.416180 0.464155 0.555230 -0.550522 111.264939 -1137.746730 35.936012
slice24/query/img_10482_c0_1283348685324197us.jpg 0.417743 0.465730 0.553884 -0.549362 110.532529 -1137.295835 35.883730
slice24/query/img_10483_c0_1283348685457549us.jpg 0.420909 0.468026 0.552228 -0.546655 109.076695 -1136.389891 35.764898
slice24/query/img_10484_c0_1283348685524162us.jpg 0.422210 0.469311 0.551435 -0.545348 108.353474 -1135.929728 35.706943
slice24/query/img_10485_c0_1283348685590775us.jpg 0.423640 0.470441 0.550577 -0.544132 107.638838 -1135.471754 35.650770
slice24/query/img_10486_c0_1283348685724149us.jpg 0.427199 0.472234 0.548356 -0.542035 106.215157 -1134.549428 35.534309
slice24/query/img_10487_c0_1283348685790739us.jpg 0.428941 0.473058 0.547236 -0.541071 105.512286 -1134.078690 35.475691
slice24/query/img_10488_c0_1283348685857478us.jpg 0.430256 0.474169 0.545998 -0.540305 104.815012 -1133.604628 35.418444
slice24/query/img_10489_c0_1283348685990729us.jpg 0.432680 0.476368 0.544299 -0.538145 103.422316 -1132.650946 35.312340
slice24/query/img_10490_c0_1283348686057457us.jpg 0.433941 0.477273 0.543399 -0.537237 102.728751 -1132.171026 35.257877
slice24/query/img_10491_c0_1283348686124058us.jpg 0.435027 0.478042 0.542677 -0.536404 102.045565 -1131.690770 35.203312
slice24/query/img_10492_c0_1283348686257410us.jpg 0.437115 0.479609 0.541366 -0.534629 100.675780 -1130.723833 35.095259
slice24/query/img_10493_c0_1283348686324021us.jpg 0.438082 0.480289 0.540605 -0.533996 99.997015 -1130.237154 35.041556
slice24/query/img_10494_c0_1283348686390636us.jpg 0.439136 0.481009 0.539824 -0.533274 99.319782 -1129.752445 34.989478
slice24/query/img_10495_c0_1283348686523990us.jpg 0.440939 0.482745 0.538308 -0.531746 97.975166 -1128.775677 34.895745
slice24/query/img_10496_c0_1283348686590600us.jpg 0.442162 0.483307 0.537351 -0.531188 97.309265 -1128.286779 34.845944
slice24/query/img_10497_c0_1283348686657338us.jpg 0.443520 0.483540 0.536584 -0.530620 96.644089 -1127.796750 34.796402
slice24/query/img_10498_c0_1283348686790568us.jpg 0.446921 0.483511 0.535192 -0.529197 95.316577 -1126.816401 34.693478
slice24/query/img_10499_c0_1283348686857302us.jpg 0.448386 0.483652 0.534587 -0.528438 94.656237 -1126.318744 34.643578
slice24/query/img_10500_c0_1283348686923917us.jpg 0.449586 0.483999 0.534113 -0.527580 93.994087 -1125.819988 34.596864
slice24/query/img_10501_c0_1283348687057288us.jpg 0.451571 0.484934 0.533118 -0.526030 92.670631 -1124.807844 34.495800
slice24/query/img_10502_c0_1283348687123881us.jpg 0.452524 0.485449 0.532388 -0.525475 92.012433 -1124.302137 34.447989
slice24/query/img_10503_c0_1283348687257233us.jpg 0.454454 0.486479 0.531255 -0.524002 90.694975 -1123.282202 34.357632
slice24/query/img_10504_c0_1283348687323844us.jpg 0.455391 0.486960 0.530630 -0.523374 90.039791 -1122.768764 34.312421
slice24/query/img_10505_c0_1283348687457217us.jpg 0.456548 0.488868 0.528972 -0.522264 88.727005 -1121.736448 34.228398
slice24/query/img_10506_c0_1283348687523814us.jpg 0.456937 0.489954 0.528343 -0.521543 88.072013 -1121.219066 34.185834
slice24/query/img_10507_c0_1283348687590428us.jpg 0.457367 0.490825 0.528021 -0.520673 87.419440 -1120.697053 34.143999
slice24/query/img_10508_c0_1283348687790418us.jpg 0.459299 0.493017 0.525900 -0.519045 85.460874 -1119.112565 34.020911
slice24/query/img_10509_c0_1283348687990367us.jpg 0.461196 0.493023 0.523926 -0.519354 83.509155 -1117.495439 33.882522
slice24/query/img_10510_c0_1283348688057112us.jpg 0.461122 0.493158 0.524191 -0.519023 82.853135 -1116.953596 33.839307
slice24/query/img_10511_c0_1283348688123707us.jpg 0.460725 0.493598 0.524447 -0.518699 82.195781 -1116.411148 33.797744
slice24/query/img_10512_c0_1283348688257081us.jpg 0.461374 0.493383 0.524290 -0.518485 80.881580 -1115.326176 33.708396
slice24/query/img_10513_c0_1283348688323678us.jpg 0.462203 0.492191 0.524797 -0.518368 80.226911 -1114.787345 33.662240
slice24/query/img_10514_c0_1283348688390284us.jpg 0.462590 0.490785 0.525627 -0.518515 79.574723 -1114.248647 33.618034
slice24/query/img_10515_c0_1283348688523657us.jpg 0.462030 0.489026 0.526078 -0.520215 78.265213 -1113.163428 33.536247
slice24/query/img_10516_c0_1283348688590249us.jpg 0.460755 0.489294 0.525932 -0.521240 77.603166 -1112.618433 33.502560
slice24/query/img_10517_c0_1283348688656987us.jpg 0.459330 0.489784 0.525944 -0.522026 76.943289 -1112.078165 33.468781
slice24/query/img_10518_c0_1283348688790329us.jpg 0.457702 0.489211 0.527449 -0.522474 75.609379 -1111.004759 33.386225
slice24/query/img_10519_c0_1283348688856953us.jpg 0.457935 0.488016 0.528749 -0.522073 74.943118 -1110.472903 33.339625
slice24/query/img_10520_c0_1283348688923566us.jpg 0.457787 0.487035 0.529981 -0.521869 74.273700 -1109.940907 33.291944
slice24/query/img_10521_c0_1283348688990178us.jpg 0.457170 0.486553 0.531068 -0.521755 73.605897 -1109.409420 33.249166
slice24/query/img_10522_c0_1283348689123532us.jpg 0.453808 0.486845 0.533487 -0.521951 72.259684 -1108.340207 33.167107
slice24/query/img_10523_c0_1283348689190145us.jpg 0.452287 0.487084 0.533932 -0.522592 71.581304 -1107.807336 33.125577
slice24/query/img_10524_c0_1283348689256896us.jpg 0.451408 0.486970 0.533854 -0.523538 70.906669 -1107.277448 33.082644
slice24/query/img_10525_c0_1283348689390132us.jpg 0.450794 0.484983 0.534682 -0.525063 69.558251 -1106.224809 32.990797
slice24/query/img_10526_c0_1283348689456847us.jpg 0.450688 0.482977 0.535726 -0.525939 68.879628 -1105.700078 32.939519
slice24/query/img_10527_c0_1283348689523460us.jpg 0.450258 0.481058 0.536991 -0.526775 68.197595 -1105.177641 32.890560
slice24/query/img_10528_c0_1283348689656815us.jpg 0.449016 0.478222 0.538182 -0.529197 66.824949 -1104.135960 32.803563
slice24/query/img_10529_c0_1283348689723425us.jpg 0.447300 0.477878 0.538983 -0.530144 66.129286 -1103.618577 32.763263
slice24/query/img_10530_c0_1283348689790039us.jpg 0.444559 0.478289 0.539754 -0.531294 65.431555 -1103.102069 32.726258
slice24/query/img_10531_c0_1283348689924308us.jpg 0.440250 0.475599 0.542652 -0.534335 64.028889 -1102.072062 32.638265
slice24/query/img_10532_c0_1283348689990004us.jpg 0.439402 0.472363 0.544022 -0.536506 63.330959 -1101.565175 32.584588
slice24/query/img_10533_c0_1283348690056738us.jpg 0.438674 0.469420 0.544942 -0.538747 62.629490 -1101.062034 32.534335
slice24/query/img_10534_c0_1283348690123356us.jpg 0.437708 0.466949 0.545794 -0.540813 61.919724 -1100.564930 32.486826
slice24/query/img_10535_c0_1283348690256710us.jpg 0.434373 0.463606 0.550200 -0.541913 60.473629 -1099.592712 32.398006
slice24/query/img_10536_c0_1283348690323321us.jpg 0.432255 0.462213 0.553408 -0.541529 59.744972 -1099.113528 32.356009
slice24/query/img_10537_c0_1283348690389933us.jpg 0.430338 0.460600 0.556388 -0.541377 59.013888 -1098.639985 32.312289
slice24/query/img_10538_c0_1283348690523287us.jpg 0.426093 0.457233 0.560419 -0.543428 57.543968 -1097.697904 32.226783
slice24/query/img_10539_c0_1283348690589899us.jpg 0.423466 0.455989 0.561705 -0.545196 56.807892 -1097.229799 32.186679
slice24/query/img_10540_c0_1283348690656636us.jpg 0.420939 0.454461 0.562697 -0.547400 56.066150 -1096.763699 32.143014
slice24/query/img_10541_c0_1283348690723250us.jpg 0.418859 0.452714 0.563834 -0.549270 55.324926 -1096.305884 32.098578
slice24/query/img_10542_c0_1283348690856623us.jpg 0.414615 0.450546 0.566893 -0.551122 53.820239 -1095.407677 32.005076
slice24/query/img_10543_c0_1283348690923215us.jpg 0.412579 0.449582 0.568927 -0.551341 53.058455 -1094.967105 31.953762
slice24/query/img_10544_c0_1283348690989827us.jpg 0.411511 0.448168 0.570750 -0.551406 52.297446 -1094.533253 31.900010
slice24/query/img_10545_c0_1283348691123205us.jpg 0.411579 0.444271 0.572214 -0.552990 50.772150 -1093.668948 31.790518
slice24/query/img_10546_c0_1283348691189793us.jpg 0.411002 0.442572 0.572692 -0.554285 50.007833 -1093.238681 31.740101
slice24/query/img_10547_c0_1283348691256532us.jpg 0.410356 0.441108 0.572729 -0.555890 49.240674 -1092.806158 31.693107
slice24/query/img_10548_c0_1283348691323144us.jpg 0.409426 0.440242 0.572274 -0.557727 48.473854 -1092.376415 31.650569
slice24/query/img_10549_c0_1283348691456523us.jpg 0.406970 0.439554 0.572033 -0.560309 46.924131 -1091.525411 31.566967
slice24/query/img_10550_c0_1283348691523110us.jpg 0.405498 0.439312 0.572699 -0.560885 46.142845 -1091.104482 31.524152
slice24/query/img_10551_c0_1283348691589723us.jpg 0.404198 0.438854 0.573746 -0.561112 45.362657 -1090.687099 31.479981
slice24/query/img_10552_c0_1283348691723098us.jpg 0.402217 0.437314 0.575639 -0.561799 43.787303 -1089.855239 31.383125
slice24/query/img_10553_c0_1283348691789688us.jpg 0.401619 0.436011 0.576365 -0.562494 42.994946 -1089.441307 31.332498
slice24/query/img_10554_c0_1283348691856428us.jpg 0.400855 0.434822 0.577000 -0.563309 42.202603 -1089.027924 31.282830
slice24/query/img_10555_c0_1283348691923040us.jpg 0.399634 0.434157 0.577312 -0.564369 41.414201 -1088.617311 31.233953
slice24/query/img_10556_c0_1283348692056392us.jpg 0.396910 0.431539 0.578638 -0.566934 39.823114 -1087.796237 31.138657
slice24/query/img_10557_c0_1283348692123002us.jpg 0.396262 0.429612 0.579418 -0.568054 39.027053 -1087.393936 31.085202
slice24/query/img_10558_c0_1283348692189617us.jpg 0.394930 0.427969 0.580361 -0.569258 38.225955 -1086.995701 31.035187
slice24/query/img_10559_c0_1283348692322991us.jpg 0.392306 0.424099 0.582379 -0.571900 36.626636 -1086.212856 30.942762
slice24/query/img_10560_c0_1283348692389579us.jpg 0.390403 0.422343 0.583764 -0.573089 35.822761 -1085.827298 30.896843
slice24/query/img_10561_c0_1283348692456321us.jpg 0.388638 0.420581 0.585165 -0.574155 35.019526 -1085.448452 30.852538
slice24/query/img_10562_c0_1283348692589570us.jpg 0.385806 0.416700 0.587600 -0.576404 33.390390 -1084.702112 30.760451
slice24/query/img_10563_c0_1283348692656286us.jpg 0.384536 0.414576 0.588529 -0.577834 32.574391 -1084.334266 30.714607
slice24/query/img_10564_c0_1283348692722899us.jpg 0.383049 0.412627 0.589671 -0.579051 31.756210 -1083.971794 30.670110
slice24/query/img_10565_c0_1283348692856274us.jpg 0.379250 0.409792 0.591439 -0.581756 30.106490 -1083.258958 30.583909
slice24/query/img_10566_c0_1283348692922862us.jpg 0.377167 0.408827 0.592185 -0.583029 29.275083 -1082.907928 30.542448
slice24/query/img_10567_c0_1283348692989475us.jpg 0.375175 0.407717 0.593071 -0.584189 28.442675 -1082.561865 30.500433
slice24/query/img_10568_c0_1283348693122848us.jpg 0.372564 0.403892 0.595396 -0.586149 26.770803 -1081.885513 30.403801
slice24/query/img_10569_c0_1283348693189441us.jpg 0.371674 0.401695 0.596447 -0.587155 25.932463 -1081.555617 30.354015
slice24/query/img_10570_c0_1283348693256179us.jpg 0.370717 0.399810 0.597317 -0.588161 25.093281 -1081.227960 30.309064
slice24/query/img_10571_c0_1283348693389410us.jpg 0.368130 0.397307 0.599190 -0.589575 23.406571 -1080.589433 30.224855
slice24/query/img_10572_c0_1283348693456144us.jpg 0.366384 0.396407 0.600625 -0.589808 22.562593 -1080.275331 30.185692
slice24/query/img_10573_c0_1283348693522759us.jpg 0.364758 0.395599 0.602107 -0.589848 21.720434 -1079.968910 30.146013
slice24/query/img_10574_c0_1283348693656121us.jpg 0.362405 0.393131 0.604805 -0.590188 20.038237 -1079.364028 30.067565
slice24/query/img_10575_c0_1283348693722722us.jpg 0.361798 0.391654 0.605365 -0.590967 19.201832 -1079.069304 30.026317
slice24/query/img_10576_c0_1283348693789337us.jpg 0.361170 0.389870 0.605947 -0.591934 18.370913 -1078.778150 29.985860
slice24/query/img_10577_c0_1283348693922705us.jpg 0.359948 0.386777 0.606842 -0.593789 16.711893 -1078.206751 29.910229
slice24/query/img_10578_c0_1283348693989303us.jpg 0.359091 0.385635 0.607490 -0.594386 15.882251 -1077.928107 29.875034
slice24/query/img_10579_c0_1283348694056040us.jpg 0.358132 0.384630 0.608267 -0.594821 15.053870 -1077.653511 29.840609
slice24/query/img_10580_c0_1283348694189288us.jpg 0.356781 0.381756 0.610288 -0.595415 13.398154 -1077.116021 29.771065
slice24/query/img_10581_c0_1283348694256006us.jpg 0.356286 0.380126 0.611416 -0.595596 12.569396 -1076.852608 29.735727
slice24/query/img_10582_c0_1283348694322618us.jpg 0.355714 0.378716 0.612536 -0.595685 11.741124 -1076.592524 29.700911
slice24/query/img_10583_c0_1283348694455971us.jpg 0.354539 0.375617 0.614559 -0.596264 10.088514 -1076.080598 29.635423
slice24/query/img_10584_c0_1283348694522584us.jpg 0.353895 0.373947 0.615412 -0.596816 9.262360 -1075.829835 29.602121
slice24/query/img_10585_c0_1283348694589197us.jpg 0.353393 0.372251 0.616131 -0.597432 8.439326 -1075.580718 29.570394
slice24/query/img_10586_c0_1283348694722572us.jpg 0.352331 0.368928 0.617005 -0.599215 6.799979 -1075.096215 29.511785
slice24/query/img_10587_c0_1283348694789165us.jpg 0.351626 0.367268 0.617402 -0.600240 5.981177 -1074.859767 29.484582
slice24/query/img_10588_c0_1283348694855900us.jpg 0.350469 0.365763 0.617954 -0.601266 5.163325 -1074.626052 29.459998
slice24/query/img_10589_c0_1283348694990050us.jpg 0.347388 0.363044 0.618984 -0.603638 3.531845 -1074.167969 29.415144
slice24/query/img_10590_c0_1283348695055865us.jpg 0.345750 0.361406 0.619344 -0.605190 2.714746 -1073.943199 29.393250
slice24/query/img_10591_c0_1283348695122483us.jpg 0.344074 0.359517 0.619800 -0.606803 1.901511 -1073.726015 29.370657
slice24/query/img_10592_c0_1283348695189091us.jpg 0.342422 0.357504 0.620725 -0.607979 1.088116 -1073.513698 29.348334
slice24/query/img_10593_c0_1283348695322461us.jpg 0.338079 0.353804 0.623081 -0.610160 -0.543322 -1073.102242 29.304185
slice24/query/img_10594_c0_1283348695389057us.jpg 0.336159 0.351670 0.624236 -0.611273 -1.358568 -1072.908282 29.281713
slice24/query/img_10595_c0_1283348695455795us.jpg 0.334687 0.348886 0.625459 -0.612426 -2.170684 -1072.718465 29.256229
slice24/query/img_10596_c0_1283348695589045us.jpg 0.332684 0.342719 0.627769 -0.614631 -3.794684 -1072.358983 29.208342
slice24/query/img_10597_c0_1283348695655760us.jpg 0.331236 0.340253 0.628525 -0.616009 -4.611591 -1072.186341 29.186848
slice24/query/img_10598_c0_1283348695722374us.jpg 0.329315 0.337855 0.629607 -0.617252 -5.429767 -1072.018698 29.166740
slice24/query/img_10599_c0_1283348695788986us.jpg 0.327093 0.336072 0.630907 -0.618079 -6.248520 -1071.855358 29.150141
slice24/query/img_10600_c0_1283348695922339us.jpg 0.321688 0.332949 0.633148 -0.620311 -7.892503 -1071.543497 29.115882
slice24/query/img_10601_c0_1283348695988951us.jpg 0.319033 0.331697 0.633808 -0.621677 -8.717104 -1071.394202 29.099256
slice24/query/img_10602_c0_1283348696055690us.jpg 0.316391 0.330499 0.634830 -0.622622 -9.541464 -1071.251083 29.080079
slice24/query/img_10603_c0_1283348696188918us.jpg 0.311370 0.327271 0.636345 -0.625306 -11.191565 -1070.974909 29.040326
slice24/query/img_10604_c0_1283348696255654us.jpg 0.309478 0.325078 0.636785 -0.626939 -12.013425 -1070.847339 29.016790
slice24/query/img_10605_c0_1283348696322268us.jpg 0.307661 0.323085 0.637212 -0.628427 -12.838299 -1070.722653 28.992944
slice24/query/img_10606_c0_1283348696455622us.jpg 0.305881 0.317469 0.639466 -0.629868 -14.494057 -1070.496728 28.933968
slice24/query/img_10607_c0_1283348696522232us.jpg 0.305161 0.314636 0.640927 -0.630153 -15.320547 -1070.397718 28.906830
slice24/query/img_10608_c0_1283348696588845us.jpg 0.303010 0.314198 0.642258 -0.630055 -16.153248 -1070.303108 28.887420
slice24/query/img_10609_c0_1283348696722221us.jpg 0.299252 0.313452 0.646020 -0.628374 -17.820393 -1070.122297 28.851061
slice24/query/img_10610_c0_1283348696788812us.jpg 0.297296 0.311741 0.647270 -0.628867 -18.647650 -1070.031761 28.828175
slice24/query/img_10611_c0_1283348696855550us.jpg 0.295917 0.309800 0.647162 -0.630586 -19.471628 -1069.942083 28.805297
slice24/query/img_10612_c0_1283348696988797us.jpg 0.293470 0.307063 0.645136 -0.635128 -21.125635 -1069.769152 28.763255
slice24/query/img_10613_c0_1283348697055515us.jpg 0.292364 0.305785 0.645275 -0.636112 -21.954100 -1069.693237 28.740023
slice24/query/img_10614_c0_1283348697188763us.jpg 0.290559 0.302281 0.648393 -0.635443 -23.620556 -1069.563185 28.690184
slice24/query/img_10615_c0_1283348697255477us.jpg 0.289090 0.301428 0.649795 -0.635086 -24.457237 -1069.503148 28.664826
slice24/query/img_10616_c0_1283348697322091us.jpg 0.287417 0.300570 0.651055 -0.634961 -25.292278 -1069.444412 28.643758
slice24/query/img_10617_c0_1283348697388705us.jpg 0.285618 0.299553 0.651962 -0.635323 -26.125672 -1069.386563 28.622854
slice24/query/img_10618_c0_1283348697522078us.jpg 0.282437 0.296581 0.652783 -0.637293 -27.790806 -1069.276461 28.577830
slice24/query/img_10619_c0_1283348697588678us.jpg 0.281425 0.294949 0.652496 -0.638791 -28.619927 -1069.225315 28.553825
slice24/query/img_10620_c0_1283348697655409us.jpg 0.280255 0.293398 0.652475 -0.640040 -29.451653 -1069.181063 28.529859
slice24/query/img_10621_c0_1283348697788656us.jpg 0.277992 0.289921 0.653827 -0.641231 -31.115008 -1069.105592 28.479455
slice24/query/img_10622_c0_1283348697855373us.jpg 0.276685 0.288156 0.654897 -0.641500 -31.947624 -1069.074890 28.453352
slice24/query/img_10623_c0_1283348697988601us.jpg 0.273616 0.284926 0.657159 -0.641945 -33.612909 -1069.022158 28.406817
slice24/query/img_10624_c0_1283348698055337us.jpg 0.271751 0.283479 0.658091 -0.642423 -34.446267 -1069.002204 28.385752
slice24/query/img_10625_c0_1283348698121951us.jpg 0.270038 0.282067 0.658687 -0.643156 -35.275543 -1068.986461 28.364655
slice24/query/img_10626_c0_1283348698255307us.jpg 0.266119 0.278688 0.659997 -0.644917 -36.931126 -1068.962357 28.322206
slice24/query/img_10627_c0_1283348698321920us.jpg 0.263990 0.277001 0.660532 -0.645970 -37.757534 -1068.955534 28.300540
slice24/query/img_10628_c0_1283348698388529us.jpg 0.261836 0.275177 0.661103 -0.647041 -38.581027 -1068.954049 28.277646
slice24/query/img_10629_c0_1283348698521941us.jpg 0.258472 0.271177 0.661886 -0.649278 -40.237637 -1068.968796 28.232777
slice24/query/img_10630_c0_1283348698588493us.jpg 0.256575 0.269383 0.662304 -0.650350 -41.066903 -1068.984652 28.209360
slice24/query/img_10631_c0_1283348698655232us.jpg 0.254713 0.267660 0.662916 -0.651169 -41.895662 -1069.005151 28.186952
slice24/query/img_10632_c0_1283348698721845us.jpg 0.252341 0.265898 0.664185 -0.651521 -42.725542 -1069.030747 28.165577
slice24/query/img_10633_c0_1283348698855199us.jpg 0.247507 0.262152 0.666531 -0.652498 -44.375933 -1069.096088 28.119239
slice24/query/img_10634_c0_1283348698921812us.jpg 0.245430 0.260304 0.667232 -0.653305 -45.200675 -1069.137572 28.093895
slice24/query/img_10635_c0_1283348698988431us.jpg 0.243928 0.258279 0.667815 -0.654075 -46.025119 -1069.184824 28.068813
slice24/query/img_10636_c0_1283348699121779us.jpg 0.241860 0.253532 0.669658 -0.654815 -47.663250 -1069.292483 28.016438
slice24/query/img_10637_c0_1283348699188390us.jpg 0.240725 0.251368 0.670658 -0.655045 -48.485042 -1069.353325 27.990401
slice24/query/img_10638_c0_1283348699255128us.jpg 0.239146 0.249558 0.671880 -0.655062 -49.307184 -1069.420211 27.966434
slice24/query/img_10639_c0_1283348699388377us.jpg 0.235948 0.247010 0.673640 -0.655381 -50.951360 -1069.562382 27.921599
slice24/query/img_10640_c0_1283348699455094us.jpg 0.234806 0.245448 0.674240 -0.655761 -51.769373 -1069.640326 27.898366
slice24/query/img_10641_c0_1283348699521705us.jpg 0.234022 0.244401 0.674365 -0.656303 -52.587096 -1069.719550 27.875938
slice24/query/img_10642_c0_1283348699655080us.jpg 0.231974 0.241996 0.674896 -0.657374 -54.217334 -1069.884932 27.830532
slice24/query/img_10643_c0_1283348699721677us.jpg 0.230778 0.240389 0.675710 -0.657550 -55.031625 -1069.970540 27.806852
slice24/query/img_10644_c0_1283348699788284us.jpg 0.229053 0.239335 0.676662 -0.657557 -55.845434 -1070.058273 27.783756
slice24/query/img_10645_c0_1283348699855023us.jpg 0.226758 0.239437 0.677498 -0.657455 -56.658631 -1070.148797 27.764934
slice24/query/img_10646_c0_1283348699988249us.jpg 0.222347 0.239080 0.682280 -0.654138 -58.298078 -1070.363429 27.724691
slice24/query/img_10647_c0_1283348700054985us.jpg 0.220052 0.237917 0.685271 -0.652209 -59.115333 -1070.474401 27.690158
slice24/query/img_10648_c0_1283348700121601us.jpg 0.218887 0.236256 0.687184 -0.651191 -59.926544 -1070.589640 27.652464
slice24/query/img_10649_c0_1283348700254954us.jpg 0.220958 0.229176 0.686447 -0.653794 -61.534467 -1070.817030 27.564544
slice24/query/img_10650_c0_1283348700321567us.jpg 0.222139 0.225091 0.685177 -0.656140 -62.336338 -1070.928072 27.522891
slice24/query/img_10651_c0_1283348700388179us.jpg 0.221224 0.222270 0.684858 -0.657743 -63.142975 -1071.042543 27.490708
slice24/query/img_10652_c0_1283348700521531us.jpg 0.215856 0.220991 0.685520 -0.659266 -64.764271 -1071.284673 27.465436
slice24/query/img_10653_c0_1283348700588145us.jpg 0.213303 0.220770 0.685256 -0.660445 -65.574986 -1071.413706 27.451852
slice24/query/img_10654_c0_1283348700654883us.jpg 0.211387 0.220081 0.685651 -0.660880 -66.379317 -1071.549241 27.435536
