slice24/query/img_07806_c0_1284563935050295us.jpg 0.269822 0.325929 0.655320 -0.625717 192.363202 -1166.533186 42.390650
slice24/query/img_07807_c0_1284563935116900us.jpg 0.271338 0.326931 0.654350 -0.625554 191.306419 -1166.455716 42.298469
slice24/query/img_07808_c0_1284563935183492us.jpg 0.272409 0.328222 0.653617 -0.625179 190.253003 -1166.372667 42.214901
slice24/query/img_07809_c0_1284563935250231us.jpg 0.273604 0.329675 0.652816 -0.624729 189.198434 -1166.284171 42.131501
slice24/query/img_07810_c0_1284563935383460us.jpg 0.276023 0.333082 0.650990 -0.623762 187.085471 -1166.099683 41.960920
slice24/query/img_07811_c0_1284563935450195us.jpg 0.277314 0.334745 0.650405 -0.622909 186.031627 -1166.000488 41.876551
slice24/query/img_07812_c0_1284563935516808us.jpg 0.278913 0.336250 0.649807 -0.622009 184.979431 -1165.898246 41.789356
slice24/query/img_07813_c0_1284563935650184us.jpg 0.283243 0.339292 0.647961 -0.620323 182.873874 -1165.679743 41.612989
slice24/query/img_07814_c0_1284563935716793us.jpg 0.285508 0.340918 0.646695 -0.619714 181.824892 -1165.558538 41.527676
slice24/query/img_07815_c0_1284563935783386us.jpg 0.287530 0.342632 0.645214 -0.619378 180.775800 -1165.429233 41.443896
slice24/query/img_07816_c0_1284563935850125us.jpg 0.289478 0.344316 0.643749 -0.619061 179.726166 -1165.295126 41.361643
slice24/query/img_07817_c0_1284563935983355us.jpg 0.293259 0.348176 0.640731 -0.618253 177.629872 -1165.007862 41.203708
slice24/query/img_07818_c0_1284563936050090us.jpg 0.294993 0.350512 0.639288 -0.617601 176.580568 -1164.858861 41.122587
slice24/query/img_07819_c0_1284563936250056us.jpg 0.302491 0.356267 0.636445 -0.613605 173.421256 -1164.396404 40.856919
slice24/query/img_07820_c0_1284563936383312us.jpg 0.306756 0.360427 0.634985 -0.610563 171.282718 -1164.035489 40.685430
slice24/query/img_07821_c0_1284563936450020us.jpg 0.309176 0.362572 0.633758 -0.609346 170.217901 -1163.840113 40.604136
slice24/query/img_07822_c0_1284563936516636us.jpg 0.310736 0.364715 0.632719 -0.608352 169.154056 -1163.634981 40.520188
slice24/query/img_07823_c0_1284563936583247us.jpg 0.312149 0.367030 0.632078 -0.606902 168.087693 -1163.423457 40.436152
slice24/query/img_07824_c0_1284563936716598us.jpg 0.316894 0.370816 0.629561 -0.604753 165.950556 -1162.980342 40.262100
slice24/query/img_07825_c0_1284563936783212us.jpg 0.319609 0.372406 0.628400 -0.603554 164.883324 -1162.748343 40.175572
slice24/query/img_07826_c0_1284563936849949us.jpg 0.322176 0.374088 0.627538 -0.602044 163.816243 -1162.511020 40.088638
slice24/query/img_07827_c0_1284563936983199us.jpg 0.325596 0.378123 0.627113 -0.598113 161.683489 -1162.017033 39.921772
slice24/query/img_07828_c0_1284563937049913us.jpg 0.327182 0.380301 0.626689 -0.596309 160.616173 -1161.757814 39.838176
slice24/query/img_07829_c0_1284563937116527us.jpg 0.329090 0.382233 0.625950 -0.594798 159.553267 -1161.489900 39.753676
slice24/query/img_07830_c0_1284563937183140us.jpg 0.331299 0.384038 0.624889 -0.593523 158.494630 -1161.216981 39.667386
slice24/query/img_07831_c0_1284563937316514us.jpg 0.336401 0.386969 0.622973 -0.590757 156.370826 -1160.657893 39.491269
slice24/query/img_07832_c0_1284563937383104us.jpg 0.338673 0.388566 0.622015 -0.589419 155.314893 -1160.366061 39.405386
slice24/query/img_07833_c0_1284563937449844us.jpg 0.341065 0.390124 0.620762 -0.588330 154.260042 -1160.064349 39.321785
slice24/query/img_07834_c0_1284563937516457us.jpg 0.343429 0.391766 0.619245 -0.587462 153.210477 -1159.754980 39.242452
slice24/query/img_07835_c0_1284563937649810us.jpg 0.347835 0.395418 0.615362 -0.586502 151.087066 -1159.103626 39.079544
slice24/query/img_07836_c0_1284563937716422us.jpg 0.349113 0.397655 0.613572 -0.586107 150.027842 -1158.762241 39.002318
slice24/query/img_07837_c0_1284563937783035us.jpg 0.350356 0.400092 0.611807 -0.585550 148.971999 -1158.414364 38.926939
slice24/query/img_07838_c0_1284563937916390us.jpg 0.353427 0.404556 0.608914 -0.583651 146.854244 -1157.703919 38.764633
slice24/query/img_07839_c0_1284563937983000us.jpg 0.355424 0.406592 0.607705 -0.582282 145.795932 -1157.341244 38.681961
slice24/query/img_07840_c0_1284563938049739us.jpg 0.357440 0.408380 0.606995 -0.580533 144.738991 -1156.973992 38.599266
slice24/query/img_07841_c0_1284563938182991us.jpg 0.362237 0.411394 0.605771 -0.576698 142.620100 -1156.222695 38.426478
slice24/query/img_07842_c0_1284563938249702us.jpg 0.364410 0.412912 0.604601 -0.575471 141.564131 -1155.831396 38.342905
slice24/query/img_07843_c0_1284563938316316us.jpg 0.366385 0.414660 0.603169 -0.574462 140.508673 -1155.431562 38.260613
slice24/query/img_07844_c0_1284563938450129us.jpg 0.369883 0.418626 0.599833 -0.572834 138.374827 -1154.609726 38.096387
slice24/query/img_07845_c0_1284563938516282us.jpg 0.371731 0.420490 0.598107 -0.572076 137.309452 -1154.184749 38.013120
slice24/query/img_07846_c0_1284563938582895us.jpg 0.373600 0.422216 0.596551 -0.571212 136.249009 -1153.752511 37.929948
slice24/query/img_07847_c0_1284563938649634us.jpg 0.375578 0.423884 0.595257 -0.570028 135.192120 -1153.315040 37.844577
slice24/query/img_07848_c0_1284563938782861us.jpg 0.379645 0.426926 0.593474 -0.566914 133.072829 -1152.410559 37.664717
slice24/query/img_07849_c0_1284563938849598us.jpg 0.381540 0.428636 0.592517 -0.565350 132.013990 -1151.950078 37.580440
slice24/query/img_07850_c0_1284563938916211us.jpg 0.383543 0.430254 0.591414 -0.563920 130.965144 -1151.484265 37.500547
slice24/query/img_07851_c0_1284563938982823us.jpg 0.386333 0.431321 0.589792 -0.562899 129.918511 -1151.010848 37.417738
slice24/query/img_07852_c0_1284563939116198us.jpg 0.390136 0.434716 0.585821 -0.561809 127.835185 -1150.038328 37.250384
slice24/query/img_07853_c0_1284563939182790us.jpg 0.391439 0.436846 0.583657 -0.561504 126.794428 -1149.540057 37.173042
slice24/query/img_07854_c0_1284563939249527us.jpg 0.392451 0.439229 0.581638 -0.561033 125.757166 -1149.033029 37.098322
slice24/query/img_07855_c0_1284563939316142us.jpg 0.393655 0.441630 0.579622 -0.560391 124.725882 -1148.517955 37.020530
slice24/query/img_07856_c0_1284563939449515us.jpg 0.397955 0.445167 0.576082 -0.558200 122.665254 -1147.485753 36.859001
slice24/query/img_07857_c0_1284563939516106us.jpg 0.400535 0.446365 0.574427 -0.557103 121.640877 -1146.954618 36.776708
slice24/query/img_07858_c0_1284563939582720us.jpg 0.402406 0.447893 0.573039 -0.555957 120.619651 -1146.417414 36.696614
slice24/query/img_07859_c0_1284563939649458us.jpg 0.404137 0.449426 0.571713 -0.554828 119.603188 -1145.873547 36.619939
slice24/query/img_07860_c0_1284563939782707us.jpg 0.407539 0.452805 0.568283 -0.553113 117.582899 -1144.764359 36.469501
slice24/query/img_07861_c0_1284563939849423us.jpg 0.408823 0.454862 0.566606 -0.552197 116.575067 -1144.199715 36.398235
slice24/query/img_07862_c0_1284563939916037us.jpg 0.410486 0.456559 0.565198 -0.551005 115.572435 -1143.632582 36.327660
slice24/query/img_07863_c0_1284563940049393us.jpg 0.413984 0.459824 0.563056 -0.547857 113.570271 -1142.477079 36.184393
slice24/query/img_07864_c0_1284563940116021us.jpg 0.415502 0.461469 0.562291 -0.546107 112.574373 -1141.893059 36.109849
slice24/query/img_07865_c0_1284563940182615us.jpg 0.417034 0.462912 0.561579 -0.544449 111.578706 -1141.298987 36.033345
slice24/query/img_07866_c0_1284563940249357us.jpg 0.418821 0.464341 0.560456 -0.543015 110.584572 -1140.701406 35.956912
slice24/query/img_07867_c0_1284563940382601us.jpg 0.422145 0.467340 0.557921 -0.540473 108.596772 -1139.487625 35.806494
slice24/query/img_07868_c0_1284563940449317us.jpg 0.423679 0.468678 0.556711 -0.539361 107.615664 -1138.868162 35.732144
slice24/query/img_07869_c0_1284563940515930us.jpg 0.425147 0.470327 0.555522 -0.537994 106.635843 -1138.249522 35.657891
slice24/query/img_07870_c0_1284563940649304us.jpg 0.427976 0.473202 0.553323 -0.535490 104.684274 -1136.992798 35.509059
slice24/query/img_07871_c0_1284563940715895us.jpg 0.429457 0.474611 0.552171 -0.534245 103.714063 -1136.352578 35.436698
slice24/query/img_07872_c0_1284563940782508us.jpg 0.430514 0.476225 0.550978 -0.533188 102.751169 -1135.706228 35.364913
slice24/query/img_07873_c0_1284563940916820us.jpg 0.433283 0.479184 0.548273 -0.531080 100.839341 -1134.403955 35.224788
slice24/query/img_07874_c0_1284563940982473us.jpg 0.434685 0.480604 0.546473 -0.530505 99.891629 -1133.745244 35.156557
slice24/query/img_07875_c0_1284563941049212us.jpg 0.435967 0.481996 0.544645 -0.530069 98.948238 -1133.081167 35.089044
slice24/query/img_07876_c0_1284563941115825us.jpg 0.437431 0.483098 0.542819 -0.529734 98.014725 -1132.413984 35.022615
slice24/query/img_07877_c0_1284563941249198us.jpg 0.440670 0.485183 0.539934 -0.528090 96.141156 -1131.072850 34.884419
slice24/query/img_07878_c0_1284563941315789us.jpg 0.441914 0.486411 0.539208 -0.526661 95.206220 -1130.396492 34.818517
slice24/query/img_07879_c0_1284563941382402us.jpg 0.443047 0.487588 0.538935 -0.524897 94.280385 -1129.719428 34.751926
slice24/query/img_07880_c0_1284563941515781us.jpg 0.446325 0.489686 0.538455 -0.520642 92.442011 -1128.357965 34.618698
slice24/query/img_07881_c0_1284563941582371us.jpg 0.448455 0.490380 0.537828 -0.518803 91.532139 -1127.673590 34.550901
slice24/query/img_07882_c0_1284563941649105us.jpg 0.450355 0.490936 0.536994 -0.517493 90.631985 -1126.982860 34.483473
slice24/query/img_07883_c0_1284563941715720us.jpg 0.451973 0.491839 0.535895 -0.516363 89.737176 -1126.289197 34.422862
slice24/query/img_07884_c0_1284563941849096us.jpg 0.453747 0.494490 0.533421 -0.514835 87.955496 -1124.884175 34.307852
slice24/query/img_07885_c0_1284563941915684us.jpg 0.453961 0.496311 0.532432 -0.513918 87.066213 -1124.177994 34.251376
slice24/query/img_07886_c0_1284563941982297us.jpg 0.454237 0.498254 0.531780 -0.512466 86.182421 -1123.468284 34.194536
slice24/query/img_07887_c0_1284563942115674us.jpg 0.456539 0.500869 0.531752 -0.507880 84.416414 -1122.047982 34.065530
slice24/query/img_07888_c0_1284563942182261us.jpg 0.457914 0.501677 0.532001 -0.505579 83.541579 -1121.335127 34.000002
slice24/query/img_07889_c0_1284563942249001us.jpg 0.459418 0.501992 0.531956 -0.503947 82.675308 -1120.619129 33.935033
slice24/query/img_07890_c0_1284563942315619us.jpg 0.460656 0.501904 0.531408 -0.503481 81.815810 -1119.897392 33.869882
slice24/query/img_07891_c0_1284563942448987us.jpg 0.462242 0.501175 0.528868 -0.505425 80.125237 -1118.436915 33.759797
slice24/query/img_07892_c0_1284563942515577us.jpg 0.462158 0.501193 0.527314 -0.507105 79.279211 -1117.706146 33.709399
slice24/query/img_07893_c0_1284563942582192us.jpg 0.461742 0.501182 0.526396 -0.508446 78.434840 -1116.978776 33.661833
slice24/query/img_07894_c0_1284563942715545us.jpg 0.460418 0.500573 0.526371 -0.510270 76.740136 -1115.530095 33.552061
slice24/query/img_07895_c0_1284563942782160us.jpg 0.459743 0.499940 0.527345 -0.510493 75.891760 -1114.812569 33.496236
slice24/query/img_07896_c0_1284563942848895us.jpg 0.458993 0.498965 0.528866 -0.510549 75.044784 -1114.101990 33.438963
slice24/query/img_07897_c0_1284563942982142us.jpg 0.458105 0.496621 0.531256 -0.511150 73.349991 -1112.687740 33.323206
slice24/query/img_07898_c0_1284563943048859us.jpg 0.457163 0.495647 0.532255 -0.511900 72.501613 -1111.987363 33.268188
slice24/query/img_07899_c0_1284563943115471us.jpg 0.455323 0.495081 0.533393 -0.512902 71.655975 -1111.288492 33.217125
slice24/query/img_07900_c0_1284563943248828us.jpg 0.451146 0.493824 0.535998 -0.515084 69.945445 -1109.895822 33.104588
slice24/query/img_07901_c0_1284563943315436us.jpg 0.449745 0.492456 0.537352 -0.516207 69.085700 -1109.208008 33.041833
slice24/query/img_07902_c0_1284563943382050us.jpg 0.448786 0.490831 0.538661 -0.517224 68.224514 -1108.527171 32.977098
slice24/query/img_07903_c0_1284563943515402us.jpg 0.447346 0.486335 0.542377 -0.518832 66.503714 -1107.191685 32.844943
slice24/query/img_07904_c0_1284563943582014us.jpg 0.446277 0.484093 0.544504 -0.519621 65.632176 -1106.529268 32.780681
slice24/query/img_07905_c0_1284563943648752us.jpg 0.445325 0.481486 0.546990 -0.520249 64.759358 -1105.874379 32.717711
slice24/query/img_07906_c0_1284563943781980us.jpg 0.441976 0.478512 0.552194 -0.520351 62.996375 -1104.582234 32.598731
slice24/query/img_07907_c0_1284563943848716us.jpg 0.440247 0.477261 0.554402 -0.520617 62.104893 -1103.943780 32.542288
slice24/query/img_07908_c0_1284563943981945us.jpg 0.437599 0.473112 0.558633 -0.522112 60.303378 -1102.674773 32.421979
slice24/query/img_07909_c0_1284563944048702us.jpg 0.435841 0.470886 0.560663 -0.523418 59.402839 -1102.046985 32.364007
slice24/query/img_07910_c0_1284563944115297us.jpg 0.433720 0.468947 0.561819 -0.525676 58.498198 -1101.419841 32.308109
slice24/query/img_07911_c0_1284563944181911us.jpg 0.431757 0.467327 0.562309 -0.528204 57.594214 -1100.800144 32.254742
slice24/query/img_07912_c0_1284563944315261us.jpg 0.427266 0.464213 0.563511 -0.533298 55.773087 -1099.575971 32.144071
slice24/query/img_07913_c0_1284563944381875us.jpg 0.425083 0.462797 0.564628 -0.535087 54.856483 -1098.977010 32.087685
slice24/query/img_07914_c0_1284563944448618us.jpg 0.422930 0.461545 0.566085 -0.536334 53.932929 -1098.387047 32.029104
slice24/query/img_07915_c0_1284563944581863us.jpg 0.419762 0.457858 0.570216 -0.537606 52.070968 -1097.218210 31.903686
slice24/query/img_07916_c0_1284563944648578us.jpg 0.418524 0.455790 0.572434 -0.537970 51.137190 -1096.648959 31.837918
slice24/query/img_07917_c0_1284563944715190us.jpg 0.417301 0.453842 0.574506 -0.538359 50.202406 -1096.086076 31.775053
slice24/query/img_07918_c0_1284563944848562us.jpg 0.414518 0.450208 0.578261 -0.539538 48.305477 -1094.973688 31.647971
slice24/query/img_07919_c0_1284563944915157us.jpg 0.413101 0.448468 0.579831 -0.540389 47.357662 -1094.423953 31.585830
slice24/query/img_07920_c0_1284563945048510us.jpg 0.410001 0.445164 0.582777 -0.542308 45.451140 -1093.340296 31.464384
slice24/query/img_07921_c0_1284563945115121us.jpg 0.408494 0.443440 0.584341 -0.543176 44.491350 -1092.804929 31.403834
slice24/query/img_07922_c0_1284563945181734us.jpg 0.406989 0.441817 0.585893 -0.543954 43.527302 -1092.278711 31.342545
slice24/query/img_07923_c0_1284563945248473us.jpg 0.405434 0.440070 0.587300 -0.545014 42.561636 -1091.754829 31.281619
slice24/query/img_07924_c0_1284563945381721us.jpg 0.403297 0.436379 0.588812 -0.547928 40.624406 -1090.719759 31.162610
slice24/query/img_07925_c0_1284563945448437us.jpg 0.401371 0.435026 0.589698 -0.549463 39.650397 -1090.203913 31.105148
slice24/query/img_07926_c0_1284563945515050us.jpg 0.398405 0.434050 0.590973 -0.551022 38.669051 -1089.692429 31.048679
slice24/query/img_07927_c0_1284563945648404us.jpg 0.394424 0.430540 0.593265 -0.554167 36.700767 -1088.691292 30.927662
slice24/query/img_07928_c0_1284563945715015us.jpg 0.393429 0.427903 0.594463 -0.555632 35.714566 -1088.204391 30.862235
slice24/query/img_07929_c0_1284563945781628us.jpg 0.392610 0.425102 0.596049 -0.556661 34.724479 -1087.725318 30.797632
slice24/query/img_07930_c0_1284563945848371us.jpg 0.391651 0.422450 0.598043 -0.557216 33.733786 -1087.255391 30.735318
slice24/query/img_07931_c0_1284563945981592us.jpg 0.388344 0.418449 0.602081 -0.558200 31.733166 -1086.330499 30.619160
slice24/query/img_07932_c0_1284563946048330us.jpg 0.386294 0.416702 0.603682 -0.559199 30.727855 -1085.876266 30.565253
slice24/query/img_07933_c0_1284563946114944us.jpg 0.384219 0.414850 0.604986 -0.560595 29.722269 -1085.425303 30.512846
slice24/query/img_07934_c0_1284563946248317us.jpg 0.380677 0.410642 0.607096 -0.563819 27.700747 -1084.542108 30.400211
slice24/query/img_07935_c0_1284563946314908us.jpg 0.379157 0.408438 0.607930 -0.565544 26.685995 -1084.112008 30.344499
slice24/query/img_07936_c0_1284563946381522us.jpg 0.377947 0.405946 0.608796 -0.567213 25.672691 -1083.689697 30.288458
slice24/query/img_07937_c0_1284563946515713us.jpg 0.375159 0.401135 0.611256 -0.569835 23.632156 -1082.865020 30.177400
slice24/query/img_07938_c0_1284563946581510us.jpg 0.373680 0.398980 0.612561 -0.570917 22.606552 -1082.464741 30.126095
slice24/query/img_07939_c0_1284563946648225us.jpg 0.372102 0.396960 0.613842 -0.571979 21.576836 -1082.070330 30.076159
slice24/query/img_07940_c0_1284563946714840us.jpg 0.370324 0.395052 0.615117 -0.573084 20.546197 -1081.680792 30.027443
slice24/query/img_07941_c0_1284563946848192us.jpg 0.367323 0.390925 0.617189 -0.575612 18.474164 -1080.918673 29.931758
slice24/query/img_07942_c0_1284563946914805us.jpg 0.365798 0.388903 0.617821 -0.577273 17.436403 -1080.547172 29.887446
slice24/query/img_07943_c0_1284563946981416us.jpg 0.364112 0.386759 0.618459 -0.579093 16.398780 -1080.181983 29.843786
slice24/query/img_07944_c0_1284563947048156us.jpg 0.362407 0.384715 0.619063 -0.580876 15.359384 -1079.824132 29.799679
slice24/query/img_07945_c0_1284563947181387us.jpg 0.358788 0.380581 0.620569 -0.584229 13.264672 -1079.127124 29.710607
slice24/query/img_07946_c0_1284563947248120us.jpg 0.357317 0.378167 0.621751 -0.585440 12.215410 -1078.789119 29.666173
slice24/query/img_07947_c0_1284563947314733us.jpg 0.355926 0.375743 0.623096 -0.586418 11.165853 -1078.459231 29.622108
slice24/query/img_07948_c0_1284563947448113us.jpg 0.352827 0.371255 0.625963 -0.588093 9.064969 -1077.821485 29.539584
slice24/query/img_07949_c0_1284563947514698us.jpg 0.351216 0.368933 0.627380 -0.589008 8.011848 -1077.514244 29.499708
slice24/query/img_07950_c0_1284563947581311us.jpg 0.349749 0.366304 0.628892 -0.589909 6.957950 -1077.214182 29.459989
slice24/query/img_07951_c0_1284563947648049us.jpg 0.348352 0.363396 0.630545 -0.590769 5.904233 -1076.921528 29.420614
slice24/query/img_07952_c0_1284563947781300us.jpg 0.344334 0.359123 0.633750 -0.592305 3.783983 -1076.352335 29.341773
slice24/query/img_07953_c0_1284563947848014us.jpg 0.342727 0.356860 0.634878 -0.593396 2.725873 -1076.082407 29.306231
slice24/query/img_07954_c0_1284563947981245us.jpg 0.340187 0.350971 0.636444 -0.596684 0.605650 -1075.557088 29.236445
slice24/query/img_07955_c0_1284563948047978us.jpg 0.338707 0.347669 0.637452 -0.598380 -0.458943 -1075.307171 29.205022
slice24/query/img_07956_c0_1284563948247961us.jpg 0.333309 0.340186 0.639849 -0.603135 -3.667394 -1074.595796 29.118140
slice24/query/img_07957_c0_1284563948381169us.jpg 0.328707 0.335517 0.642947 -0.604978 -5.813199 -1074.162752 29.069263
slice24/query/img_07958_c0_1284563948447908us.jpg 0.326470 0.333018 0.644755 -0.605647 -6.885631 -1073.960361 29.041988
slice24/query/img_07959_c0_1284563948581137us.jpg 0.321750 0.329282 0.647381 -0.607411 -9.043661 -1073.581272 28.992965
slice24/query/img_07960_c0_1284563948647874us.jpg 0.319624 0.327157 0.648221 -0.608785 -10.121678 -1073.402415 28.966765
slice24/query/img_07961_c0_1284563948714485us.jpg 0.317731 0.324107 0.648961 -0.610615 -11.200705 -1073.226592 28.937972
slice24/query/img_07962_c0_1284563948781099us.jpg 0.315373 0.321559 0.650018 -0.612059 -12.279338 -1073.058102 28.909507
slice24/query/img_07963_c0_1284563948914453us.jpg 0.309028 0.317953 0.652131 -0.614925 -14.447186 -1072.743507 28.853333
slice24/query/img_07964_c0_1284563948981066us.jpg 0.305905 0.316041 0.653200 -0.616336 -15.537633 -1072.597088 28.819612
slice24/query/img_07965_c0_1284563949114419us.jpg 0.301493 0.311097 0.655565 -0.618510 -17.703647 -1072.338653 28.751977
slice24/query/img_07966_c0_1284563949181029us.jpg 0.300025 0.308057 0.656943 -0.619283 -18.787448 -1072.227220 28.718702
slice24/query/img_07967_c0_1284563949247767us.jpg 0.297936 0.305450 0.658317 -0.620123 -19.873231 -1072.120115 28.685515
slice24/query/img_07968_c0_1284563949314382us.jpg 0.296101 0.302920 0.659503 -0.620982 -20.960561 -1072.023826 28.653397
slice24/query/img_07969_c0_1284563949447735us.jpg 0.291771 0.298504 0.661496 -0.623048 -23.164600 -1071.845459 28.589108
slice24/query/img_07970_c0_1284563949514346us.jpg 0.289359 0.296797 0.662353 -0.624076 -24.268334 -1071.767116 28.558390
slice24/query/img_07971_c0_1284563949580959us.jpg 0.287200 0.294956 0.663159 -0.625089 -25.372631 -1071.695911 28.527563
slice24/query/img_07972_c0_1284563949647697us.jpg 0.285079 0.293010 0.663978 -0.626106 -26.476203 -1071.628110 28.494708
slice24/query/img_07973_c0_1284563949780927us.jpg 0.281739 0.288878 0.665443 -0.627980 -28.689541 -1071.513841 28.430053
slice24/query/img_07974_c0_1284563949847662us.jpg 0.280498 0.286525 0.665978 -0.629045 -29.798163 -1071.466768 28.394938
slice24/query/img_07975_c0_1284563949914277us.jpg 0.279196 0.284483 0.666525 -0.629971 -30.906515 -1071.427023 28.361882
slice24/query/img_07976_c0_1284563949980890us.jpg 0.277778 0.282769 0.667202 -0.630652 -32.011226 -1071.395269 28.330644
slice24/query/img_07977_c0_1284563950114264us.jpg 0.274022 0.279725 0.668705 -0.632060 -34.241283 -1071.342940 28.267608
slice24/query/img_07978_c0_1284563950180854us.jpg 0.272192 0.278038 0.669424 -0.632833 -35.356095 -1071.326453 28.235839
slice24/query/img_07979_c0_1284563950247592us.jpg 0.270674 0.276290 0.669891 -0.633756 -36.471184 -1071.315501 28.206243
slice24/query/img_07980_c0_1284563950314206us.jpg 0.269033 0.274908 0.670320 -0.634600 -37.584651 -1071.311632 28.178005
slice24/query/img_07981_c0_1284563950447559us.jpg 0.265119 0.272292 0.671234 -0.636407 -39.815754 -1071.317494 28.119531
slice24/query/img_07982_c0_1284563950514171us.jpg 0.263518 0.270290 0.671767 -0.637363 -40.937198 -1071.327987 28.085306
slice24/query/img_07983_c0_1284563950580784us.jpg 0.262138 0.268398 0.672365 -0.638100 -42.053522 -1071.344954 28.051821
slice24/query/img_07984_c0_1284563950647523us.jpg 0.260622 0.266806 0.673077 -0.638638 -43.169133 -1071.368968 28.021076
slice24/query/img_07985_c0_1284563950780751us.jpg 0.257434 0.263129 0.674950 -0.639478 -45.406391 -1071.433137 27.956935
slice24/query/img_07986_c0_1284563950847486us.jpg 0.255667 0.261149 0.675941 -0.639952 -46.522637 -1071.474627 27.925109
slice24/query/img_07987_c0_1284563950980735us.jpg 0.252509 0.256915 0.677266 -0.641518 -48.759051 -1071.571984 27.858211
slice24/query/img_07988_c0_1284563951047450us.jpg 0.250825 0.254832 0.677291 -0.642981 -49.875416 -1071.628995 27.825652
slice24/query/img_07989_c0_1284563951114064us.jpg 0.249108 0.252684 0.677033 -0.644765 -50.993005 -1071.690524 27.796374
slice24/query/img_07990_c0_1284563951180679us.jpg 0.246690 0.250589 0.677225 -0.646310 -52.108728 -1071.762011 27.767679
slice24/query/img_07991_c0_1284563951314053us.jpg 0.240451 0.246325 0.678928 -0.648509 -54.342568 -1071.918041 27.708950
slice24/query/img_07992_c0_1284563951380642us.jpg 0.236422 0.245120 0.680417 -0.648887 -55.456949 -1072.012297 27.683186
slice24/query/img_07993_c0_1284563951447380us.jpg 0.232682 0.243712 0.682065 -0.649038 -56.565263 -1072.118914 27.654222
slice24/query/img_07994_c0_1284563951580978us.jpg 0.225346 0.242308 0.684380 -0.649715 -58.789968 -1072.354244 27.595399
slice24/query/img_07995_c0_1284563951647369us.jpg 0.221982 0.240637 0.684108 -0.651777 -59.901404 -1072.470686 27.558214
slice24/query/img_07996_c0_1284563951713959us.jpg 0.220037 0.236599 0.683196 -0.654865 -60.998778 -1072.593385 27.510755
slice24/query/img_07997_c0_1284563951780571us.jpg 0.219293 0.231269 0.681794 -0.658470 -62.089781 -1072.721276 27.460467
slice24/query/img_07998_c0_1284563951913926us.jpg 0.216362 0.224289 0.680193 -0.663490 -64.288819 -1073.009670 27.379429
slice24/query/img_07999_c0_1284563951980537us.jpg 0.214149 0.221306 0.681211 -0.664166 -65.388606 -1073.165200 27.346407
