slice24/query/img_05398_c0_1311875321984317us.jpg 0.256640 0.324887 0.655149 -0.631953 197.540082 -1164.061790 43.122117
slice24/query/img_05399_c0_1311875322250975us.jpg 0.263597 0.330971 0.651784 -0.629406 193.509436 -1163.882363 42.723372
slice24/query/img_05400_c0_1311875322517724us.jpg 0.271547 0.337486 0.649565 -0.624845 189.531080 -1163.619241 42.343385
slice24/query/img_05401_c0_1311875322784321us.jpg 0.281869 0.344731 0.646047 -0.619947 185.374060 -1163.398889 41.961571
slice24/query/img_05406_c0_1311875324184335us.jpg 0.328887 0.382814 0.617197 -0.603618 162.046476 -1159.290028 39.821467
slice24/query/img_05407_c0_1311875324450953us.jpg 0.336065 0.388461 0.614070 -0.599230 157.710236 -1158.116962 39.518787
slice24/query/img_05408_c0_1311875324717703us.jpg 0.341519 0.394733 0.612947 -0.593166 153.346266 -1156.819402 39.192388
slice24/query/img_05409_c0_1311875325050993us.jpg 0.351883 0.403616 0.608762 -0.585390 147.775924 -1155.263838 38.740663
slice24/query/img_05410_c0_1311875325317746us.jpg 0.360278 0.410799 0.603209 -0.581019 143.582640 -1153.758797 38.452265
slice24/query/img_05411_c0_1311875325584342us.jpg 0.369899 0.418043 0.599096 -0.574019 139.131272 -1152.119630 38.059511
slice24/query/img_05412_c0_1311875325850961us.jpg 0.379076 0.427507 0.592036 -0.568359 134.865965 -1150.358625 37.734884
slice24/query/img_05413_c0_1311875326117740us.jpg 0.387748 0.436530 0.585653 -0.562230 130.685456 -1148.430512 37.433006
slice24/query/img_05414_c0_1311875326450993us.jpg 0.399545 0.447694 0.577016 -0.554063 125.476591 -1145.967941 36.974265
slice24/query/img_05415_c0_1311875326784378us.jpg 0.408716 0.454692 0.564621 -0.554446 120.277002 -1143.205576 36.513923
slice24/query/img_05416_c0_1311875327051005us.jpg 0.413783 0.459772 0.560796 -0.550365 116.311209 -1140.894491 36.239355
slice24/query/img_05417_c0_1311875327317752us.jpg 0.417768 0.464393 0.557279 -0.547037 112.420470 -1138.464847 35.989737
slice24/query/img_05418_c0_1311875327584348us.jpg 0.422926 0.469268 0.552213 -0.544042 108.466815 -1136.024256 35.695467
slice24/query/img_05419_c0_1311875327850980us.jpg 0.427979 0.474028 0.549524 -0.538659 104.207740 -1133.472695 35.367845
slice24/query/img_05420_c0_1311875328184357us.jpg 0.436971 0.479352 0.544983 -0.531292 99.726870 -1130.342748 35.056978
slice24/query/img_05421_c0_1311875328451013us.jpg 0.443836 0.485467 0.539951 -0.525152 95.954687 -1127.750763 34.786791
slice24/query/img_05422_c0_1311875328717763us.jpg 0.450435 0.491496 0.535624 -0.518311 92.382711 -1125.030882 34.559183
slice24/query/img_05423_c0_1311875328984355us.jpg 0.457108 0.497316 0.530381 -0.512274 88.914592 -1122.274925 34.331736
slice24/query/img_05424_c0_1311875329251012us.jpg 0.460851 0.502244 0.525585 -0.509047 85.417255 -1119.383073 34.102537
slice24/query/img_05425_c0_1311875329584367us.jpg 0.463953 0.502056 0.521266 -0.510851 81.020794 -1115.688097 33.684458
slice24/query/img_05426_c0_1311875329850987us.jpg 0.464619 0.500729 0.524109 -0.508636 77.779358 -1112.913020 33.531793
slice24/query/img_05427_c0_1311875330117734us.jpg 0.463493 0.499385 0.525761 -0.509278 74.474226 -1110.127820 33.309992
slice24/query/img_05428_c0_1311875330384404us.jpg 0.457063 0.498122 0.524928 -0.517125 70.857408 -1107.420469 33.030784
slice24/query/img_05431_c0_1311875331250992us.jpg 0.433954 0.470296 0.548298 -0.538400 60.012777 -1099.039008 32.404182
slice24/query/img_05432_c0_1311875331517742us.jpg 0.426339 0.462071 0.561046 -0.538472 56.527356 -1096.661354 32.201323
slice24/query/img_05433_c0_1311875331851035us.jpg 0.416378 0.451528 0.564676 -0.551265 52.029298 -1093.669964 31.946957
slice24/query/img_05444_c0_1311875334917767us.jpg 0.348656 0.366564 0.617033 -0.602777 5.767151 -1074.353247 29.379723
slice24/query/img_05445_c0_1311875335184421us.jpg 0.342125 0.356204 0.622194 -0.607408 1.503586 -1073.272452 29.242065
slice24/query/img_05446_c0_1311875335451015us.jpg 0.334230 0.345379 0.629641 -0.610374 -2.740191 -1072.237542 29.173381
slice24/query/img_05447_c0_1311875335784432us.jpg 0.323435 0.335128 0.634617 -0.616717 -8.160300 -1071.207111 29.112644
slice24/query/img_05448_c0_1311875336051036us.jpg 0.314685 0.326576 0.639683 -0.620587 -12.439670 -1070.495524 29.014018
slice24/query/img_05449_c0_1311875336317807us.jpg 0.305289 0.318773 0.644911 -0.623917 -16.751757 -1069.909195 28.923012
slice24/query/img_05450_c0_1311875336584404us.jpg 0.295215 0.310741 0.648169 -0.629416 -21.089007 -1069.445930 28.793098
slice24/query/img_05451_c0_1311875336851055us.jpg 0.287522 0.300859 0.655009 -0.630696 -25.369865 -1069.025423 28.692278
slice24/query/img_05452_c0_1311875337117810us.jpg 0.279578 0.291672 0.657694 -0.635769 -29.700843 -1068.820172 28.551392
slice24/query/img_05453_c0_1311875337384402us.jpg 0.271013 0.284091 0.660783 -0.639695 -33.953908 -1068.657932 28.436286
slice24/query/img_05454_c0_1311875337651062us.jpg 0.264396 0.277249 0.663981 -0.642151 -38.224381 -1068.654867 28.277404
slice24/query/img_05455_c0_1311875337917812us.jpg 0.258820 0.270024 0.667103 -0.644261 -42.492198 -1068.738737 28.161277
slice24/query/img_05456_c0_1311875338184407us.jpg 0.253245 0.263106 0.670189 -0.646134 -46.769217 -1068.893827 28.019866
slice24/query/img_05457_c0_1311875338517826us.jpg 0.243827 0.255067 0.672113 -0.650963 -52.094883 -1069.170711 27.898580
slice24/query/img_05458_c0_1311875338784429us.jpg 0.232955 0.247013 0.675758 -0.654269 -56.376774 -1069.541160 27.781094
slice24/query/img_05459_c0_1311875339051077us.jpg 0.220462 0.241495 0.683175 -0.652953 -60.616731 -1070.072380 27.613317
