slice24/query/img_07953_c0_1285950358083569us.jpg 0.261972 0.328489 0.650699 -0.632500 192.959946 -1163.709536 42.576859
slice24/query/img_07954_c0_1285950358150182us.jpg 0.264685 0.329246 0.650140 -0.631551 191.889727 -1163.644210 42.464749
slice24/query/img_07955_c0_1285950358216794us.jpg 0.267236 0.330389 0.649729 -0.630301 190.822146 -1163.577515 42.364543
slice24/query/img_07956_c0_1285950358350152us.jpg 0.271595 0.333258 0.648806 -0.627874 188.691629 -1163.430473 42.154932
slice24/query/img_07957_c0_1285950358416759us.jpg 0.273114 0.335474 0.648075 -0.626790 187.622203 -1163.339703 42.060814
slice24/query/img_07958_c0_1285950358483497us.jpg 0.274527 0.337986 0.647116 -0.625812 186.551883 -1163.244707 41.966484
slice24/query/img_07959_c0_1285950358616727us.jpg 0.278705 0.342510 0.644695 -0.624002 184.403394 -1163.060805 41.754732
slice24/query/img_07960_c0_1285950358683465us.jpg 0.281582 0.344428 0.643332 -0.623060 183.321917 -1162.955999 41.650404
slice24/query/img_07961_c0_1285950358750078us.jpg 0.284329 0.346386 0.642074 -0.622025 182.237385 -1162.838453 41.550159
slice24/query/img_07962_c0_1285950358816692us.jpg 0.287043 0.348186 0.640759 -0.621128 181.154654 -1162.708346 41.452764
slice24/query/img_07963_c0_1285950358950043us.jpg 0.294050 0.351468 0.638874 -0.617936 178.977979 -1162.435190 41.268496
slice24/query/img_07964_c0_1285950359016658us.jpg 0.296526 0.353686 0.637504 -0.616901 177.880081 -1162.272828 41.180636
slice24/query/img_07965_c0_1285950359083395us.jpg 0.298636 0.356314 0.635878 -0.616048 176.783838 -1162.094535 41.095836
slice24/query/img_07966_c0_1285950359216644us.jpg 0.303978 0.361967 0.631842 -0.614291 174.560003 -1161.740564 40.912856
slice24/query/img_07967_c0_1285950359283382us.jpg 0.306095 0.364823 0.629986 -0.613456 173.436014 -1161.535611 40.822870
slice24/query/img_07968_c0_1285950359349973us.jpg 0.308246 0.367544 0.628585 -0.612191 172.303974 -1161.321085 40.730955
slice24/query/img_07969_c0_1285950359416588us.jpg 0.310562 0.370236 0.627188 -0.610829 171.173967 -1161.099836 40.635868
slice24/query/img_07970_c0_1285950359549962us.jpg 0.317057 0.374071 0.624749 -0.607647 168.851973 -1160.637555 40.417684
slice24/query/img_07971_c0_1285950359616555us.jpg 0.319879 0.375930 0.623488 -0.606314 167.695664 -1160.381516 40.317232
slice24/query/img_07972_c0_1285950359683293us.jpg 0.322766 0.377773 0.622026 -0.605139 166.538790 -1160.119801 40.223428
slice24/query/img_07973_c0_1285950359749902us.jpg 0.325161 0.379789 0.620460 -0.604202 165.385208 -1159.849887 40.131462
slice24/query/img_07974_c0_1285950359883257us.jpg 0.329440 0.383979 0.617136 -0.602638 163.068410 -1159.286572 39.940758
slice24/query/img_07975_c0_1285950359949873us.jpg 0.331693 0.385569 0.615458 -0.602103 161.916118 -1158.981701 39.846767
slice24/query/img_07976_c0_1285950360016482us.jpg 0.333950 0.387164 0.614048 -0.601271 160.774146 -1158.673821 39.760219
slice24/query/img_07977_c0_1285950360083219us.jpg 0.336286 0.388682 0.612968 -0.600090 159.629507 -1158.361851 39.668680
slice24/query/img_07978_c0_1285950360216444us.jpg 0.340219 0.391878 0.612417 -0.596345 157.362331 -1157.706383 39.501816
slice24/query/img_07979_c0_1285950360283183us.jpg 0.341859 0.393604 0.612370 -0.594315 156.224600 -1157.373041 39.413545
slice24/query/img_07980_c0_1285950360349798us.jpg 0.343591 0.395428 0.612143 -0.592337 155.090720 -1157.038717 39.325065
slice24/query/img_07981_c0_1285950360483151us.jpg 0.346762 0.398985 0.611321 -0.588943 152.782476 -1156.314171 39.138353
slice24/query/img_07982_c0_1285950360549764us.jpg 0.348536 0.400757 0.610443 -0.587602 151.640016 -1155.950422 39.048291
slice24/query/img_07983_c0_1285950360616377us.jpg 0.350331 0.402126 0.609613 -0.586460 150.495199 -1155.574576 38.957964
slice24/query/img_07984_c0_1285950360683120us.jpg 0.352066 0.403846 0.608699 -0.585187 149.356613 -1155.194899 38.867357
slice24/query/img_07985_c0_1285950360816342us.jpg 0.355548 0.407613 0.606592 -0.582653 147.087173 -1154.434163 38.673942
slice24/query/img_07986_c0_1285950360883079us.jpg 0.357281 0.409461 0.605163 -0.581782 145.954991 -1154.035377 38.578340
slice24/query/img_07987_c0_1285950360949692us.jpg 0.359101 0.411269 0.603488 -0.581125 144.825117 -1153.626537 38.490451
slice24/query/img_07988_c0_1285950361083065us.jpg 0.363226 0.414451 0.600658 -0.579230 142.527942 -1152.814683 38.309640
slice24/query/img_07989_c0_1285950361149658us.jpg 0.364908 0.415957 0.598789 -0.579029 141.385453 -1152.374305 38.216864
slice24/query/img_07990_c0_1285950361216270us.jpg 0.366663 0.417442 0.596927 -0.578774 140.240443 -1151.926771 38.128101
slice24/query/img_07991_c0_1285950361283008us.jpg 0.368467 0.418989 0.595298 -0.578187 139.099057 -1151.480404 38.034825
slice24/query/img_07992_c0_1285950361349621us.jpg 0.370452 0.420421 0.594165 -0.577043 137.962315 -1151.024294 37.946859
slice24/query/img_07993_c0_1285950361482995us.jpg 0.373819 0.423981 0.592279 -0.574199 135.669900 -1150.078188 37.764373
slice24/query/img_07994_c0_1285950361549590us.jpg 0.375224 0.426113 0.591149 -0.572868 134.529372 -1149.595530 37.677117
slice24/query/img_07995_c0_1285950361616199us.jpg 0.376715 0.427867 0.590000 -0.571765 133.392966 -1149.108501 37.587013
slice24/query/img_07996_c0_1285950361682938us.jpg 0.378682 0.429242 0.588712 -0.570763 132.261106 -1148.615801 37.494790
slice24/query/img_07997_c0_1285950361816184us.jpg 0.384687 0.430513 0.584412 -0.570208 130.022736 -1147.584805 37.308845
slice24/query/img_07998_c0_1285950361882905us.jpg 0.385953 0.432157 0.583197 -0.569352 128.900753 -1147.065451 37.229670
slice24/query/img_07999_c0_1285950361949517us.jpg 0.386788 0.434880 0.581989 -0.567946 127.780946 -1146.546659 37.152148
slice24/query/img_08000_c0_1285950362082896us.jpg 0.389676 0.440107 0.579112 -0.564879 125.543260 -1145.495139 36.979574
slice24/query/img_08001_c0_1285950362149482us.jpg 0.391621 0.442348 0.578192 -0.562721 124.431842 -1144.950119 36.896995
slice24/query/img_08002_c0_1285950362216096us.jpg 0.394321 0.444070 0.577313 -0.560377 123.326467 -1144.403319 36.809453
slice24/query/img_08003_c0_1285950362282834us.jpg 0.396944 0.445721 0.576337 -0.558215 122.223407 -1143.848057 36.720258
slice24/query/img_08004_c0_1285950362416083us.jpg 0.402688 0.449035 0.573566 -0.554284 120.028401 -1142.724525 36.542779
slice24/query/img_08005_c0_1285950362482799us.jpg 0.405033 0.450781 0.571920 -0.552857 118.936886 -1142.139860 36.458855
slice24/query/img_08006_c0_1285950362549411us.jpg 0.406883 0.452945 0.570233 -0.551472 117.854323 -1141.545475 36.381453
slice24/query/img_08007_c0_1285950362616025us.jpg 0.408810 0.455122 0.568218 -0.550333 116.772044 -1140.947548 36.300185
slice24/query/img_08008_c0_1285950362749400us.jpg 0.413289 0.459946 0.563776 -0.547539 114.622499 -1139.747757 36.140146
slice24/query/img_08009_c0_1285950362816010us.jpg 0.415358 0.462327 0.562138 -0.545648 113.552839 -1139.133848 36.063347
slice24/query/img_08010_c0_1285950362949341us.jpg 0.419854 0.466186 0.559465 -0.541657 111.427738 -1137.854459 35.897976
slice24/query/img_08011_c0_1285950363015954us.jpg 0.422154 0.468184 0.558182 -0.539464 110.371592 -1137.207671 35.817518
slice24/query/img_08012_c0_1285950363082693us.jpg 0.424534 0.470108 0.556624 -0.537530 109.319051 -1136.554268 35.732596
slice24/query/img_08013_c0_1285950363149304us.jpg 0.426481 0.472170 0.555129 -0.535725 108.276131 -1135.888379 35.652303
slice24/query/img_08014_c0_1285950363282658us.jpg 0.430873 0.475949 0.552183 -0.531898 106.200306 -1134.532656 35.496244
slice24/query/img_08015_c0_1285950363415903us.jpg 0.434422 0.479850 0.548538 -0.529271 104.145075 -1133.138419 35.340458
slice24/query/img_08016_c0_1285950363482622us.jpg 0.435883 0.481853 0.546797 -0.528050 103.133821 -1132.435862 35.265581
slice24/query/img_08017_c0_1285950363549234us.jpg 0.437883 0.483368 0.545216 -0.526643 102.128486 -1131.732229 35.186011
slice24/query/img_08018_c0_1285950363682591us.jpg 0.441800 0.485551 0.542974 -0.523672 100.127057 -1130.288954 35.023364
slice24/query/img_08019_c0_1285950363749200us.jpg 0.443561 0.486639 0.541825 -0.522362 99.133179 -1129.563732 34.950419
slice24/query/img_08020_c0_1285950363815816us.jpg 0.445201 0.487711 0.540483 -0.521356 98.141603 -1128.828505 34.872882
slice24/query/img_08021_c0_1285950363949169us.jpg 0.448639 0.488547 0.537721 -0.520482 96.182555 -1127.340680 34.715516
slice24/query/img_08022_c0_1285950364015778us.jpg 0.450221 0.488961 0.536245 -0.520249 95.207221 -1126.590018 34.647499
slice24/query/img_08023_c0_1285950364082516us.jpg 0.451432 0.489447 0.534960 -0.520066 94.229572 -1125.833308 34.577487
slice24/query/img_08024_c0_1285950364149131us.jpg 0.452337 0.489966 0.533946 -0.519833 93.258644 -1125.075157 34.508760
slice24/query/img_08025_c0_1285950364282508us.jpg 0.453982 0.491100 0.532427 -0.518886 91.319999 -1123.557256 34.381947
slice24/query/img_08026_c0_1285950364349125us.jpg 0.454783 0.491501 0.532096 -0.518143 90.357290 -1122.794095 34.316240
slice24/query/img_08027_c0_1285950364415710us.jpg 0.455471 0.492032 0.531716 -0.517425 89.398441 -1122.026347 34.250431
slice24/query/img_08028_c0_1285950364482448us.jpg 0.455875 0.492841 0.531386 -0.516638 88.440288 -1121.262273 34.189082
slice24/query/img_08029_c0_1285950364549060us.jpg 0.456373 0.493721 0.531024 -0.515729 87.485414 -1120.500206 34.130009
slice24/query/img_08030_c0_1285950364682414us.jpg 0.457187 0.495500 0.529738 -0.514623 85.556440 -1118.953982 33.998387
slice24/query/img_08031_c0_1285950364749027us.jpg 0.458053 0.495848 0.528645 -0.514643 84.605219 -1118.169534 33.938502
slice24/query/img_08032_c0_1285950364815636us.jpg 0.458496 0.495988 0.527941 -0.514835 83.654536 -1117.385704 33.878641
slice24/query/img_08033_c0_1285950364882377us.jpg 0.458494 0.495719 0.527702 -0.515341 82.700843 -1116.604291 33.808651
slice24/query/img_08034_c0_1285950365015605us.jpg 0.459283 0.494800 0.527499 -0.515730 80.808260 -1115.033292 33.684622
slice24/query/img_08035_c0_1285950365082342us.jpg 0.460171 0.493883 0.527241 -0.516080 79.862222 -1114.258986 33.617594
slice24/query/img_08036_c0_1285950365148955us.jpg 0.460751 0.493088 0.527422 -0.516139 78.913764 -1113.487252 33.558300
slice24/query/img_08037_c0_1285950365282309us.jpg 0.459934 0.492765 0.528812 -0.515753 77.016723 -1111.944055 33.449604
slice24/query/img_08038_c0_1285950365348921us.jpg 0.458603 0.492710 0.529430 -0.516356 76.066444 -1111.167568 33.396971
slice24/query/img_08039_c0_1285950365415533us.jpg 0.458139 0.491903 0.529737 -0.517222 75.119889 -1110.397589 33.343559
slice24/query/img_08040_c0_1285950365548893us.jpg 0.455550 0.490515 0.529618 -0.520936 73.221637 -1108.867364 33.232085
slice24/query/img_08041_c0_1285950365615499us.jpg 0.452872 0.490102 0.530129 -0.523135 72.269051 -1108.096308 33.178237
slice24/query/img_08042_c0_1285950365682236us.jpg 0.450109 0.489530 0.530798 -0.525372 71.316715 -1107.333766 33.119215
slice24/query/img_08043_c0_1285950365748851us.jpg 0.447912 0.488512 0.531188 -0.527797 70.360164 -1106.576661 33.055919
slice24/query/img_08044_c0_1285950365882223us.jpg 0.445287 0.483730 0.533840 -0.531732 68.441810 -1105.089979 32.917583
slice24/query/img_08045_c0_1285950365948816us.jpg 0.444442 0.480756 0.536133 -0.532829 67.472497 -1104.362383 32.847114
slice24/query/img_08046_c0_1285950366015427us.jpg 0.443510 0.478473 0.538157 -0.533619 66.492515 -1103.640072 32.781738
slice24/query/img_08047_c0_1285950366148802us.jpg 0.438511 0.476977 0.541780 -0.535422 64.511552 -1102.212563 32.669032
slice24/query/img_08048_c0_1285950366215396us.jpg 0.437056 0.474511 0.543974 -0.536576 63.520218 -1101.511371 32.603487
slice24/query/img_08049_c0_1285950366282133us.jpg 0.435763 0.471903 0.546401 -0.537460 62.523755 -1100.817163 32.536515
slice24/query/img_08050_c0_1285950366415388us.jpg 0.432824 0.467244 0.551306 -0.538895 60.516196 -1099.443078 32.405274
slice24/query/img_08051_c0_1285950366482096us.jpg 0.430916 0.465470 0.553453 -0.539757 59.506418 -1098.769266 32.346007
slice24/query/img_08052_c0_1285950366548709us.jpg 0.429262 0.463355 0.555458 -0.540835 58.489987 -1098.102615 32.284608
slice24/query/img_08053_c0_1285950366615324us.jpg 0.426885 0.461757 0.557510 -0.541970 57.472091 -1097.440727 32.226122
slice24/query/img_08054_c0_1285950366748698us.jpg 0.421829 0.458611 0.562047 -0.543911 55.436251 -1096.143946 32.107086
slice24/query/img_08055_c0_1285950366815288us.jpg 0.419218 0.457755 0.563978 -0.544652 54.412652 -1095.510895 32.045990
slice24/query/img_08056_c0_1285950366882028us.jpg 0.416255 0.457647 0.565620 -0.545311 53.381920 -1094.881723 31.983077
slice24/query/img_08057_c0_1285950367015254us.jpg 0.413906 0.454886 0.567502 -0.547450 51.307905 -1093.646019 31.844466
slice24/query/img_08058_c0_1285950367081991us.jpg 0.413527 0.452619 0.567987 -0.549110 50.267905 -1093.029124 31.768749
slice24/query/img_08059_c0_1285950367148605us.jpg 0.413198 0.450145 0.568099 -0.551272 49.233450 -1092.418741 31.697317
slice24/query/img_08060_c0_1285950367215220us.jpg 0.412436 0.447991 0.568057 -0.553636 48.194005 -1091.812520 31.631207
slice24/query/img_08061_c0_1285950367348595us.jpg 0.409041 0.446138 0.567350 -0.558355 46.099352 -1090.614761 31.518670
slice24/query/img_08062_c0_1285950367415202us.jpg 0.406376 0.445355 0.568029 -0.560233 45.050271 -1090.029553 31.462402
slice24/query/img_08063_c0_1285950367481922us.jpg 0.403893 0.444494 0.569172 -0.561550 43.995461 -1089.449349 31.403253
slice24/query/img_08064_c0_1285950367548536us.jpg 0.401703 0.443011 0.570861 -0.562578 42.931623 -1088.873244 31.342545
slice24/query/img_08065_c0_1285950367681909us.jpg 0.397956 0.438689 0.574794 -0.564619 40.805268 -1087.740361 31.208589
slice24/query/img_08066_c0_1285950367748501us.jpg 0.396333 0.436012 0.576493 -0.566100 39.731127 -1087.181019 31.137260
slice24/query/img_08067_c0_1285950367815113us.jpg 0.394751 0.433161 0.578012 -0.567844 38.661844 -1086.633889 31.067499
slice24/query/img_08068_c0_1285950367881851us.jpg 0.392857 0.430562 0.579539 -0.569573 37.593536 -1086.100573 31.002168
slice24/query/img_08069_c0_1285950368015078us.jpg 0.389098 0.425525 0.582993 -0.572407 35.430944 -1085.046211 30.876272
slice24/query/img_08070_c0_1285950368081815us.jpg 0.386915 0.423305 0.584309 -0.574189 34.340925 -1084.529372 30.813748
slice24/query/img_08071_c0_1285950368148429us.jpg 0.384926 0.420939 0.585642 -0.575904 33.250129 -1084.024788 30.753633
slice24/query/img_08072_c0_1285950368215042us.jpg 0.383115 0.418527 0.586871 -0.577615 32.158780 -1083.531649 30.694447
slice24/query/img_08073_c0_1285950368348417us.jpg 0.378650 0.414542 0.589232 -0.581021 29.966252 -1082.563335 30.579218
slice24/query/img_08074_c0_1285950368415007us.jpg 0.375922 0.412912 0.590789 -0.582370 28.865546 -1082.090864 30.521684
slice24/query/img_08075_c0_1285950368481745us.jpg 0.373520 0.411172 0.592164 -0.583748 27.763853 -1081.628537 30.463084
slice24/query/img_08076_c0_1285950368614996us.jpg 0.370851 0.405814 0.595154 -0.586153 25.546615 -1080.732394 30.335849
slice24/query/img_08077_c0_1285950368681730us.jpg 0.370088 0.402974 0.596570 -0.587155 24.434709 -1080.299237 30.273603
slice24/query/img_08078_c0_1285950368748323us.jpg 0.368923 0.400365 0.598123 -0.588092 23.322215 -1079.872978 30.214406
slice24/query/img_08079_c0_1285950368814937us.jpg 0.367355 0.398272 0.599778 -0.588808 22.206755 -1079.456286 30.162297
slice24/query/img_08080_c0_1285950368948295us.jpg 0.363552 0.394136 0.603045 -0.590613 19.955566 -1078.639145 30.063952
slice24/query/img_08081_c0_1285950369014901us.jpg 0.361860 0.392012 0.604055 -0.592031 18.828851 -1078.239158 30.011091
slice24/query/img_08082_c0_1285950369081642us.jpg 0.360275 0.389836 0.604865 -0.593606 17.706096 -1077.848746 29.962393
slice24/query/img_08083_c0_1285950369214891us.jpg 0.356569 0.385192 0.606891 -0.596799 15.453917 -1077.080762 29.867088
slice24/query/img_08084_c0_1285950369281604us.jpg 0.354737 0.382674 0.608123 -0.598255 14.324948 -1076.709871 29.820102
slice24/query/img_08085_c0_1285950369348217us.jpg 0.353281 0.379942 0.609517 -0.599437 13.198454 -1076.353973 29.773332
slice24/query/img_08086_c0_1285950369481594us.jpg 0.350078 0.375061 0.612999 -0.600838 10.924878 -1075.663132 29.682131
slice24/query/img_08087_c0_1285950369548202us.jpg 0.348370 0.372611 0.614700 -0.601618 9.781134 -1075.330150 29.639100
slice24/query/img_08088_c0_1285950369614796us.jpg 0.346621 0.369839 0.616588 -0.602405 8.639413 -1075.005118 29.595317
slice24/query/img_08089_c0_1285950369748456us.jpg 0.343884 0.363729 0.619906 -0.604285 6.355381 -1074.377767 29.508639
slice24/query/img_08090_c0_1285950369814761us.jpg 0.342375 0.361146 0.620788 -0.605784 5.209554 -1074.075692 29.471084
slice24/query/img_08091_c0_1285950369881499us.jpg 0.340430 0.358881 0.621759 -0.607230 4.065972 -1073.781700 29.437157
slice24/query/img_08092_c0_1285950369948112us.jpg 0.338352 0.356754 0.622744 -0.608634 2.922939 -1073.495594 29.405173
slice24/query/img_08093_c0_1285950370081489us.jpg 0.334265 0.352104 0.624877 -0.611406 0.638372 -1072.936583 29.343220
slice24/query/img_08094_c0_1285950370148100us.jpg 0.331771 0.350146 0.626056 -0.612682 -0.508576 -1072.677147 29.312479
slice24/query/img_08095_c0_1285950370281452us.jpg 0.328178 0.344931 0.628814 -0.614748 -2.807611 -1072.182098 29.242486
slice24/query/img_08096_c0_1285950370348043us.jpg 0.327118 0.341786 0.630361 -0.615484 -3.951940 -1071.949209 29.207727
slice24/query/img_08097_c0_1285950370414657us.jpg 0.325915 0.338823 0.631665 -0.616424 -5.093236 -1071.727418 29.172702
slice24/query/img_08098_c0_1285950370548011us.jpg 0.321854 0.334102 0.634753 -0.617960 -7.388300 -1071.303249 29.114894
slice24/query/img_08099_c0_1285950370614622us.jpg 0.318912 0.332595 0.636155 -0.618855 -8.538115 -1071.095258 29.091240
slice24/query/img_08100_c0_1285950370681360us.jpg 0.315740 0.331458 0.637091 -0.620128 -9.684153 -1070.896076 29.065496
slice24/query/img_08101_c0_1285950370747973us.jpg 0.312683 0.330093 0.637682 -0.621796 -10.821162 -1070.706187 29.036201
slice24/query/img_08102_c0_1285950370881324us.jpg 0.307855 0.325782 0.638451 -0.625676 -13.133509 -1070.338246 28.968216
slice24/query/img_08103_c0_1285950370947938us.jpg 0.305731 0.323260 0.638925 -0.627540 -14.283389 -1070.169271 28.932198
slice24/query/img_08104_c0_1285950371014551us.jpg 0.303426 0.321238 0.639410 -0.629201 -15.430352 -1070.010695 28.894671
slice24/query/img_08105_c0_1285950371081289us.jpg 0.300842 0.319364 0.639945 -0.630850 -16.571030 -1069.862794 28.861934
slice24/query/img_08106_c0_1285950371214517us.jpg 0.296912 0.314100 0.642677 -0.632575 -18.860403 -1069.587097 28.794243
slice24/query/img_08107_c0_1285950371281256us.jpg 0.294841 0.311418 0.644102 -0.633420 -20.010038 -1069.464787 28.760324
slice24/query/img_08108_c0_1285950371347874us.jpg 0.292450 0.309119 0.645467 -0.634264 -21.156407 -1069.350371 28.723673
slice24/query/img_08109_c0_1285950371481882us.jpg 0.287532 0.304332 0.648013 -0.636228 -23.448361 -1069.140880 28.659452
slice24/query/img_08110_c0_1285950371547856us.jpg 0.284944 0.302169 0.648969 -0.637448 -24.593222 -1069.050986 28.626599
slice24/query/img_08111_c0_1285950371614448us.jpg 0.281848 0.300263 0.649613 -0.639068 -25.739103 -1068.968550 28.594553
slice24/query/img_08112_c0_1285950371681185us.jpg 0.279068 0.298048 0.650210 -0.640715 -26.877177 -1068.894600 28.562333
slice24/query/img_08113_c0_1285950371814412us.jpg 0.274819 0.292338 0.652304 -0.643049 -29.161679 -1068.776541 28.496069
slice24/query/img_08114_c0_1285950371881150us.jpg 0.272978 0.289621 0.653823 -0.643521 -30.305274 -1068.735184 28.458883
slice24/query/img_08115_c0_1285950371947764us.jpg 0.271293 0.287008 0.655286 -0.643916 -31.446210 -1068.703176 28.423111
slice24/query/img_08116_c0_1285950372014376us.jpg 0.269853 0.284268 0.656915 -0.644076 -32.582372 -1068.681445 28.386654
slice24/query/img_08117_c0_1285950372147752us.jpg 0.266875 0.279347 0.660550 -0.643752 -34.847047 -1068.665781 28.334849
slice24/query/img_08118_c0_1285950372214341us.jpg 0.264590 0.277559 0.661585 -0.644405 -35.985544 -1068.665159 28.305902
slice24/query/img_08119_c0_1285950372281080us.jpg 0.262067 0.275972 0.662357 -0.645324 -37.117849 -1068.668540 28.276306
slice24/query/img_08120_c0_1285950372347694us.jpg 0.259908 0.274307 0.663006 -0.646240 -38.243972 -1068.678412 28.248790
slice24/query/img_08121_c0_1285950372481069us.jpg 0.255592 0.270683 0.663445 -0.649034 -40.501801 -1068.712758 28.194698
slice24/query/img_08122_c0_1285950372547659us.jpg 0.253272 0.269000 0.663382 -0.650705 -41.633679 -1068.738198 28.162556
slice24/query/img_08123_c0_1285950372614271us.jpg 0.250783 0.267454 0.663508 -0.652176 -42.757083 -1068.771577 28.130742
slice24/query/img_08124_c0_1285950372747647us.jpg 0.246715 0.263566 0.665910 -0.652862 -45.002168 -1068.863355 28.069213
slice24/query/img_08125_c0_1285950372814236us.jpg 0.245343 0.261428 0.667205 -0.652916 -46.118953 -1068.925478 28.039269
slice24/query/img_08126_c0_1285950372880973us.jpg 0.244404 0.259467 0.668242 -0.652990 -47.235031 -1068.994215 28.004092
slice24/query/img_08127_c0_1285950372947589us.jpg 0.243493 0.257594 0.669047 -0.653248 -48.350301 -1069.068004 27.968737
slice24/query/img_08128_c0_1285950373080940us.jpg 0.240986 0.253740 0.671222 -0.653454 -50.575472 -1069.228079 27.902499
slice24/query/img_08129_c0_1285950373147552us.jpg 0.239334 0.252434 0.671911 -0.653859 -51.683604 -1069.315904 27.871879
slice24/query/img_08130_c0_1285950373214167us.jpg 0.237642 0.251217 0.671663 -0.655198 -52.790076 -1069.405835 27.842805
slice24/query/img_08131_c0_1285950373347543us.jpg 0.233525 0.248519 0.671157 -0.658219 -55.009466 -1069.591951 27.775546
slice24/query/img_08132_c0_1285950373414136us.jpg 0.231703 0.245699 0.672162 -0.658896 -56.112798 -1069.688380 27.742872
slice24/query/img_08133_c0_1285950373480875us.jpg 0.229118 0.244213 0.673968 -0.658508 -57.207644 -1069.792819 27.708353
slice24/query/img_08134_c0_1285950373547483us.jpg 0.225990 0.243399 0.676895 -0.656886 -58.312178 -1069.913232 27.684348
slice24/query/img_08135_c0_1285950373680857us.jpg 0.220001 0.240191 0.682981 -0.653793 -60.514983 -1070.170638 27.603579
slice24/query/img_08136_c0_1285950373747447us.jpg 0.219318 0.236053 0.684158 -0.654298 -61.601544 -1070.310568 27.547074
slice24/query/img_08137_c0_1285950373814060us.jpg 0.219381 0.230927 0.684742 -0.655495 -62.675622 -1070.461302 27.491569
slice24/query/img_08138_c0_1285950373880799us.jpg 0.219519 0.226032 0.684475 -0.657430 -63.752952 -1070.609799 27.441664
slice24/query/img_08139_c0_1285950374014048us.jpg 0.217193 0.218882 0.683261 -0.661870 -65.912876 -1070.919127 27.378141
