slice24/query/img_06143_c0_1287504366738124us.jpg 0.256525 0.324334 0.654177 -0.633289 193.936570 -1163.870243 42.709331
slice24/query/img_06144_c0_1287504366804863us.jpg 0.259012 0.325815 0.654033 -0.631663 192.911205 -1163.829937 42.612887
slice24/query/img_06145_c0_1287504366871464us.jpg 0.261874 0.327344 0.653169 -0.630586 191.889909 -1163.783121 42.512307
slice24/query/img_06146_c0_1287504367004808us.jpg 0.266912 0.330833 0.651194 -0.628692 189.859623 -1163.667497 42.320105
slice24/query/img_06147_c0_1287504367071421us.jpg 0.268775 0.332811 0.650185 -0.627898 188.843102 -1163.599945 42.224986
slice24/query/img_06148_c0_1287504367204794us.jpg 0.272158 0.338027 0.647512 -0.626415 186.804046 -1163.463431 42.031962
slice24/query/img_06149_c0_1287504367337999us.jpg 0.276263 0.342438 0.644910 -0.624905 184.734553 -1163.293818 41.828640
slice24/query/img_06150_c0_1287504367404734us.jpg 0.278929 0.344061 0.643882 -0.623889 183.704627 -1163.196079 41.732557
slice24/query/img_06151_c0_1287504367537985us.jpg 0.284663 0.347382 0.641470 -0.621940 181.639523 -1162.979647 41.541511
slice24/query/img_06152_c0_1287504367604697us.jpg 0.287366 0.348981 0.640188 -0.621121 180.610620 -1162.855627 41.446867
slice24/query/img_06153_c0_1287504367737927us.jpg 0.292407 0.352543 0.637449 -0.619573 178.524617 -1162.577433 41.271182
slice24/query/img_06154_c0_1287504367871298us.jpg 0.296578 0.357117 0.634682 -0.617809 176.429834 -1162.261967 41.102372
slice24/query/img_06155_c0_1287504367937887us.jpg 0.298833 0.359652 0.632836 -0.617145 175.382273 -1162.088866 41.019907
slice24/query/img_06156_c0_1287504368071477us.jpg 0.303324 0.364536 0.629438 -0.615561 173.258154 -1161.722762 40.843729
slice24/query/img_06157_c0_1287504368137851us.jpg 0.305433 0.366873 0.628166 -0.614429 172.194258 -1161.528395 40.752224
slice24/query/img_06158_c0_1287504368204589us.jpg 0.307652 0.369366 0.626876 -0.613144 171.134248 -1161.327959 40.661312
slice24/query/img_06159_c0_1287504368404579us.jpg 0.316460 0.375158 0.623578 -0.608490 167.832462 -1160.671040 40.359467
slice24/query/img_06160_c0_1287504368471167us.jpg 0.319404 0.376892 0.622366 -0.607119 166.733004 -1160.427430 40.266840
slice24/query/img_06161_c0_1287504368604518us.jpg 0.324512 0.381163 0.619178 -0.605000 164.551020 -1159.920724 40.087512
slice24/query/img_06162_c0_1287504368737744us.jpg 0.328910 0.385669 0.615707 -0.603310 162.371668 -1159.373305 39.915051
slice24/query/img_06163_c0_1287504368804483us.jpg 0.331230 0.387210 0.614354 -0.602431 161.284184 -1159.086546 39.827671
slice24/query/img_06164_c0_1287504368937719us.jpg 0.335772 0.390709 0.611859 -0.600193 159.118312 -1158.496773 39.656142
slice24/query/img_06165_c0_1287504369071083us.jpg 0.339577 0.393860 0.610838 -0.597025 156.966482 -1157.874126 39.488762
slice24/query/img_06166_c0_1287504369137672us.jpg 0.341130 0.395536 0.610657 -0.595213 155.887632 -1157.557100 39.405284
slice24/query/img_06167_c0_1287504369204410us.jpg 0.342788 0.397288 0.610221 -0.593539 154.815350 -1157.230821 39.323751
slice24/query/img_06168_c0_1287504369337636us.jpg 0.345908 0.400833 0.609144 -0.590444 152.658910 -1156.557821 39.149484
slice24/query/img_06169_c0_1287504369404373us.jpg 0.347618 0.402370 0.608501 -0.589056 151.586985 -1156.204427 39.060902
slice24/query/img_06170_c0_1287504369537618us.jpg 0.351276 0.405292 0.606838 -0.586593 149.427735 -1155.495184 38.882485
slice24/query/img_06171_c0_1287504369604338us.jpg 0.352914 0.406724 0.605894 -0.585593 148.349104 -1155.132152 38.794326
slice24/query/img_06172_c0_1287504369737586us.jpg 0.355961 0.409796 0.603779 -0.583789 146.183470 -1154.372208 38.626043
slice24/query/img_06173_c0_1287504369804302us.jpg 0.357743 0.411253 0.602226 -0.583280 145.099930 -1153.984113 38.536698
slice24/query/img_06174_c0_1287504369870914us.jpg 0.359251 0.412646 0.600710 -0.582931 144.024504 -1153.587168 38.449287
slice24/query/img_06175_c0_1287504370004266us.jpg 0.361956 0.415863 0.597609 -0.582159 141.866921 -1152.777625 38.281572
slice24/query/img_06176_c0_1287504370070879us.jpg 0.363700 0.417356 0.596121 -0.581528 140.800268 -1152.369897 38.201419
slice24/query/img_06177_c0_1287504370204231us.jpg 0.367345 0.419908 0.593856 -0.579715 138.647523 -1151.527065 38.029348
slice24/query/img_06178_c0_1287504370270842us.jpg 0.369223 0.421332 0.592863 -0.578504 137.556810 -1151.096980 37.941494
slice24/query/img_06179_c0_1287504370404217us.jpg 0.373057 0.424808 0.591087 -0.575311 135.376744 -1150.219554 37.759782
slice24/query/img_06180_c0_1287504370537444us.jpg 0.376919 0.428525 0.589044 -0.572124 133.210277 -1149.309113 37.580562
slice24/query/img_06181_c0_1287504370604157us.jpg 0.379107 0.430129 0.587843 -0.570708 132.136523 -1148.842808 37.496459
slice24/query/img_06182_c0_1287504370670769us.jpg 0.383022 0.431143 0.585413 -0.569826 131.071753 -1148.372179 37.412294
slice24/query/img_06183_c0_1287504370804118us.jpg 0.387958 0.433987 0.582175 -0.567641 128.949527 -1147.411775 37.237662
slice24/query/img_06184_c0_1287504370870734us.jpg 0.388853 0.437015 0.580960 -0.565947 127.900418 -1146.906914 37.165758
slice24/query/img_06185_c0_1287504371004087us.jpg 0.391562 0.442600 0.577662 -0.563108 125.778482 -1145.886714 37.007369
slice24/query/img_06186_c0_1287504371070699us.jpg 0.393143 0.444822 0.576276 -0.561674 124.719580 -1145.357436 36.922291
slice24/query/img_06187_c0_1287504371137311us.jpg 0.395592 0.446399 0.574818 -0.560195 123.671396 -1144.834410 36.833387
slice24/query/img_06188_c0_1287504371270662us.jpg 0.400759 0.449283 0.572005 -0.557088 121.586665 -1143.772120 36.653784
slice24/query/img_06189_c0_1287504371337275us.jpg 0.403255 0.450521 0.570406 -0.555925 120.548059 -1143.220868 36.563839
slice24/query/img_06190_c0_1287504371470628us.jpg 0.407601 0.453500 0.567158 -0.553652 118.481462 -1142.102992 36.398104
slice24/query/img_06191_c0_1287504371537240us.jpg 0.409060 0.455315 0.565903 -0.552369 117.456871 -1141.527061 36.322240
slice24/query/img_06192_c0_1287504371670610us.jpg 0.412801 0.458941 0.562990 -0.549555 115.411870 -1140.346471 36.169899
slice24/query/img_06193_c0_1287504371737223us.jpg 0.414420 0.460933 0.561416 -0.548278 114.392832 -1139.759660 36.093144
slice24/query/img_06194_c0_1287504371803942us.jpg 0.415897 0.462575 0.560300 -0.546917 113.386498 -1139.157009 36.014817
slice24/query/img_06195_c0_1287504371937167us.jpg 0.419288 0.465071 0.557987 -0.544571 111.380818 -1137.930173 35.857495
slice24/query/img_06196_c0_1287504372003905us.jpg 0.420899 0.466330 0.556379 -0.543896 110.380285 -1137.314267 35.784764
slice24/query/img_06197_c0_1287504372137133us.jpg 0.423713 0.468628 0.553600 -0.542569 108.398782 -1136.065531 35.641185
slice24/query/img_06198_c0_1287504372203868us.jpg 0.424946 0.469824 0.552481 -0.541712 107.411220 -1135.438108 35.566506
slice24/query/img_06199_c0_1287504372270482us.jpg 0.426074 0.471105 0.551271 -0.540944 106.421499 -1134.804311 35.489510
slice24/query/img_06200_c0_1287504372403852us.jpg 0.428027 0.473721 0.549704 -0.538709 104.461484 -1133.526062 35.345943
slice24/query/img_06201_c0_1287504372470445us.jpg 0.428929 0.475037 0.549234 -0.537310 103.486925 -1132.884475 35.269669
slice24/query/img_06202_c0_1287504372603799us.jpg 0.431598 0.476977 0.548160 -0.534542 101.540030 -1131.579159 35.123855
slice24/query/img_06203_c0_1287504372670410us.jpg 0.433098 0.477995 0.547471 -0.533125 100.569365 -1130.920472 35.051584
slice24/query/img_06204_c0_1287504372737022us.jpg 0.434512 0.478943 0.546822 -0.531788 99.608442 -1130.256317 34.981835
slice24/query/img_06205_c0_1287504372870373us.jpg 0.437722 0.481127 0.545116 -0.528928 97.689105 -1128.911854 34.843705
slice24/query/img_06206_c0_1287504372936988us.jpg 0.439651 0.482109 0.543953 -0.527629 96.733383 -1128.238208 34.772474
slice24/query/img_06207_c0_1287504373070338us.jpg 0.443928 0.483759 0.541818 -0.524728 94.844339 -1126.863367 34.636851
slice24/query/img_06208_c0_1287504373136951us.jpg 0.445714 0.485088 0.540676 -0.523162 93.900002 -1126.170536 34.573775
slice24/query/img_06209_c0_1287504373203689us.jpg 0.447276 0.486679 0.539547 -0.521514 92.961174 -1125.475423 34.511320
slice24/query/img_06210_c0_1287504373336936us.jpg 0.450404 0.489713 0.537459 -0.518127 91.108554 -1124.079275 34.391203
slice24/query/img_06211_c0_1287504373403653us.jpg 0.452247 0.490850 0.536582 -0.516352 90.182155 -1123.367529 34.330501
slice24/query/img_06212_c0_1287504373537721us.jpg 0.455295 0.493892 0.534327 -0.513100 88.348038 -1121.933069 34.212447
slice24/query/img_06213_c0_1287504373603616us.jpg 0.456321 0.495798 0.533037 -0.511690 87.439081 -1121.208220 34.154370
slice24/query/img_06214_c0_1287504373670230us.jpg 0.457313 0.497480 0.531661 -0.510602 86.533525 -1120.480737 34.097071
slice24/query/img_06215_c0_1287504373803584us.jpg 0.459638 0.499580 0.527842 -0.510427 84.738680 -1118.992947 33.971619
slice24/query/img_06216_c0_1287504373870193us.jpg 0.460737 0.499995 0.525708 -0.511231 83.855917 -1118.247574 33.917010
slice24/query/img_06217_c0_1287504373936807us.jpg 0.460479 0.500039 0.524493 -0.512667 82.976147 -1117.500506 33.861463
slice24/query/img_06218_c0_1287504374070158us.jpg 0.459752 0.499495 0.523002 -0.515366 81.217284 -1116.008554 33.745614
slice24/query/img_06219_c0_1287504374136768us.jpg 0.460129 0.498759 0.522258 -0.516495 80.337541 -1115.267856 33.687164
slice24/query/img_06220_c0_1287504374271340us.jpg 0.460823 0.496447 0.522927 -0.517427 78.579136 -1113.798615 33.566893
slice24/query/img_06221_c0_1287504374336753us.jpg 0.460262 0.495603 0.524394 -0.517250 77.694151 -1113.068346 33.510144
slice24/query/img_06222_c0_1287504374403474us.jpg 0.458832 0.495740 0.525848 -0.516913 76.805768 -1112.340147 33.458211
slice24/query/img_06223_c0_1287504374536721us.jpg 0.457164 0.494878 0.528154 -0.516865 75.036523 -1110.902896 33.346398
slice24/query/img_06224_c0_1287504374603436us.jpg 0.456767 0.493784 0.529419 -0.516969 74.161026 -1110.189976 33.291048
slice24/query/img_06225_c0_1287504374736664us.jpg 0.454448 0.493370 0.531949 -0.516810 72.383237 -1108.754094 33.181971
slice24/query/img_06226_c0_1287504374803400us.jpg 0.453002 0.493321 0.532783 -0.517268 71.491861 -1108.039393 33.125375
slice24/query/img_06227_c0_1287504374870014us.jpg 0.451921 0.492819 0.533357 -0.518101 70.601861 -1107.331623 33.068282
slice24/query/img_06228_c0_1287504375003364us.jpg 0.449909 0.490374 0.534524 -0.520960 68.819788 -1105.921150 32.946917
slice24/query/img_06229_c0_1287504375069977us.jpg 0.449090 0.488400 0.535467 -0.522551 67.929316 -1105.219331 32.882805
slice24/query/img_06230_c0_1287504375203327us.jpg 0.447807 0.484830 0.536864 -0.525534 66.122896 -1103.827658 32.762267
slice24/query/img_06231_c0_1287504375269941us.jpg 0.445615 0.484731 0.537158 -0.527186 65.214527 -1103.136561 32.710710
slice24/query/img_06232_c0_1287504375403289us.jpg 0.441612 0.481569 0.539756 -0.530786 63.400623 -1101.784230 32.597572
slice24/query/img_06233_c0_1287504375469903us.jpg 0.440419 0.479040 0.541454 -0.532334 62.497223 -1101.117235 32.538843
slice24/query/img_06234_c0_1287504375603346us.jpg 0.437942 0.474840 0.544901 -0.534618 60.666225 -1099.804703 32.425730
slice24/query/img_06235_c0_1287504375669865us.jpg 0.436258 0.473216 0.547104 -0.535185 59.743599 -1099.158877 32.371564
slice24/query/img_06236_c0_1287504375736481us.jpg 0.434789 0.471177 0.549847 -0.535368 58.818144 -1098.521716 32.314056
slice24/query/img_06237_c0_1287504375869832us.jpg 0.430826 0.467648 0.555238 -0.536103 56.958337 -1097.267881 32.201183
slice24/query/img_06238_c0_1287504375936446us.jpg 0.428391 0.465951 0.557466 -0.537218 56.027630 -1096.646502 32.145871
slice24/query/img_06239_c0_1287504376069818us.jpg 0.423202 0.463245 0.560647 -0.540351 54.158098 -1095.418275 32.031196
slice24/query/img_06240_c0_1287504376136408us.jpg 0.420307 0.462541 0.561866 -0.541944 53.213989 -1094.816897 31.971042
slice24/query/img_06241_c0_1287504376269783us.jpg 0.417432 0.458816 0.563212 -0.545922 51.327845 -1093.632573 31.847021
slice24/query/img_06242_c0_1287504376336372us.jpg 0.416668 0.456060 0.563649 -0.548359 50.376893 -1093.046692 31.780944
slice24/query/img_06243_c0_1287504376403112us.jpg 0.415646 0.453099 0.564107 -0.551111 49.422644 -1092.464441 31.718187
slice24/query/img_06244_c0_1287504376536358us.jpg 0.412476 0.448893 0.564884 -0.556116 47.509649 -1091.323042 31.607529
slice24/query/img_06245_c0_1287504376603077us.jpg 0.410073 0.447837 0.565497 -0.558118 46.538840 -1090.762429 31.556690
slice24/query/img_06246_c0_1287504376736303us.jpg 0.405199 0.445713 0.568862 -0.559955 44.581962 -1089.666692 31.445462
slice24/query/img_06247_c0_1287504376803040us.jpg 0.403104 0.444237 0.571098 -0.560364 43.600915 -1089.131360 31.386188
slice24/query/img_06248_c0_1287504376936268us.jpg 0.399966 0.440238 0.575019 -0.561757 41.622241 -1088.074440 31.258930
slice24/query/img_06249_c0_1287504377003003us.jpg 0.398544 0.437833 0.576533 -0.563094 40.632589 -1087.554360 31.192400
slice24/query/img_06250_c0_1287504377069616us.jpg 0.397052 0.435595 0.577694 -0.564692 39.643243 -1087.040602 31.129743
slice24/query/img_06251_c0_1287504377202967us.jpg 0.393799 0.431199 0.579810 -0.568163 37.651335 -1086.031478 31.009931
slice24/query/img_06252_c0_1287504377269581us.jpg 0.391817 0.429281 0.581066 -0.569701 36.646730 -1085.536304 30.951139
slice24/query/img_06253_c0_1287504377402953us.jpg 0.387895 0.425392 0.583941 -0.572356 34.634069 -1084.564408 30.838776
slice24/query/img_06254_c0_1287504377469543us.jpg 0.386285 0.423143 0.585312 -0.573710 33.621069 -1084.090960 30.779664
slice24/query/img_06255_c0_1287504377602898us.jpg 0.382801 0.418439 0.587777 -0.576967 31.584066 -1083.158512 30.665831
slice24/query/img_06256_c0_1287504377669506us.jpg 0.380690 0.416361 0.588868 -0.578751 30.563810 -1082.702187 30.611900
slice24/query/img_06257_c0_1287504377802860us.jpg 0.375466 0.413063 0.591245 -0.582095 28.513298 -1081.816887 30.505283
slice24/query/img_06258_c0_1287504377869471us.jpg 0.373279 0.410750 0.592471 -0.583889 27.482892 -1081.383908 30.449553
slice24/query/img_06259_c0_1287504377936083us.jpg 0.371636 0.407888 0.593669 -0.585723 26.451467 -1080.960688 30.391456
slice24/query/img_06260_c0_1287504378069434us.jpg 0.369038 0.401428 0.596344 -0.589101 24.369680 -1080.134565 30.273456
slice24/query/img_06261_c0_1287504378136047us.jpg 0.367449 0.398461 0.598003 -0.590425 23.329349 -1079.735321 30.219717
slice24/query/img_06262_c0_1287504378269424us.jpg 0.362837 0.394296 0.601621 -0.592395 21.232683 -1078.961517 30.122254
slice24/query/img_06263_c0_1287504378402748us.jpg 0.358677 0.389957 0.604732 -0.594629 19.124569 -1078.221309 30.024188
slice24/query/img_06264_c0_1287504378469365us.jpg 0.356823 0.387480 0.605851 -0.596222 18.068470 -1077.862886 29.974365
slice24/query/img_06265_c0_1287504378602736us.jpg 0.352829 0.382525 0.607783 -0.599822 15.946481 -1077.157969 29.882086
slice24/query/img_06266_c0_1287504378669328us.jpg 0.350729 0.380006 0.609025 -0.601393 14.884006 -1076.821228 29.838272
slice24/query/img_06267_c0_1287504378802680us.jpg 0.346946 0.374769 0.611722 -0.604130 12.753785 -1076.175123 29.748076
slice24/query/img_06268_c0_1287504378869292us.jpg 0.345009 0.372516 0.613693 -0.604634 11.681187 -1075.866592 29.706205
slice24/query/img_06269_c0_1287504379002643us.jpg 0.341517 0.367542 0.617718 -0.605560 9.525773 -1075.269085 29.620980
slice24/query/img_06270_c0_1287504379069257us.jpg 0.340061 0.364436 0.619618 -0.606315 8.445994 -1074.983100 29.577606
slice24/query/img_06271_c0_1287504379135868us.jpg 0.338632 0.361526 0.621225 -0.607212 7.365333 -1074.706843 29.536972
slice24/query/img_06272_c0_1287504379269219us.jpg 0.335772 0.356317 0.623150 -0.609901 5.197945 -1074.170993 29.458788
slice24/query/img_06273_c0_1287504379335833us.jpg 0.334166 0.354398 0.624140 -0.610888 4.115065 -1073.912556 29.421625
slice24/query/img_06274_c0_1287504379469210us.jpg 0.331439 0.350806 0.626403 -0.612130 1.944953 -1073.416891 29.354829
slice24/query/img_06275_c0_1287504379535797us.jpg 0.330124 0.349222 0.627666 -0.612452 0.856288 -1073.180633 29.321382
slice24/query/img_06276_c0_1287504379669170us.jpg 0.327784 0.346143 0.630225 -0.612829 -1.328668 -1072.723883 29.255978
slice24/query/img_06277_c0_1287504379735759us.jpg 0.327193 0.344014 0.631426 -0.613107 -2.414202 -1072.506498 29.223724
slice24/query/img_06278_c0_1287504379869134us.jpg 0.326437 0.339525 0.633174 -0.614208 -4.587978 -1072.079434 29.161864
slice24/query/img_06279_c0_1287504379935725us.jpg 0.325485 0.337848 0.633975 -0.614812 -5.674156 -1071.876360 29.135133
slice24/query/img_06280_c0_1287504380002465us.jpg 0.324207 0.336360 0.634815 -0.615437 -6.759133 -1071.673815 29.111601
slice24/query/img_06281_c0_1287504380202454us.jpg 0.316576 0.334428 0.636319 -0.618899 -10.001541 -1071.066556 29.047402
slice24/query/img_06282_c0_1287504380335653us.jpg 0.310912 0.330995 0.636264 -0.623654 -12.145128 -1070.706512 28.997067
slice24/query/img_06283_c0_1287504380402391us.jpg 0.308506 0.328957 0.636043 -0.626148 -13.229527 -1070.532286 28.963556
slice24/query/img_06284_c0_1287504380535612us.jpg 0.305551 0.324088 0.637041 -0.629113 -15.391633 -1070.217188 28.903745
slice24/query/img_06285_c0_1287504380668966us.jpg 0.301454 0.320287 0.640207 -0.629822 -17.560049 -1069.938900 28.842924
slice24/query/img_06286_c0_1287504380802316us.jpg 0.297432 0.315575 0.643064 -0.631201 -19.726457 -1069.691459 28.783098
slice24/query/img_06287_c0_1287504380868930us.jpg 0.295599 0.313454 0.644102 -0.632061 -20.810009 -1069.580074 28.753056
slice24/query/img_06288_c0_1287504381068896us.jpg 0.290433 0.307730 0.646968 -0.634337 -24.063391 -1069.262990 28.667951
slice24/query/img_06289_c0_1287504381202278us.jpg 0.285603 0.304637 0.648124 -0.636838 -26.238973 -1069.082978 28.610637
slice24/query/img_06290_c0_1287504381268879us.jpg 0.283377 0.302764 0.648587 -0.638253 -27.326696 -1069.001951 28.580186
slice24/query/img_06291_c0_1287504381402217us.jpg 0.279588 0.298430 0.649922 -0.640602 -29.498790 -1068.861740 28.515243
slice24/query/img_06292_c0_1287504381535462us.jpg 0.276509 0.293853 0.652605 -0.641327 -31.669891 -1068.758812 28.448162
slice24/query/img_06293_c0_1287504381669978us.jpg 0.273515 0.289000 0.655909 -0.641445 -33.846456 -1068.682273 28.383761
slice24/query/img_06294_c0_1287504381735398us.jpg 0.271451 0.287024 0.657153 -0.641936 -34.927650 -1068.651971 28.355476
slice24/query/img_06295_c0_1287504381868749us.jpg 0.266660 0.283313 0.658786 -0.643916 -37.095881 -1068.605845 28.301223
slice24/query/img_06296_c0_1287504381935364us.jpg 0.264266 0.281479 0.659322 -0.645157 -38.178233 -1068.593338 28.275417
slice24/query/img_06297_c0_1287504382068732us.jpg 0.259014 0.277552 0.659673 -0.648620 -40.349968 -1068.587329 28.220011
slice24/query/img_06298_c0_1287504382202063us.jpg 0.254008 0.273165 0.660377 -0.651738 -42.517054 -1068.614879 28.166633
slice24/query/img_06299_c0_1287504382335292us.jpg 0.248612 0.268194 0.662427 -0.653800 -44.676032 -1068.663101 28.108355
slice24/query/img_06300_c0_1287504382468663us.jpg 0.243828 0.262968 0.664702 -0.655413 -46.846448 -1068.758005 28.046871
slice24/query/img_06301_c0_1287504382535254us.jpg 0.241666 0.260208 0.665735 -0.656267 -47.926771 -1068.815689 28.017272
slice24/query/img_06302_c0_1287504382668628us.jpg 0.237074 0.254365 0.667976 -0.657953 -50.083348 -1068.953160 27.955916
slice24/query/img_06303_c0_1287504382735216us.jpg 0.234458 0.252013 0.669227 -0.658525 -51.155049 -1069.034559 27.925857
slice24/query/img_06304_c0_1287504382868593us.jpg 0.230286 0.248195 0.670122 -0.660533 -53.286012 -1069.219975 27.863080
slice24/query/img_06305_c0_1287504382935184us.jpg 0.228286 0.245523 0.670854 -0.661482 -54.351678 -1069.325428 27.827632
slice24/query/img_06306_c0_1287504383068535us.jpg 0.225032 0.240384 0.674389 -0.660890 -56.478810 -1069.550013 27.752214
slice24/query/img_06307_c0_1287504383135145us.jpg 0.223100 0.238725 0.677217 -0.659253 -57.548966 -1069.677496 27.712202
slice24/query/img_06308_c0_1287504383268512us.jpg 0.216719 0.239034 0.684449 -0.653778 -59.703931 -1069.987567 27.643455
slice24/query/img_06309_c0_1287504383335110us.jpg 0.215465 0.236628 0.686651 -0.652758 -60.778491 -1070.135938 27.594288
slice24/query/img_06310_c0_1287504383468495us.jpg 0.215914 0.227936 0.686712 -0.655631 -62.894983 -1070.443320 27.481570
slice24/query/img_06311_c0_1287504383535119us.jpg 0.215720 0.223683 0.685534 -0.658388 -63.959656 -1070.594610 27.434134
slice24/query/img_06312_c0_1287504383668428us.jpg 0.212368 0.218741 0.683248 -0.663494 -66.062434 -1070.906020 27.380810
