slice24/query/img_07891_c0_1288106935032684us.jpg 0.261192 0.325775 0.650797 -0.634123 193.773229 -1163.748206 42.639670
slice24/query/img_07892_c0_1288106935099395us.jpg 0.263236 0.326836 0.650265 -0.633278 192.729324 -1163.694963 42.539114
slice24/query/img_07893_c0_1288106935166007us.jpg 0.265571 0.327905 0.649436 -0.632601 191.690199 -1163.636206 42.439101
slice24/query/img_07894_c0_1288106935232618us.jpg 0.267890 0.329057 0.648840 -0.631635 190.657077 -1163.572916 42.341053
slice24/query/img_07895_c0_1288106935365994us.jpg 0.271673 0.332000 0.647757 -0.629588 188.577954 -1163.436421 42.144755
slice24/query/img_07896_c0_1288106935432576us.jpg 0.272920 0.334245 0.647055 -0.628582 187.538810 -1163.355544 42.052085
slice24/query/img_07897_c0_1288106935499311us.jpg 0.274210 0.336768 0.646242 -0.627508 186.500521 -1163.270246 41.960975
slice24/query/img_07898_c0_1288106935565921us.jpg 0.275868 0.339024 0.645186 -0.626654 185.462544 -1163.178997 41.865848
slice24/query/img_07899_c0_1288106935699270us.jpg 0.280630 0.342862 0.642892 -0.624807 183.372572 -1162.981534 41.666900
slice24/query/img_07900_c0_1288106935765902us.jpg 0.283237 0.344716 0.641577 -0.623961 182.325717 -1162.867976 41.567848
slice24/query/img_07901_c0_1288106935832488us.jpg 0.286041 0.346332 0.640250 -0.623149 181.279033 -1162.749637 41.470101
slice24/query/img_07902_c0_1288106935899224us.jpg 0.288862 0.347900 0.638941 -0.622317 180.230327 -1162.622734 41.376797
slice24/query/img_07903_c0_1288106936032445us.jpg 0.294308 0.351914 0.636108 -0.620408 178.115085 -1162.342681 41.196454
slice24/query/img_07904_c0_1288106936099180us.jpg 0.296586 0.354223 0.634941 -0.619203 177.045330 -1162.183822 41.111492
slice24/query/img_07905_c0_1288106936165791us.jpg 0.298920 0.356962 0.633413 -0.618072 175.971921 -1162.012991 41.028917
slice24/query/img_07906_c0_1288106936299178us.jpg 0.304119 0.361844 0.630193 -0.615985 173.754298 -1161.644636 40.841243
slice24/query/img_07907_c0_1288106936365749us.jpg 0.306321 0.364511 0.628755 -0.614790 172.634502 -1161.445781 40.746386
slice24/query/img_07908_c0_1288106936432359us.jpg 0.308704 0.367139 0.627354 -0.613464 171.516592 -1161.238649 40.650858
slice24/query/img_07909_c0_1288106936499094us.jpg 0.311361 0.369386 0.626114 -0.612037 170.402659 -1161.024067 40.555718
slice24/query/img_07910_c0_1288106936632338us.jpg 0.317602 0.373599 0.623327 -0.609111 168.160635 -1160.560396 40.363051
slice24/query/img_07911_c0_1288106936699051us.jpg 0.320596 0.375678 0.621696 -0.607930 167.040742 -1160.313343 40.267115
slice24/query/img_07912_c0_1288106936765661us.jpg 0.323385 0.377634 0.620128 -0.606841 165.927912 -1160.055976 40.174428
slice24/query/img_07913_c0_1288106936899014us.jpg 0.327900 0.382585 0.616820 -0.604684 163.686293 -1159.514584 39.986172
slice24/query/img_07914_c0_1288106936965618us.jpg 0.330135 0.384875 0.615170 -0.603695 162.571853 -1159.225734 39.897996
slice24/query/img_07915_c0_1288106937032228us.jpg 0.332296 0.386677 0.613763 -0.602789 161.458441 -1158.931005 39.809312
slice24/query/img_07916_c0_1288106937165576us.jpg 0.337195 0.389957 0.611344 -0.600410 159.235852 -1158.322394 39.629337
slice24/query/img_07917_c0_1288106937232184us.jpg 0.339331 0.391638 0.610564 -0.598904 158.124382 -1158.009352 39.540875
slice24/query/img_07918_c0_1288106937298921us.jpg 0.341268 0.393316 0.610308 -0.596960 157.018718 -1157.689210 39.454330
slice24/query/img_07919_c0_1288106937365532us.jpg 0.343084 0.395115 0.610109 -0.594933 155.914568 -1157.359981 39.370016
slice24/query/img_07920_c0_1288106937498880us.jpg 0.346691 0.398972 0.609276 -0.591109 153.689321 -1156.682339 39.189825
slice24/query/img_07921_c0_1288106937632102us.jpg 0.350279 0.402489 0.607888 -0.588030 151.440499 -1155.965034 39.005285
slice24/query/img_07922_c0_1288106937698835us.jpg 0.352139 0.403969 0.607046 -0.586773 150.322830 -1155.596131 38.910766
slice24/query/img_07923_c0_1288106937765445us.jpg 0.353812 0.405780 0.606124 -0.585469 149.208743 -1155.221127 38.820329
slice24/query/img_07924_c0_1288106937832054us.jpg 0.355197 0.407815 0.605160 -0.584212 148.099064 -1154.838796 38.731759
slice24/query/img_07925_c0_1288106937965402us.jpg 0.358303 0.411854 0.602698 -0.582022 145.877997 -1154.053140 38.551504
slice24/query/img_07926_c0_1288106938032013us.jpg 0.360038 0.413715 0.601160 -0.581222 144.772203 -1153.649813 38.461138
slice24/query/img_07927_c0_1288106938098749us.jpg 0.361731 0.415591 0.599513 -0.580534 143.678326 -1153.240585 38.373816
slice24/query/img_07928_c0_1288106938232002us.jpg 0.365097 0.418911 0.596273 -0.579375 141.482602 -1152.393132 38.202496
slice24/query/img_07929_c0_1288106938298705us.jpg 0.367060 0.420415 0.594452 -0.578918 140.390010 -1151.960763 38.115621
slice24/query/img_07930_c0_1288106938365314us.jpg 0.368981 0.422025 0.592836 -0.578181 139.302731 -1151.522165 38.030251
slice24/query/img_07931_c0_1288106938498669us.jpg 0.372968 0.424756 0.590718 -0.575787 137.103445 -1150.627305 37.850606
slice24/query/img_07932_c0_1288106938565272us.jpg 0.374463 0.426676 0.589685 -0.574453 136.012298 -1150.171131 37.761718
slice24/query/img_07933_c0_1288106938698639us.jpg 0.377859 0.430163 0.587558 -0.571802 133.836974 -1149.235766 37.591411
slice24/query/img_07934_c0_1288106938765230us.jpg 0.379687 0.431684 0.586380 -0.570653 132.755013 -1148.759354 37.504736
slice24/query/img_07935_c0_1288106938831840us.jpg 0.382475 0.432698 0.584638 -0.569811 131.683235 -1148.282477 37.417973
slice24/query/img_07936_c0_1288106938965791us.jpg 0.388377 0.434278 0.580607 -0.568738 129.545908 -1147.296381 37.246437
slice24/query/img_07937_c0_1288106939031798us.jpg 0.389257 0.436646 0.579445 -0.567505 128.476964 -1146.792573 37.171149
slice24/query/img_07938_c0_1288106939098533us.jpg 0.389857 0.439280 0.578234 -0.566296 127.411900 -1146.278623 37.097662
slice24/query/img_07939_c0_1288106939165143us.jpg 0.390935 0.441954 0.576625 -0.565111 126.353753 -1145.761580 37.020297
slice24/query/img_07940_c0_1288106939298492us.jpg 0.394571 0.445198 0.574273 -0.562426 124.233047 -1144.697870 36.851559
slice24/query/img_07941_c0_1288106939365099us.jpg 0.396710 0.446279 0.573157 -0.561201 123.178131 -1144.166788 36.762617
slice24/query/img_07942_c0_1288106939498453us.jpg 0.400876 0.448405 0.570856 -0.558888 121.080472 -1143.083178 36.593484
slice24/query/img_07943_c0_1288106939565101us.jpg 0.402966 0.449473 0.569356 -0.558055 120.044240 -1142.528180 36.515932
slice24/query/img_07944_c0_1288106939631668us.jpg 0.404727 0.450618 0.567913 -0.557328 119.009687 -1141.975382 36.435239
slice24/query/img_07945_c0_1288106939765020us.jpg 0.407577 0.453737 0.565263 -0.555411 116.950456 -1140.854878 36.279731
slice24/query/img_07946_c0_1288106939831626us.jpg 0.409037 0.455399 0.563771 -0.554492 115.932624 -1140.282222 36.203606
slice24/query/img_07947_c0_1288106939898362us.jpg 0.410518 0.457157 0.562492 -0.553250 114.920369 -1139.704502 36.130499
slice24/query/img_07948_c0_1288106940031606us.jpg 0.413697 0.460126 0.560743 -0.550188 112.898918 -1138.530899 35.980208
slice24/query/img_07949_c0_1288106940098320us.jpg 0.415744 0.461297 0.560045 -0.548372 111.894696 -1137.935014 35.905898
slice24/query/img_07950_c0_1288106940164930us.jpg 0.417619 0.462569 0.559263 -0.546672 110.895560 -1137.330665 35.832106
slice24/query/img_07951_c0_1288106940231542us.jpg 0.419551 0.464155 0.558130 -0.545003 109.900830 -1136.724118 35.759095
slice24/query/img_07952_c0_1288106940364913us.jpg 0.423067 0.466991 0.556482 -0.541536 107.900350 -1135.469095 35.608473
slice24/query/img_07953_c0_1288106940431498us.jpg 0.424829 0.468543 0.555409 -0.539915 106.907089 -1134.845220 35.535059
slice24/query/img_07954_c0_1288106940498235us.jpg 0.426623 0.470030 0.554321 -0.538324 105.921451 -1134.214360 35.460931
slice24/query/img_07955_c0_1288106940631478us.jpg 0.430022 0.473742 0.551901 -0.534841 103.966064 -1132.945019 35.314003
slice24/query/img_07956_c0_1288106940698191us.jpg 0.431694 0.475641 0.550623 -0.533123 102.998003 -1132.302852 35.242890
slice24/query/img_07957_c0_1288106940764802us.jpg 0.433648 0.477117 0.549347 -0.531532 102.040284 -1131.654721 35.170005
slice24/query/img_07958_c0_1288106940831413us.jpg 0.435685 0.478597 0.548332 -0.529580 101.084065 -1131.003012 35.100184
slice24/query/img_07959_c0_1288106940964763us.jpg 0.439911 0.481869 0.545931 -0.525585 99.194897 -1129.690605 34.966692
slice24/query/img_07960_c0_1288106941031368us.jpg 0.441909 0.483695 0.544183 -0.524042 98.258420 -1129.025886 34.900887
slice24/query/img_07961_c0_1288106941164719us.jpg 0.446398 0.485965 0.540817 -0.521617 96.364220 -1127.634903 34.748973
slice24/query/img_07962_c0_1288106941231328us.jpg 0.448827 0.486960 0.539133 -0.520346 95.428136 -1126.941280 34.680695
slice24/query/img_07963_c0_1288106941298063us.jpg 0.450893 0.488244 0.537404 -0.519144 94.500260 -1126.240823 34.614193
slice24/query/img_07964_c0_1288106941364674us.jpg 0.452543 0.489826 0.535915 -0.517755 93.580118 -1125.535827 34.553855
slice24/query/img_07965_c0_1288106941498022us.jpg 0.455406 0.493123 0.533271 -0.514837 91.758709 -1124.106770 34.417037
slice24/query/img_07966_c0_1288106941564632us.jpg 0.456431 0.494789 0.532132 -0.513508 90.857990 -1123.390839 34.360418
slice24/query/img_07967_c0_1288106941631242us.jpg 0.456823 0.496502 0.530934 -0.512745 89.971793 -1122.674668 34.305784
slice24/query/img_07968_c0_1288106941764611us.jpg 0.456194 0.500425 0.528053 -0.512467 88.208175 -1121.231352 34.204201
slice24/query/img_07969_c0_1288106941831203us.jpg 0.455735 0.502038 0.526791 -0.512597 87.340270 -1120.512671 34.150759
slice24/query/img_07970_c0_1288106941897936us.jpg 0.455436 0.503264 0.525645 -0.512836 86.481407 -1119.796388 34.098843
slice24/query/img_07971_c0_1288106941964547us.jpg 0.455548 0.504065 0.524392 -0.513232 85.630601 -1119.078649 34.046021
slice24/query/img_07972_c0_1288106942097915us.jpg 0.457137 0.503942 0.522603 -0.513765 83.947715 -1117.659262 33.929948
slice24/query/img_07973_c0_1288106942164505us.jpg 0.457487 0.503265 0.523110 -0.513601 83.115676 -1116.960210 33.870320
slice24/query/img_07974_c0_1288106942231115us.jpg 0.457903 0.502603 0.523639 -0.513340 82.282870 -1116.265424 33.807899
slice24/query/img_07975_c0_1288106942364484us.jpg 0.460030 0.501058 0.523627 -0.512959 80.631769 -1114.884844 33.685077
slice24/query/img_07976_c0_1288106942431095us.jpg 0.461318 0.499805 0.524034 -0.512610 79.812712 -1114.201415 33.625740
slice24/query/img_07977_c0_1288106942497808us.jpg 0.462269 0.498777 0.524823 -0.511947 78.998437 -1113.523377 33.571312
slice24/query/img_07978_c0_1288106942564421us.jpg 0.462618 0.498203 0.525398 -0.511601 78.186449 -1112.847479 33.518596
slice24/query/img_07979_c0_1288106942697779us.jpg 0.460896 0.498325 0.525882 -0.512538 76.563761 -1111.482509 33.427164
slice24/query/img_07980_c0_1288106942764377us.jpg 0.460268 0.497871 0.525744 -0.513684 75.760858 -1110.806684 33.379294
slice24/query/img_07981_c0_1288106942830994us.jpg 0.459855 0.496838 0.525472 -0.515330 74.963984 -1110.136454 33.332730
slice24/query/img_07982_c0_1288106942964356us.jpg 0.457543 0.494916 0.525867 -0.518822 73.368863 -1108.814106 33.240442
slice24/query/img_07983_c0_1288106943030965us.jpg 0.455153 0.494136 0.526572 -0.520948 72.566260 -1108.149436 33.192076
slice24/query/img_07984_c0_1288106943097681us.jpg 0.452497 0.493350 0.527666 -0.522897 71.763165 -1107.490797 33.143255
slice24/query/img_07985_c0_1288106943164289us.jpg 0.450111 0.492365 0.528702 -0.524834 70.964344 -1106.845358 33.090676
slice24/query/img_07986_c0_1288106943297661us.jpg 0.447134 0.488602 0.531130 -0.528433 69.337458 -1105.570014 32.976667
slice24/query/img_07987_c0_1288106943364248us.jpg 0.446535 0.485772 0.532978 -0.529686 68.523860 -1104.948258 32.916006
slice24/query/img_07988_c0_1288106943497621us.jpg 0.445214 0.480490 0.536925 -0.531625 66.890397 -1103.723306 32.797383
slice24/query/img_07989_c0_1288106943564206us.jpg 0.443053 0.479512 0.538828 -0.532388 66.062849 -1103.117441 32.746436
slice24/query/img_07990_c0_1288106943630818us.jpg 0.440313 0.478946 0.540624 -0.533349 65.230202 -1102.511872 32.697575
slice24/query/img_07991_c0_1288106943764186us.jpg 0.438159 0.473711 0.545390 -0.534944 63.563692 -1101.329745 32.580868
slice24/query/img_07992_c0_1288106943830775us.jpg 0.437718 0.470438 0.548039 -0.535485 62.719856 -1100.745145 32.518987
slice24/query/img_07993_c0_1288106943897510us.jpg 0.436919 0.467718 0.550532 -0.535963 61.871565 -1100.168167 32.459938
slice24/query/img_07994_c0_1288106944030759us.jpg 0.433483 0.464968 0.555350 -0.536174 60.150476 -1099.022727 32.357178
slice24/query/img_07995_c0_1288106944097468us.jpg 0.431649 0.463721 0.557632 -0.536366 59.289368 -1098.457962 32.307485
slice24/query/img_07996_c0_1288106944164079us.jpg 0.430034 0.462321 0.559366 -0.537066 58.423754 -1097.895380 32.255530
slice24/query/img_07997_c0_1288106944298210us.jpg 0.425805 0.460345 0.562096 -0.539279 56.699957 -1096.782480 32.157459
slice24/query/img_07998_c0_1288106944364058us.jpg 0.423949 0.459032 0.563209 -0.540696 55.832252 -1096.232657 32.105263
slice24/query/img_07999_c0_1288106944430649us.jpg 0.422127 0.458122 0.564037 -0.542029 54.960986 -1095.687244 32.050885
slice24/query/img_08000_c0_1288106944564019us.jpg 0.417569 0.457192 0.566701 -0.543564 53.206591 -1094.612087 31.946301
slice24/query/img_08001_c0_1288106944630629us.jpg 0.416296 0.456201 0.567556 -0.544480 52.329552 -1094.081698 31.887210
slice24/query/img_08002_c0_1288106944697343us.jpg 0.415927 0.454608 0.567722 -0.545919 51.456850 -1093.557418 31.827675
slice24/query/img_08003_c0_1288106944830565us.jpg 0.415193 0.450332 0.568124 -0.549591 49.690362 -1092.509052 31.710233
slice24/query/img_08004_c0_1288106944897301us.jpg 0.414479 0.448172 0.567788 -0.552237 48.799968 -1091.984760 31.654838
slice24/query/img_08005_c0_1288106944963912us.jpg 0.412965 0.447083 0.567228 -0.554824 47.907873 -1091.463028 31.605085
slice24/query/img_08006_c0_1288106945097283us.jpg 0.408478 0.445455 0.567625 -0.559032 46.107598 -1090.433551 31.510021
slice24/query/img_08007_c0_1288106945163871us.jpg 0.406066 0.444362 0.569150 -0.560109 45.198886 -1089.929546 31.459111
slice24/query/img_08008_c0_1288106945230478us.jpg 0.404019 0.442999 0.571078 -0.560706 44.287869 -1089.434976 31.404208
slice24/query/img_08009_c0_1288106945363851us.jpg 0.400749 0.439447 0.575004 -0.561833 42.458041 -1088.460853 31.288733
slice24/query/img_08010_c0_1288106945430439us.jpg 0.399692 0.437174 0.576540 -0.562785 41.538341 -1087.981011 31.228195
slice24/query/img_08011_c0_1288106945497173us.jpg 0.398226 0.434933 0.578004 -0.564057 40.614725 -1087.504587 31.167518
slice24/query/img_08012_c0_1288106945563785us.jpg 0.396664 0.432837 0.579220 -0.565522 39.690207 -1087.034712 31.109261
slice24/query/img_08013_c0_1288106945697154us.jpg 0.393306 0.429027 0.581212 -0.568717 37.840670 -1086.111790 31.002235
slice24/query/img_08014_c0_1288106945763750us.jpg 0.391402 0.427145 0.582464 -0.570164 36.908938 -1085.657296 30.948908
slice24/query/img_08015_c0_1288106945830355us.jpg 0.389439 0.425481 0.583777 -0.571408 35.979141 -1085.211182 30.897695
slice24/query/img_08016_c0_1288106945963728us.jpg 0.386561 0.421644 0.586403 -0.573514 34.096133 -1084.335257 30.792342
slice24/query/img_08017_c0_1288106946030312us.jpg 0.385126 0.419469 0.587716 -0.574729 33.149187 -1083.903451 30.738900
slice24/query/img_08018_c0_1288106946097048us.jpg 0.383885 0.417417 0.588705 -0.576040 32.202204 -1083.479314 30.686456
slice24/query/img_08019_c0_1288106946230273us.jpg 0.380545 0.413676 0.590780 -0.578824 30.290342 -1082.636165 30.582709
slice24/query/img_08020_c0_1288106946297027us.jpg 0.378222 0.412359 0.592012 -0.580026 29.330869 -1082.224325 30.533782
slice24/query/img_08021_c0_1288106946363616us.jpg 0.375999 0.411209 0.593112 -0.581163 28.371732 -1081.819342 30.484999
slice24/query/img_08022_c0_1288106946430229us.jpg 0.374500 0.409320 0.594274 -0.582276 27.412235 -1081.422955 30.433042
slice24/query/img_08023_c0_1288106946563578us.jpg 0.372722 0.404443 0.596541 -0.584502 25.479657 -1080.647129 30.322930
slice24/query/img_08024_c0_1288106946630186us.jpg 0.371994 0.401898 0.597700 -0.585536 24.507870 -1080.266577 30.268770
slice24/query/img_08025_c0_1288106946696923us.jpg 0.370955 0.399555 0.598862 -0.586611 23.534107 -1079.890648 30.217491
slice24/query/img_08026_c0_1288106946830146us.jpg 0.367233 0.396408 0.601392 -0.588497 21.588290 -1079.157663 30.128618
slice24/query/img_08027_c0_1288106946896881us.jpg 0.365167 0.394815 0.602595 -0.589621 20.610695 -1078.799926 30.085156
slice24/query/img_08028_c0_1288106946963492us.jpg 0.363534 0.393049 0.603499 -0.590884 19.631963 -1078.448473 30.039789
slice24/query/img_08029_c0_1288106947096862us.jpg 0.361209 0.388536 0.605458 -0.593286 17.660820 -1077.760606 29.948771
slice24/query/img_08030_c0_1288106947163450us.jpg 0.359666 0.386272 0.606336 -0.594803 16.673588 -1077.423142 29.903725
slice24/query/img_08031_c0_1288106947230061us.jpg 0.357981 0.384321 0.607259 -0.596141 15.684394 -1077.091909 29.860911
slice24/query/img_08032_c0_1288106947296797us.jpg 0.356359 0.382075 0.608457 -0.597333 14.695489 -1076.768442 29.819326
slice24/query/img_08033_c0_1288106947430042us.jpg 0.353811 0.377267 0.611088 -0.599216 12.702233 -1076.145798 29.736979
slice24/query/img_08034_c0_1288106947496755us.jpg 0.352271 0.375238 0.612609 -0.599843 11.695940 -1075.840753 29.697199
slice24/query/img_08035_c0_1288106947563364us.jpg 0.350616 0.373176 0.614410 -0.600257 10.690559 -1075.545653 29.658682
slice24/query/img_08036_c0_1288106947696741us.jpg 0.348025 0.368249 0.617803 -0.601324 8.679190 -1074.970857 29.581099
slice24/query/img_08037_c0_1288106947763325us.jpg 0.346759 0.365520 0.619184 -0.602299 7.665221 -1074.687371 29.541781
slice24/query/img_08038_c0_1288106947829934us.jpg 0.345425 0.362970 0.620107 -0.603657 6.651632 -1074.409814 29.505215
slice24/query/img_08039_c0_1288106947963306us.jpg 0.342410 0.358617 0.621612 -0.606422 4.631363 -1073.873870 29.437165
slice24/query/img_08040_c0_1288106948029891us.jpg 0.340303 0.356781 0.622549 -0.607728 3.614802 -1073.613538 29.407780
slice24/query/img_08041_c0_1288106948096638us.jpg 0.338432 0.354863 0.623388 -0.609035 2.600006 -1073.360868 29.378521
slice24/query/img_08042_c0_1288106948163241us.jpg 0.336697 0.352464 0.624461 -0.610289 1.584866 -1073.114734 29.350054
slice24/query/img_08043_c0_1288106948296610us.jpg 0.333002 0.348502 0.626781 -0.612211 -0.448096 -1072.643421 29.290052
slice24/query/img_08044_c0_1288106948363199us.jpg 0.331403 0.346380 0.628143 -0.612886 -1.463383 -1072.420441 29.261565
slice24/query/img_08045_c0_1288106948496549us.jpg 0.329232 0.341080 0.630974 -0.614119 -3.495685 -1071.997258 29.202496
slice24/query/img_08046_c0_1288106948563158us.jpg 0.328233 0.338403 0.632082 -0.614995 -4.511214 -1071.795759 29.176572
slice24/query/img_08047_c0_1288106948629766us.jpg 0.326827 0.336258 0.633072 -0.615901 -5.531175 -1071.602045 29.150578
slice24/query/img_08048_c0_1288106948696508us.jpg 0.324806 0.334472 0.634169 -0.616814 -6.548764 -1071.412125 29.128809
slice24/query/img_08049_c0_1288106948829755us.jpg 0.319809 0.332303 0.636036 -0.618672 -8.598391 -1071.042593 29.085916
slice24/query/img_08050_c0_1288106948896462us.jpg 0.317047 0.331307 0.636833 -0.619807 -9.619975 -1070.866970 29.064922
slice24/query/img_08051_c0_1288106949029684us.jpg 0.312286 0.328250 0.637736 -0.622914 -11.678339 -1070.533009 29.008389
slice24/query/img_08052_c0_1288106949096420us.jpg 0.310472 0.326127 0.638119 -0.624542 -12.706170 -1070.373573 28.978489
slice24/query/img_08053_c0_1288106949229670us.jpg 0.307171 0.321680 0.638853 -0.627722 -14.758837 -1070.075943 28.910646
slice24/query/img_08054_c0_1288106949296380us.jpg 0.304965 0.319820 0.639523 -0.629064 -15.788335 -1069.935597 28.879160
slice24/query/img_08055_c0_1288106949429625us.jpg 0.300501 0.316148 0.641659 -0.630891 -17.849709 -1069.676790 28.820902
slice24/query/img_08056_c0_1288106949496337us.jpg 0.298715 0.314317 0.642710 -0.631584 -18.879536 -1069.558404 28.787901
slice24/query/img_08057_c0_1288106949629584us.jpg 0.295349 0.310639 0.645047 -0.632603 -20.935093 -1069.343246 28.733275
slice24/query/img_08058_c0_1288106949696297us.jpg 0.293445 0.308785 0.645927 -0.633499 -21.970568 -1069.242274 28.704207
slice24/query/img_08059_c0_1288106949762907us.jpg 0.291160 0.307157 0.646567 -0.634690 -23.005681 -1069.147629 28.676073
slice24/query/img_08060_c0_1288106949896256us.jpg 0.286699 0.303736 0.647913 -0.636991 -25.076335 -1068.976715 28.626729
slice24/query/img_08061_c0_1288106950096241us.jpg 0.280724 0.297032 0.650531 -0.640138 -28.200951 -1068.755649 28.550453
slice24/query/img_08062_c0_1288106950296202us.jpg 0.276046 0.289631 0.654712 -0.641299 -31.319015 -1068.610924 28.444368
slice24/query/img_08063_c0_1288106950362784us.jpg 0.274477 0.287022 0.656134 -0.641692 -32.363819 -1068.579694 28.414325
slice24/query/img_08064_c0_1288106950429396us.jpg 0.272714 0.284546 0.657446 -0.642203 -33.406536 -1068.555684 28.385255
slice24/query/img_08065_c0_1288106950562765us.jpg 0.267979 0.280711 0.659336 -0.643944 -35.494567 -1068.521864 28.330385
slice24/query/img_08066_c0_1288106950629354us.jpg 0.265408 0.279027 0.659850 -0.645214 -36.538363 -1068.512999 28.302635
slice24/query/img_08067_c0_1288106950696089us.jpg 0.262800 0.277340 0.660275 -0.646572 -37.579116 -1068.507872 28.272766
slice24/query/img_08068_c0_1288106950829315us.jpg 0.258610 0.273281 0.661502 -0.648732 -39.668973 -1068.523801 28.215902
slice24/query/img_08069_c0_1288106950896049us.jpg 0.256393 0.271312 0.661877 -0.650055 -40.714567 -1068.537447 28.183004
slice24/query/img_08070_c0_1288106950962661us.jpg 0.254376 0.269259 0.662224 -0.651346 -41.756104 -1068.560066 28.151074
slice24/query/img_08071_c0_1288106951096014us.jpg 0.249931 0.265344 0.663605 -0.653265 -43.835681 -1068.632978 28.094664
slice24/query/img_08072_c0_1288106951162619us.jpg 0.247609 0.263320 0.664574 -0.653983 -44.879076 -1068.674227 28.066441
slice24/query/img_08073_c0_1288106951229230us.jpg 0.245488 0.261193 0.665407 -0.654788 -45.918038 -1068.724749 28.039303
slice24/query/img_08074_c0_1288106951362602us.jpg 0.241974 0.256734 0.666925 -0.656313 -47.996370 -1068.850237 27.986007
slice24/query/img_08075_c0_1288106951429192us.jpg 0.240186 0.254385 0.667601 -0.657197 -49.038649 -1068.921622 27.955843
slice24/query/img_08076_c0_1288106951495926us.jpg 0.238198 0.251730 0.668773 -0.657751 -50.080004 -1069.000409 27.924930
slice24/query/img_08077_c0_1288106951562536us.jpg 0.236058 0.249568 0.669867 -0.658233 -51.119549 -1069.085905 27.895061
slice24/query/img_08078_c0_1288106951695883us.jpg 0.232075 0.246126 0.670273 -0.660528 -53.196677 -1069.273856 27.837541
slice24/query/img_08079_c0_1288106951762494us.jpg 0.229989 0.243581 0.670769 -0.661696 -54.233196 -1069.373169 27.804813
slice24/query/img_08080_c0_1288106951895866us.jpg 0.226044 0.238268 0.673856 -0.661855 -56.307628 -1069.593657 27.743652
slice24/query/img_08081_c0_1288106951962452us.jpg 0.223864 0.236974 0.676074 -0.660797 -57.350797 -1069.724408 27.710510
slice24/query/img_08082_c0_1288106952095802us.jpg 0.217204 0.236578 0.682902 -0.656124 -59.444523 -1070.011967 27.647489
slice24/query/img_08083_c0_1288106952162413us.jpg 0.215445 0.234496 0.685384 -0.654862 -60.482099 -1070.159655 27.603265
slice24/query/img_08084_c0_1288106952229023us.jpg 0.215513 0.230602 0.686479 -0.655076 -61.514006 -1070.310815 27.547521
slice24/query/img_08085_c0_1288106952295758us.jpg 0.216124 0.225482 0.686750 -0.656371 -62.539253 -1070.464322 27.492783
slice24/query/img_08086_c0_1288106952429011us.jpg 0.215473 0.217813 0.685027 -0.660959 -64.603486 -1070.777985 27.411273
slice24/query/img_08087_c0_1288106952495716us.jpg 0.213826 0.215563 0.684215 -0.663070 -65.633131 -1070.944144 27.387402
