slice24/query/img_08696_c0_1288793088978222us.jpg 0.263444 0.328207 0.648372 -0.634422 193.229592 -1163.855129 42.593747
slice24/query/img_08697_c0_1288793089044837us.jpg 0.267048 0.328984 0.647703 -0.633195 192.287333 -1163.824002 42.482111
slice24/query/img_08698_c0_1288793089178187us.jpg 0.272038 0.331613 0.646244 -0.631186 190.407702 -1163.715046 42.309392
slice24/query/img_08699_c0_1288793089244820us.jpg 0.274173 0.333064 0.645490 -0.630270 189.467961 -1163.651943 42.222960
slice24/query/img_08700_c0_1288793089378150us.jpg 0.277029 0.337322 0.643485 -0.628805 187.583112 -1163.499936 42.054570
slice24/query/img_08701_c0_1288793089444762us.jpg 0.278181 0.339862 0.642154 -0.628289 186.637414 -1163.409796 41.972218
slice24/query/img_08702_c0_1288793089511376us.jpg 0.279594 0.342102 0.640935 -0.627691 185.698970 -1163.312711 41.888847
slice24/query/img_08703_c0_1288793089644729us.jpg 0.284042 0.345125 0.638830 -0.626183 183.795805 -1163.123268 41.706096
slice24/query/img_08704_c0_1288793089711338us.jpg 0.286659 0.346512 0.637755 -0.625320 182.844339 -1163.021718 41.612976
slice24/query/img_08705_c0_1288793089845068us.jpg 0.291780 0.348987 0.635850 -0.623512 180.907647 -1162.774469 41.432023
slice24/query/img_08706_c0_1288793089911303us.jpg 0.294245 0.350346 0.634939 -0.622519 179.940481 -1162.639552 41.353417
slice24/query/img_08707_c0_1288793089978040us.jpg 0.296398 0.352120 0.633797 -0.621659 178.972187 -1162.496668 41.276900
slice24/query/img_08708_c0_1288793090044654us.jpg 0.298273 0.354294 0.632629 -0.620717 178.007353 -1162.347860 41.201090
slice24/query/img_08709_c0_1288793090178007us.jpg 0.302295 0.358894 0.629876 -0.618926 176.041630 -1162.041616 41.049770
slice24/query/img_08710_c0_1288793090244618us.jpg 0.304357 0.361059 0.628336 -0.618221 175.061465 -1161.867851 40.965757
slice24/query/img_08711_c0_1288793090311230us.jpg 0.306336 0.363247 0.626767 -0.617555 174.080113 -1161.694536 40.884414
slice24/query/img_08712_c0_1288793090444607us.jpg 0.309901 0.367835 0.624076 -0.615783 172.093378 -1161.321372 40.715401
slice24/query/img_08713_c0_1288793090511194us.jpg 0.311646 0.370027 0.622613 -0.615069 171.102074 -1161.124536 40.628322
slice24/query/img_08714_c0_1288793090577932us.jpg 0.313766 0.371918 0.621155 -0.614325 170.110430 -1160.921324 40.544109
slice24/query/img_08715_c0_1288793090644546us.jpg 0.316013 0.373858 0.619680 -0.613483 169.121396 -1160.716006 40.458805
slice24/query/img_08716_c0_1288793090777905us.jpg 0.320587 0.376480 0.617240 -0.611965 167.097804 -1160.263567 40.267370
slice24/query/img_08717_c0_1288793090911131us.jpg 0.324575 0.379300 0.614980 -0.610395 165.083345 -1159.789922 40.098876
slice24/query/img_08718_c0_1288793090977867us.jpg 0.326071 0.381191 0.613700 -0.609708 164.083342 -1159.545192 40.018598
slice24/query/img_08719_c0_1288793091111073us.jpg 0.329633 0.384038 0.611470 -0.608244 162.080142 -1159.041356 39.861817
slice24/query/img_08720_c0_1288793091177809us.jpg 0.331640 0.385045 0.610578 -0.607412 161.077317 -1158.782269 39.779973
slice24/query/img_08721_c0_1288793091244422us.jpg 0.333516 0.386183 0.609883 -0.606360 160.083361 -1158.517718 39.701652
slice24/query/img_08722_c0_1288793091311035us.jpg 0.335007 0.387673 0.609366 -0.605105 159.091027 -1158.246834 39.626622
slice24/query/img_08723_c0_1288793091444414us.jpg 0.337967 0.390577 0.609033 -0.601919 157.099368 -1157.705885 39.472628
slice24/query/img_08724_c0_1288793091510999us.jpg 0.339255 0.392133 0.608985 -0.600230 156.110804 -1157.421130 39.399196
slice24/query/img_08725_c0_1288793091577738us.jpg 0.340505 0.393833 0.608698 -0.598697 155.126856 -1157.135417 39.324566
slice24/query/img_08726_c0_1288793091711017us.jpg 0.343141 0.396775 0.607640 -0.596320 153.144912 -1156.539133 39.169678
slice24/query/img_08727_c0_1288793091777714us.jpg 0.344418 0.398114 0.606951 -0.595393 152.158017 -1156.230795 39.091651
slice24/query/img_08728_c0_1288793091844313us.jpg 0.345940 0.399340 0.606103 -0.594552 151.171193 -1155.920412 39.012578
slice24/query/img_08729_c0_1288793091910925us.jpg 0.347419 0.400647 0.605268 -0.593660 150.183115 -1155.609779 38.931776
slice24/query/img_08730_c0_1288793092044278us.jpg 0.350474 0.403482 0.603683 -0.591555 148.199674 -1154.965820 38.768415
slice24/query/img_08731_c0_1288793092110890us.jpg 0.352034 0.404925 0.602955 -0.590383 147.211813 -1154.634718 38.688387
slice24/query/img_08732_c0_1288793092177628us.jpg 0.353572 0.406481 0.601992 -0.589378 146.232108 -1154.303321 38.608626
slice24/query/img_08733_c0_1288793092244240us.jpg 0.355149 0.407928 0.600766 -0.588679 145.248647 -1153.960977 38.527592
slice24/query/img_08734_c0_1288793092377612us.jpg 0.358484 0.410813 0.598296 -0.587165 143.290725 -1153.265819 38.378050
slice24/query/img_08735_c0_1288793092444203us.jpg 0.359964 0.412546 0.596731 -0.586638 142.311437 -1152.907914 38.303710
slice24/query/img_08736_c0_1288793092510815us.jpg 0.361661 0.414205 0.595055 -0.586127 141.338455 -1152.547389 38.228118
slice24/query/img_08737_c0_1288793092644188us.jpg 0.365228 0.417065 0.592437 -0.584537 139.388408 -1151.814750 38.071572
slice24/query/img_08738_c0_1288793092710779us.jpg 0.367089 0.418367 0.591544 -0.583345 138.416488 -1151.437305 37.996879
slice24/query/img_08739_c0_1288793092777517us.jpg 0.369209 0.419657 0.590665 -0.581968 137.452380 -1151.059805 37.919777
slice24/query/img_08740_c0_1288793092910743us.jpg 0.372801 0.423095 0.589042 -0.578826 135.523991 -1150.291492 37.769467
slice24/query/img_08741_c0_1288793092977502us.jpg 0.374474 0.425090 0.587764 -0.577583 134.560448 -1149.896052 37.695213
slice24/query/img_08742_c0_1288793093044094us.jpg 0.376056 0.426837 0.586617 -0.576431 133.606409 -1149.493823 37.619159
slice24/query/img_08743_c0_1288793093110706us.jpg 0.377817 0.428374 0.585238 -0.575540 132.655718 -1149.087946 37.541126
slice24/query/img_08744_c0_1288793093244080us.jpg 0.384301 0.429661 0.580619 -0.574966 130.764261 -1148.264000 37.386810
slice24/query/img_08745_c0_1288793093310669us.jpg 0.386903 0.430394 0.579158 -0.574146 129.827871 -1147.835081 37.316267
slice24/query/img_08746_c0_1288793093377413us.jpg 0.387685 0.432429 0.578610 -0.572639 128.890811 -1147.399730 37.248350
slice24/query/img_08747_c0_1288793093510655us.jpg 0.389096 0.438081 0.576579 -0.569426 127.002270 -1146.510503 37.092307
slice24/query/img_08748_c0_1288793093577372us.jpg 0.390749 0.440201 0.575355 -0.567895 126.057655 -1146.059876 37.011110
slice24/query/img_08749_c0_1288793093710596us.jpg 0.395086 0.443202 0.573256 -0.564674 124.178510 -1145.155883 36.842911
slice24/query/img_08750_c0_1288793093777334us.jpg 0.397591 0.444330 0.571885 -0.563417 123.249219 -1144.690418 36.766868
slice24/query/img_08751_c0_1288793093843948us.jpg 0.399973 0.445464 0.570316 -0.562426 122.329153 -1144.222739 36.689334
slice24/query/img_08752_c0_1288793093977299us.jpg 0.404432 0.447859 0.567058 -0.560627 120.497934 -1143.255828 36.546889
slice24/query/img_08753_c0_1288793094043911us.jpg 0.406805 0.449054 0.565261 -0.559768 119.587145 -1142.770540 36.474421
slice24/query/img_08754_c0_1288793094110524us.jpg 0.408161 0.450748 0.563889 -0.558802 118.679964 -1142.272389 36.404093
slice24/query/img_08755_c0_1288793094177262us.jpg 0.409449 0.452741 0.562667 -0.557478 117.783331 -1141.773697 36.340502
slice24/query/img_08756_c0_1288793094310511us.jpg 0.413105 0.456132 0.560168 -0.554527 115.978917 -1140.770366 36.201246
slice24/query/img_08757_c0_1288793094377225us.jpg 0.414948 0.457810 0.558777 -0.553170 115.093521 -1140.256042 36.137252
slice24/query/img_08758_c0_1288793094443838us.jpg 0.416357 0.459673 0.557600 -0.551752 114.211918 -1139.739641 36.076964
slice24/query/img_08759_c0_1288793094577214us.jpg 0.419754 0.462428 0.555567 -0.548919 112.449959 -1138.693148 35.940772
slice24/query/img_08760_c0_1288793094643799us.jpg 0.421630 0.463863 0.554075 -0.547777 111.573493 -1138.160329 35.872673
slice24/query/img_08761_c0_1288793094710411us.jpg 0.423479 0.465194 0.552419 -0.546894 110.703621 -1137.618921 35.807820
slice24/query/img_08762_c0_1288793094843766us.jpg 0.426797 0.468080 0.549914 -0.544371 108.969090 -1136.517405 35.684045
slice24/query/img_08763_c0_1288793094910376us.jpg 0.428190 0.469630 0.549046 -0.542816 108.110916 -1135.959571 35.623428
slice24/query/img_08764_c0_1288793094977113us.jpg 0.429612 0.471235 0.548165 -0.541189 107.258389 -1135.404965 35.557782
slice24/query/img_08765_c0_1288793095110341us.jpg 0.432632 0.474060 0.546202 -0.538294 105.556308 -1134.268865 35.429884
slice24/query/img_08766_c0_1288793095177097us.jpg 0.433940 0.475585 0.545295 -0.536813 104.709381 -1133.696134 35.367747
slice24/query/img_08767_c0_1288793095243689us.jpg 0.435164 0.477233 0.544272 -0.535396 103.861973 -1133.132414 35.305732
slice24/query/img_08768_c0_1288793095377186us.jpg 0.438586 0.479522 0.542305 -0.532548 102.182229 -1131.963515 35.179068
slice24/query/img_08769_c0_1288793095443682us.jpg 0.440563 0.480420 0.541360 -0.531065 101.342893 -1131.375720 35.113213
slice24/query/img_08770_c0_1288793095510266us.jpg 0.442327 0.481663 0.540217 -0.529634 100.507843 -1130.781316 35.046858
slice24/query/img_08771_c0_1288793095577005us.jpg 0.444001 0.482955 0.539128 -0.528165 99.671003 -1130.187205 34.987027
slice24/query/img_08772_c0_1288793095710252us.jpg 0.447260 0.485236 0.536947 -0.525541 98.007379 -1128.970207 34.861122
slice24/query/img_08773_c0_1288793095776968us.jpg 0.448970 0.486102 0.535654 -0.524600 97.182540 -1128.356009 34.797482
slice24/query/img_08774_c0_1288793095843581us.jpg 0.450746 0.486712 0.534390 -0.523800 96.361027 -1127.733990 34.735689
slice24/query/img_08775_c0_1288793095976957us.jpg 0.454284 0.488135 0.531948 -0.521902 94.724596 -1126.482796 34.617582
slice24/query/img_08776_c0_1288793096043544us.jpg 0.455398 0.489205 0.530886 -0.521010 93.910562 -1125.853725 34.566215
slice24/query/img_08777_c0_1288793096110157us.jpg 0.456377 0.490475 0.529735 -0.520130 93.100889 -1125.219068 34.508779
slice24/query/img_08778_c0_1288793096176895us.jpg 0.457592 0.491378 0.528937 -0.519021 92.294837 -1124.581524 34.451075
slice24/query/img_08779_c0_1288793096310141us.jpg 0.460005 0.492736 0.527663 -0.516893 90.682724 -1123.289692 34.339391
slice24/query/img_08780_c0_1288793096376858us.jpg 0.461058 0.493303 0.526987 -0.516103 89.876955 -1122.640558 34.285936
slice24/query/img_08781_c0_1288793096443471us.jpg 0.461798 0.494159 0.526044 -0.515585 89.073540 -1121.987550 34.232716
slice24/query/img_08782_c0_1288793096576843us.jpg 0.462582 0.495942 0.524536 -0.514705 87.459195 -1120.657082 34.127775
slice24/query/img_08783_c0_1288793096643435us.jpg 0.462771 0.496858 0.523836 -0.514365 86.655748 -1119.992538 34.074363
slice24/query/img_08784_c0_1288793096710048us.jpg 0.463147 0.497831 0.522798 -0.514142 85.856466 -1119.329241 34.021967
slice24/query/img_08785_c0_1288793096843421us.jpg 0.464439 0.498288 0.520318 -0.515048 84.268008 -1117.984036 33.913696
slice24/query/img_08786_c0_1288793096910032us.jpg 0.464143 0.498019 0.520252 -0.515641 83.474992 -1117.310118 33.859585
slice24/query/img_08787_c0_1288793096976749us.jpg 0.463697 0.497628 0.520568 -0.516101 82.681808 -1116.637514 33.807222
slice24/query/img_08788_c0_1288793097109970us.jpg 0.463157 0.497178 0.520320 -0.517268 81.092744 -1115.296831 33.704846
slice24/query/img_08789_c0_1288793097243343us.jpg 0.463968 0.495068 0.521363 -0.517515 79.497962 -1113.971418 33.591844
slice24/query/img_08790_c0_1288793097309938us.jpg 0.463874 0.493962 0.522749 -0.517257 78.695569 -1113.306268 33.539018
slice24/query/img_08791_c0_1288793097443291us.jpg 0.461770 0.492959 0.524908 -0.517911 77.106071 -1111.986808 33.446083
slice24/query/img_08792_c0_1288793097509920us.jpg 0.460188 0.492693 0.525514 -0.518956 76.306423 -1111.326932 33.403880
slice24/query/img_08793_c0_1288793097576638us.jpg 0.459449 0.491874 0.525439 -0.520462 75.512129 -1110.673517 33.356210
slice24/query/img_08794_c0_1288793097709888us.jpg 0.458285 0.490106 0.525802 -0.522785 73.909506 -1109.367644 33.258875
slice24/query/img_08795_c0_1288793097776605us.jpg 0.456798 0.489947 0.526634 -0.523397 73.106446 -1108.722304 33.213974
slice24/query/img_08796_c0_1288793097843211us.jpg 0.454898 0.489976 0.527765 -0.523885 72.302510 -1108.082566 33.164415
slice24/query/img_08797_c0_1288793097909826us.jpg 0.452838 0.489887 0.529213 -0.524292 71.497751 -1107.442035 33.116619
slice24/query/img_08798_c0_1288793098043178us.jpg 0.450685 0.488579 0.530914 -0.525646 69.876941 -1106.176701 33.005595
slice24/query/img_08799_c0_1288793098176547us.jpg 0.449845 0.483779 0.533633 -0.528047 68.260056 -1104.915852 32.889233
slice24/query/img_08800_c0_1288793098243141us.jpg 0.448959 0.480976 0.535066 -0.529908 67.447901 -1104.292714 32.831925
slice24/query/img_08801_c0_1288793098309755us.jpg 0.447490 0.478989 0.535768 -0.532236 66.633133 -1103.672590 32.781701
slice24/query/img_08802_c0_1288793098443106us.jpg 0.440743 0.477925 0.536874 -0.537679 64.985466 -1102.448720 32.692473
slice24/query/img_08803_c0_1288793098509715us.jpg 0.438415 0.475695 0.538450 -0.539980 64.160733 -1101.852743 32.642294
slice24/query/img_08804_c0_1288793098576454us.jpg 0.437035 0.472478 0.540764 -0.541608 63.330767 -1101.268711 32.581691
slice24/query/img_08805_c0_1288793098643067us.jpg 0.435753 0.469222 0.543990 -0.542240 62.493862 -1100.693581 32.522417
slice24/query/img_08806_c0_1288793098776424us.jpg 0.432796 0.464894 0.550693 -0.541570 60.798495 -1099.574580 32.415230
slice24/query/img_08807_c0_1288793098843030us.jpg 0.431155 0.463523 0.553958 -0.540725 59.943469 -1099.019873 32.364865
slice24/query/img_08808_c0_1288793098976538us.jpg 0.429047 0.460792 0.559476 -0.539052 58.221314 -1097.924322 32.257800
slice24/query/img_08809_c0_1288793099042994us.jpg 0.427607 0.460142 0.561210 -0.538949 57.355348 -1097.376840 32.205920
slice24/query/img_08810_c0_1288793099109607us.jpg 0.426088 0.459420 0.562407 -0.539519 56.489622 -1096.833287 32.156008
slice24/query/img_08811_c0_1288793099176345us.jpg 0.424876 0.458652 0.563032 -0.540475 55.630040 -1096.293093 32.105516
slice24/query/img_08812_c0_1288793099309592us.jpg 0.421452 0.458471 0.563866 -0.542436 53.900752 -1095.219921 32.000731
slice24/query/img_08813_c0_1288793099442930us.jpg 0.418674 0.457412 0.564781 -0.544526 52.164967 -1094.158362 31.890086
slice24/query/img_08814_c0_1288793099509532us.jpg 0.418478 0.455734 0.564658 -0.546209 51.298308 -1093.630546 31.828630
slice24/query/img_08815_c0_1288793099576270us.jpg 0.418041 0.453695 0.564619 -0.548277 50.434778 -1093.107664 31.770017
slice24/query/img_08816_c0_1288793099709510us.jpg 0.416557 0.448671 0.564834 -0.553297 48.693414 -1092.065406 31.657715
slice24/query/img_08817_c0_1288793099776233us.jpg 0.414813 0.447328 0.564410 -0.556119 47.819841 -1091.548831 31.608762
slice24/query/img_08818_c0_1288793099842846us.jpg 0.412645 0.446155 0.564242 -0.558839 46.942714 -1091.038915 31.561034
slice24/query/img_08819_c0_1288793099976199us.jpg 0.407721 0.443325 0.566492 -0.562418 45.175574 -1090.036352 31.462278
slice24/query/img_08820_c0_1288793100042810us.jpg 0.405398 0.441411 0.568445 -0.563631 44.284050 -1089.549182 31.406196
slice24/query/img_08821_c0_1288793100109421us.jpg 0.403248 0.439431 0.570500 -0.564643 43.388944 -1089.070709 31.349970
slice24/query/img_08822_c0_1288793100243323us.jpg 0.399717 0.434835 0.574600 -0.566550 41.590311 -1088.130507 31.233937
slice24/query/img_08823_c0_1288793100309388us.jpg 0.397828 0.432501 0.576207 -0.568033 40.684084 -1087.668735 31.174509
slice24/query/img_08824_c0_1288793100376126us.jpg 0.396246 0.430124 0.577859 -0.569264 39.779386 -1087.216165 31.116351
slice24/query/img_08825_c0_1288793100442739us.jpg 0.394802 0.427764 0.579302 -0.570577 38.867210 -1086.768219 31.058548
slice24/query/img_08826_c0_1288793100576113us.jpg 0.392023 0.423634 0.582380 -0.572439 37.029719 -1085.879091 30.943405
slice24/query/img_08827_c0_1288793100642703us.jpg 0.390405 0.422089 0.584098 -0.572935 36.105324 -1085.444981 30.889177
slice24/query/img_08828_c0_1288793100709314us.jpg 0.389007 0.420655 0.585526 -0.573483 35.181033 -1085.019831 30.835396
slice24/query/img_08829_c0_1288793100776052us.jpg 0.387843 0.419341 0.586640 -0.574095 34.256844 -1084.603680 30.782423
slice24/query/img_08830_c0_1288793100909279us.jpg 0.385659 0.415797 0.588501 -0.576235 32.396815 -1083.769419 30.674626
slice24/query/img_08831_c0_1288793100976012us.jpg 0.384504 0.414072 0.589117 -0.577617 31.468271 -1083.362002 30.623987
slice24/query/img_08832_c0_1288793101042627us.jpg 0.382828 0.412820 0.589499 -0.579236 30.535749 -1082.958574 30.577409
slice24/query/img_08833_c0_1288793101175996us.jpg 0.378654 0.411174 0.590349 -0.582276 28.653504 -1082.157351 30.483158
slice24/query/img_08834_c0_1288793101376897us.jpg 0.375654 0.405013 0.594037 -0.584781 25.831005 -1080.984849 30.334917
slice24/query/img_08835_c0_1288793101442555us.jpg 0.375105 0.402487 0.595333 -0.585559 24.884984 -1080.610721 30.282328
slice24/query/img_08836_c0_1288793101509167us.jpg 0.374168 0.400153 0.596719 -0.586346 23.937493 -1080.239605 30.233031
slice24/query/img_08837_c0_1288793101575905us.jpg 0.372675 0.398405 0.597866 -0.587319 22.987325 -1079.876667 30.187899
slice24/query/img_08838_c0_1288793101709155us.jpg 0.368719 0.395602 0.599650 -0.589886 21.081307 -1079.155598 30.099916
slice24/query/img_08839_c0_1288793101775868us.jpg 0.366924 0.394028 0.600219 -0.591478 20.126238 -1078.804553 30.057409
slice24/query/img_08840_c0_1288793101842481us.jpg 0.365387 0.391998 0.600724 -0.593262 19.173037 -1078.458969 30.015878
slice24/query/img_08841_c0_1288793101975834us.jpg 0.362893 0.386999 0.602567 -0.596199 17.252023 -1077.776027 29.930597
slice24/query/img_08842_c0_1288793102042444us.jpg 0.361219 0.384814 0.603710 -0.597472 16.288994 -1077.447082 29.888806
slice24/query/img_08843_c0_1288793102109057us.jpg 0.359125 0.382791 0.605114 -0.598613 15.323859 -1077.127198 29.848404
slice24/query/img_08844_c0_1288793102242433us.jpg 0.355748 0.377824 0.608170 -0.600684 13.384652 -1076.507420 29.769345
slice24/query/img_08845_c0_1288793102309021us.jpg 0.354178 0.375406 0.609710 -0.601567 12.407095 -1076.209370 29.729733
slice24/query/img_08846_c0_1288793102375758us.jpg 0.352213 0.373471 0.611231 -0.602380 11.430468 -1075.919662 29.694511
slice24/query/img_08847_c0_1288793102508986us.jpg 0.348739 0.368716 0.614434 -0.604070 9.461258 -1075.344223 29.610861
slice24/query/img_08848_c0_1288793102575723us.jpg 0.347381 0.365859 0.616106 -0.604886 8.479798 -1075.071582 29.573687
slice24/query/img_08849_c0_1288793102642335us.jpg 0.346106 0.363171 0.617424 -0.605891 7.498118 -1074.804841 29.537189
slice24/query/img_08850_c0_1288793102775688us.jpg 0.343583 0.357841 0.619680 -0.608192 5.513235 -1074.279312 29.467117
slice24/query/img_08851_c0_1288793102842297us.jpg 0.341748 0.355825 0.620711 -0.609356 4.524398 -1074.030125 29.435482
slice24/query/img_08852_c0_1288793102908910us.jpg 0.339658 0.354024 0.621722 -0.610542 3.536631 -1073.785039 29.407474
slice24/query/img_08853_c0_1288793103042282us.jpg 0.336404 0.349871 0.623630 -0.612787 1.555243 -1073.307313 29.347593
slice24/query/img_08854_c0_1288793103108874us.jpg 0.334845 0.348148 0.624568 -0.613667 0.564644 -1073.083347 29.317675
slice24/query/img_08855_c0_1288793103242226us.jpg 0.332241 0.344818 0.626702 -0.614785 -1.415235 -1072.658833 29.259897
slice24/query/img_08856_c0_1288793103308837us.jpg 0.331710 0.342509 0.627990 -0.615049 -2.404225 -1072.457109 29.231899
slice24/query/img_08857_c0_1288793103375575us.jpg 0.331243 0.340076 0.629312 -0.615299 -3.392224 -1072.260042 29.200767
slice24/query/img_08858_c0_1288793103508823us.jpg 0.329600 0.336441 0.631068 -0.616381 -5.368211 -1071.879710 29.145666
slice24/query/img_08859_c0_1288793103575539us.jpg 0.328247 0.334962 0.632013 -0.616939 -6.360646 -1071.693838 29.123083
slice24/query/img_08860_c0_1288793103642153us.jpg 0.326237 0.333712 0.632881 -0.617792 -7.354493 -1071.508172 29.101354
slice24/query/img_08861_c0_1288793103775526us.jpg 0.321124 0.332719 0.633494 -0.620373 -9.345972 -1071.147582 29.067336
slice24/query/img_08862_c0_1288793103842115us.jpg 0.318434 0.331481 0.633519 -0.622393 -10.344274 -1070.972040 29.041713
slice24/query/img_08863_c0_1288793103908728us.jpg 0.315660 0.330071 0.633472 -0.624600 -11.338374 -1070.801776 29.013913
slice24/query/img_08864_c0_1288793104042080us.jpg 0.310848 0.325583 0.633472 -0.629351 -13.340244 -1070.477467 28.956790
slice24/query/img_08865_c0_1288793104108710us.jpg 0.309207 0.322795 0.633844 -0.631218 -14.339360 -1070.331753 28.927420
slice24/query/img_08866_c0_1288793104175429us.jpg 0.307842 0.320459 0.634913 -0.632000 -15.340159 -1070.196574 28.898702
slice24/query/img_08867_c0_1288793104309795us.jpg 0.303255 0.316919 0.638475 -0.632415 -17.354464 -1069.926062 28.846398
slice24/query/img_08868_c0_1288793104375392us.jpg 0.301165 0.314863 0.640240 -0.632656 -18.377947 -1069.822508 28.818112
slice24/query/img_08869_c0_1288793104442007us.jpg 0.299276 0.312302 0.641735 -0.633306 -19.387347 -1069.712658 28.791291
slice24/query/img_08870_c0_1288793104508619us.jpg 0.297460 0.310108 0.642731 -0.634230 -20.395257 -1069.606761 28.765144
slice24/query/img_08871_c0_1288793104641970us.jpg 0.293735 0.306585 0.644263 -0.636121 -22.426920 -1069.415541 28.709381
slice24/query/img_08872_c0_1288793104708581us.jpg 0.291743 0.304893 0.645234 -0.636867 -23.442493 -1069.329137 28.679848
slice24/query/img_08873_c0_1288793104841956us.jpg 0.287566 0.301664 0.646958 -0.638553 -25.479464 -1069.169372 28.622591
slice24/query/img_08874_c0_1288793104908544us.jpg 0.285607 0.299926 0.647545 -0.639655 -26.499229 -1069.099734 28.594961
slice24/query/img_08875_c0_1288793104975283us.jpg 0.283775 0.298054 0.648025 -0.640858 -27.516077 -1069.035878 28.567167
slice24/query/img_08876_c0_1288793105041898us.jpg 0.282386 0.295843 0.648522 -0.641993 -28.536735 -1068.979324 28.534861
slice24/query/img_08877_c0_1288793105175247us.jpg 0.279780 0.291794 0.650369 -0.643117 -30.591851 -1068.888968 28.469503
slice24/query/img_08878_c0_1288793105241859us.jpg 0.278544 0.289625 0.651656 -0.643331 -31.622592 -1068.850065 28.436578
slice24/query/img_08879_c0_1288793105308470us.jpg 0.277457 0.287273 0.652917 -0.643577 -32.647404 -1068.818097 28.403360
slice24/query/img_08880_c0_1288793105441821us.jpg 0.274353 0.283627 0.655489 -0.643910 -34.706270 -1068.772774 28.348299
slice24/query/img_08881_c0_1288793105508432us.jpg 0.272292 0.282356 0.655968 -0.644855 -35.738464 -1068.756082 28.320933
slice24/query/img_08882_c0_1288793105575173us.jpg 0.270154 0.280981 0.656509 -0.645804 -36.769717 -1068.743668 28.293413
slice24/query/img_08883_c0_1288793105708406us.jpg 0.265793 0.277981 0.657373 -0.648029 -38.838005 -1068.730582 28.244191
slice24/query/img_08884_c0_1288793105775136us.jpg 0.263700 0.276254 0.657435 -0.649558 -39.873878 -1068.729437 28.216522
slice24/query/img_08885_c0_1288793105841749us.jpg 0.261660 0.274433 0.657516 -0.651070 -40.904766 -1068.730823 28.189258
slice24/query/img_08886_c0_1288793105975123us.jpg 0.257385 0.270983 0.658181 -0.653543 -42.974726 -1068.758444 28.135923
slice24/query/img_08887_c0_1288793106041713us.jpg 0.254939 0.269210 0.659030 -0.654379 -44.010864 -1068.780588 28.106318
slice24/query/img_08888_c0_1288793106108326us.jpg 0.252763 0.267391 0.660083 -0.654907 -45.044885 -1068.816066 28.076122
slice24/query/img_08889_c0_1288793106241681us.jpg 0.249271 0.262966 0.662334 -0.655764 -47.125805 -1068.902859 28.017051
slice24/query/img_08890_c0_1288793106308290us.jpg 0.247692 0.260790 0.663096 -0.656461 -48.160374 -1068.958583 27.988971
slice24/query/img_08891_c0_1288793106375027us.jpg 0.246002 0.258448 0.664000 -0.657108 -49.194906 -1069.015277 27.959340
slice24/query/img_08892_c0_1288793106441639us.jpg 0.243918 0.255953 0.665077 -0.657772 -50.234739 -1069.076609 27.930711
slice24/query/img_08893_c0_1288793106574994us.jpg 0.239309 0.252372 0.666222 -0.659687 -52.302320 -1069.219535 27.874333
slice24/query/img_08894_c0_1288793106641605us.jpg 0.237292 0.250872 0.666002 -0.661209 -53.329465 -1069.300491 27.845248
slice24/query/img_08895_c0_1288793106708215us.jpg 0.234993 0.248305 0.666358 -0.662639 -54.350323 -1069.383693 27.816834
slice24/query/img_08896_c0_1288793106841927us.jpg 0.230323 0.242470 0.669263 -0.663510 -56.400316 -1069.580917 27.749488
slice24/query/img_08897_c0_1288793106908200us.jpg 0.227770 0.240663 0.671658 -0.662629 -57.439086 -1069.703129 27.712589
slice24/query/img_08898_c0_1288793106974917us.jpg 0.224435 0.240225 0.675251 -0.660270 -58.479010 -1069.835364 27.683710
slice24/query/img_08899_c0_1288793107041531us.jpg 0.220387 0.239534 0.678879 -0.658161 -59.517478 -1069.971659 27.648940
slice24/query/img_08900_c0_1288793107174896us.jpg 0.218570 0.233003 0.682624 -0.657238 -61.585309 -1070.250564 27.552440
slice24/query/img_08901_c0_1288793107241493us.jpg 0.219010 0.227900 0.682969 -0.658521 -62.601474 -1070.388518 27.499918
slice24/query/img_08902_c0_1288793107374869us.jpg 0.218051 0.219811 0.681863 -0.662722 -64.646772 -1070.689217 27.419031
slice24/query/img_08903_c0_1288793107441461us.jpg 0.216194 0.217611 0.681135 -0.664801 -65.658410 -1070.840465 27.396824
slice24/query/img_08904_c0_1288793107508070us.jpg 0.212559 0.216371 0.680910 -0.666606 -66.671725 -1070.993315 27.378661
