slice24/query/img_08084_c0_1289590344219513us.jpg 0.258711 0.325657 0.649615 -0.636409 193.580065 -1163.821453 42.683599
slice24/query/img_08085_c0_1289590344286126us.jpg 0.262016 0.326381 0.649240 -0.635067 192.411569 -1163.786956 42.547997
slice24/query/img_08086_c0_1289590344419478us.jpg 0.266705 0.328865 0.647544 -0.633564 190.216820 -1163.671009 42.291182
slice24/query/img_08087_c0_1289590344486091us.jpg 0.268771 0.330182 0.647095 -0.632463 189.088795 -1163.591771 42.191070
slice24/query/img_08088_c0_1289590344552704us.jpg 0.270302 0.331920 0.646661 -0.631344 187.968012 -1163.509162 42.088665
slice24/query/img_08089_c0_1289590344686079us.jpg 0.273666 0.336619 0.645751 -0.628331 185.738830 -1163.346542 41.883509
slice24/query/img_08090_c0_1289590344752692us.jpg 0.275595 0.338650 0.644824 -0.627348 184.602074 -1163.244948 41.774940
slice24/query/img_08091_c0_1289590344819407us.jpg 0.277798 0.340563 0.643778 -0.626414 183.500794 -1163.134901 41.683667
slice24/query/img_08092_c0_1289590344886020us.jpg 0.280516 0.342493 0.642358 -0.625608 182.395224 -1163.020192 41.590400
slice24/query/img_08093_c0_1289590345019401us.jpg 0.290868 0.345354 0.640764 -0.620925 180.179075 -1162.785608 41.401168
slice24/query/img_08094_c0_1289590345085986us.jpg 0.293073 0.347748 0.638968 -0.620403 179.014753 -1162.632201 41.298759
slice24/query/img_08095_c0_1289590345152597us.jpg 0.295029 0.350641 0.637029 -0.619841 177.871895 -1162.486297 41.195796
slice24/query/img_08096_c0_1289590345285971us.jpg 0.303785 0.357863 0.631728 -0.616902 175.631087 -1162.256225 40.967987
slice24/query/img_08097_c0_1289590345352562us.jpg 0.306676 0.360206 0.630160 -0.615710 174.405258 -1162.062725 40.877128
slice24/query/img_08098_c0_1289590345485916us.jpg 0.310562 0.365135 0.627647 -0.613422 171.936167 -1161.606166 40.700292
slice24/query/img_08099_c0_1289590345552527us.jpg 0.312663 0.367531 0.626137 -0.612466 170.742611 -1161.372474 40.592128
slice24/query/img_08100_c0_1289590345619266us.jpg 0.315321 0.369777 0.624687 -0.611232 169.564504 -1161.142635 40.476464
slice24/query/img_08101_c0_1289590345753645us.jpg 0.321062 0.373377 0.623125 -0.607638 167.143555 -1160.621053 40.296825
slice24/query/img_08102_c0_1289590345819250us.jpg 0.324758 0.374630 0.622086 -0.605965 165.947915 -1160.345486 40.189353
slice24/query/img_08103_c0_1289590345952867us.jpg 0.330976 0.381303 0.613924 -0.606762 163.560310 -1159.820631 39.901260
slice24/query/img_08104_c0_1289590346019196us.jpg 0.333123 0.383722 0.612092 -0.605913 162.353059 -1159.525702 39.807843
slice24/query/img_08105_c0_1289590346085809us.jpg 0.335512 0.386119 0.610303 -0.604876 161.164399 -1159.236135 39.716428
slice24/query/img_08106_c0_1289590346219181us.jpg 0.339887 0.391001 0.607414 -0.602198 158.818412 -1158.569595 39.536347
slice24/query/img_08107_c0_1289590346285773us.jpg 0.342218 0.393194 0.606367 -0.600504 157.629978 -1158.235006 39.436980
slice24/query/img_08108_c0_1289590346419125us.jpg 0.346396 0.397557 0.605381 -0.596215 155.208169 -1157.532575 39.230343
slice24/query/img_08109_c0_1289590346485738us.jpg 0.348449 0.399586 0.604668 -0.594383 154.046751 -1157.144958 39.122835
slice24/query/img_08110_c0_1289590346552350us.jpg 0.350235 0.401543 0.604214 -0.592473 152.886897 -1156.755508 39.025144
slice24/query/img_08111_c0_1289590346685705us.jpg 0.354366 0.405512 0.603922 -0.587591 150.575085 -1155.976859 38.978375
slice24/query/img_08112_c0_1289590346752316us.jpg 0.356441 0.407296 0.602938 -0.586110 149.409481 -1155.571494 38.884340
slice24/query/img_08113_c0_1289590346819055us.jpg 0.358440 0.408521 0.602008 -0.584993 148.228212 -1155.110280 38.762422
slice24/query/img_08114_c0_1289590346885667us.jpg 0.360451 0.410003 0.601200 -0.583550 147.038103 -1154.694402 38.676319
slice24/query/img_08115_c0_1289590347019040us.jpg 0.364280 0.412620 0.597673 -0.582951 144.630102 -1153.811167 38.455245
slice24/query/img_08116_c0_1289590347085638us.jpg 0.366192 0.414187 0.596365 -0.581981 143.455186 -1153.357748 38.368452
slice24/query/img_08117_c0_1289590347152246us.jpg 0.367719 0.416016 0.594561 -0.581559 142.285399 -1152.901083 38.283832
slice24/query/img_08118_c0_1289590347285624us.jpg 0.371689 0.418917 0.591225 -0.580352 139.941093 -1152.004167 38.096940
slice24/query/img_08119_c0_1289590347352211us.jpg 0.373262 0.419953 0.590049 -0.579791 138.762777 -1151.514217 38.003711
slice24/query/img_08120_c0_1289590347418949us.jpg 0.375037 0.421074 0.588818 -0.579083 137.576355 -1151.023936 37.886603
slice24/query/img_08121_c0_1289590347552176us.jpg 0.378322 0.424105 0.587805 -0.575754 135.207837 -1150.052836 37.692781
slice24/query/img_08122_c0_1289590347618914us.jpg 0.379622 0.425772 0.587039 -0.574448 134.024939 -1149.549766 37.613803
slice24/query/img_08123_c0_1289590347685527us.jpg 0.381122 0.427294 0.586077 -0.573306 132.841215 -1149.053111 37.521174
slice24/query/img_08124_c0_1289590347818879us.jpg 0.387934 0.428037 0.582338 -0.571991 130.511023 -1148.010025 37.328950
slice24/query/img_08125_c0_1289590347885491us.jpg 0.390284 0.429224 0.581047 -0.570815 129.341667 -1147.480603 37.252863
slice24/query/img_08126_c0_1289590347952105us.jpg 0.391215 0.431628 0.579866 -0.569564 128.177538 -1146.947729 37.162579
slice24/query/img_08127_c0_1289590348085457us.jpg 0.393631 0.436879 0.577841 -0.565942 125.883837 -1145.853029 37.027537
slice24/query/img_08128_c0_1289590348152069us.jpg 0.395224 0.439503 0.576468 -0.564198 124.736269 -1145.330356 36.933409
slice24/query/img_08129_c0_1289590348285430us.jpg 0.400103 0.443028 0.574085 -0.560419 122.342593 -1144.157280 36.717125
slice24/query/img_08130_c0_1289590348352035us.jpg 0.403142 0.444609 0.572928 -0.558169 121.183714 -1143.581075 36.612075
slice24/query/img_08131_c0_1289590348418773us.jpg 0.406241 0.446039 0.571541 -0.556200 120.043134 -1143.003097 36.520421
slice24/query/img_08132_c0_1289590348552001us.jpg 0.412245 0.448801 0.568068 -0.553110 117.778717 -1141.798697 36.349769
slice24/query/img_08133_c0_1289590348618740us.jpg 0.414425 0.450616 0.566527 -0.551584 116.672196 -1141.186145 36.280321
slice24/query/img_08134_c0_1289590348685351us.jpg 0.416317 0.452809 0.564494 -0.550446 115.548871 -1140.564027 36.216296
slice24/query/img_08135_c0_1289590348818706us.jpg 0.419737 0.457074 0.561640 -0.547234 113.304724 -1139.260471 36.065410
slice24/query/img_08136_c0_1289590348885336us.jpg 0.421681 0.459180 0.560120 -0.545531 112.186640 -1138.597521 35.978673
slice24/query/img_08137_c0_1289590348951930us.jpg 0.423781 0.461070 0.558773 -0.543689 111.073108 -1137.918835 35.889587
slice24/query/img_08138_c0_1289590349018667us.jpg 0.426051 0.463021 0.557417 -0.541644 109.978578 -1137.240508 35.798833
slice24/query/img_08139_c0_1289590349151917us.jpg 0.430283 0.466996 0.554932 -0.537422 107.812376 -1135.876133 35.589468
slice24/query/img_08140_c0_1289590349218640us.jpg 0.432436 0.469151 0.553215 -0.535583 106.719384 -1135.185520 35.502380
slice24/query/img_08141_c0_1289590349285245us.jpg 0.434315 0.471381 0.551490 -0.533881 105.653853 -1134.490402 35.430833
slice24/query/img_08142_c0_1289590349418599us.jpg 0.437869 0.475739 0.548875 -0.529793 103.557716 -1133.063612 35.299886
slice24/query/img_08143_c0_1289590349485211us.jpg 0.439845 0.477813 0.547405 -0.527806 102.487291 -1132.334082 35.220527
slice24/query/img_08144_c0_1289590349551823us.jpg 0.441767 0.479830 0.545956 -0.525868 101.401545 -1131.592210 35.147913
slice24/query/img_08145_c0_1289590349685197us.jpg 0.446160 0.483533 0.543788 -0.520991 99.241490 -1130.114801 34.971317
slice24/query/img_08146_c0_1289590349751810us.jpg 0.448504 0.485164 0.542406 -0.518900 98.195625 -1129.342340 34.891100
slice24/query/img_08147_c0_1289590349818527us.jpg 0.450517 0.487006 0.540660 -0.517249 97.163984 -1128.566504 34.803837
slice24/query/img_08148_c0_1289590349885140us.jpg 0.452755 0.488487 0.538805 -0.515832 96.132543 -1127.787484 34.726960
slice24/query/img_08149_c0_1289590350018493us.jpg 0.456907 0.491239 0.533914 -0.514642 94.117659 -1126.208081 34.555098
slice24/query/img_08150_c0_1289590350085106us.jpg 0.457952 0.493594 0.531708 -0.513743 93.121618 -1125.416155 34.488131
slice24/query/img_08151_c0_1289590350151718us.jpg 0.459244 0.495234 0.530220 -0.512547 92.128334 -1124.598910 34.417421
slice24/query/img_08152_c0_1289590350285072us.jpg 0.461367 0.498413 0.527197 -0.510674 90.176286 -1123.035591 34.302121
slice24/query/img_08153_c0_1289590350351699us.jpg 0.462203 0.499384 0.526000 -0.510204 89.215495 -1122.235759 34.237085
slice24/query/img_08154_c0_1289590350418421us.jpg 0.462450 0.500375 0.524915 -0.510127 88.270936 -1121.424560 34.178276
slice24/query/img_08155_c0_1289590350552870us.jpg 0.461304 0.502969 0.521171 -0.512447 86.342275 -1119.783526 34.054320
slice24/query/img_08156_c0_1289590350618413us.jpg 0.461717 0.503670 0.519965 -0.512611 85.412936 -1118.986956 33.988637
slice24/query/img_08157_c0_1289590350684999us.jpg 0.462410 0.504018 0.518646 -0.512981 84.488131 -1118.190376 33.922539
slice24/query/img_08158_c0_1289590350751613us.jpg 0.462545 0.504171 0.518100 -0.513260 83.566626 -1117.396279 33.856372
slice24/query/img_08159_c0_1289590350884964us.jpg 0.461533 0.503673 0.519036 -0.513714 81.711474 -1115.796118 33.738038
slice24/query/img_08160_c0_1289590350951578us.jpg 0.461675 0.502751 0.519224 -0.514300 80.782370 -1115.005267 33.672765
slice24/query/img_08161_c0_1289590351018317us.jpg 0.462291 0.501167 0.519744 -0.514767 79.858809 -1114.217015 33.621859
slice24/query/img_08162_c0_1289590351151565us.jpg 0.463293 0.498055 0.520896 -0.515720 78.078253 -1112.704870 33.507463
slice24/query/img_08163_c0_1289590351218277us.jpg 0.461862 0.497180 0.521809 -0.516924 77.186394 -1111.943884 33.449600
slice24/query/img_08164_c0_1289590351284893us.jpg 0.460340 0.496110 0.522859 -0.518248 76.293488 -1111.187021 33.392593
slice24/query/img_08165_c0_1289590351351508us.jpg 0.459478 0.494712 0.523529 -0.519670 75.401096 -1110.445897 33.337157
slice24/query/img_08166_c0_1289590351484858us.jpg 0.457312 0.492185 0.525165 -0.522323 73.613524 -1108.953510 33.210532
slice24/query/img_08167_c0_1289590351551472us.jpg 0.455283 0.491630 0.526469 -0.523304 72.715785 -1108.231211 33.152070
slice24/query/img_08168_c0_1289590351618210us.jpg 0.452895 0.490898 0.528089 -0.524430 71.812200 -1107.497931 33.091686
slice24/query/img_08169_c0_1289590351751439us.jpg 0.448717 0.489075 0.529445 -0.528344 70.030980 -1106.086623 33.019533
slice24/query/img_08170_c0_1289590351818196us.jpg 0.447969 0.486571 0.530778 -0.529950 69.137104 -1105.389556 32.957915
slice24/query/img_08171_c0_1289590351884789us.jpg 0.447769 0.482881 0.532911 -0.531352 68.251818 -1104.717630 32.902912
slice24/query/img_08172_c0_1289590351951401us.jpg 0.447069 0.479786 0.534326 -0.533320 67.358744 -1104.055701 32.858954
slice24/query/img_08173_c0_1289590352084774us.jpg 0.442519 0.476688 0.537923 -0.536269 65.468144 -1102.675373 32.744266
slice24/query/img_08174_c0_1289590352151385us.jpg 0.439861 0.475304 0.539933 -0.537662 64.542864 -1102.011254 32.686298
slice24/query/img_08175_c0_1289590352218104us.jpg 0.438127 0.472851 0.542334 -0.538823 63.625313 -1101.359397 32.611615
slice24/query/img_08176_c0_1289590352351332us.jpg 0.435118 0.468024 0.548403 -0.539333 61.773798 -1100.104942 32.474727
slice24/query/img_08177_c0_1289590352418069us.jpg 0.433365 0.466254 0.551264 -0.539361 60.832692 -1099.486362 32.409378
slice24/query/img_08178_c0_1289590352484684us.jpg 0.431478 0.464628 0.553910 -0.539567 59.893956 -1098.861379 32.345989
slice24/query/img_08179_c0_1289590352618034us.jpg 0.428326 0.460827 0.558217 -0.540897 57.988140 -1097.663636 32.234290
slice24/query/img_08180_c0_1289590352684650us.jpg 0.426103 0.459239 0.560058 -0.542099 57.048012 -1097.058918 32.174346
slice24/query/img_08181_c0_1289590352751260us.jpg 0.423987 0.457593 0.561702 -0.543448 56.117594 -1096.473634 32.119797
slice24/query/img_08182_c0_1289590352884634us.jpg 0.419832 0.455391 0.564598 -0.545517 54.224833 -1095.314208 32.007321
slice24/query/img_08183_c0_1289590352951227us.jpg 0.417584 0.454978 0.565999 -0.546136 53.284281 -1094.746746 31.946888
slice24/query/img_08184_c0_1289590353017965us.jpg 0.416064 0.454070 0.566930 -0.547084 52.345654 -1094.184950 31.882187
slice24/query/img_08186_c0_1289590353217926us.jpg 0.415825 0.447270 0.568733 -0.550982 49.508144 -1092.522764 31.684664
slice24/query/img_08187_c0_1289590353284540us.jpg 0.414693 0.445940 0.567418 -0.554261 48.564205 -1091.972707 31.623231
slice24/query/img_08188_c0_1289590353417916us.jpg 0.411786 0.443530 0.567494 -0.558268 46.626730 -1090.879615 31.509356
slice24/query/img_08189_c0_1289590353484503us.jpg 0.409955 0.443004 0.567956 -0.559562 45.664507 -1090.340480 31.455990
slice24/query/img_08190_c0_1289590353551117us.jpg 0.408126 0.442430 0.569120 -0.560171 44.703840 -1089.811038 31.401778
slice24/query/img_08191_c0_1289590353684493us.jpg 0.405094 0.439943 0.572318 -0.561071 42.720550 -1088.768646 31.265825
slice24/query/img_08192_c0_1289590353751082us.jpg 0.403654 0.438101 0.574008 -0.561823 41.768036 -1088.256973 31.203302
slice24/query/img_08193_c0_1289590353817821us.jpg 0.402163 0.436158 0.575391 -0.562989 40.821259 -1087.753503 31.142764
slice24/query/img_08194_c0_1289590353951050us.jpg 0.399291 0.432448 0.576684 -0.566562 38.919515 -1086.783154 31.059639
slice24/query/img_08195_c0_1289590354017787us.jpg 0.397688 0.430340 0.577677 -0.568279 37.978154 -1086.297681 31.001152
slice24/query/img_08196_c0_1289590354084401us.jpg 0.395228 0.428649 0.577807 -0.571134 37.039233 -1085.823365 30.944255
slice24/query/img_08197_c0_1289590354217773us.jpg 0.392236 0.424315 0.582244 -0.571927 35.090707 -1084.878032 30.866581
slice24/query/img_08198_c0_1289590354284366us.jpg 0.390496 0.421978 0.584140 -0.572912 34.110228 -1084.412039 30.809589
slice24/query/img_08199_c0_1289590354350979us.jpg 0.389158 0.419262 0.586716 -0.573184 33.134691 -1083.958096 30.754187
slice24/query/img_08200_c0_1289590354484330us.jpg 0.383631 0.415977 0.586033 -0.579963 31.291408 -1083.123752 30.613936
slice24/query/img_08201_c0_1289590354550944us.jpg 0.381558 0.413693 0.587459 -0.581519 30.271209 -1082.677595 30.555334
slice24/query/img_08202_c0_1289590354617681us.jpg 0.379216 0.411848 0.589003 -0.582796 29.252809 -1082.242413 30.498387
slice24/query/img_08203_c0_1289590354750908us.jpg 0.376340 0.406609 0.593506 -0.583770 27.193660 -1081.400518 30.396192
slice24/query/img_08204_c0_1289590354817648us.jpg 0.375354 0.403785 0.595125 -0.584716 26.154318 -1080.981658 30.344896
slice24/query/img_08205_c0_1289590355017723us.jpg 0.373000 0.396303 0.599226 -0.587148 23.151346 -1079.846365 30.202183
slice24/query/img_08206_c0_1289590355084223us.jpg 0.371681 0.394266 0.601474 -0.587057 22.134745 -1079.470433 30.152455
slice24/query/img_08207_c0_1289590355217596us.jpg 0.367536 0.391900 0.603098 -0.589579 20.110608 -1078.744709 30.064014
slice24/query/img_08208_c0_1289590355284189us.jpg 0.366181 0.389906 0.603960 -0.590861 19.086556 -1078.379442 30.013574
slice24/query/img_08209_c0_1289590355350801us.jpg 0.364183 0.387904 0.604276 -0.593087 18.064135 -1078.019569 29.962360
slice24/query/img_08210_c0_1289590355484174us.jpg 0.361129 0.382861 0.605965 -0.596498 16.028763 -1077.315104 29.876048
slice24/query/img_08211_c0_1289590355550767us.jpg 0.359521 0.380859 0.607068 -0.597628 15.015870 -1076.981046 29.830311
slice24/query/img_08212_c0_1289590355617504us.jpg 0.358176 0.378548 0.608279 -0.598672 14.004573 -1076.654920 29.783781
slice24/query/img_08213_c0_1289590355750754us.jpg 0.355410 0.374002 0.611175 -0.600226 11.967036 -1076.018720 29.699660
slice24/query/img_08214_c0_1289590355817470us.jpg 0.353611 0.372050 0.612764 -0.600881 10.952116 -1075.710184 29.661769
slice24/query/img_08215_c0_1289590355950698us.jpg 0.350524 0.367413 0.615759 -0.602479 8.923532 -1075.131721 29.587969
slice24/query/img_08217_c0_1289590356417363us.jpg 0.341597 0.351652 0.623304 -0.609216 1.630669 -1073.324344 29.401490
slice24/query/img_08218_c0_1289590356550590us.jpg 0.336771 0.347215 0.626202 -0.611472 -0.491572 -1072.822137 29.363425
slice24/query/img_08219_c0_1289590356750555us.jpg 0.331838 0.339257 0.630648 -0.614061 -3.628475 -1072.106505 29.283950
slice24/query/img_08220_c0_1289590356950522us.jpg 0.327481 0.331890 0.634251 -0.616709 -6.781329 -1071.501448 29.143646
slice24/query/img_08221_c0_1289590357083872us.jpg 0.322191 0.330526 0.635612 -0.618823 -8.900671 -1071.145329 29.093864
slice24/query/img_08222_c0_1289590357283837us.jpg 0.314188 0.326471 0.635274 -0.625403 -12.053774 -1070.649214 29.029704
slice24/query/img_08223_c0_1289590357417190us.jpg 0.310675 0.321856 0.636316 -0.628484 -14.177816 -1070.339523 28.969383
slice24/query/img_08224_c0_1289590357550416us.jpg 0.307474 0.318744 0.638285 -0.629646 -16.309186 -1070.057441 28.908091
slice24/query/img_08225_c0_1289590357617151us.jpg 0.305380 0.317133 0.639699 -0.630043 -17.373696 -1069.928452 28.876105
slice24/query/img_08226_c0_1289590357750378us.jpg 0.301423 0.313156 0.642183 -0.631410 -19.497169 -1069.682788 28.815770
slice24/query/img_08227_c0_1289590357817116us.jpg 0.299739 0.311172 0.643073 -0.632287 -20.560809 -1069.570976 28.784208
slice24/query/img_08228_c0_1289590357950368us.jpg 0.295837 0.308148 0.643705 -0.634956 -22.708149 -1069.359497 28.723590
slice24/query/img_08229_c0_1289590358017082us.jpg 0.294170 0.306227 0.644482 -0.635871 -23.774973 -1069.262898 28.697420
slice24/query/img_08230_c0_1289590358150306us.jpg 0.289479 0.303150 0.645428 -0.638533 -25.926875 -1069.083752 28.635671
slice24/query/img_08231_c0_1289590358217045us.jpg 0.287815 0.300963 0.646345 -0.639391 -27.000114 -1069.000781 28.604247
slice24/query/img_08232_c0_1289590358350276us.jpg 0.284700 0.296280 0.648280 -0.641013 -29.135996 -1068.856547 28.542073
slice24/query/img_08233_c0_1289590358417010us.jpg 0.282986 0.294238 0.649302 -0.641678 -30.204452 -1068.799553 28.510092
slice24/query/img_08234_c0_1289590358483746us.jpg 0.281158 0.292017 0.650564 -0.642216 -31.271087 -1068.751525 28.479165
slice24/query/img_08235_c0_1289590358616979us.jpg 0.277237 0.287249 0.653169 -0.643426 -33.405304 -1068.670643 28.416406
slice24/query/img_08236_c0_1289590358683589us.jpg 0.274893 0.285137 0.654423 -0.644097 -34.472838 -1068.640771 28.393091
slice24/query/img_08237_c0_1289590358817970us.jpg 0.269765 0.281229 0.656085 -0.646289 -36.611528 -1068.591768 28.331888
slice24/query/img_08238_c0_1289590358883555us.jpg 0.266857 0.279426 0.656557 -0.647797 -37.681413 -1068.574962 28.302363
slice24/query/img_08239_c0_1289590358950167us.jpg 0.264323 0.277288 0.657174 -0.649128 -38.745430 -1068.565586 28.272425
slice24/query/img_08240_c0_1289590359083521us.jpg 0.258705 0.273251 0.657683 -0.652578 -40.885732 -1068.566950 28.207360
slice24/query/img_08241_c0_1289590359150133us.jpg 0.256276 0.271185 0.658078 -0.653999 -41.949684 -1068.581018 28.174424
slice24/query/img_08242_c0_1289590359283487us.jpg 0.251539 0.266397 0.659973 -0.655893 -44.076276 -1068.635787 28.114430
slice24/query/img_08243_c0_1289590359350094us.jpg 0.249162 0.263949 0.661141 -0.656614 -45.137441 -1068.676996 28.080940
slice24/query/img_08244_c0_1289590359483453us.jpg 0.244726 0.259126 0.663316 -0.658008 -47.264930 -1068.784033 28.013124
slice24/query/img_08245_c0_1289590359550062us.jpg 0.242703 0.256867 0.664136 -0.658816 -48.325833 -1068.848937 27.982297
slice24/query/img_08246_c0_1289590359616801us.jpg 0.240731 0.254248 0.665205 -0.659477 -49.383592 -1068.922747 27.951736
slice24/query/img_08247_c0_1289590359750027us.jpg 0.236072 0.249479 0.667670 -0.660490 -51.510159 -1069.087065 27.891822
slice24/query/img_08248_c0_1289590359816766us.jpg 0.233972 0.247607 0.668169 -0.661436 -52.564558 -1069.182049 27.862846
slice24/query/img_08249_c0_1289590359950015us.jpg 0.229304 0.243509 0.669286 -0.663460 -54.676996 -1069.368482 27.808965
slice24/query/img_08250_c0_1289590360016731us.jpg 0.227091 0.241064 0.670577 -0.663810 -55.680913 -1069.489409 27.772207
slice24/query/img_08251_c0_1289590360149957us.jpg 0.222348 0.236658 0.675405 -0.662104 -57.768096 -1069.754654 27.713699
slice24/query/img_08252_c0_1289590360216714us.jpg 0.218324 0.236929 0.679039 -0.659625 -58.822272 -1069.884449 27.680038
slice24/query/img_08253_c0_1289590360349943us.jpg 0.215425 0.233251 0.684116 -0.656637 -60.917117 -1070.196296 27.597072
slice24/query/img_08254_c0_1289590360416660us.jpg 0.215467 0.227900 0.685014 -0.657565 -61.999351 -1070.357014 27.535270
slice24/query/img_08255_c0_1289590360549891us.jpg 0.215840 0.219253 0.683677 -0.661760 -64.089334 -1070.700082 27.430076
slice24/query/img_08256_c0_1289590360616625us.jpg 0.214495 0.216619 0.682753 -0.664015 -65.132577 -1070.867985 27.400572
slice24/query/img_08257_c0_1289590360749858us.jpg 0.209198 0.215030 0.682824 -0.666146 -67.244942 -1071.247798 27.350385
