slice24/query/img_07750_c0_1290445352205659us.jpg 0.258687 0.327641 0.647360 -0.637697 193.174738 -1163.785427 42.656320
slice24/query/img_07751_c0_1290445352339282us.jpg 0.263777 0.328448 0.647385 -0.635166 191.153597 -1163.663226 42.417488
slice24/query/img_07752_c0_1290445352405642us.jpg 0.265656 0.329466 0.647080 -0.634166 190.135370 -1163.610039 42.313900
slice24/query/img_07753_c0_1290445352472235us.jpg 0.267126 0.330914 0.646639 -0.633244 189.125064 -1163.543415 42.212398
slice24/query/img_07754_c0_1290445352538847us.jpg 0.268471 0.332738 0.645958 -0.632414 188.104171 -1163.476681 42.112907
slice24/query/img_07755_c0_1290445352672220us.jpg 0.271389 0.336939 0.644633 -0.630292 185.990366 -1163.329095 41.941530
slice24/query/img_07756_c0_1290445352738810us.jpg 0.273214 0.338801 0.643858 -0.629297 184.944164 -1163.240831 41.848828
slice24/query/img_07757_c0_1290445352805547us.jpg 0.275485 0.340395 0.643098 -0.628223 183.902436 -1163.153700 41.752099
slice24/query/img_07758_c0_1290445352872160us.jpg 0.278106 0.341970 0.642312 -0.627016 182.855752 -1163.046154 41.645725
slice24/query/img_07759_c0_1290445353005506us.jpg 0.287290 0.344221 0.639915 -0.624087 180.619228 -1162.877161 41.382386
slice24/query/img_07760_c0_1290445353138757us.jpg 0.293843 0.349807 0.636938 -0.620967 178.585646 -1162.617356 41.240313
slice24/query/img_07761_c0_1290445353205472us.jpg 0.296199 0.352247 0.635365 -0.620080 177.514013 -1162.461644 41.148787
slice24/query/img_07762_c0_1290445353272084us.jpg 0.298088 0.355211 0.633773 -0.619112 176.460811 -1162.309620 41.067344
slice24/query/img_07763_c0_1290445353338698us.jpg 0.300390 0.358348 0.631750 -0.618259 175.400528 -1162.144853 40.984465
slice24/query/img_07764_c0_1290445353472071us.jpg 0.305470 0.364285 0.628221 -0.615892 173.270052 -1161.771949 40.839793
slice24/query/img_07765_c0_1290445353538659us.jpg 0.307646 0.366811 0.626845 -0.614711 172.129014 -1161.563137 40.734192
slice24/query/img_07766_c0_1290445353605398us.jpg 0.309820 0.369174 0.625337 -0.613739 171.012497 -1161.346992 40.629381
slice24/query/img_07767_c0_1290445353738624us.jpg 0.316754 0.373020 0.621849 -0.611414 168.747537 -1160.921370 40.418206
slice24/query/img_07768_c0_1290445353805359us.jpg 0.319629 0.374594 0.620752 -0.610068 167.635629 -1160.683703 40.308836
slice24/query/img_07769_c0_1290445353871972us.jpg 0.322682 0.375909 0.619550 -0.608873 166.536118 -1160.442785 40.211644
slice24/query/img_07770_c0_1290445353938585us.jpg 0.324950 0.377674 0.618072 -0.608077 165.427027 -1160.183893 40.112826
slice24/query/img_07771_c0_1290445354072146us.jpg 0.331038 0.382243 0.614279 -0.605777 163.264107 -1159.679189 39.949310
slice24/query/img_07772_c0_1290445354138548us.jpg 0.333284 0.383925 0.612450 -0.605334 162.191237 -1159.395365 39.869719
slice24/query/img_07773_c0_1290445354205286us.jpg 0.335036 0.385419 0.611014 -0.604868 161.080569 -1159.105106 39.769689
slice24/query/img_07774_c0_1290445354338510us.jpg 0.338383 0.388871 0.608682 -0.603144 158.915728 -1158.506809 39.626453
slice24/query/img_07775_c0_1290445354405248us.jpg 0.339969 0.390390 0.607762 -0.602197 157.829512 -1158.195351 39.538935
slice24/query/img_07776_c0_1290445354471860us.jpg 0.341212 0.391806 0.607588 -0.600748 156.742205 -1157.874193 39.447736
slice24/query/img_07777_c0_1290445354538473us.jpg 0.342518 0.393293 0.607300 -0.599324 155.660879 -1157.548059 39.354860
slice24/query/img_07778_c0_1290445354671823us.jpg 0.345105 0.396562 0.606683 -0.596303 153.499491 -1156.901081 39.193313
slice24/query/img_07779_c0_1290445354738434us.jpg 0.346311 0.398011 0.606424 -0.594900 152.397814 -1156.561032 39.101958
slice24/query/img_07780_c0_1290445354805173us.jpg 0.347543 0.399486 0.605803 -0.593825 151.296560 -1156.220198 39.012403
slice24/query/img_07781_c0_1290445354938778us.jpg 0.350314 0.402222 0.604248 -0.591931 149.082239 -1155.527823 38.836504
slice24/query/img_07782_c0_1290445355005134us.jpg 0.351755 0.403517 0.603518 -0.590938 147.976271 -1155.170278 38.746923
slice24/query/img_07783_c0_1290445355071748us.jpg 0.353100 0.404900 0.602553 -0.590176 146.882749 -1154.798692 38.664621
slice24/query/img_07784_c0_1290445355138361us.jpg 0.354382 0.406464 0.601480 -0.589425 145.779899 -1154.412659 38.555750
slice24/query/img_07785_c0_1290445355271732us.jpg 0.359825 0.407508 0.600314 -0.586589 143.611147 -1153.668325 38.382340
slice24/query/img_07786_c0_1290445355353510us.jpg 0.361785 0.409545 0.599122 -0.585181 142.521728 -1153.277508 38.292691
slice24/query/img_07787_c0_1290445355405061us.jpg 0.363771 0.411703 0.597482 -0.584112 141.454209 -1152.872194 38.210538
slice24/query/img_07788_c0_1290445355471673us.jpg 0.365971 0.413736 0.596231 -0.582577 140.375854 -1152.463177 38.137358
slice24/query/img_07789_c0_1290445355605030us.jpg 0.370266 0.418345 0.593891 -0.578951 138.229249 -1151.643712 38.003001
slice24/query/img_07790_c0_1290445355671635us.jpg 0.372710 0.420506 0.592616 -0.577121 137.138577 -1151.233785 37.888521
slice24/query/img_07791_c0_1290445355805156us.jpg 0.377724 0.424884 0.590477 -0.572831 134.978586 -1150.337882 37.721236
slice24/query/img_07792_c0_1290445355871597us.jpg 0.379944 0.427011 0.588975 -0.571326 133.915462 -1149.869896 37.634625
slice24/query/img_07793_c0_1290445355938209us.jpg 0.381942 0.429166 0.587359 -0.570040 132.841073 -1149.393297 37.554483
slice24/query/img_07794_c0_1290445356071560us.jpg 0.388636 0.430730 0.581550 -0.570292 130.731288 -1148.444019 37.369761
slice24/query/img_07795_c0_1290445356138172us.jpg 0.391174 0.432039 0.579500 -0.569654 129.681729 -1147.957127 37.296459
slice24/query/img_07796_c0_1290445356204911us.jpg 0.391988 0.434374 0.578053 -0.568788 128.640641 -1147.463312 37.223000
slice24/query/img_07797_c0_1290445356271533us.jpg 0.392776 0.437271 0.576651 -0.567445 127.603155 -1146.968951 37.151365
slice24/query/img_07798_c0_1290445356404872us.jpg 0.394819 0.442986 0.573447 -0.564836 125.535512 -1145.963142 37.013546
slice24/query/img_07799_c0_1290445356471484us.jpg 0.396395 0.444839 0.572413 -0.563323 124.478899 -1145.431944 36.927781
slice24/query/img_07800_c0_1290445356538097us.jpg 0.398754 0.446049 0.571687 -0.561435 123.429278 -1144.903869 36.834098
slice24/query/img_07801_c0_1290445356671469us.jpg 0.402574 0.448151 0.567283 -0.561502 121.264795 -1143.776494 36.593762
slice24/query/img_07802_c0_1290445356738060us.jpg 0.405191 0.449256 0.565544 -0.560491 120.249941 -1143.265198 36.536559
slice24/query/img_07803_c0_1290445356871434us.jpg 0.410183 0.450569 0.564955 -0.556384 118.180968 -1142.165087 36.394926
slice24/query/img_07804_c0_1290445356938047us.jpg 0.411619 0.452234 0.563931 -0.555009 117.146894 -1141.599263 36.343450
slice24/query/img_07805_c0_1290445357071394us.jpg 0.415107 0.455668 0.561623 -0.551936 115.113542 -1140.457688 36.185572
slice24/query/img_07806_c0_1290445357137987us.jpg 0.416621 0.457916 0.560285 -0.550292 114.112499 -1139.879960 36.107728
slice24/query/img_07807_c0_1290445357204724us.jpg 0.418044 0.460100 0.559183 -0.548508 113.123921 -1139.303832 36.027235
slice24/query/img_07808_c0_1290445357404683us.jpg 0.424700 0.465023 0.556317 -0.542121 110.130722 -1137.514739 35.775892
slice24/query/img_07809_c0_1290445357537942us.jpg 0.429056 0.468635 0.554140 -0.537792 108.144186 -1136.266095 35.655909
slice24/query/img_07810_c0_1290445357604650us.jpg 0.431019 0.470713 0.552607 -0.535983 107.163926 -1135.629695 35.580974
slice24/query/img_07811_c0_1290445357671262us.jpg 0.433051 0.473025 0.550729 -0.534239 106.197493 -1135.000454 35.511641
slice24/query/img_07812_c0_1290445357737873us.jpg 0.435140 0.475241 0.548858 -0.532498 105.228557 -1134.366071 35.430457
slice24/query/img_07813_c0_1290445357871226us.jpg 0.438687 0.479727 0.546458 -0.528014 103.260971 -1133.026213 35.303073
slice24/query/img_07814_c0_1290445357937836us.jpg 0.440796 0.481658 0.545024 -0.525979 102.283751 -1132.350345 35.217136
slice24/query/img_07815_c0_1290445358004574us.jpg 0.442975 0.483520 0.543523 -0.523989 101.332582 -1131.671905 35.140829
slice24/query/img_07816_c0_1290445358071188us.jpg 0.445322 0.485366 0.541843 -0.522028 100.397752 -1130.992557 35.066488
slice24/query/img_07817_c0_1290445358204539us.jpg 0.449670 0.488238 0.539115 -0.518436 98.566216 -1129.631552 34.936069
slice24/query/img_07818_c0_1290445358271171us.jpg 0.451753 0.489114 0.537476 -0.517500 97.649991 -1128.926772 34.863067
slice24/query/img_07819_c0_1290445358337763us.jpg 0.453624 0.489748 0.535272 -0.517549 96.745869 -1128.215330 34.787772
slice24/query/img_07821_c0_1290445358537751us.jpg 0.457139 0.491353 0.529574 -0.518795 94.069281 -1126.084476 34.593531
slice24/query/img_07822_c0_1290445358604461us.jpg 0.457984 0.492394 0.528668 -0.517986 93.172339 -1125.369886 34.528323
slice24/query/img_07823_c0_1290445358671074us.jpg 0.458733 0.493384 0.528168 -0.516889 92.275076 -1124.652075 34.471021
slice24/query/img_07824_c0_1290445358737687us.jpg 0.459699 0.494236 0.527958 -0.515430 91.373885 -1123.932621 34.405795
slice24/query/img_07825_c0_1290445358871039us.jpg 0.461401 0.495861 0.527899 -0.512399 89.599169 -1122.460871 34.297481
slice24/query/img_07826_c0_1290445358937650us.jpg 0.461906 0.496842 0.527645 -0.511255 88.713183 -1121.727212 34.233932
slice24/query/img_07827_c0_1290445359004387us.jpg 0.462377 0.497875 0.526763 -0.510733 87.848168 -1121.007554 34.170731
slice24/query/img_07828_c0_1290445359137833us.jpg 0.462004 0.500492 0.522667 -0.512717 86.133148 -1119.576289 34.088353
slice24/query/img_07829_c0_1290445359204371us.jpg 0.462675 0.500877 0.521566 -0.512858 85.275679 -1118.856675 34.026965
slice24/query/img_07830_c0_1290445359270963us.jpg 0.463477 0.500856 0.520328 -0.513411 84.418470 -1118.120980 33.965297
slice24/query/img_07831_c0_1290445359337575us.jpg 0.463736 0.500627 0.520129 -0.513601 83.566575 -1117.390969 33.903018
slice24/query/img_07832_c0_1290445359404312us.jpg 0.463602 0.500495 0.520337 -0.513641 82.717798 -1116.684031 33.844169
slice24/query/img_07833_c0_1290445359537560us.jpg 0.463814 0.498857 0.519908 -0.515474 80.964953 -1115.212856 33.695815
slice24/query/img_07834_c0_1290445359604274us.jpg 0.465006 0.497713 0.520185 -0.515227 80.099092 -1114.483537 33.635354
slice24/query/img_07835_c0_1290445359670885us.jpg 0.465362 0.496641 0.521327 -0.514785 79.248857 -1113.758249 33.582159
slice24/query/img_07836_c0_1290445359804264us.jpg 0.464621 0.495288 0.523063 -0.514997 77.541771 -1112.320489 33.476208
slice24/query/img_07837_c0_1290445359870851us.jpg 0.463277 0.495061 0.523816 -0.515660 76.680277 -1111.592387 33.427612
slice24/query/img_07838_c0_1290445359937463us.jpg 0.462501 0.494538 0.524129 -0.516541 75.826163 -1110.887391 33.377564
slice24/query/img_07839_c0_1290445360004201us.jpg 0.462101 0.493349 0.524204 -0.517957 74.974645 -1110.186457 33.334033
slice24/query/img_07840_c0_1290445360137448us.jpg 0.459431 0.491120 0.525344 -0.521285 73.264456 -1108.775588 33.240713
slice24/query/img_07841_c0_1290445360204161us.jpg 0.457062 0.490163 0.526628 -0.522970 72.410139 -1108.072950 33.180172
slice24/query/img_07842_c0_1290445360270777us.jpg 0.454641 0.489134 0.528179 -0.524477 71.553241 -1107.379985 33.119158
slice24/query/img_07843_c0_1290445360337388us.jpg 0.452261 0.488080 0.529184 -0.526500 70.698973 -1106.694269 33.059770
slice24/query/img_07844_c0_1290445360470761us.jpg 0.449209 0.484375 0.530685 -0.531004 68.990043 -1105.386029 32.964908
slice24/query/img_07845_c0_1290445360537351us.jpg 0.448235 0.481219 0.532878 -0.532498 68.125319 -1104.720809 32.902333
slice24/query/img_07846_c0_1290445360604088us.jpg 0.447239 0.478331 0.535059 -0.533749 67.256330 -1104.070678 32.842541
slice24/query/img_07847_c0_1290445360737314us.jpg 0.442365 0.476067 0.539276 -0.535589 65.513770 -1102.766235 32.759537
slice24/query/img_07848_c0_1290445360804072us.jpg 0.439970 0.474904 0.541418 -0.536432 64.628066 -1102.134762 32.707401
slice24/query/img_07849_c0_1290445360938125us.jpg 0.437803 0.470561 0.546179 -0.537206 62.868310 -1100.932362 32.557511
slice24/query/img_07850_c0_1290445361004012us.jpg 0.436618 0.468482 0.548708 -0.537409 61.972294 -1100.320142 32.502981
slice24/query/img_07851_c0_1290445361070625us.jpg 0.435280 0.466995 0.551128 -0.537312 61.067438 -1099.719704 32.459991
slice24/query/img_07852_c0_1290445361137237us.jpg 0.433943 0.465574 0.553739 -0.536943 60.153392 -1099.115685 32.415563
slice24/query/img_07853_c0_1290445361270587us.jpg 0.431393 0.462556 0.557357 -0.537861 58.358913 -1097.948985 32.278480
slice24/query/img_07854_c0_1290445361403939us.jpg 0.427862 0.459956 0.560964 -0.539161 56.573019 -1096.812144 32.167277
slice24/query/img_07855_c0_1290445361470552us.jpg 0.426080 0.458584 0.562022 -0.540637 55.669968 -1096.239179 32.116373
slice24/query/img_07856_c0_1290445361537164us.jpg 0.424197 0.457592 0.562843 -0.542101 54.766871 -1095.667452 32.058138
slice24/query/img_07857_c0_1290445361670536us.jpg 0.419232 0.456374 0.565309 -0.544421 52.959409 -1094.560270 31.966247
slice24/query/img_07858_c0_1290445361737126us.jpg 0.418359 0.454563 0.566127 -0.545755 52.061263 -1094.009644 31.901695
slice24/query/img_07859_c0_1290445361803861us.jpg 0.417965 0.452215 0.566591 -0.547522 51.165841 -1093.461227 31.834807
slice24/query/img_07860_c0_1290445361937094us.jpg 0.415419 0.448008 0.564540 -0.554988 49.369322 -1092.381320 31.695991
slice24/query/img_07861_c0_1290445362003827us.jpg 0.414130 0.445595 0.564766 -0.557656 48.445378 -1091.842388 31.635183
slice24/query/img_07862_c0_1290445362070440us.jpg 0.412367 0.443951 0.564836 -0.560197 47.515527 -1091.308089 31.580114
slice24/query/img_07863_c0_1290445362203791us.jpg 0.408135 0.441482 0.566957 -0.563098 45.627078 -1090.263628 31.475849
slice24/query/img_07864_c0_1290445362270402us.jpg 0.405964 0.440335 0.568880 -0.563626 44.703575 -1089.758183 31.417028
slice24/query/img_07865_c0_1290445362337015us.jpg 0.403827 0.438888 0.570883 -0.564264 43.780855 -1089.264597 31.357579
slice24/query/img_07866_c0_1290445362403752us.jpg 0.402146 0.437251 0.572852 -0.564740 42.861531 -1088.777999 31.296269
slice24/query/img_07867_c0_1290445362537000us.jpg 0.398912 0.433536 0.576148 -0.566542 41.009658 -1087.816358 31.195295
slice24/query/img_07868_c0_1290445362603714us.jpg 0.397860 0.431184 0.577747 -0.567447 40.063715 -1087.343285 31.139566
slice24/query/img_07869_c0_1290445362670325us.jpg 0.396235 0.429212 0.578953 -0.568849 39.119448 -1086.877871 31.083572
slice24/query/img_07870_c0_1290445362736940us.jpg 0.394704 0.427461 0.579651 -0.570518 38.168139 -1086.414996 31.026578
slice24/query/img_07871_c0_1290445362870289us.jpg 0.391149 0.423709 0.583230 -0.572115 36.240351 -1085.505999 30.941541
slice24/query/img_07872_c0_1290445362936903us.jpg 0.389412 0.421344 0.585391 -0.572839 35.262593 -1085.044809 30.881717
slice24/query/img_07873_c0_1290445363003640us.jpg 0.388043 0.419145 0.587152 -0.573578 34.290068 -1084.600153 30.825623
slice24/query/img_07874_c0_1290445363136888us.jpg 0.383997 0.415133 0.588946 -0.577367 32.350711 -1083.702327 30.712923
slice24/query/img_07875_c0_1290445363203603us.jpg 0.382527 0.412892 0.589710 -0.579168 31.361210 -1083.267429 30.651799
slice24/query/img_07876_c0_1290445363270215us.jpg 0.380999 0.410782 0.590746 -0.580618 30.370384 -1082.832940 30.591980
slice24/query/img_07877_c0_1290445363403568us.jpg 0.376130 0.408843 0.591536 -0.584345 28.461456 -1082.051977 30.501550
slice24/query/img_07878_c0_1290445363470198us.jpg 0.374321 0.406978 0.592616 -0.585713 27.447926 -1081.640690 30.441969
slice24/query/img_07879_c0_1290445363536789us.jpg 0.373239 0.404629 0.594050 -0.586577 26.436639 -1081.235528 30.382270
slice24/query/img_07880_c0_1290445363603527us.jpg 0.372932 0.401788 0.595589 -0.587164 25.428076 -1080.839079 30.324450
slice24/query/img_07881_c0_1290445363736775us.jpg 0.372252 0.397118 0.598417 -0.587897 23.483303 -1080.087348 30.225060
slice24/query/img_07882_c0_1290445363803491us.jpg 0.370984 0.395978 0.599673 -0.588188 22.494476 -1079.717178 30.178556
slice24/query/img_07883_c0_1290445363870103us.jpg 0.369674 0.394960 0.600576 -0.588776 21.503378 -1079.354458 30.137670
slice24/query/img_07884_c0_1290445364003454us.jpg 0.366716 0.392647 0.601550 -0.591173 19.515074 -1078.630643 30.056107
slice24/query/img_07885_c0_1290445364070065us.jpg 0.365640 0.390556 0.602236 -0.592524 18.511077 -1078.273138 30.006732
slice24/query/img_07886_c0_1290445364136679us.jpg 0.364657 0.388026 0.603082 -0.593930 17.508883 -1077.919626 29.957668
slice24/query/img_07887_c0_1290445364270030us.jpg 0.361503 0.384939 0.603271 -0.597664 15.459116 -1077.239009 29.838805
slice24/query/img_07888_c0_1290445364336641us.jpg 0.360195 0.383411 0.604160 -0.598537 14.445709 -1076.899381 29.794500
slice24/query/img_07889_c0_1290445364403379us.jpg 0.359296 0.381253 0.605504 -0.599097 13.434096 -1076.568596 29.748042
slice24/query/img_07890_c0_1290445364536627us.jpg 0.356096 0.378127 0.608086 -0.600372 11.399749 -1075.919753 29.659516
slice24/query/img_07891_c0_1290445364603341us.jpg 0.355022 0.376148 0.609644 -0.600672 10.370134 -1075.604571 29.619163
slice24/query/img_07892_c0_1290445364669953us.jpg 0.353511 0.373994 0.611053 -0.601475 9.340592 -1075.295896 29.578618
slice24/query/img_07893_c0_1290445364736565us.jpg 0.352426 0.371320 0.612445 -0.602352 8.316864 -1074.990967 29.539177
slice24/query/img_07894_c0_1290445364869914us.jpg 0.350452 0.365857 0.614652 -0.604594 6.251656 -1074.384885 29.477989
slice24/query/img_07895_c0_1290445364936528us.jpg 0.348716 0.363530 0.615758 -0.605875 5.212218 -1074.096732 29.442891
slice24/query/img_07896_c0_1290445365003266us.jpg 0.346532 0.361567 0.616753 -0.607290 4.177022 -1073.814808 29.411806
slice24/query/img_07897_c0_1290445365136513us.jpg 0.342053 0.357391 0.619206 -0.609799 2.109020 -1073.277639 29.360079
slice24/query/img_07898_c0_1290445365203229us.jpg 0.339739 0.355069 0.620371 -0.611264 1.070816 -1073.016894 29.329397
slice24/query/img_07899_c0_1290445365269842us.jpg 0.337878 0.352728 0.621481 -0.612521 0.035097 -1072.764754 29.299610
slice24/query/img_07900_c0_1290445365336454us.jpg 0.335769 0.350484 0.622901 -0.613525 -0.998504 -1072.520700 29.268790
slice24/query/img_07901_c0_1290445365469812us.jpg 0.332656 0.344912 0.626124 -0.615097 -3.050806 -1072.061720 29.221166
slice24/query/img_07902_c0_1290445365536417us.jpg 0.331415 0.341920 0.627538 -0.615995 -4.082996 -1071.851314 29.192478
slice24/query/img_07903_c0_1290445365603152us.jpg 0.329560 0.339321 0.628958 -0.616979 -5.117571 -1071.645250 29.164845
slice24/query/img_07904_c0_1290445365736404us.jpg 0.325406 0.334924 0.631969 -0.618508 -7.186961 -1071.248611 29.122915
slice24/query/img_07905_c0_1290445365803136us.jpg 0.322569 0.333249 0.632843 -0.620004 -8.226102 -1071.057977 29.095347
slice24/query/img_07906_c0_1290445365869728us.jpg 0.320021 0.331478 0.633897 -0.621195 -9.259925 -1070.869295 29.070006
slice24/query/img_07907_c0_1290445366003188us.jpg 0.312701 0.329503 0.632992 -0.626871 -11.323409 -1070.504581 29.014871
slice24/query/img_07908_c0_1290445366069690us.jpg 0.310755 0.326877 0.633866 -0.628328 -12.353316 -1070.340644 28.980561
slice24/query/img_07909_c0_1290445366136303us.jpg 0.308774 0.324504 0.634654 -0.629738 -13.379628 -1070.184407 28.948493
slice24/query/img_07910_c0_1290445366269655us.jpg 0.304802 0.319268 0.636989 -0.631988 -15.494879 -1069.883221 28.882357
slice24/query/img_07911_c0_1290445366336265us.jpg 0.302116 0.317104 0.638573 -0.632768 -16.546723 -1069.751475 28.851989
slice24/query/img_07912_c0_1290445366469623us.jpg 0.296941 0.313040 0.640758 -0.635029 -18.654438 -1069.505681 28.793556
slice24/query/img_07913_c0_1290445366536229us.jpg 0.295365 0.310499 0.642151 -0.635603 -19.708572 -1069.402471 28.761775
slice24/query/img_07914_c0_1290445366602967us.jpg 0.293403 0.308243 0.643464 -0.636282 -20.759269 -1069.301244 28.728477
slice24/query/img_07915_c0_1290445366736215us.jpg 0.291377 0.302952 0.646434 -0.636744 -22.844248 -1069.131267 28.688670
slice24/query/img_07916_c0_1290445366802930us.jpg 0.289223 0.301411 0.646437 -0.638452 -23.925229 -1069.047673 28.658816
slice24/query/img_07917_c0_1290445366936179us.jpg 0.284151 0.298422 0.647490 -0.641061 -26.059342 -1068.913215 28.606562
slice24/query/img_07918_c0_1290445367002891us.jpg 0.281870 0.296286 0.647960 -0.642582 -27.128267 -1068.851555 28.574176
slice24/query/img_07919_c0_1290445367136121us.jpg 0.278629 0.291889 0.649826 -0.644122 -29.211345 -1068.747871 28.507308
slice24/query/img_07920_c0_1290445367202853us.jpg 0.277012 0.289736 0.651131 -0.644474 -30.256354 -1068.711457 28.474677
slice24/query/img_07921_c0_1290445367269466us.jpg 0.275394 0.287869 0.652454 -0.644665 -31.301940 -1068.682309 28.439520
slice24/query/img_07922_c0_1290445367402823us.jpg 0.272227 0.283982 0.654892 -0.645262 -33.388225 -1068.639130 28.376791
slice24/query/img_07923_c0_1290445367469431us.jpg 0.270309 0.282326 0.655740 -0.645934 -34.438327 -1068.628753 28.350103
slice24/query/img_07924_c0_1290445367602778us.jpg 0.266202 0.278711 0.657928 -0.646983 -36.556725 -1068.619575 28.312800
slice24/query/img_07925_c0_1290445367736035us.jpg 0.262010 0.275392 0.659058 -0.648962 -38.704710 -1068.621865 28.250203
slice24/query/img_07926_c0_1290445367802765us.jpg 0.259708 0.273802 0.659251 -0.650363 -39.777990 -1068.627408 28.216014
slice24/query/img_07927_c0_1290445367869356us.jpg 0.257483 0.271967 0.659498 -0.651766 -40.843033 -1068.641998 28.185325
slice24/query/img_07928_c0_1290445368002828us.jpg 0.253584 0.268346 0.660480 -0.653798 -42.979611 -1068.693420 28.122953
slice24/query/img_07929_c0_1290445368136057us.jpg 0.249524 0.264297 0.662450 -0.655015 -45.096662 -1068.765338 28.057254
slice24/query/img_07930_c0_1290445368202792us.jpg 0.247772 0.262160 0.663351 -0.655627 -46.150934 -1068.811715 28.025635
slice24/query/img_07931_c0_1290445368269406us.jpg 0.245930 0.260110 0.664190 -0.656287 -47.199892 -1068.865340 27.992501
slice24/query/img_07932_c0_1290445368336017us.jpg 0.244181 0.258058 0.664778 -0.657154 -48.243891 -1068.928401 27.963708
slice24/query/img_07933_c0_1290445368469392us.jpg 0.240494 0.253298 0.666930 -0.658185 -50.332463 -1069.078761 27.909426
slice24/query/img_07934_c0_1290445368535980us.jpg 0.238329 0.251140 0.668027 -0.658687 -51.374125 -1069.160809 27.882776
slice24/query/img_07935_c0_1290445368602717us.jpg 0.236159 0.249395 0.668441 -0.659710 -52.411250 -1069.249129 27.856472
slice24/query/img_07936_c0_1290445368669331us.jpg 0.234355 0.247648 0.668508 -0.660943 -53.443310 -1069.343522 27.828364
slice24/query/img_07937_c0_1290445368802681us.jpg 0.229942 0.242887 0.669892 -0.662855 -55.490070 -1069.579390 27.755094
slice24/query/img_07938_c0_1290445368869294us.jpg 0.228035 0.239965 0.671505 -0.662946 -56.502022 -1069.683227 27.726750
slice24/query/img_07939_c0_1290445368935912us.jpg 0.225572 0.238868 0.673499 -0.662162 -57.523428 -1069.805871 27.694815
slice24/query/img_07940_c0_1290445369069279us.jpg 0.217271 0.237808 0.680319 -0.658336 -59.588713 -1070.029495 27.649359
slice24/query/img_07941_c0_1290445369135868us.jpg 0.217894 0.234721 0.683081 -0.656376 -60.603777 -1070.184666 27.600501
slice24/query/img_07942_c0_1290445369202607us.jpg 0.218550 0.230968 0.683922 -0.656613 -61.604008 -1070.335391 27.554282
slice24/query/img_07943_c0_1290445369335832us.jpg 0.217130 0.220459 0.683032 -0.661604 -63.708687 -1070.634922 27.440771
slice24/query/img_07944_c0_1290445369402568us.jpg 0.216350 0.217033 0.682306 -0.663737 -64.709270 -1070.798183 27.412516
slice24/query/img_07945_c0_1290445369535817us.jpg 0.210958 0.214220 0.681706 -0.666995 -66.761574 -1071.136692 27.374622
