slice24/query/img_08177_c0_1292959649131943us.jpg 0.259217 0.328941 0.647440 -0.636731 193.306373 -1163.849989 42.653098
slice24/query/img_08178_c0_1292959649198588us.jpg 0.261925 0.329725 0.647144 -0.635517 192.221898 -1163.791305 42.541744
slice24/query/img_08179_c0_1292959649265317us.jpg 0.264343 0.331234 0.646293 -0.634596 191.140049 -1163.745272 42.424151
slice24/query/img_08180_c0_1292959649398590us.jpg 0.269234 0.333582 0.645887 -0.631716 188.963083 -1163.586588 42.154459
slice24/query/img_08181_c0_1292959649465318us.jpg 0.270843 0.335547 0.645434 -0.630450 187.861775 -1163.487673 42.054322
slice24/query/img_08182_c0_1292959649531944us.jpg 0.272192 0.338026 0.644550 -0.629449 186.768486 -1163.393082 41.956700
slice24/query/img_08183_c0_1292959649665341us.jpg 0.278673 0.340466 0.645488 -0.624315 184.579913 -1163.192420 41.788104
slice24/query/img_08184_c0_1292959649731943us.jpg 0.281146 0.342063 0.644459 -0.623395 183.451373 -1163.082093 41.693792
slice24/query/img_08185_c0_1292959649798575us.jpg 0.283548 0.343382 0.643146 -0.622938 182.345789 -1162.956648 41.589559
slice24/query/img_08186_c0_1292959649865320us.jpg 0.286605 0.345164 0.641482 -0.622270 181.260260 -1162.878163 41.471263
slice24/query/img_08187_c0_1292959649998577us.jpg 0.294356 0.348256 0.637774 -0.620738 178.969294 -1162.547990 41.263939
slice24/query/img_08188_c0_1292959650065323us.jpg 0.296464 0.350369 0.636305 -0.620053 177.805214 -1162.378475 41.164186
slice24/query/img_08189_c0_1292959650131948us.jpg 0.298438 0.352731 0.635005 -0.619099 176.638053 -1162.203452 41.077757
slice24/query/img_08190_c0_1292959650198578us.jpg 0.300392 0.355804 0.633060 -0.618387 175.481366 -1162.028535 41.002096
slice24/query/img_08191_c0_1292959650331951us.jpg 0.306032 0.360546 0.630253 -0.615737 173.115678 -1161.621677 40.775859
slice24/query/img_08192_c0_1292959650465327us.jpg 0.312069 0.365691 0.627559 -0.612415 170.802008 -1161.198383 40.561799
slice24/query/img_08193_c0_1292959650531951us.jpg 0.314866 0.368378 0.626014 -0.610953 169.658009 -1160.983306 40.458241
slice24/query/img_08194_c0_1292959650598582us.jpg 0.317455 0.371054 0.624516 -0.609525 168.520331 -1160.745442 40.340412
slice24/query/img_08195_c0_1292959650731976us.jpg 0.325736 0.375656 0.621191 -0.605723 166.307728 -1160.268308 40.195180
slice24/query/img_08196_c0_1292959650798583us.jpg 0.328201 0.378581 0.619373 -0.604431 165.182678 -1159.995496 40.107286
slice24/query/img_08197_c0_1292959650865329us.jpg 0.330242 0.381876 0.617125 -0.603546 164.031144 -1159.714689 40.015141
slice24/query/img_08198_c0_1292959650998708us.jpg 0.335638 0.386733 0.612583 -0.602103 161.682525 -1159.151068 39.832533
slice24/query/img_08199_c0_1292959651065353us.jpg 0.338130 0.388345 0.611041 -0.601237 160.500624 -1158.816549 39.731932
slice24/query/img_08200_c0_1292959651131955us.jpg 0.340130 0.390265 0.609867 -0.600056 159.328966 -1158.476242 39.639548
slice24/query/img_08201_c0_1292959651198588us.jpg 0.342267 0.392044 0.608893 -0.598669 158.158247 -1158.133371 39.555192
slice24/query/img_08202_c0_1292959651331981us.jpg 0.345160 0.395665 0.607977 -0.595548 155.831170 -1157.432627 39.348688
slice24/query/img_08203_c0_1292959651398589us.jpg 0.346771 0.397411 0.607887 -0.593538 154.685939 -1157.072298 39.267239
slice24/query/img_08204_c0_1292959651465334us.jpg 0.348007 0.399344 0.607213 -0.592206 153.548298 -1156.715019 39.183478
slice24/query/img_08205_c0_1292959651598590us.jpg 0.351406 0.402334 0.606851 -0.588535 151.228951 -1155.975954 38.997079
slice24/query/img_08206_c0_1292959651665357us.jpg 0.352798 0.403601 0.605969 -0.587743 150.044755 -1155.594663 38.903452
slice24/query/img_08207_c0_1292959651731961us.jpg 0.354436 0.405167 0.604590 -0.587100 148.872938 -1155.217803 38.815542
slice24/query/img_08208_c0_1292959651798591us.jpg 0.356011 0.406464 0.603468 -0.586403 147.699984 -1154.821883 38.729888
slice24/query/img_08209_c0_1292959651931990us.jpg 0.360205 0.408449 0.601366 -0.584620 145.381982 -1153.998716 38.527511
slice24/query/img_08210_c0_1292959651998593us.jpg 0.361623 0.409780 0.600302 -0.583906 144.230601 -1153.586508 38.450645
slice24/query/img_08211_c0_1292959652065338us.jpg 0.363215 0.411225 0.599049 -0.583189 143.084768 -1153.162471 38.363473
slice24/query/img_08212_c0_1292959652131966us.jpg 0.364121 0.413307 0.597173 -0.583076 141.925472 -1152.729963 38.263947
slice24/query/img_08213_c0_1292959652265364us.jpg 0.367531 0.417243 0.594453 -0.580908 139.576270 -1151.852957 38.086577
slice24/query/img_08214_c0_1292959652331967us.jpg 0.369380 0.418937 0.593326 -0.579668 138.417786 -1151.393562 37.990879
slice24/query/img_08215_c0_1292959652398597us.jpg 0.371714 0.420690 0.592263 -0.577990 137.282206 -1150.934985 37.899853
slice24/query/img_08216_c0_1292959652598598us.jpg 0.376955 0.428233 0.589934 -0.571401 133.861013 -1149.500597 37.639761
slice24/query/img_08217_c0_1292959652665346us.jpg 0.379505 0.430750 0.588297 -0.569507 132.803254 -1149.069117 37.520215
slice24/query/img_08218_c0_1292959652798622us.jpg 0.386256 0.433190 0.582613 -0.568960 130.556017 -1148.020155 37.367526
slice24/query/img_08219_c0_1292959652865346us.jpg 0.389244 0.435170 0.580010 -0.568071 129.433243 -1147.558342 37.261644
slice24/query/img_08220_c0_1292959652931972us.jpg 0.389994 0.438096 0.578543 -0.566802 128.305877 -1147.015204 37.181114
slice24/query/img_08221_c0_1292959653065348us.jpg 0.392498 0.444692 0.575872 -0.562642 126.135188 -1145.922154 37.060625
slice24/query/img_08222_c0_1292959653132000us.jpg 0.394450 0.447754 0.574080 -0.560677 125.032836 -1145.415761 36.981284
slice24/query/img_08223_c0_1292959653198603us.jpg 0.396842 0.450083 0.572813 -0.558416 123.972045 -1144.871865 36.905980
slice24/query/img_08224_c0_1292959653265349us.jpg 0.399515 0.452210 0.571031 -0.556613 122.923258 -1144.348557 36.787290
slice24/query/img_08225_c0_1292959653398628us.jpg 0.407370 0.452718 0.568187 -0.553407 120.739044 -1143.210343 36.559092
slice24/query/img_08226_c0_1292959653465350us.jpg 0.409553 0.453714 0.566426 -0.552784 119.656794 -1142.629618 36.496004
slice24/query/img_08227_c0_1292959653531977us.jpg 0.410917 0.454348 0.566279 -0.551401 118.664065 -1141.944043 36.475087
slice24/query/img_08228_c0_1292959653665373us.jpg 0.413479 0.457638 0.561245 -0.551911 116.366428 -1140.858159 36.257032
slice24/query/img_08229_c0_1292959653731978us.jpg 0.414426 0.458864 0.559891 -0.551559 115.358117 -1140.229892 36.207846
slice24/query/img_08230_c0_1292959653798607us.jpg 0.415433 0.459728 0.558928 -0.551058 114.324954 -1139.601120 36.134614
slice24/query/img_08231_c0_1292959653932088us.jpg 0.416799 0.461482 0.558116 -0.549381 112.378439 -1138.270542 36.010396
slice24/query/img_08232_c0_1292959653998607us.jpg 0.418283 0.462464 0.557467 -0.548085 111.386975 -1137.690834 35.944988
slice24/query/img_08233_c0_1292959654065358us.jpg 0.419879 0.463811 0.556182 -0.547031 110.391202 -1137.126304 35.864648
slice24/query/img_08234_c0_1292959654198634us.jpg 0.422334 0.466764 0.555065 -0.543754 108.368014 -1135.944959 35.711453
slice24/query/img_08235_c0_1292959654265358us.jpg 0.423864 0.468585 0.554063 -0.542016 107.357141 -1135.375200 35.647874
slice24/query/img_08236_c0_1292959654331991us.jpg 0.425496 0.470143 0.552902 -0.540571 106.391247 -1134.764114 35.559346
slice24/query/img_08237_c0_1292959654398610us.jpg 0.427094 0.471655 0.551734 -0.539186 105.440824 -1134.118073 35.442209
slice24/query/img_08238_c0_1292959654532009us.jpg 0.430648 0.474788 0.550317 -0.535042 103.481737 -1132.824227 35.205511
slice24/query/img_08239_c0_1292959654598611us.jpg 0.432346 0.476814 0.549248 -0.532965 102.451387 -1132.166902 35.179261
slice24/query/img_08240_c0_1292959654731989us.jpg 0.436822 0.479918 0.547671 -0.528130 100.386114 -1130.834977 35.052912
slice24/query/img_08241_c0_1292959654798617us.jpg 0.438761 0.482121 0.546396 -0.525832 99.403075 -1130.203361 35.018294
slice24/query/img_08242_c0_1292959654865363us.jpg 0.441507 0.483643 0.544741 -0.523851 98.481937 -1129.564746 34.899117
slice24/query/img_08243_c0_1292959654931990us.jpg 0.443962 0.485183 0.543160 -0.521989 97.540883 -1128.916509 34.845253
slice24/query/img_08244_c0_1292959655065388us.jpg 0.449896 0.486987 0.539650 -0.518860 95.860362 -1127.585129 34.700474
slice24/query/img_08245_c0_1292959655131994us.jpg 0.452014 0.487946 0.538282 -0.517538 94.919256 -1126.885067 34.654140
slice24/query/img_08246_c0_1292959655198619us.jpg 0.453773 0.489564 0.536656 -0.516156 94.057544 -1126.211761 34.610396
slice24/query/img_08247_c0_1292959655265365us.jpg 0.455510 0.491167 0.535041 -0.514779 93.161752 -1125.562216 34.532540
slice24/query/img_08248_c0_1292959655398645us.jpg 0.458894 0.493559 0.531974 -0.512659 91.349282 -1124.138428 34.415709
slice24/query/img_08249_c0_1292959655465368us.jpg 0.460812 0.494671 0.530780 -0.511102 90.476185 -1123.477055 34.370242
slice24/query/img_08250_c0_1292959655531996us.jpg 0.461957 0.495955 0.529288 -0.510371 89.578384 -1122.794394 34.317474
slice24/query/img_08251_c0_1292959655665392us.jpg 0.462627 0.498748 0.525671 -0.510780 88.057002 -1121.419827 34.247240
slice24/query/img_08252_c0_1292959655731997us.jpg 0.462738 0.499123 0.525312 -0.510683 87.164774 -1120.674658 34.195892
slice24/query/img_08253_c0_1292959655798625us.jpg 0.462443 0.499552 0.524274 -0.511596 86.283283 -1119.943152 34.126509
slice24/query/img_08254_c0_1292959655931996us.jpg 0.462237 0.499424 0.519164 -0.517089 84.516952 -1118.434758 33.881623
slice24/query/img_08255_c0_1292959655998628us.jpg 0.462143 0.498872 0.518822 -0.518049 83.660510 -1117.705617 33.825350
slice24/query/img_08256_c0_1292959656065373us.jpg 0.461676 0.498016 0.519523 -0.518586 82.790630 -1116.977662 33.765438
slice24/query/img_08257_c0_1292959656131999us.jpg 0.461031 0.497387 0.520120 -0.519164 81.922966 -1116.252533 33.703189
slice24/query/img_08258_c0_1292959656265375us.jpg 0.461984 0.496015 0.521503 -0.518242 80.300520 -1114.791246 33.653977
slice24/query/img_08259_c0_1292959656332000us.jpg 0.462908 0.494197 0.522818 -0.517829 79.440859 -1114.064350 33.587602
slice24/query/img_08260_c0_1292959656398630us.jpg 0.462776 0.493213 0.523809 -0.517884 78.572477 -1113.368119 33.525489
slice24/query/img_08261_c0_1292959656465376us.jpg 0.462087 0.492552 0.524738 -0.518187 77.706176 -1112.674831 33.467684
slice24/query/img_08262_c0_1292959656598655us.jpg 0.459374 0.492273 0.525739 -0.519848 76.012579 -1111.287242 33.363524
slice24/query/img_08263_c0_1292959656665377us.jpg 0.458663 0.491371 0.525542 -0.521525 75.157001 -1110.589361 33.318103
slice24/query/img_08264_c0_1292959656732004us.jpg 0.458158 0.490258 0.526020 -0.522534 74.310883 -1109.894739 33.275709
slice24/query/img_08265_c0_1292959656865378us.jpg 0.455632 0.489339 0.528310 -0.523292 72.573240 -1108.551779 33.164545
slice24/query/img_08266_c0_1292959656932006us.jpg 0.453851 0.489346 0.529994 -0.523131 71.700397 -1107.906395 33.107821
slice24/query/img_08267_c0_1292959656998634us.jpg 0.452738 0.489079 0.531035 -0.523289 70.831018 -1107.251038 33.047775
slice24/query/img_08268_c0_1292959657065380us.jpg 0.452061 0.488134 0.531685 -0.524097 69.944190 -1106.585933 32.972519
slice24/query/img_08269_c0_1292959657198658us.jpg 0.450311 0.481989 0.534721 -0.528185 68.323023 -1105.077322 32.853506
slice24/query/img_08270_c0_1292959657265389us.jpg 0.449503 0.479487 0.536214 -0.529635 67.451718 -1104.426442 32.796755
slice24/query/img_08271_c0_1292959657332008us.jpg 0.448549 0.477420 0.537016 -0.531496 66.586909 -1103.784569 32.747692
slice24/query/img_08272_c0_1292959657398638us.jpg 0.446241 0.476826 0.537052 -0.533930 65.727133 -1103.145638 32.705594
slice24/query/img_08273_c0_1292959657532034us.jpg 0.441543 0.473444 0.539259 -0.538600 63.892112 -1101.810969 32.593226
slice24/query/img_08274_c0_1292959657598644us.jpg 0.439778 0.470862 0.541336 -0.540222 62.998801 -1101.174564 32.541495
slice24/query/img_08275_c0_1292959657665386us.jpg 0.438084 0.468531 0.543763 -0.541187 62.096844 -1100.559140 32.479841
slice24/query/img_08276_c0_1292959657798641us.jpg 0.435093 0.465049 0.548987 -0.541329 60.246689 -1099.395662 32.376270
slice24/query/img_08277_c0_1292959657865387us.jpg 0.433659 0.463586 0.551697 -0.540979 59.337424 -1098.820812 32.316371
slice24/query/img_08278_c0_1292959657932013us.jpg 0.432277 0.461789 0.554353 -0.540907 58.430210 -1098.242547 32.252560
slice24/query/img_08279_c0_1292959658065414us.jpg 0.428254 0.459386 0.558715 -0.541664 56.587120 -1097.081594 32.122456
slice24/query/img_08280_c0_1292959658132016us.jpg 0.426483 0.458126 0.560096 -0.542702 55.657881 -1096.500685 32.066889
slice24/query/img_08281_c0_1292959658198644us.jpg 0.424419 0.457306 0.560890 -0.544190 54.743572 -1095.923679 32.020049
slice24/query/img_08282_c0_1292959658332017us.jpg 0.419930 0.455730 0.563155 -0.546649 52.786642 -1094.739511 31.911678
slice24/query/img_08283_c0_1292959658398666us.jpg 0.418976 0.454435 0.563472 -0.548130 51.878399 -1094.194024 31.853830
slice24/query/img_08284_c0_1292959658465392us.jpg 0.418556 0.452741 0.563565 -0.549755 50.939317 -1093.647377 31.784367
slice24/query/img_08285_c0_1292959658532018us.jpg 0.418409 0.450193 0.564356 -0.551147 50.049647 -1093.082875 31.717537
slice24/query/img_08286_c0_1292959658665417us.jpg 0.416924 0.446105 0.564407 -0.555526 48.209761 -1091.927155 31.618545
slice24/query/img_08287_c0_1292959658732020us.jpg 0.415262 0.444886 0.564402 -0.557750 47.241239 -1091.376754 31.572691
slice24/query/img_08288_c0_1292959658798650us.jpg 0.413221 0.444090 0.564536 -0.559761 46.290894 -1090.837219 31.522345
slice24/query/img_08289_c0_1292959658932045us.jpg 0.408436 0.442333 0.566481 -0.562691 44.264711 -1089.781510 31.404438
slice24/query/img_08290_c0_1292959658998668us.jpg 0.406481 0.440827 0.568151 -0.563603 43.287418 -1089.253569 31.344908
slice24/query/img_08291_c0_1292959659065398us.jpg 0.405023 0.439080 0.569750 -0.564402 42.310031 -1088.739515 31.281454
slice24/query/img_08292_c0_1292959659132023us.jpg 0.403829 0.437091 0.571202 -0.565334 41.326214 -1088.251609 31.213217
slice24/query/img_08293_c0_1292959659265422us.jpg 0.400628 0.432190 0.575948 -0.566563 39.360732 -1087.279185 31.090554
slice24/query/img_08294_c0_1292959659332028us.jpg 0.399418 0.429766 0.577596 -0.567582 38.370518 -1086.799988 31.041398
slice24/query/img_08295_c0_1292959659398653us.jpg 0.398193 0.427784 0.578476 -0.569042 37.365904 -1086.378314 30.960276
slice24/query/img_08296_c0_1292959659465436us.jpg 0.396599 0.425639 0.580122 -0.570087 36.390013 -1085.902303 30.901027
slice24/query/img_08297_c0_1292959659598658us.jpg 0.393624 0.421937 0.582916 -0.572048 34.332183 -1085.046792 30.768723
slice24/query/img_08298_c0_1292959659665403us.jpg 0.391744 0.420212 0.583899 -0.573603 33.276865 -1084.533420 30.694724
slice24/query/img_08299_c0_1292959659732028us.jpg 0.390166 0.417939 0.584776 -0.575443 32.192342 -1084.027638 30.586555
slice24/query/img_08300_c0_1292959659865403us.jpg 0.385078 0.415076 0.586846 -0.578826 30.321524 -1082.992776 30.535400
slice24/query/img_08301_c0_1292959659998678us.jpg 0.380357 0.413048 0.588577 -0.581633 28.229808 -1082.175494 30.416453
slice24/query/img_08302_c0_1292959660065405us.jpg 0.378683 0.411144 0.590028 -0.582604 27.218679 -1081.744623 30.357741
slice24/query/img_08303_c0_1292959660132031us.jpg 0.377562 0.408425 0.591741 -0.583505 26.198740 -1081.313555 30.311107
slice24/query/img_08304_c0_1292959660265407us.jpg 0.376731 0.402706 0.593975 -0.585743 24.291421 -1080.501475 30.211757
slice24/query/img_08305_c0_1292959660332033us.jpg 0.375395 0.401315 0.594685 -0.586834 23.291809 -1080.123189 30.157950
slice24/query/img_08306_c0_1292959660398661us.jpg 0.373639 0.400527 0.595180 -0.587990 22.302619 -1079.778838 30.110781
slice24/query/img_08307_c0_1292959660532034us.jpg 0.371126 0.396404 0.597558 -0.589961 20.410688 -1079.049684 30.050680
slice24/query/img_08308_c0_1292959660598662us.jpg 0.369174 0.395414 0.597589 -0.591817 19.372462 -1078.611560 29.997099
slice24/query/img_08309_c0_1292959660665409us.jpg 0.367585 0.393198 0.598704 -0.593153 18.340809 -1078.228227 29.950504
slice24/query/img_08310_c0_1292959660732036us.jpg 0.366127 0.391107 0.599815 -0.594313 17.287085 -1077.900475 29.905689
slice24/query/img_08311_c0_1292959660865414us.jpg 0.362173 0.385813 0.603232 -0.596733 15.039397 -1077.064154 29.741307
slice24/query/img_08312_c0_1292959660932058us.jpg 0.360396 0.383186 0.604865 -0.597847 13.941206 -1076.707831 29.689296
slice24/query/img_08313_c0_1292959660998668us.jpg 0.358851 0.380418 0.606602 -0.598783 12.879796 -1076.357091 29.650552
slice24/query/img_08314_c0_1292959661065414us.jpg 0.357008 0.377839 0.608052 -0.600047 11.809581 -1076.016971 29.618621
slice24/query/img_08315_c0_1292959661198669us.jpg 0.353056 0.372568 0.610923 -0.602758 9.700116 -1075.305094 29.589563
slice24/query/img_08316_c0_1292959661265415us.jpg 0.351086 0.369426 0.612323 -0.604420 8.601259 -1074.993071 29.540224
slice24/query/img_08317_c0_1292959661332039us.jpg 0.349205 0.366525 0.613727 -0.605851 7.534500 -1074.689668 29.504950
slice24/query/img_08318_c0_1292959661398671us.jpg 0.347123 0.363781 0.615251 -0.607153 6.472562 -1074.393074 29.476013
slice24/query/img_08319_c0_1292959661532061us.jpg 0.343323 0.358778 0.618374 -0.609115 4.336051 -1073.825963 29.415339
slice24/query/img_08320_c0_1292959661598672us.jpg 0.341109 0.356284 0.619881 -0.610289 3.242850 -1073.579137 29.379806
slice24/query/img_08321_c0_1292959661665418us.jpg 0.339284 0.353862 0.621065 -0.611512 2.187016 -1073.327945 29.342995
slice24/query/img_08322_c0_1292959661798674us.jpg 0.335038 0.349072 0.623865 -0.613752 0.098356 -1072.750711 29.328891
slice24/query/img_08323_c0_1292959661865419us.jpg 0.333046 0.346959 0.625023 -0.614854 -0.963011 -1072.512454 29.289579
slice24/query/img_08324_c0_1292959661932045us.jpg 0.331480 0.344481 0.626205 -0.615890 -2.022514 -1072.287010 29.250137
slice24/query/img_08325_c0_1292959661998677us.jpg 0.330009 0.341749 0.627681 -0.616699 -3.078815 -1072.065827 29.227990
slice24/query/img_08326_c0_1292959662132047us.jpg 0.327823 0.336186 0.630315 -0.618235 -5.218333 -1071.651301 29.134966
slice24/query/img_08327_c0_1292959662198675us.jpg 0.325833 0.333879 0.631974 -0.618843 -6.290611 -1071.460709 29.099350
slice24/query/img_08328_c0_1292959662265422us.jpg 0.323370 0.331985 0.633851 -0.619234 -7.340283 -1071.250384 29.079914
slice24/query/img_08329_c0_1292959662398895us.jpg 0.318814 0.328700 0.636604 -0.620523 -9.469942 -1070.819446 28.976157
slice24/query/img_08330_c0_1292959662532074us.jpg 0.310678 0.329846 0.630879 -0.629819 -11.709192 -1070.667786 28.850745
slice24/query/img_08331_c0_1292959662598698us.jpg 0.308069 0.328703 0.629735 -0.632836 -12.771188 -1070.553150 28.746974
slice24/query/img_08332_c0_1292959662665428us.jpg 0.306023 0.325936 0.630502 -0.634494 -13.808594 -1070.305395 28.712022
slice24/query/img_08333_c0_1292959662732051us.jpg 0.304447 0.322934 0.631340 -0.635953 -14.853596 -1070.121654 28.701066
slice24/query/img_08334_c0_1292959662865429us.jpg 0.299500 0.318162 0.634257 -0.637802 -17.011329 -1069.704793 28.677748
slice24/query/img_08335_c0_1292959662932053us.jpg 0.297424 0.315639 0.635699 -0.638590 -18.154296 -1069.597976 28.708233
slice24/query/img_08336_c0_1292959663065452us.jpg 0.294146 0.309932 0.639470 -0.639139 -20.323430 -1069.360306 28.649864
slice24/query/img_08337_c0_1292959663132054us.jpg 0.292480 0.308301 0.641129 -0.639030 -21.400770 -1069.250849 28.661836
slice24/query/img_08338_c0_1292959663198686us.jpg 0.290228 0.306604 0.642405 -0.639592 -22.508811 -1069.169745 28.660148
slice24/query/img_08339_c0_1292959663332055us.jpg 0.284610 0.303773 0.642662 -0.643199 -24.642426 -1069.064976 28.563689
slice24/query/img_08340_c0_1292959663398684us.jpg 0.282833 0.301536 0.644320 -0.643376 -25.713767 -1068.998975 28.560104
slice24/query/img_08341_c0_1292959663532059us.jpg 0.280338 0.296603 0.646779 -0.644293 -27.834289 -1069.034266 28.497173
slice24/query/img_08342_c0_1292959663598708us.jpg 0.278134 0.294628 0.647560 -0.645370 -28.927716 -1068.979012 28.469736
slice24/query/img_08343_c0_1292959663665434us.jpg 0.276010 0.292651 0.648739 -0.645997 -30.020816 -1068.934651 28.439626
slice24/query/img_08344_c0_1292959663732060us.jpg 0.274154 0.290166 0.650268 -0.646370 -31.115855 -1068.913179 28.403608
slice24/query/img_08345_c0_1292959663865435us.jpg 0.270205 0.284319 0.654032 -0.646834 -33.321592 -1068.760480 28.429029
slice24/query/img_08346_c0_1292959663998713us.jpg 0.265723 0.279229 0.656284 -0.648624 -35.528592 -1068.565532 28.295800
slice24/query/img_08347_c0_1292959664065457us.jpg 0.263378 0.277272 0.657117 -0.649576 -36.600182 -1068.558732 28.272545
slice24/query/img_08348_c0_1292959664132063us.jpg 0.260777 0.275266 0.658337 -0.650244 -37.663472 -1068.545736 28.263204
slice24/query/img_08349_c0_1292959664265463us.jpg 0.256532 0.270872 0.660616 -0.651464 -39.739365 -1068.559713 28.232398
slice24/query/img_08350_c0_1292959664332064us.jpg 0.254457 0.268569 0.661307 -0.652531 -40.778747 -1068.558337 28.220294
slice24/query/img_08351_c0_1292959664398695us.jpg 0.252132 0.266853 0.661289 -0.654153 -41.867332 -1068.613203 28.179284
slice24/query/img_08352_c0_1292959664465441us.jpg 0.249295 0.265303 0.661578 -0.655576 -42.953887 -1068.671305 28.148262
slice24/query/img_08353_c0_1292959664598698us.jpg 0.245160 0.261052 0.663795 -0.656601 -45.136242 -1068.798794 28.117494
slice24/query/img_08354_c0_1292959664665463us.jpg 0.243264 0.259451 0.664750 -0.656975 -46.231798 -1068.881375 28.081783
slice24/query/img_08355_c0_1292959664732067us.jpg 0.241921 0.257897 0.665473 -0.657350 -47.309740 -1068.970036 28.039149
slice24/query/img_08356_c0_1292959664866835us.jpg 0.240456 0.253591 0.667935 -0.657066 -49.312291 -1069.019037 27.976546
slice24/query/img_08357_c0_1292959664932070us.jpg 0.239715 0.251594 0.669073 -0.656946 -50.430471 -1069.162410 27.891407
slice24/query/img_08358_c0_1292959665065466us.jpg 0.237052 0.249099 0.671198 -0.656696 -52.652999 -1069.394398 27.855911
slice24/query/img_08359_c0_1292959665132071us.jpg 0.235545 0.248499 0.670644 -0.658030 -53.727626 -1069.561569 27.828456
slice24/query/img_08360_c0_1292959665265447us.jpg 0.230968 0.245059 0.670739 -0.660840 -55.864496 -1069.801557 27.721533
slice24/query/img_08361_c0_1292959665332095us.jpg 0.228376 0.242840 0.672140 -0.661136 -56.922307 -1069.849086 27.721962
slice24/query/img_08362_c0_1292959665398702us.jpg 0.226240 0.241733 0.672446 -0.661964 -58.011484 -1070.043339 27.621383
slice24/query/img_08363_c0_1292959665465448us.jpg 0.221018 0.243433 0.676524 -0.658944 -59.050244 -1070.140940 27.663822
slice24/query/img_08364_c0_1292959665598706us.jpg 0.217553 0.238180 0.681269 -0.657126 -61.224135 -1070.401263 27.557090
slice24/query/img_08365_c0_1292959665665449us.jpg 0.219104 0.232734 0.681967 -0.657837 -62.274622 -1070.541272 27.482265
slice24/query/img_08366_c0_1292959665732077us.jpg 0.219516 0.227717 0.681973 -0.659448 -63.347237 -1070.712776 27.428478
slice24/query/img_08367_c0_1292959665798705us.jpg 0.219490 0.223934 0.681566 -0.661170 -64.376860 -1070.860138 27.392836
slice24/query/img_08368_c0_1292959665932078us.jpg 0.216495 0.218694 0.680925 -0.664563 -66.490525 -1071.191109 27.352691
