slice24/query/img_08145_c0_1299251250648481us.jpg 0.264840 0.323347 0.657156 -0.627257 193.450432 -1166.696550 42.783188
slice24/query/img_08146_c0_1299251250781883us.jpg 0.269755 0.324723 0.653980 -0.627772 191.249611 -1166.545543 42.408009
slice24/query/img_08147_c0_1299251250848481us.jpg 0.271059 0.326396 0.652803 -0.627568 190.100494 -1166.456624 42.302085
slice24/query/img_08148_c0_1299251250915106us.jpg 0.273005 0.327999 0.651282 -0.627468 188.961936 -1166.388089 42.204025
slice24/query/img_08149_c0_1299251251048508us.jpg 0.276938 0.332271 0.649272 -0.625577 186.811005 -1166.230589 42.035892
slice24/query/img_08150_c0_1299251251115107us.jpg 0.278648 0.334555 0.648490 -0.624411 185.690469 -1166.150362 41.929523
slice24/query/img_08151_c0_1299251251181858us.jpg 0.281125 0.336463 0.647798 -0.622992 184.573006 -1166.070338 41.827887
slice24/query/img_08152_c0_1299251251315108us.jpg 0.287912 0.338733 0.646580 -0.619920 182.235679 -1165.782656 41.542806
slice24/query/img_08153_c0_1299251251381857us.jpg 0.290704 0.341013 0.644952 -0.619062 181.043468 -1165.673210 41.471371
slice24/query/img_08154_c0_1299251251448481us.jpg 0.293151 0.342981 0.643460 -0.618374 179.842200 -1165.540618 41.383487
slice24/query/img_08155_c0_1299251251583034us.jpg 0.297498 0.348251 0.639462 -0.617498 177.439287 -1165.268107 41.213428
slice24/query/img_08156_c0_1299251251648509us.jpg 0.299639 0.351508 0.637329 -0.616823 176.253547 -1165.121847 41.139683
slice24/query/img_08157_c0_1299251251715109us.jpg 0.302261 0.354413 0.635525 -0.615742 175.058385 -1164.968404 41.045526
slice24/query/img_08158_c0_1299251251781859us.jpg 0.305243 0.357225 0.634401 -0.613801 173.873290 -1164.797440 40.962819
slice24/query/img_08159_c0_1299251251915114us.jpg 0.311257 0.362490 0.633381 -0.608727 171.493186 -1164.404354 40.774315
slice24/query/img_08160_c0_1299251251981861us.jpg 0.314303 0.365513 0.632265 -0.606510 170.283375 -1164.208747 40.676797
slice24/query/img_08161_c0_1299251252048487us.jpg 0.316739 0.368062 0.631571 -0.604421 169.118747 -1163.968795 40.573607
slice24/query/img_08162_c0_1299251252181863us.jpg 0.326898 0.370358 0.631778 -0.597352 166.610899 -1163.505650 40.325777
slice24/query/img_08163_c0_1299251252248494us.jpg 0.330132 0.372682 0.630114 -0.595884 165.370437 -1163.244481 40.233538
slice24/query/img_08164_c0_1299251252315113us.jpg 0.333303 0.375115 0.628803 -0.593974 164.136590 -1162.973767 40.137877
slice24/query/img_08165_c0_1299251252381862us.jpg 0.335694 0.377896 0.627711 -0.592016 162.915512 -1162.685407 40.048732
slice24/query/img_08166_c0_1299251252515124us.jpg 0.339338 0.383933 0.626362 -0.587465 160.453090 -1162.075837 39.872899
slice24/query/img_08167_c0_1299251252581865us.jpg 0.342354 0.386175 0.624903 -0.585797 159.194563 -1161.772845 39.736128
slice24/query/img_08168_c0_1299251252715115us.jpg 0.347710 0.390782 0.622040 -0.582626 156.776848 -1161.113764 39.565529
slice24/query/img_08169_c0_1299251252781876us.jpg 0.350280 0.392319 0.620854 -0.581317 155.581181 -1160.742514 39.454452
slice24/query/img_08170_c0_1299251252848491us.jpg 0.352770 0.393668 0.619815 -0.580007 154.380639 -1160.353286 39.353208
slice24/query/img_08171_c0_1299251252981886us.jpg 0.358633 0.397616 0.615620 -0.578183 152.043574 -1159.665588 39.163388
slice24/query/img_08172_c0_1299251253115147us.jpg 0.360977 0.402534 0.609698 -0.579595 149.683549 -1158.836609 38.972064
slice24/query/img_08173_c0_1299251253181867us.jpg 0.362065 0.405006 0.607616 -0.579381 148.476400 -1158.411412 38.893835
slice24/query/img_08174_c0_1299251253248493us.jpg 0.363305 0.407398 0.605905 -0.578719 147.300935 -1157.984557 38.805555
slice24/query/img_08175_c0_1299251253315117us.jpg 0.364942 0.409351 0.604435 -0.577847 146.123754 -1157.542539 38.698994
slice24/query/img_08176_c0_1299251253448518us.jpg 0.368362 0.412919 0.603780 -0.573810 143.732727 -1156.642905 38.525895
slice24/query/img_08177_c0_1299251253515120us.jpg 0.370788 0.414133 0.603178 -0.572002 142.550419 -1156.182590 38.397664
slice24/query/img_08178_c0_1299251253581871us.jpg 0.372957 0.415173 0.602757 -0.570280 141.362599 -1155.692771 38.297603
slice24/query/img_08179_c0_1299251253648496us.jpg 0.375018 0.416760 0.601403 -0.569199 140.114188 -1155.244617 38.195814
slice24/query/img_08180_c0_1299251253781874us.jpg 0.378971 0.419238 0.598259 -0.568073 137.787564 -1154.263294 38.004100
slice24/query/img_08181_c0_1299251253848497us.jpg 0.380625 0.421158 0.596263 -0.567645 136.628797 -1153.794381 37.938785
slice24/query/img_08182_c0_1299251253915122us.jpg 0.381903 0.422776 0.594251 -0.567694 135.460872 -1153.278786 37.848772
slice24/query/img_08183_c0_1299251253981873us.jpg 0.383246 0.424438 0.592682 -0.567189 134.283505 -1152.765519 37.761433
slice24/query/img_08184_c0_1299251254115125us.jpg 0.387256 0.426986 0.591630 -0.563640 131.947452 -1151.736469 37.589176
slice24/query/img_08185_c0_1299251254181875us.jpg 0.389504 0.428296 0.590511 -0.562268 130.742125 -1151.201921 37.444759
slice24/query/img_08186_c0_1299251254248499us.jpg 0.392494 0.429576 0.589055 -0.560738 129.558676 -1150.673190 37.325194
slice24/query/img_08187_c0_1299251254315125us.jpg 0.394436 0.431389 0.588106 -0.558977 128.347721 -1150.136100 37.287408
slice24/query/img_08188_c0_1299251254448502us.jpg 0.396952 0.435267 0.584474 -0.557998 125.987465 -1148.973071 37.049279
slice24/query/img_08189_c0_1299251254515127us.jpg 0.398143 0.437628 0.582400 -0.557471 124.848926 -1148.401371 36.952746
slice24/query/img_08190_c0_1299251254581876us.jpg 0.399802 0.440072 0.579673 -0.557201 123.694500 -1147.858673 36.854268
slice24/query/img_08191_c0_1299251254648501us.jpg 0.402489 0.441986 0.577557 -0.555949 122.523487 -1147.299947 36.813260
slice24/query/img_08192_c0_1299251254781877us.jpg 0.406094 0.446857 0.571796 -0.555387 120.228289 -1146.088958 36.663156
slice24/query/img_08193_c0_1299251254848502us.jpg 0.408404 0.448205 0.570772 -0.553658 119.065214 -1145.468942 36.575215
slice24/query/img_08194_c0_1299251254915127us.jpg 0.410622 0.449789 0.569592 -0.551947 117.916555 -1144.848607 36.490672
slice24/query/img_08195_c0_1299251255048535us.jpg 0.415212 0.453202 0.568412 -0.546914 115.641887 -1143.566122 36.364970
slice24/query/img_08196_c0_1299251255115128us.jpg 0.417558 0.455028 0.567144 -0.544924 114.513237 -1142.929199 36.291542
slice24/query/img_08197_c0_1299251255181880us.jpg 0.419583 0.457085 0.565941 -0.542895 113.398408 -1142.281975 36.222083
slice24/query/img_08198_c0_1299251255248506us.jpg 0.421187 0.459127 0.564746 -0.541171 112.262563 -1141.626103 36.143600
slice24/query/img_08199_c0_1299251255381905us.jpg 0.424767 0.463702 0.560910 -0.538455 110.123371 -1140.391819 35.897854
slice24/query/img_08200_c0_1299251255448505us.jpg 0.426922 0.465390 0.559244 -0.537025 109.016554 -1139.707175 35.819846
slice24/query/img_08201_c0_1299251255515131us.jpg 0.428473 0.467210 0.557657 -0.535858 107.936371 -1139.020545 35.742971
slice24/query/img_08202_c0_1299251255581881us.jpg 0.430032 0.468917 0.556003 -0.534836 106.861677 -1138.334452 35.657523
slice24/query/img_08203_c0_1299251255715159us.jpg 0.433246 0.472068 0.553780 -0.531769 104.658830 -1136.939646 35.518322
slice24/query/img_08204_c0_1299251255781883us.jpg 0.434793 0.473973 0.552008 -0.530652 103.555926 -1136.223999 35.453313
slice24/query/img_08205_c0_1299251255848508us.jpg 0.436280 0.475640 0.550574 -0.529429 102.481613 -1135.475610 35.369299
slice24/query/img_08206_c0_1299251255981885us.jpg 0.440251 0.477919 0.548647 -0.526078 100.310101 -1134.025329 35.228352
slice24/query/img_08207_c0_1299251256048511us.jpg 0.441948 0.478348 0.547099 -0.525879 99.263649 -1133.223162 35.091412
slice24/query/img_08208_c0_1299251256181886us.jpg 0.445531 0.480882 0.543211 -0.524573 97.169163 -1131.717172 34.943371
slice24/query/img_08209_c0_1299251256248509us.jpg 0.447523 0.482368 0.541288 -0.523499 96.106690 -1130.980544 34.872540
slice24/query/img_08210_c0_1299251256315133us.jpg 0.449235 0.483647 0.540133 -0.522044 95.050232 -1130.218326 34.789338
slice24/query/img_08211_c0_1299251256448533us.jpg 0.452427 0.486518 0.538950 -0.517825 92.953489 -1128.688342 34.631696
slice24/query/img_08212_c0_1299251256515134us.jpg 0.454453 0.487947 0.537757 -0.515943 91.968045 -1127.942973 34.559176
slice24/query/img_08213_c0_1299251256581884us.jpg 0.456302 0.488931 0.536667 -0.514513 90.969950 -1127.161811 34.477230
slice24/query/img_08214_c0_1299251256715137us.jpg 0.459429 0.491500 0.534575 -0.511451 88.965982 -1125.607028 34.311876
slice24/query/img_08215_c0_1299251256781885us.jpg 0.459487 0.493509 0.533380 -0.510713 87.995803 -1124.813818 34.258287
slice24/query/img_08216_c0_1299251256848513us.jpg 0.459375 0.495471 0.531943 -0.510411 86.994174 -1124.020054 34.185311
slice24/query/img_08217_c0_1299251256981889us.jpg 0.459275 0.498040 0.529856 -0.510171 85.036537 -1122.408508 34.043780
slice24/query/img_08218_c0_1299251257048513us.jpg 0.459607 0.498595 0.529642 -0.509552 84.069141 -1121.596799 33.992977
slice24/query/img_08219_c0_1299251257115139us.jpg 0.460447 0.498353 0.529425 -0.509256 83.117582 -1120.793755 33.913930
slice24/query/img_08220_c0_1299251257248540us.jpg 0.461998 0.496212 0.528141 -0.511272 81.104957 -1119.136215 33.731927
slice24/query/img_08221_c0_1299251257315141us.jpg 0.462992 0.495116 0.528488 -0.511077 80.135925 -1118.321886 33.658050
slice24/query/img_08222_c0_1299251257381890us.jpg 0.463037 0.494451 0.528981 -0.511169 79.176814 -1117.524948 33.606236
slice24/query/img_08223_c0_1299251257515163us.jpg 0.461917 0.494430 0.529211 -0.511964 77.269482 -1115.880395 33.506873
slice24/query/img_08224_c0_1299251257581891us.jpg 0.461277 0.494353 0.528948 -0.512886 76.319476 -1115.093403 33.452035
slice24/query/img_08225_c0_1299251257648515us.jpg 0.460354 0.494095 0.529173 -0.513731 75.353272 -1114.310251 33.387635
slice24/query/img_08226_c0_1299251257715141us.jpg 0.459812 0.493460 0.529919 -0.514058 74.410577 -1113.533615 33.333850
slice24/query/img_08227_c0_1299251257848543us.jpg 0.458801 0.491522 0.531611 -0.515070 72.471208 -1112.029090 33.225706
slice24/query/img_08228_c0_1299251257915144us.jpg 0.457346 0.490916 0.533028 -0.515477 71.529274 -1111.272861 33.173369
slice24/query/img_08229_c0_1299251257981894us.jpg 0.455369 0.490476 0.534449 -0.516175 70.579144 -1110.530349 33.118277
slice24/query/img_08230_c0_1299251258115552us.jpg 0.452200 0.488594 0.537214 -0.517873 68.658170 -1109.043081 32.972559
slice24/query/img_08231_c0_1299251258181917us.jpg 0.451468 0.487182 0.538435 -0.518573 67.679281 -1108.311004 32.908751
slice24/query/img_08232_c0_1299251258248521us.jpg 0.451037 0.484953 0.540241 -0.519160 66.718380 -1107.568598 32.831797
slice24/query/img_08233_c0_1299251258315146us.jpg 0.450500 0.482955 0.542212 -0.519432 65.755203 -1106.843802 32.756550
slice24/query/img_08234_c0_1299251258448547us.jpg 0.448980 0.477946 0.547693 -0.519632 63.859446 -1105.393431 32.572854
slice24/query/img_08235_c0_1299251258515147us.jpg 0.447084 0.476404 0.550589 -0.519622 62.871348 -1104.664309 32.510532
slice24/query/img_08236_c0_1299251258581898us.jpg 0.445775 0.474933 0.552700 -0.519852 61.900968 -1103.956398 32.442333
slice24/query/img_08237_c0_1299251258648521us.jpg 0.444705 0.473211 0.554311 -0.520622 60.907018 -1103.251197 32.374106
slice24/query/img_08238_c0_1299251258781901us.jpg 0.440352 0.469757 0.557626 -0.523900 58.944531 -1101.836680 32.260436
slice24/query/img_08239_c0_1299251258848526us.jpg 0.438267 0.467591 0.559238 -0.525864 57.942934 -1101.126940 32.197583
slice24/query/img_08240_c0_1299251258915149us.jpg 0.436487 0.465617 0.560012 -0.528267 56.947429 -1100.437364 32.136183
slice24/query/img_08241_c0_1299251259048542us.jpg 0.434143 0.462184 0.560142 -0.533054 54.940380 -1099.141131 32.001969
slice24/query/img_08242_c0_1299251259181899us.jpg 0.428924 0.460130 0.561502 -0.537606 53.020878 -1097.821541 31.899485
slice24/query/img_08243_c0_1299251259315175us.jpg 0.424834 0.456157 0.565968 -0.539553 51.048814 -1096.526742 31.810439
slice24/query/img_08244_c0_1299251259381901us.jpg 0.423218 0.453764 0.568365 -0.540321 50.021620 -1095.893182 31.739019
slice24/query/img_08245_c0_1299251259448527us.jpg 0.421233 0.451647 0.570514 -0.541379 48.997172 -1095.274052 31.674594
slice24/query/img_08246_c0_1299251259515153us.jpg 0.419153 0.449507 0.572342 -0.542843 47.968991 -1094.655955 31.616075
slice24/query/img_08247_c0_1299251259648552us.jpg 0.414659 0.445484 0.575439 -0.546325 45.896788 -1093.446206 31.491487
slice24/query/img_08248_c0_1299251259715154us.jpg 0.411779 0.442656 0.577934 -0.548166 44.876029 -1092.861375 31.430065
slice24/query/img_08249_c0_1299251259781904us.jpg 0.409449 0.440097 0.580018 -0.549768 43.850604 -1092.286186 31.364352
slice24/query/img_08250_c0_1299251259915155us.jpg 0.404463 0.435154 0.582589 -0.554653 41.732848 -1091.133680 31.235140
slice24/query/img_08251_c0_1299251259981929us.jpg 0.402465 0.432809 0.584029 -0.556425 40.675751 -1090.579028 31.175237
slice24/query/img_08252_c0_1299251260048530us.jpg 0.399816 0.430679 0.586013 -0.557899 39.618952 -1090.026561 31.116986
slice24/query/img_08253_c0_1299251260115156us.jpg 0.396417 0.428965 0.588066 -0.559482 38.554428 -1089.481341 31.058044
slice24/query/img_08254_c0_1299251260248557us.jpg 0.392064 0.424092 0.591270 -0.562878 36.416959 -1088.446122 30.910090
slice24/query/img_08255_c0_1299251260315158us.jpg 0.390774 0.420732 0.593390 -0.564064 35.329044 -1087.927356 30.841833
slice24/query/img_08256_c0_1299251260381908us.jpg 0.389479 0.417590 0.595611 -0.564954 34.243231 -1087.435066 30.772648
slice24/query/img_08257_c0_1299251260516168us.jpg 0.385641 0.412688 0.601344 -0.565115 32.092523 -1086.403397 30.656163
slice24/query/img_08258_c0_1299251260581908us.jpg 0.384004 0.411037 0.603518 -0.565115 30.993771 -1085.931884 30.599887
slice24/query/img_08259_c0_1299251260648533us.jpg 0.381942 0.409893 0.605091 -0.565661 29.891024 -1085.461659 30.539684
slice24/query/img_08260_c0_1299251260715160us.jpg 0.380484 0.408254 0.606570 -0.566245 28.791398 -1085.000124 30.481084
slice24/query/img_08261_c0_1299251260848536us.jpg 0.379315 0.404660 0.608458 -0.567582 26.632853 -1084.143786 30.343447
slice24/query/img_08262_c0_1299251260915161us.jpg 0.377878 0.402898 0.609110 -0.569092 25.527251 -1083.706014 30.284230
slice24/query/img_08263_c0_1299251260981911us.jpg 0.376665 0.401126 0.609596 -0.570626 24.416260 -1083.270969 30.223050
slice24/query/img_08264_c0_1299251261048535us.jpg 0.375198 0.399383 0.610482 -0.571867 23.305559 -1082.844302 30.167237
slice24/query/img_08265_c0_1299251261181940us.jpg 0.373809 0.394702 0.613306 -0.573004 21.084154 -1082.013751 30.064151
slice24/query/img_08266_c0_1299251261248539us.jpg 0.372323 0.392152 0.614745 -0.574178 19.967297 -1081.600788 30.009912
slice24/query/img_08267_c0_1299251261315160us.jpg 0.370811 0.389656 0.615904 -0.575613 18.858470 -1081.197587 29.959869
slice24/query/img_08268_c0_1299251261448537us.jpg 0.367704 0.385864 0.616445 -0.579567 16.600293 -1080.397761 29.859096
slice24/query/img_08269_c0_1299251261515161us.jpg 0.365389 0.383770 0.617068 -0.581754 15.483810 -1080.006128 29.811482
slice24/query/img_08270_c0_1299251261581912us.jpg 0.362637 0.382179 0.616971 -0.584620 14.371007 -1079.623908 29.763528
slice24/query/img_08271_c0_1299251261715171us.jpg 0.358805 0.377472 0.617322 -0.589651 12.123310 -1078.864453 29.669730
slice24/query/img_08272_c0_1299251261781912us.jpg 0.357363 0.374694 0.618520 -0.591041 10.998955 -1078.511098 29.625176
slice24/query/img_08273_c0_1299251261848539us.jpg 0.355684 0.371934 0.620036 -0.592207 9.868512 -1078.160778 29.574808
slice24/query/img_08274_c0_1299251261981916us.jpg 0.351899 0.365996 0.624349 -0.593635 7.591399 -1077.468743 29.479453
slice24/query/img_08275_c0_1299251262048541us.jpg 0.350268 0.362803 0.626685 -0.594098 6.457720 -1077.150628 29.431096
slice24/query/img_08276_c0_1299251262115165us.jpg 0.348458 0.359868 0.628688 -0.594830 5.324603 -1076.840522 29.384811
slice24/query/img_08277_c0_1299251262248543us.jpg 0.343859 0.355407 0.632220 -0.596443 3.053592 -1076.252313 29.299698
slice24/query/img_08278_c0_1299251262315167us.jpg 0.341807 0.352622 0.633433 -0.597987 1.920431 -1075.967549 29.255072
slice24/query/img_08279_c0_1299251262381916us.jpg 0.340234 0.349591 0.634152 -0.599899 0.791532 -1075.694844 29.211423
slice24/query/img_08280_c0_1299251262515168us.jpg 0.337515 0.342124 0.636210 -0.603549 -1.462767 -1075.174441 29.141897
slice24/query/img_08281_c0_1299251262715188us.jpg 0.330758 0.336535 0.637034 -0.609533 -4.892940 -1074.504056 29.062957
slice24/query/img_08282_c0_1299251262915195us.jpg 0.323866 0.329317 0.642497 -0.611440 -8.368479 -1073.854661 28.982244
slice24/query/img_08283_c0_1299251262981943us.jpg 0.321183 0.327322 0.643684 -0.612676 -9.529400 -1073.655628 28.953258
slice24/query/img_08284_c0_1299251263048545us.jpg 0.318885 0.324435 0.644692 -0.614350 -10.684231 -1073.462630 28.920156
slice24/query/img_08285_c0_1299251263182204us.jpg 0.314128 0.319078 0.646619 -0.617573 -12.991945 -1073.103572 28.860209
slice24/query/img_08286_c0_1299251263248546us.jpg 0.311353 0.317129 0.647814 -0.618729 -14.150222 -1072.937226 28.828292
slice24/query/img_08287_c0_1299251263315172us.jpg 0.308610 0.314966 0.648972 -0.619993 -15.306033 -1072.781331 28.795266
slice24/query/img_08288_c0_1299251263381923us.jpg 0.306003 0.312798 0.650188 -0.621108 -16.455873 -1072.635724 28.761023
slice24/query/img_08289_c0_1299251263515175us.jpg 0.301871 0.306912 0.653342 -0.622754 -18.771109 -1072.357926 28.682185
slice24/query/img_08290_c0_1299251263581924us.jpg 0.299217 0.304270 0.654470 -0.624146 -19.930670 -1072.235480 28.648613
slice24/query/img_08291_c0_1299251263648550us.jpg 0.296650 0.301795 0.655385 -0.625611 -21.081494 -1072.130382 28.615395
slice24/query/img_08292_c0_1299251263781927us.jpg 0.291821 0.296985 0.657113 -0.628366 -23.393271 -1071.937159 28.555230
slice24/query/img_08293_c0_1299251263848549us.jpg 0.289215 0.295005 0.657968 -0.629607 -24.554646 -1071.853809 28.524970
slice24/query/img_08294_c0_1299251263915176us.jpg 0.286459 0.292996 0.658950 -0.630777 -25.717844 -1071.778542 28.494634
slice24/query/img_08295_c0_1299251263981926us.jpg 0.284167 0.290984 0.659717 -0.631942 -26.876006 -1071.708364 28.459872
slice24/query/img_08296_c0_1299251264115202us.jpg 0.280055 0.286098 0.661507 -0.634134 -29.184288 -1071.595004 28.389852
slice24/query/img_08297_c0_1299251264181926us.jpg 0.278516 0.283442 0.662312 -0.635163 -30.336574 -1071.554883 28.356043
slice24/query/img_08298_c0_1299251264248552us.jpg 0.277028 0.281028 0.663175 -0.635986 -31.486868 -1071.523361 28.321003
slice24/query/img_08299_c0_1299251264315178us.jpg 0.274866 0.279203 0.664281 -0.636572 -32.640510 -1071.500162 28.293511
slice24/query/img_08300_c0_1299251264448555us.jpg 0.271064 0.275244 0.666337 -0.637778 -34.970698 -1071.463287 28.224991
slice24/query/img_08301_c0_1299251264515180us.jpg 0.268621 0.273755 0.666816 -0.638950 -36.125224 -1071.454868 28.192834
slice24/query/img_08302_c0_1299251264581929us.jpg 0.266682 0.272061 0.667543 -0.639727 -37.275065 -1071.454057 28.162862
slice24/query/img_08303_c0_1299251264715182us.jpg 0.262295 0.269207 0.668920 -0.641307 -39.582928 -1071.475331 28.099721
slice24/query/img_08304_c0_1299251264781930us.jpg 0.260514 0.267384 0.669476 -0.642215 -40.733384 -1071.491038 28.063599
slice24/query/img_08305_c0_1299251264848556us.jpg 0.259340 0.265220 0.670328 -0.642699 -41.872928 -1071.517754 28.029447
slice24/query/img_08306_c0_1299251264915181us.jpg 0.257896 0.263611 0.671005 -0.643235 -43.011002 -1071.552745 27.995344
slice24/query/img_08307_c0_1299251265048558us.jpg 0.255272 0.260069 0.672856 -0.643790 -45.306485 -1071.647541 27.927456
slice24/query/img_08308_c0_1299251265115179us.jpg 0.253864 0.258366 0.673936 -0.643903 -46.442262 -1071.700247 27.894378
slice24/query/img_08309_c0_1299251265181933us.jpg 0.252343 0.256707 0.674841 -0.644215 -47.583015 -1071.758244 27.862882
slice24/query/img_08310_c0_1299251265315186us.jpg 0.249977 0.253083 0.675672 -0.645700 -49.841136 -1071.898877 27.799231
slice24/query/img_08311_c0_1299251265381932us.jpg 0.248796 0.251085 0.675724 -0.646880 -50.972125 -1071.971815 27.771501
slice24/query/img_08312_c0_1299251265448559us.jpg 0.246773 0.249275 0.675984 -0.648083 -52.104117 -1072.047903 27.742441
slice24/query/img_08313_c0_1299251265515185us.jpg 0.244719 0.247331 0.676493 -0.649074 -53.232079 -1072.133495 27.717385
slice24/query/img_08314_c0_1299251265648590us.jpg 0.238275 0.245373 0.677807 -0.650842 -55.503663 -1072.324624 27.658602
slice24/query/img_08315_c0_1299251265715184us.jpg 0.235053 0.244152 0.678977 -0.651253 -56.630332 -1072.432008 27.632316
slice24/query/img_08316_c0_1299251265781935us.jpg 0.232257 0.243256 0.680035 -0.651488 -57.752923 -1072.543788 27.598379
slice24/query/img_08317_c0_1299251265915211us.jpg 0.225791 0.241171 0.679836 -0.654735 -60.011831 -1072.765861 27.511479
slice24/query/img_08318_c0_1299251265981936us.jpg 0.224232 0.237007 0.678980 -0.657673 -61.138341 -1072.882411 27.460988
slice24/query/img_08319_c0_1299251266048562us.jpg 0.222742 0.233106 0.677743 -0.660841 -62.251990 -1073.011722 27.414022
slice24/query/img_08320_c0_1299251266181966us.jpg 0.219430 0.224346 0.677434 -0.665284 -64.502714 -1073.300573 27.341935
slice24/query/img_08321_c0_1299251266248586us.jpg 0.216435 0.221978 0.678841 -0.665625 -65.620434 -1073.464017 27.315658
slice24/query/img_08322_c0_1299251266315185us.jpg 0.212750 0.219947 0.680968 -0.665314 -66.728663 -1073.646254 27.297467
