slice24/database/img_07488_c0_1303399139649648us.jpg 0.264391 0.323809 0.656600 -0.627790 192.970793 -1166.521805 42.715608
slice24/database/img_07489_c0_1303399139783026us.jpg 0.268774 0.325678 0.654974 -0.626660 190.646041 -1166.339518 42.453401
slice24/database/img_07490_c0_1303399139849646us.jpg 0.270805 0.327701 0.654081 -0.625663 189.510403 -1166.266849 42.339460
slice24/database/img_07491_c0_1303399139916271us.jpg 0.272864 0.330242 0.652912 -0.624654 188.379897 -1166.187125 42.231518
slice24/database/img_07492_c0_1303399140049652us.jpg 0.276943 0.336398 0.650600 -0.621979 186.244373 -1166.051265 41.997165
slice24/database/img_07493_c0_1303399140116272us.jpg 0.278408 0.339621 0.649660 -0.620555 185.169058 -1165.952546 41.900649
slice24/database/img_07494_c0_1303399140183022us.jpg 0.279979 0.342903 0.648571 -0.619182 184.098297 -1165.852253 41.812326
slice24/database/img_07495_c0_1303399140316276us.jpg 0.286011 0.348976 0.645611 -0.616117 181.819062 -1165.624903 41.631006
slice24/database/img_07496_c0_1303399140383025us.jpg 0.289030 0.351287 0.643429 -0.615677 180.673200 -1165.482052 41.543051
slice24/database/img_07497_c0_1303399140449649us.jpg 0.292207 0.353301 0.641456 -0.615083 179.523436 -1165.353346 41.429064
slice24/database/img_07498_c0_1303399140516275us.jpg 0.295132 0.355716 0.639412 -0.614424 178.399224 -1165.227018 41.321883
slice24/database/img_07499_c0_1303399140649676us.jpg 0.300000 0.361469 0.637083 -0.611118 176.163291 -1164.919330 41.160537
slice24/database/img_07500_c0_1303399140716277us.jpg 0.303378 0.363882 0.635892 -0.609257 175.072407 -1164.771383 41.067104
slice24/database/img_07501_c0_1303399140849680us.jpg 0.309003 0.368464 0.634229 -0.605397 172.829008 -1164.366210 40.914660
slice24/database/img_07502_c0_1303399140916301us.jpg 0.310467 0.370765 0.632470 -0.605083 171.691030 -1164.147092 40.810359
slice24/database/img_07503_c0_1303399140983028us.jpg 0.311596 0.373023 0.630590 -0.605078 170.570550 -1163.936465 40.708245
slice24/database/img_07504_c0_1303399141116306us.jpg 0.313184 0.375553 0.628807 -0.604547 168.500418 -1163.450482 40.573855
slice24/database/img_07505_c0_1303399141183031us.jpg 0.313625 0.376631 0.627720 -0.604778 167.365704 -1163.218938 40.492684
slice24/database/img_07506_c0_1303399141249656us.jpg 0.315841 0.377413 0.626113 -0.604803 166.213453 -1163.015480 40.364484
slice24/database/img_07507_c0_1303399141383033us.jpg 0.325317 0.375904 0.625717 -0.601119 164.041968 -1162.569747 40.134117
slice24/database/img_07508_c0_1303399141449657us.jpg 0.327343 0.377266 0.626233 -0.598623 162.968676 -1162.332201 40.052151
slice24/database/img_07509_c0_1303399141516281us.jpg 0.328797 0.379114 0.626984 -0.595866 161.899594 -1162.090995 39.966951
slice24/database/img_07510_c0_1303399141649659us.jpg 0.333002 0.383074 0.627788 -0.590124 159.754533 -1161.613378 39.786518
slice24/database/img_07511_c0_1303399141716281us.jpg 0.335224 0.385173 0.626972 -0.588364 158.673637 -1161.351103 39.703094
slice24/database/img_07512_c0_1303399141783033us.jpg 0.337888 0.387166 0.625707 -0.586877 157.595187 -1161.084201 39.621774
slice24/database/img_07513_c0_1303399141916308us.jpg 0.343584 0.390826 0.623900 -0.583055 155.512331 -1160.519798 39.452326
slice24/database/img_07514_c0_1303399141983034us.jpg 0.345690 0.392888 0.622348 -0.582082 154.471529 -1160.209599 39.373472
slice24/database/img_07515_c0_1303399142049658us.jpg 0.348021 0.395075 0.620239 -0.581464 153.454467 -1159.898809 39.285603
slice24/database/img_07516_c0_1303399142183039us.jpg 0.352644 0.399492 0.615219 -0.580994 151.427629 -1159.281150 39.114286
slice24/database/img_07517_c0_1303399142249659us.jpg 0.354337 0.402154 0.612789 -0.580695 150.411784 -1158.946711 39.017542
slice24/database/img_07518_c0_1303399142383060us.jpg 0.358446 0.407441 0.609044 -0.578424 148.368480 -1158.325095 38.802738
slice24/database/img_07519_c0_1303399142449663us.jpg 0.360610 0.409801 0.607150 -0.577402 147.391235 -1157.989128 38.726833
slice24/database/img_07520_c0_1303399142516288us.jpg 0.363053 0.412149 0.605286 -0.576155 146.422393 -1157.648392 38.652302
slice24/database/img_07521_c0_1303399142649690us.jpg 0.367585 0.416639 0.603394 -0.572022 144.434457 -1156.917975 38.538901
slice24/database/img_07522_c0_1303399142716293us.jpg 0.370427 0.418272 0.602451 -0.569987 143.441404 -1156.528925 38.460856
slice24/database/img_07523_c0_1303399142783039us.jpg 0.373242 0.420097 0.600848 -0.568499 142.456462 -1156.147142 38.379869
slice24/database/img_07524_c0_1303399142849665us.jpg 0.375602 0.421805 0.599383 -0.567225 141.480196 -1155.734628 38.298576
slice24/database/img_07525_c0_1303399142983043us.jpg 0.379862 0.426469 0.596331 -0.564109 139.573854 -1154.919983 38.168289
slice24/database/img_07526_c0_1303399143049665us.jpg 0.381687 0.428780 0.594324 -0.563242 138.625657 -1154.496740 38.096948
slice24/database/img_07527_c0_1303399143116291us.jpg 0.383752 0.431075 0.592165 -0.562360 137.672643 -1154.072745 38.021361
slice24/database/img_07528_c0_1303399143249665us.jpg 0.389657 0.433849 0.591539 -0.556798 135.786332 -1153.211062 37.880796
slice24/database/img_07529_c0_1303399143316291us.jpg 0.391677 0.435798 0.589850 -0.555649 134.826624 -1152.771903 37.820060
slice24/database/img_07530_c0_1303399143449670us.jpg 0.397529 0.439071 0.588674 -0.550136 132.925127 -1151.908320 37.680475
slice24/database/img_07531_c0_1303399143516294us.jpg 0.399798 0.441338 0.586993 -0.548471 131.988748 -1151.452695 37.596705
slice24/database/img_07532_c0_1303399143583045us.jpg 0.402257 0.443768 0.584858 -0.546993 131.061022 -1150.994241 37.525517
slice24/database/img_07533_c0_1303399143716322us.jpg 0.407753 0.447006 0.580807 -0.544598 129.188963 -1150.016760 37.378297
slice24/database/img_07534_c0_1303399143783051us.jpg 0.409366 0.449607 0.578513 -0.543687 128.268729 -1149.533030 37.309126
slice24/database/img_07535_c0_1303399143849669us.jpg 0.410808 0.452596 0.576065 -0.542718 127.372989 -1149.042208 37.240315
slice24/database/img_07536_c0_1303399143983049us.jpg 0.413710 0.458165 0.572106 -0.540022 125.558357 -1148.029684 37.109650
slice24/database/img_07537_c0_1303399144049669us.jpg 0.415636 0.460328 0.570176 -0.538743 124.628865 -1147.504539 37.033833
slice24/database/img_07538_c0_1303399144116297us.jpg 0.417695 0.462668 0.567444 -0.538031 123.709391 -1146.976518 36.946235
slice24/database/img_07541_c0_1303399144449674us.jpg 0.429468 0.469195 0.552763 -0.538392 119.199073 -1144.193048 36.511978
slice24/database/img_07542_c0_1303399144516299us.jpg 0.430839 0.470746 0.550606 -0.538154 118.313375 -1143.625031 36.448564
slice24/database/img_07543_c0_1303399144583048us.jpg 0.431678 0.472638 0.548328 -0.538149 117.431946 -1143.058140 36.378408
slice24/database/img_07544_c0_1303399144716325us.jpg 0.434046 0.475507 0.544742 -0.537357 115.682750 -1141.910307 36.244593
slice24/database/img_07545_c0_1303399144783071us.jpg 0.434976 0.476580 0.543638 -0.536773 114.826209 -1141.326130 36.181489
slice24/database/img_07546_c0_1303399144849674us.jpg 0.435713 0.477896 0.542490 -0.536167 113.975976 -1140.741894 36.120659
slice24/database/img_07547_c0_1303399144983053us.jpg 0.437178 0.480260 0.540348 -0.535024 112.279136 -1139.598058 35.961757
slice24/database/img_07548_c0_1303399145049674us.jpg 0.437703 0.481026 0.539148 -0.535116 111.413786 -1138.989186 35.893354
slice24/database/img_07549_c0_1303399145116299us.jpg 0.438059 0.481713 0.538063 -0.535299 110.570841 -1138.385628 35.831114
slice24/database/img_07550_c0_1303399145249701us.jpg 0.438585 0.483312 0.536203 -0.535293 108.858922 -1137.178170 35.718522
slice24/database/img_07551_c0_1303399145316302us.jpg 0.438440 0.484417 0.535133 -0.535484 108.018166 -1136.573531 35.655103
slice24/database/img_07552_c0_1303399145383052us.jpg 0.438503 0.485287 0.534487 -0.535291 107.191688 -1135.974483 35.593848
slice24/database/img_07553_c0_1303399145516329us.jpg 0.440161 0.485456 0.535716 -0.532541 105.491250 -1134.765007 35.419348
slice24/database/img_07554_c0_1303399145583053us.jpg 0.440753 0.485924 0.535802 -0.531536 104.654702 -1134.163418 35.350712
slice24/database/img_07555_c0_1303399145649677us.jpg 0.441305 0.486495 0.536061 -0.530293 103.833360 -1133.569790 35.283973
slice24/database/img_07556_c0_1303399145783077us.jpg 0.443084 0.487110 0.536822 -0.527468 102.118440 -1132.356457 35.143179
slice24/database/img_07557_c0_1303399145849681us.jpg 0.444088 0.487424 0.536532 -0.526628 101.245510 -1131.766243 35.084039
slice24/database/img_07558_c0_1303399145983114us.jpg 0.446577 0.487756 0.535225 -0.525544 99.666887 -1130.583061 34.963988
slice24/database/img_07559_c0_1303399146049706us.jpg 0.447433 0.488329 0.534470 -0.525052 98.869951 -1129.986370 34.904575
slice24/database/img_07560_c0_1303399146116307us.jpg 0.448543 0.488731 0.534215 -0.523990 98.083028 -1129.391619 34.849426
slice24/database/img_07561_c0_1303399146249711us.jpg 0.450866 0.489458 0.533033 -0.522519 96.534790 -1128.205037 34.737178
slice24/database/img_07562_c0_1303399146316332us.jpg 0.452118 0.489645 0.532326 -0.521983 95.758604 -1127.607406 34.681832
slice24/database/img_07563_c0_1303399146383060us.jpg 0.453278 0.489976 0.531698 -0.521306 94.996288 -1127.009594 34.629802
slice24/database/img_07564_c0_1303399146516319us.jpg 0.455119 0.491507 0.530434 -0.519546 93.462822 -1125.831750 34.522357
slice24/database/img_07565_c0_1303399146583081us.jpg 0.455947 0.492105 0.530016 -0.518680 92.704832 -1125.235335 34.473953
slice24/database/img_07566_c0_1303399146649683us.jpg 0.456855 0.492803 0.529142 -0.518110 91.952969 -1124.639210 34.426324
slice24/database/img_07567_c0_1303399146783062us.jpg 0.459312 0.493454 0.528309 -0.516165 90.457142 -1123.454217 34.302147
slice24/database/img_07568_c0_1303399146849685us.jpg 0.460057 0.493889 0.527753 -0.515654 89.700911 -1122.839629 34.257421
slice24/database/img_07569_c0_1303399146916310us.jpg 0.460551 0.494401 0.527375 -0.515108 88.950402 -1122.223370 34.217471
slice24/database/img_07570_c0_1303399147049711us.jpg 0.461054 0.495790 0.526684 -0.514029 87.452273 -1121.003158 34.116958
slice24/database/img_07571_c0_1303399147116312us.jpg 0.461139 0.496527 0.526120 -0.513819 86.688103 -1120.372279 34.067835
slice24/database/img_07572_c0_1303399147183061us.jpg 0.461557 0.497325 0.525477 -0.513329 85.936209 -1119.747312 34.023350
slice24/database/img_07573_c0_1303399147316338us.jpg 0.463313 0.497300 0.524122 -0.513157 84.430183 -1118.485972 33.928361
slice24/database/img_07574_c0_1303399147383064us.jpg 0.463373 0.497064 0.523765 -0.513695 83.683598 -1117.859248 33.880855
slice24/database/img_07575_c0_1303399147449688us.jpg 0.462841 0.496822 0.524138 -0.514028 82.942447 -1117.236740 33.834263
slice24/database/img_07576_c0_1303399147583069us.jpg 0.461538 0.497148 0.523184 -0.515854 81.448831 -1115.986996 33.728165
slice24/database/img_07577_c0_1303399147649691us.jpg 0.461915 0.497118 0.522433 -0.516306 80.703057 -1115.371187 33.678083
slice24/database/img_07578_c0_1303399147716315us.jpg 0.462696 0.496240 0.522481 -0.516402 79.961867 -1114.761474 33.630765
slice24/database/img_07579_c0_1303399147849694us.jpg 0.462857 0.494140 0.524162 -0.516569 78.504391 -1113.519107 33.537929
slice24/database/img_07580_c0_1303399147916318us.jpg 0.462013 0.493818 0.525036 -0.516744 77.780744 -1112.923392 33.499742
slice24/database/img_07581_c0_1303399148049718us.jpg 0.459167 0.494403 0.525369 -0.518381 76.305080 -1111.713710 33.421348
slice24/database/img_07582_c0_1303399148116342us.jpg 0.458599 0.493601 0.525743 -0.519268 75.577713 -1111.118772 33.380526
slice24/database/img_07583_c0_1303399148183068us.jpg 0.458219 0.492344 0.526501 -0.520028 74.854966 -1110.530927 33.335909
slice24/database/img_07584_c0_1303399148249695us.jpg 0.457612 0.490970 0.527909 -0.520435 74.136874 -1109.951735 33.292058
slice24/database/img_07585_c0_1303399148383070us.jpg 0.454471 0.489799 0.531466 -0.520670 72.667172 -1108.787382 33.198936
slice24/database/img_07586_c0_1303399148449696us.jpg 0.452559 0.489771 0.532687 -0.521114 71.933437 -1108.212433 33.156458
slice24/database/img_07587_c0_1303399148516321us.jpg 0.451386 0.489389 0.533446 -0.521713 71.204896 -1107.645786 33.113583
slice24/database/img_07588_c0_1303399148649725us.jpg 0.449634 0.486857 0.535455 -0.523533 69.741611 -1106.518295 33.013135
slice24/database/img_07589_c0_1303399148716322us.jpg 0.448790 0.484970 0.536983 -0.524444 69.001213 -1105.952025 32.959951
slice24/database/img_07590_c0_1303399148783072us.jpg 0.448251 0.483147 0.538533 -0.524997 68.266548 -1105.395255 32.909188
slice24/database/img_07591_c0_1303399148916345us.jpg 0.447389 0.479684 0.539770 -0.527631 66.779392 -1104.286788 32.794404
slice24/database/img_07592_c0_1303399149049698us.jpg 0.444954 0.479439 0.540957 -0.528696 65.276630 -1103.192153 32.706882
slice24/database/img_07593_c0_1303399149116321us.jpg 0.443081 0.479005 0.542144 -0.529446 64.523503 -1102.646429 32.658039
slice24/database/img_07594_c0_1303399149249726us.jpg 0.441709 0.475253 0.544706 -0.531341 63.035577 -1101.578368 32.566389
slice24/database/img_07595_c0_1303399149316330us.jpg 0.441601 0.473393 0.545104 -0.532681 62.283679 -1101.046013 32.515687
slice24/database/img_07596_c0_1303399149383074us.jpg 0.441355 0.472062 0.545682 -0.533474 61.527044 -1100.519753 32.465758
slice24/database/img_07597_c0_1303399149516327us.jpg 0.439341 0.470521 0.549268 -0.532817 60.007177 -1099.476284 32.371243
slice24/database/img_07598_c0_1303399149583076us.jpg 0.438484 0.469557 0.551652 -0.531909 59.240818 -1098.962854 32.322648
slice24/database/img_07599_c0_1303399149649701us.jpg 0.437981 0.468177 0.553834 -0.531273 58.480635 -1098.456106 32.276335
slice24/database/img_07600_c0_1303399149783986us.jpg 0.435206 0.466327 0.556819 -0.532061 56.940111 -1097.416185 32.180909
slice24/database/img_07601_c0_1303399149849701us.jpg 0.433529 0.465452 0.557554 -0.533423 56.173747 -1096.907434 32.136737
slice24/database/img_07602_c0_1303399149916326us.jpg 0.432146 0.464426 0.557992 -0.534980 55.409897 -1096.403591 32.091416
slice24/database/img_07603_c0_1303399150049706us.jpg 0.428118 0.462860 0.559435 -0.538059 53.848344 -1095.389801 31.999744
slice24/database/img_07604_c0_1303399150116328us.jpg 0.425736 0.462047 0.560315 -0.539730 53.091870 -1094.906220 31.952248
slice24/database/img_07605_c0_1303399150183076us.jpg 0.424257 0.460414 0.561211 -0.541356 52.341371 -1094.431386 31.902164
slice24/database/img_07606_c0_1303399150316355us.jpg 0.422578 0.456185 0.560641 -0.546813 50.726841 -1093.452569 31.765957
slice24/database/img_07607_c0_1303399150383081us.jpg 0.421523 0.453538 0.561465 -0.548980 49.933364 -1092.963656 31.712208
slice24/database/img_07608_c0_1303399150449706us.jpg 0.420324 0.451390 0.561677 -0.551447 49.140879 -1092.481190 31.664751
slice24/database/img_07609_c0_1303399150583107us.jpg 0.416588 0.448347 0.562150 -0.556262 47.516999 -1091.508206 31.573099
slice24/database/img_07610_c0_1303399150649706us.jpg 0.414392 0.447383 0.562718 -0.558100 46.711244 -1091.042460 31.529742
slice24/database/img_07611_c0_1303399150716330us.jpg 0.412273 0.446218 0.564060 -0.559247 45.901777 -1090.585493 31.483753
slice24/database/img_07612_c0_1303399150849733us.jpg 0.408994 0.443020 0.568319 -0.559884 44.272629 -1089.677513 31.384165
slice24/database/img_07613_c0_1303399150916333us.jpg 0.407590 0.441363 0.570118 -0.560388 43.449298 -1089.234110 31.332737
slice24/database/img_07614_c0_1303399150983084us.jpg 0.406128 0.439626 0.571725 -0.561178 42.626688 -1088.796788 31.279222
slice24/database/img_07615_c0_1303399151116359us.jpg 0.403189 0.435828 0.574763 -0.563152 40.950052 -1087.913788 31.164763
slice24/database/img_07616_c0_1303399151183086us.jpg 0.401735 0.434048 0.575827 -0.564477 40.109480 -1087.476680 31.113288
slice24/database/img_07617_c0_1303399151249710us.jpg 0.400352 0.432300 0.576650 -0.565959 39.268379 -1087.045584 31.060099
slice24/database/img_07618_c0_1303399151383084us.jpg 0.398210 0.428442 0.578876 -0.568127 37.540841 -1086.202522 30.950715
slice24/database/img_07619_c0_1303399151516365us.jpg 0.395366 0.425255 0.582567 -0.568735 35.816657 -1085.371503 30.852270
slice24/database/img_07620_c0_1303399151583108us.jpg 0.394009 0.423950 0.583903 -0.569281 34.957306 -1084.965046 30.805235
slice24/database/img_07621_c0_1303399151649712us.jpg 0.392805 0.422609 0.584779 -0.570209 34.098767 -1084.564969 30.757514
slice24/database/img_07622_c0_1303399151783085us.jpg 0.390604 0.419369 0.586297 -0.572550 32.394055 -1083.774192 30.671038
slice24/database/img_07623_c0_1303399151849712us.jpg 0.389317 0.417711 0.586589 -0.574337 31.535505 -1083.387670 30.624947
slice24/database/img_07624_c0_1303399151983098us.jpg 0.385496 0.415612 0.586880 -0.578127 29.788954 -1082.613445 30.545000
slice24/database/img_07625_c0_1303399152049715us.jpg 0.383221 0.414768 0.587488 -0.579627 28.913367 -1082.235100 30.505196
slice24/database/img_07626_c0_1303399152183096us.jpg 0.380212 0.411471 0.590281 -0.581119 27.150925 -1081.483234 30.412066
slice24/database/img_07627_c0_1303399152249716us.jpg 0.379274 0.409115 0.591509 -0.582146 26.267468 -1081.116697 30.362098
slice24/database/img_07628_c0_1303399152316341us.jpg 0.378762 0.406244 0.592981 -0.582991 25.387262 -1080.759271 30.313146
slice24/database/img_07629_c0_1303399152449741us.jpg 0.376133 0.402233 0.595257 -0.585151 23.594311 -1080.039615 30.218977
slice24/database/img_07630_c0_1303399152516343us.jpg 0.374044 0.400620 0.596446 -0.586384 22.696972 -1079.687562 30.174917
slice24/database/img_07631_c0_1303399152583093us.jpg 0.371669 0.399239 0.597364 -0.587901 21.800597 -1079.340779 30.134944
slice24/database/img_07632_c0_1303399152716345us.jpg 0.367954 0.396253 0.599185 -0.590398 20.009060 -1078.677158 30.055494
slice24/database/img_07633_c0_1303399152783094us.jpg 0.367123 0.394098 0.600018 -0.591511 19.109255 -1078.352181 30.011686
slice24/database/img_07634_c0_1303399152849719us.jpg 0.366238 0.391575 0.601300 -0.592433 18.211718 -1078.034980 29.967362
slice24/database/img_07635_c0_1303399152983096us.jpg 0.363474 0.387307 0.604395 -0.593790 16.397101 -1077.413531 29.886118
slice24/database/img_07636_c0_1303399153049720us.jpg 0.361826 0.385446 0.605817 -0.594557 15.483878 -1077.108658 29.847944
slice24/database/img_07637_c0_1303399153116345us.jpg 0.360289 0.383434 0.607172 -0.595409 14.572332 -1076.807917 29.811479
slice24/database/img_07638_c0_1303399153249747us.jpg 0.358592 0.378790 0.609559 -0.596965 12.737006 -1076.209661 29.736154
slice24/database/img_07639_c0_1303399153316347us.jpg 0.357212 0.376868 0.610832 -0.597708 11.821098 -1075.926697 29.699912
slice24/database/img_07640_c0_1303399153383097us.jpg 0.355928 0.374864 0.612224 -0.598309 10.905121 -1075.650569 29.666285
slice24/database/img_07641_c0_1303399153516372us.jpg 0.353695 0.370241 0.615701 -0.598944 9.061106 -1075.115284 29.598832
slice24/database/img_07642_c0_1303399153583100us.jpg 0.352472 0.367917 0.617295 -0.599457 8.133219 -1074.854374 29.563627
slice24/database/img_07643_c0_1303399153649723us.jpg 0.351068 0.365936 0.618561 -0.600187 7.208468 -1074.598002 29.531718
slice24/database/img_07644_c0_1303399153783126us.jpg 0.347675 0.362259 0.620607 -0.602277 5.341097 -1074.089554 29.467207
slice24/database/img_07645_c0_1303399153849724us.jpg 0.346080 0.360359 0.621392 -0.603524 4.410254 -1073.843983 29.438410
slice24/database/img_07646_c0_1303399153916350us.jpg 0.344365 0.358186 0.622305 -0.604857 3.483407 -1073.604771 29.407139
slice24/database/img_07647_c0_1303399153983100us.jpg 0.342689 0.355874 0.623001 -0.606454 2.557706 -1073.370991 29.379740
slice24/database/img_07648_c0_1303399154116350us.jpg 0.338556 0.350954 0.624784 -0.609801 0.704311 -1072.917305 29.323319
slice24/database/img_07649_c0_1303399154183102us.jpg 0.336421 0.348806 0.625900 -0.611068 -0.226132 -1072.705081 29.296792
slice24/database/img_07650_c0_1303399154249727us.jpg 0.334318 0.346617 0.627209 -0.612125 -1.153887 -1072.501213 29.270669
slice24/database/img_07651_c0_1303399154383126us.jpg 0.331116 0.341432 0.630210 -0.613695 -3.009468 -1072.115492 29.217838
slice24/database/img_07652_c0_1303399154449728us.jpg 0.329582 0.338830 0.631580 -0.614554 -3.937266 -1071.934426 29.192127
slice24/database/img_07653_c0_1303399154516355us.jpg 0.327761 0.336511 0.632896 -0.615447 -4.864921 -1071.758311 29.169195
slice24/database/img_07654_c0_1303399154649728us.jpg 0.323698 0.332726 0.635479 -0.616992 -6.719060 -1071.418834 29.131095
slice24/database/img_07655_c0_1303399154716354us.jpg 0.321471 0.331395 0.636462 -0.617859 -7.650401 -1071.259360 29.112042
slice24/database/img_07656_c0_1303399154849727us.jpg 0.317208 0.328800 0.637903 -0.619959 -9.518074 -1070.953803 29.070621
slice24/database/img_07657_c0_1303399154916353us.jpg 0.315372 0.327462 0.638398 -0.621094 -10.450811 -1070.809322 29.046659
slice24/database/img_07658_c0_1303399154983104us.jpg 0.313828 0.325414 0.639130 -0.622199 -11.379008 -1070.670536 29.021340
slice24/database/img_07659_c0_1303399155116539us.jpg 0.311244 0.322398 0.641080 -0.623060 -13.245955 -1070.410548 28.967091
slice24/database/img_07660_c0_1303399155183128us.jpg 0.310906 0.321325 0.641706 -0.623138 -14.178025 -1070.288806 28.940807
slice24/database/img_07661_c0_1303399155249730us.jpg 0.309802 0.320685 0.642279 -0.623427 -15.112491 -1070.168075 28.914511
slice24/database/img_07662_c0_1303399155383131us.jpg 0.306610 0.317838 0.643298 -0.625410 -16.995406 -1069.931090 28.861553
slice24/database/img_07663_c0_1303399155449730us.jpg 0.304575 0.315998 0.643581 -0.627043 -17.937018 -1069.815453 28.836681
slice24/database/img_07664_c0_1303399155516355us.jpg 0.302830 0.314113 0.643768 -0.628641 -18.871031 -1069.708222 28.812770
slice24/database/img_07665_c0_1303399155649757us.jpg 0.299044 0.311651 0.643931 -0.631505 -20.750133 -1069.503262 28.764460
slice24/database/img_07666_c0_1303399155716358us.jpg 0.297257 0.310437 0.644610 -0.632255 -21.696862 -1069.410375 28.737787
slice24/database/img_07667_c0_1303399155783107us.jpg 0.295591 0.308834 0.645760 -0.632647 -22.633120 -1069.324230 28.711525
slice24/database/img_07668_c0_1303399155916361us.jpg 0.292158 0.305815 0.648016 -0.633400 -24.503151 -1069.168630 28.660470
slice24/database/img_07669_c0_1303399155983111us.jpg 0.290263 0.304416 0.648617 -0.634330 -25.445896 -1069.095215 28.632818
slice24/database/img_07670_c0_1303399156049736us.jpg 0.288617 0.302749 0.649218 -0.635263 -26.384523 -1069.025396 28.604514
slice24/database/img_07671_c0_1303399156116362us.jpg 0.287041 0.300676 0.649906 -0.636258 -27.316765 -1068.961712 28.578097
slice24/database/img_07672_c0_1303399156249738us.jpg 0.283558 0.296570 0.651022 -0.638601 -29.191793 -1068.846433 28.521176
slice24/database/img_07673_c0_1303399156316365us.jpg 0.281854 0.294636 0.651730 -0.639528 -30.129133 -1068.801971 28.492134
slice24/database/img_07674_c0_1303399156450653us.jpg 0.278621 0.290136 0.653877 -0.640810 -32.002932 -1068.725526 28.435621
slice24/database/img_07675_c0_1303399156516385us.jpg 0.276941 0.287680 0.655024 -0.641472 -32.943485 -1068.695859 28.407570
slice24/database/img_07676_c0_1303399156583112us.jpg 0.274867 0.285399 0.656326 -0.642053 -33.881031 -1068.671506 28.380632
slice24/database/img_07677_c0_1303399156716392us.jpg 0.269666 0.282062 0.657950 -0.644067 -35.769777 -1068.638111 28.331030
slice24/database/img_07678_c0_1303399156783113us.jpg 0.267123 0.280105 0.658511 -0.645407 -36.709786 -1068.629082 28.305779
slice24/database/img_07679_c0_1303399156849740us.jpg 0.264359 0.278193 0.659107 -0.646762 -37.647764 -1068.624781 28.279055
slice24/database/img_07680_c0_1303399156983119us.jpg 0.259343 0.273687 0.660378 -0.649414 -39.521801 -1068.630947 28.226295
slice24/database/img_07681_c0_1303399157049739us.jpg 0.257148 0.271578 0.660900 -0.650639 -40.455189 -1068.646999 28.200435
slice24/database/img_07682_c0_1303399157183116us.jpg 0.252881 0.267746 0.661958 -0.652821 -42.319923 -1068.698931 28.143791
slice24/database/img_07683_c0_1303399157249742us.jpg 0.250893 0.265841 0.662975 -0.653334 -43.249957 -1068.735403 28.116456
slice24/database/img_07684_c0_1303399157383121us.jpg 0.247153 0.262126 0.665342 -0.653855 -45.118176 -1068.821137 28.061746
slice24/database/img_07685_c0_1303399157449744us.jpg 0.245804 0.260330 0.666134 -0.654273 -46.048412 -1068.873786 28.032971
slice24/database/img_07686_c0_1303399157516369us.jpg 0.244751 0.258643 0.666869 -0.654589 -46.972599 -1068.932904 28.005760
slice24/database/img_07687_c0_1303399157649755us.jpg 0.242734 0.254709 0.667695 -0.656039 -48.829693 -1069.062257 27.949179
slice24/database/img_07688_c0_1303399157716368us.jpg 0.241485 0.252655 0.668443 -0.656532 -49.758575 -1069.132057 27.922112
slice24/database/img_07689_c0_1303399157783120us.jpg 0.239753 0.250942 0.669392 -0.656858 -50.684650 -1069.204888 27.896260
slice24/database/img_07690_c0_1303399157916372us.jpg 0.236658 0.248834 0.669945 -0.658216 -52.544715 -1069.359928 27.851007
slice24/database/img_07691_c0_1303399157983121us.jpg 0.235520 0.248003 0.669771 -0.659114 -53.468052 -1069.445414 27.826659
slice24/database/img_07692_c0_1303399158116397us.jpg 0.232707 0.244416 0.671819 -0.659370 -55.303442 -1069.627733 27.776432
slice24/database/img_07693_c0_1303399158183123us.jpg 0.231300 0.242040 0.673329 -0.659200 -56.222465 -1069.728088 27.747887
slice24/database/img_07694_c0_1303399158249749us.jpg 0.229114 0.241266 0.675032 -0.658505 -57.145950 -1069.832077 27.717757
slice24/database/img_07695_c0_1303399158383147us.jpg 0.222503 0.240521 0.679805 -0.656130 -58.979011 -1070.050959 27.657344
slice24/database/img_07696_c0_1303399158449749us.jpg 0.220328 0.238758 0.682146 -0.655077 -59.920769 -1070.177650 27.615038
slice24/database/img_07697_c0_1303399158516374us.jpg 0.220284 0.235580 0.683143 -0.655204 -60.850818 -1070.309698 27.563425
slice24/database/img_07698_c0_1303399158649750us.jpg 0.223713 0.225216 0.682965 -0.657867 -62.688663 -1070.569970 27.452243
slice24/database/img_07699_c0_1303399158716375us.jpg 0.223164 0.221422 0.682412 -0.659912 -63.616880 -1070.705829 27.419334
slice24/database/img_07700_c0_1303399158783125us.jpg 0.220863 0.218904 0.682172 -0.661772 -64.540359 -1070.845937 27.399294
slice24/database/img_07701_c0_1303399158916398us.jpg 0.215220 0.216442 0.682044 -0.664567 -66.396597 -1071.143753 27.377669
