slice24/query/img_07806_c1_1284563935050319us.jpg 0.644915 0.675194 0.272997 -0.231668 192.501936 -1164.743551 42.434666
slice24/query/img_07807_c1_1284563935116926us.jpg 0.644883 0.676209 0.271297 -0.230792 191.456312 -1164.662808 42.354538
slice24/query/img_07808_c1_1284563935183538us.jpg 0.645207 0.676889 0.269943 -0.229479 190.409990 -1164.580470 42.270512
slice24/query/img_07809_c1_1284563935250277us.jpg 0.645534 0.677624 0.268497 -0.228082 189.363127 -1164.492675 42.186448
slice24/query/img_07810_c1_1284563935383524us.jpg 0.646381 0.679155 0.265509 -0.224597 187.267705 -1164.309857 42.015574
slice24/query/img_07811_c1_1284563935450241us.jpg 0.647001 0.679697 0.264131 -0.222791 186.222171 -1164.211617 41.932155
slice24/query/img_07812_c1_1284563935516855us.jpg 0.647929 0.680031 0.262549 -0.220939 185.179226 -1164.110096 41.847019
slice24/query/img_07813_c1_1284563935650208us.jpg 0.649898 0.680967 0.258129 -0.217451 183.095070 -1163.894570 41.672560
slice24/query/img_07814_c1_1284563935716820us.jpg 0.650676 0.681651 0.255630 -0.215929 182.056997 -1163.774667 41.586819
slice24/query/img_07815_c1_1284563935783432us.jpg 0.651239 0.682512 0.253069 -0.214527 181.018709 -1163.646512 41.501260
slice24/query/img_07816_c1_1284563935850170us.jpg 0.651573 0.683553 0.250659 -0.213021 179.979722 -1163.513946 41.416982
slice24/query/img_07817_c1_1284563935983399us.jpg 0.651871 0.685953 0.245962 -0.209847 177.904494 -1163.229397 41.253141
slice24/query/img_07818_c1_1284563936050136us.jpg 0.652068 0.687218 0.243794 -0.207615 176.866860 -1163.082263 41.170164
slice24/query/img_07819_c1_1284563936250123us.jpg 0.655184 0.688491 0.237549 -0.200712 173.741959 -1162.625907 40.910678
slice24/query/img_07820_c1_1284563936383359us.jpg 0.657484 0.689106 0.233800 -0.195409 171.627233 -1162.269765 40.745387
slice24/query/img_07821_c1_1284563936450086us.jpg 0.658168 0.689899 0.231321 -0.193249 170.574713 -1162.076943 40.663958
slice24/query/img_07822_c1_1284563936516678us.jpg 0.658581 0.690658 0.229696 -0.191055 169.520520 -1161.873673 40.580283
slice24/query/img_07823_c1_1284563936583291us.jpg 0.659160 0.691287 0.228175 -0.188587 168.464061 -1161.664141 40.497845
slice24/query/img_07824_c1_1284563936716643us.jpg 0.660769 0.692519 0.223041 -0.184539 166.351175 -1161.226656 40.324028
slice24/query/img_07825_c1_1284563936783256us.jpg 0.661903 0.692847 0.220293 -0.182532 165.296190 -1160.997334 40.238838
slice24/query/img_07826_c1_1284563936849994us.jpg 0.663184 0.692952 0.218003 -0.180221 164.240830 -1160.762939 40.155028
slice24/query/img_07827_c1_1284563936983224us.jpg 0.665254 0.693235 0.215319 -0.174646 162.129113 -1160.274695 39.996264
slice24/query/img_07828_c1_1284563937049982us.jpg 0.666089 0.693569 0.213870 -0.171890 161.072566 -1160.018431 39.915902
slice24/query/img_07829_c1_1284563937116573us.jpg 0.666965 0.693887 0.211997 -0.169517 160.020284 -1159.753441 39.833592
slice24/query/img_07830_c1_1284563937183186us.jpg 0.667784 0.694325 0.209669 -0.167379 158.972426 -1159.483498 39.748620
slice24/query/img_07831_c1_1284563937316540us.jpg 0.670023 0.694579 0.204781 -0.163380 156.871868 -1158.931230 39.576304
slice24/query/img_07832_c1_1284563937383150us.jpg 0.670989 0.694786 0.202478 -0.161399 155.826559 -1158.642419 39.492130
slice24/query/img_07833_c1_1284563937449888us.jpg 0.671780 0.695165 0.199935 -0.159636 154.782675 -1158.343968 39.408741
slice24/query/img_07834_c1_1284563937516501us.jpg 0.672208 0.695871 0.197231 -0.158113 153.743490 -1158.037921 39.327509
slice24/query/img_07835_c1_1284563937649879us.jpg 0.672546 0.697896 0.191334 -0.154966 151.643433 -1157.393636 39.158130
slice24/query/img_07836_c1_1284563937716467us.jpg 0.672253 0.699190 0.189036 -0.153214 150.594671 -1157.055408 39.076873
slice24/query/img_07837_c1_1284563937783079us.jpg 0.671899 0.700500 0.186969 -0.151309 149.548619 -1156.710476 38.998235
slice24/query/img_07838_c1_1284563937916453us.jpg 0.672052 0.702361 0.182806 -0.147030 147.451855 -1156.007335 38.833118
slice24/query/img_07839_c1_1284563937983045us.jpg 0.672633 0.702835 0.180593 -0.144821 146.404428 -1155.648608 38.750846
slice24/query/img_07840_c1_1284563938049783us.jpg 0.673453 0.703010 0.178683 -0.142513 145.357727 -1155.285160 38.670598
slice24/query/img_07841_c1_1284563938183015us.jpg 0.675670 0.702817 0.174584 -0.137978 143.259822 -1154.541983 38.504242
slice24/query/img_07842_c1_1284563938249748us.jpg 0.676424 0.703010 0.172306 -0.136153 142.213748 -1154.154681 38.421432
slice24/query/img_07843_c1_1284563938316365us.jpg 0.676699 0.703666 0.169886 -0.134429 141.168330 -1153.758654 38.337891
slice24/query/img_07844_c1_1284563938450149us.jpg 0.676672 0.705648 0.164747 -0.130519 139.056810 -1152.945409 38.168293
slice24/query/img_07845_c1_1284563938516348us.jpg 0.676818 0.706477 0.162076 -0.128605 138.002576 -1152.524939 38.082882
slice24/query/img_07846_c1_1284563938582939us.jpg 0.677217 0.706991 0.159685 -0.126655 136.952569 -1152.097272 37.999126
slice24/query/img_07847_c1_1284563938649677us.jpg 0.677786 0.707311 0.157332 -0.124757 135.905689 -1151.663962 37.913923
slice24/query/img_07848_c1_1284563938782909us.jpg 0.679614 0.707261 0.153104 -0.120270 133.807115 -1150.768915 37.739362
slice24/query/img_07849_c1_1284563938849642us.jpg 0.680463 0.707303 0.151086 -0.117754 132.758951 -1150.313347 37.657533
slice24/query/img_07850_c1_1284563938916255us.jpg 0.681049 0.707563 0.148827 -0.115663 131.720419 -1149.851936 37.578527
slice24/query/img_07851_c1_1284563938982868us.jpg 0.681912 0.707595 0.145939 -0.114052 130.684486 -1149.383733 37.495855
slice24/query/img_07852_c1_1284563939116221us.jpg 0.682127 0.708964 0.140923 -0.110514 128.621219 -1148.420719 37.324764
slice24/query/img_07853_c1_1284563939182833us.jpg 0.681693 0.710154 0.138521 -0.108575 127.590661 -1147.927283 37.243623
slice24/query/img_07854_c1_1284563939249572us.jpg 0.681100 0.711457 0.136395 -0.106434 126.563382 -1147.425003 37.165275
slice24/query/img_07855_c1_1284563939316185us.jpg 0.680723 0.712574 0.134083 -0.104285 125.542205 -1146.914983 37.084570
slice24/query/img_07856_c1_1284563939449540us.jpg 0.681378 0.713569 0.128342 -0.100362 123.504064 -1145.894351 36.920400
slice24/query/img_07857_c1_1284563939516150us.jpg 0.682130 0.713616 0.125401 -0.098619 122.490417 -1145.368940 36.838079
slice24/query/img_07858_c1_1284563939582763us.jpg 0.682726 0.713733 0.123002 -0.096647 121.479226 -1144.837140 36.758534
slice24/query/img_07859_c1_1284563939649501us.jpg 0.683127 0.713963 0.120872 -0.094787 120.471798 -1144.298225 36.681984
slice24/query/img_07860_c1_1284563939782735us.jpg 0.683296 0.715081 0.115904 -0.091275 118.470865 -1143.199674 36.527932
slice24/query/img_07861_c1_1284563939849466us.jpg 0.683065 0.715895 0.113771 -0.089289 117.472182 -1142.640255 36.454647
slice24/query/img_07862_c1_1284563939916080us.jpg 0.683121 0.716426 0.111375 -0.087608 116.478678 -1142.078375 36.382376
slice24/query/img_07863_c1_1284563940049454us.jpg 0.683838 0.716845 0.107104 -0.083833 114.494417 -1140.933523 36.239396
slice24/query/img_07864_c1_1284563940116046us.jpg 0.684394 0.716813 0.105451 -0.081629 113.506903 -1140.354337 36.167294
slice24/query/img_07865_c1_1284563940182658us.jpg 0.685066 0.716632 0.103990 -0.079430 112.519198 -1139.765302 36.093790
slice24/query/img_07866_c1_1284563940249396us.jpg 0.685615 0.716614 0.101967 -0.077448 111.533484 -1139.173233 36.018881
slice24/query/img_07867_c1_1284563940382625us.jpg 0.685997 0.717288 0.097292 -0.073755 109.564166 -1137.970884 35.866740
slice24/query/img_07868_c1_1284563940449366us.jpg 0.686229 0.717512 0.095177 -0.072168 108.591141 -1137.356552 35.791768
slice24/query/img_07869_c1_1284563940515973us.jpg 0.686492 0.717714 0.093300 -0.070074 107.619740 -1136.743427 35.718355
slice24/query/img_07870_c1_1284563940649330us.jpg 0.687132 0.717964 0.089280 -0.066390 105.684740 -1135.497700 35.570245
slice24/query/img_07871_c1_1284563940715938us.jpg 0.687416 0.718103 0.087375 -0.064440 104.722704 -1134.862849 35.498415
slice24/query/img_07872_c1_1284563940782551us.jpg 0.687460 0.718438 0.085572 -0.062639 103.767302 -1134.221794 35.426407
slice24/query/img_07873_c1_1284563940916830us.jpg 0.687429 0.719216 0.081588 -0.059271 101.871139 -1132.930091 35.284216
slice24/query/img_07874_c1_1284563940982538us.jpg 0.687149 0.719849 0.079296 -0.057930 100.931023 -1132.276778 35.212952
slice24/query/img_07875_c1_1284563941049254us.jpg 0.686865 0.720465 0.077075 -0.056624 99.995159 -1131.617908 35.142244
slice24/query/img_07876_c1_1284563941115868us.jpg 0.686579 0.721057 0.074691 -0.055746 99.068417 -1130.955679 35.071939
slice24/query/img_07877_c1_1284563941249222us.jpg 0.686753 0.721529 0.070505 -0.052876 97.209728 -1129.624975 34.931437
slice24/query/img_07878_c1_1284563941315833us.jpg 0.687135 0.721449 0.069104 -0.050799 96.281936 -1128.954133 34.867640
slice24/query/img_07879_c1_1284563941382446us.jpg 0.687698 0.721162 0.068001 -0.048704 95.362364 -1128.281957 34.804692
slice24/query/img_07880_c1_1284563941515800us.jpg 0.689610 0.719856 0.065370 -0.044404 93.537964 -1126.931147 34.680817
slice24/query/img_07881_c1_1284563941582411us.jpg 0.690819 0.718984 0.063462 -0.042468 92.635760 -1126.253159 34.617131
slice24/query/img_07882_c1_1284563941649150us.jpg 0.691814 0.718269 0.061686 -0.040950 91.742203 -1125.567644 34.552679
slice24/query/img_07883_c1_1284563941715763us.jpg 0.692292 0.718056 0.059715 -0.039509 90.853955 -1124.879386 34.492993
slice24/query/img_07884_c1_1284563941849117us.jpg 0.691749 0.718977 0.056587 -0.036793 89.084165 -1123.483582 34.374792
slice24/query/img_07885_c1_1284563941915727us.jpg 0.691258 0.719609 0.055843 -0.034737 88.200317 -1122.782029 34.318369
slice24/query/img_07886_c1_1284563941982341us.jpg 0.690963 0.720055 0.055079 -0.032503 87.322196 -1122.076936 34.262980
slice24/query/img_07887_c1_1284563942115696us.jpg 0.692379 0.719045 0.053037 -0.027787 85.569036 -1120.667510 34.143756
slice24/query/img_07888_c1_1284563942182327us.jpg 0.693412 0.718197 0.051968 -0.025917 84.700092 -1119.959711 34.083118
slice24/query/img_07889_c1_1284563942249044us.jpg 0.694383 0.717392 0.050713 -0.024689 83.838340 -1119.247986 34.021445
slice24/query/img_07890_c1_1284563942315657us.jpg 0.694889 0.716998 0.049505 -0.024332 82.981729 -1118.528934 33.956822
slice24/query/img_07891_c1_1284563942449014us.jpg 0.693909 0.718063 0.046580 -0.026565 81.293525 -1117.069387 33.833901
slice24/query/img_07892_c1_1284563942515622us.jpg 0.692694 0.719262 0.045434 -0.027800 80.447780 -1116.338618 33.774708
slice24/query/img_07893_c1_1284563942582235us.jpg 0.691616 0.720288 0.044909 -0.028897 79.602399 -1115.610116 33.720617
slice24/query/img_07894_c1_1284563942715612us.jpg 0.690613 0.721119 0.045970 -0.030445 77.902696 -1114.157092 33.606348
slice24/query/img_07895_c1_1284563942782199us.jpg 0.690755 0.720889 0.047047 -0.031021 77.051048 -1113.436860 33.552007
slice24/query/img_07896_c1_1284563942848938us.jpg 0.691222 0.720310 0.048541 -0.031762 76.199584 -1112.722583 33.497815
slice24/query/img_07897_c1_1284563942982171us.jpg 0.692078 0.719241 0.050601 -0.034060 74.496351 -1111.301429 33.384945
slice24/query/img_07898_c1_1284563943048903us.jpg 0.692005 0.719151 0.051957 -0.035374 73.642930 -1110.596586 33.329775
slice24/query/img_07899_c1_1284563943115517us.jpg 0.691382 0.719546 0.053939 -0.036552 72.790619 -1109.892577 33.278251
slice24/query/img_07900_c1_1284563943248891us.jpg 0.690119 0.720261 0.058640 -0.038994 71.065802 -1108.488303 33.165557
slice24/query/img_07901_c1_1284563943315482us.jpg 0.690166 0.719971 0.060530 -0.040592 70.199093 -1107.794815 33.103524
slice24/query/img_07902_c1_1284563943382155us.jpg 0.690408 0.719489 0.062243 -0.042392 69.330616 -1107.108790 33.039935
slice24/query/img_07903_c1_1284563943515454us.jpg 0.691977 0.717378 0.066009 -0.046687 67.593785 -1105.760941 32.913163
slice24/query/img_07904_c1_1284563943582059us.jpg 0.692640 0.716379 0.068258 -0.048896 66.713132 -1105.091725 32.852088
slice24/query/img_07905_c1_1284563943648799us.jpg 0.693688 0.714964 0.070742 -0.051167 65.830530 -1104.429741 32.793802
slice24/query/img_07906_c1_1284563943782046us.jpg 0.694852 0.713048 0.076713 -0.053464 64.049945 -1103.125338 32.686393
slice24/query/img_07907_c1_1284563943848784us.jpg 0.695150 0.712358 0.079560 -0.054619 63.149834 -1102.480994 32.634610
slice24/query/img_07908_c1_1284563943982011us.jpg 0.696234 0.710430 0.084443 -0.058452 61.329827 -1101.199482 32.521258
slice24/query/img_07909_c1_1284563944048727us.jpg 0.696278 0.709840 0.087268 -0.060897 60.418375 -1100.564150 32.464797
slice24/query/img_07910_c1_1284563944115409us.jpg 0.695608 0.709973 0.089568 -0.063600 59.503192 -1099.929670 32.406570
slice24/query/img_07911_c1_1284563944181954us.jpg 0.694445 0.710609 0.091431 -0.066499 58.589109 -1099.302914 32.347751
slice24/query/img_07912_c1_1284563944315326us.jpg 0.692127 0.711772 0.095391 -0.072393 56.747291 -1098.064602 32.226702
slice24/query/img_07913_c1_1284563944381918us.jpg 0.691386 0.711930 0.097762 -0.074721 55.820795 -1097.459249 32.168155
slice24/query/img_07914_c1_1284563944448656us.jpg 0.690920 0.711855 0.100351 -0.076297 54.887779 -1096.863412 32.110339
slice24/query/img_07915_c1_1284563944581888us.jpg 0.691527 0.710129 0.105484 -0.079877 53.006837 -1095.683238 31.991443
slice24/query/img_07916_c1_1284563944648620us.jpg 0.692252 0.708874 0.107974 -0.081403 52.063837 -1095.108690 31.930805
slice24/query/img_07917_c1_1284563944715234us.jpg 0.692764 0.707813 0.110373 -0.083045 51.119921 -1094.540585 31.871999
slice24/query/img_07918_c1_1284563944848588us.jpg 0.693398 0.706062 0.115039 -0.086265 49.205561 -1093.418100 31.751528
slice24/query/img_07919_c1_1284563944915199us.jpg 0.693466 0.705423 0.117246 -0.087957 48.248922 -1092.863491 31.691329
slice24/query/img_07920_c1_1284563945048573us.jpg 0.693327 0.704338 0.121760 -0.091545 46.323925 -1091.769949 31.573069
slice24/query/img_07921_c1_1284563945115164us.jpg 0.693295 0.703742 0.123994 -0.093353 45.354963 -1091.229518 31.513971
slice24/query/img_07922_c1_1284563945181778us.jpg 0.693341 0.703070 0.126282 -0.094993 44.382002 -1090.698558 31.454877
slice24/query/img_07923_c1_1284563945248516us.jpg 0.693249 0.702541 0.128302 -0.096857 43.407544 -1090.169780 31.394767
slice24/query/img_07924_c1_1284563945381745us.jpg 0.692794 0.701824 0.131175 -0.101353 41.453671 -1089.126164 31.273477
slice24/query/img_07925_c1_1284563945448480us.jpg 0.691997 0.701939 0.133055 -0.103530 40.470568 -1088.605467 31.213387
slice24/query/img_07926_c1_1284563945515094us.jpg 0.690781 0.702365 0.135883 -0.105076 39.478882 -1088.088365 31.155485
slice24/query/img_07927_c1_1284563945648468us.jpg 0.689482 0.702040 0.140327 -0.109827 37.489504 -1087.076487 31.031482
slice24/query/img_07928_c1_1284563945715081us.jpg 0.689660 0.701107 0.141898 -0.112618 36.493444 -1086.585014 30.966173
slice24/query/img_07929_c1_1284563945781672us.jpg 0.690250 0.699750 0.143641 -0.115206 35.493280 -1086.101253 30.904006
slice24/query/img_07930_c1_1284563945848410us.jpg 0.690953 0.698230 0.145852 -0.117413 34.492099 -1085.626689 30.846004
slice24/query/img_07931_c1_1284563945981659us.jpg 0.691302 0.696123 0.151190 -0.121064 32.470307 -1084.692402 30.737308
slice24/query/img_07932_c1_1284563946048375us.jpg 0.690915 0.695642 0.153624 -0.122959 31.454504 -1084.233678 30.683926
slice24/query/img_07933_c1_1284563946114988us.jpg 0.690254 0.695357 0.156039 -0.125220 30.437697 -1083.777904 30.630628
slice24/query/img_07934_c1_1284563946248345us.jpg 0.689072 0.694673 0.160082 -0.130317 28.394546 -1082.885317 30.515097
slice24/query/img_07935_c1_1284563946314953us.jpg 0.688484 0.694330 0.161836 -0.133056 27.369320 -1082.450513 30.457059
slice24/query/img_07936_c1_1284563946381566us.jpg 0.688190 0.693681 0.163423 -0.135995 26.345294 -1082.023721 30.399582
slice24/query/img_07937_c1_1284563946515728us.jpg 0.687902 0.691981 0.167372 -0.141207 24.282956 -1081.190513 30.289426
slice24/query/img_07938_c1_1284563946581533us.jpg 0.687740 0.691178 0.169373 -0.143522 23.246713 -1080.786145 30.238867
slice24/query/img_07939_c1_1284563946648269us.jpg 0.687558 0.690401 0.171485 -0.145609 22.207047 -1080.388055 30.190104
slice24/query/img_07940_c1_1284563946714883us.jpg 0.687184 0.689750 0.173703 -0.147817 21.165351 -1079.994306 30.141965
slice24/query/img_07941_c1_1284563946848257us.jpg 0.686348 0.688642 0.177270 -0.152559 19.073097 -1079.225093 30.044642
slice24/query/img_07942_c1_1284563946914848us.jpg 0.685563 0.688467 0.178680 -0.155213 18.025569 -1078.849880 29.997154
slice24/query/img_07943_c1_1284563946981460us.jpg 0.684672 0.688284 0.180360 -0.157986 16.977037 -1078.480904 29.950236
slice24/query/img_07944_c1_1284563947048199us.jpg 0.683719 0.688164 0.182083 -0.160636 15.927036 -1078.119056 29.903141
slice24/query/img_07945_c1_1284563947181447us.jpg 0.682380 0.687387 0.185539 -0.165623 13.811481 -1077.415126 29.810299
slice24/query/img_07946_c1_1284563947248163us.jpg 0.682081 0.686581 0.187409 -0.168077 12.751438 -1077.073717 29.765982
slice24/query/img_07947_c1_1284563947314778us.jpg 0.682035 0.685546 0.189319 -0.170334 11.691511 -1076.740596 29.723500
slice24/query/img_07948_c1_1284563947448135us.jpg 0.681743 0.683544 0.193632 -0.174645 9.568951 -1076.096621 29.644324
slice24/query/img_07949_c1_1284563947514764us.jpg 0.681533 0.682565 0.195794 -0.176865 8.504737 -1075.786403 29.606022
slice24/query/img_07950_c1_1284563947581362us.jpg 0.681514 0.681337 0.197979 -0.179228 7.439379 -1075.483088 29.568457
slice24/query/img_07951_c1_1284563947648093us.jpg 0.681523 0.679990 0.200198 -0.181827 6.373401 -1075.187347 29.531564
slice24/query/img_07952_c1_1284563947781325us.jpg 0.681006 0.677917 0.205295 -0.185777 4.229953 -1074.612237 29.457201
slice24/query/img_07953_c1_1284563947848058us.jpg 0.680530 0.677150 0.207261 -0.188122 3.160825 -1074.339510 29.421750
slice24/query/img_07954_c1_1284563947981310us.jpg 0.679502 0.675435 0.210161 -0.194673 1.016810 -1073.808288 29.348596
slice24/query/img_07955_c1_1284563948048024us.jpg 0.678996 0.674403 0.211921 -0.198076 -0.060875 -1073.555269 29.316165
slice24/query/img_07956_c1_1284563948247990us.jpg 0.676621 0.672360 0.217550 -0.206853 -3.306278 -1072.835595 29.224429
slice24/query/img_07957_c1_1284563948381241us.jpg 0.675327 0.670382 0.223320 -0.211303 -5.479063 -1072.397321 29.178587
slice24/query/img_07958_c1_1284563948447953us.jpg 0.674991 0.668987 0.226418 -0.213494 -6.565443 -1072.192619 29.154651
slice24/query/img_07959_c1_1284563948581200us.jpg 0.673352 0.667599 0.231765 -0.217241 -8.747874 -1071.809487 29.106859
slice24/query/img_07960_c1_1284563948647916us.jpg 0.672312 0.667067 0.233939 -0.219751 -9.838007 -1071.628445 29.078912
slice24/query/img_07961_c1_1284563948714530us.jpg 0.671467 0.666152 0.235882 -0.223008 -10.930668 -1071.450396 29.048618
slice24/query/img_07962_c1_1284563948781144us.jpg 0.670397 0.665388 0.238418 -0.225797 -12.023550 -1071.279638 29.019069
slice24/query/img_07963_c1_1284563948914516us.jpg 0.667670 0.664430 0.244290 -0.230372 -14.219598 -1070.961122 28.960177
slice24/query/img_07964_c1_1284563948981131us.jpg 0.666623 0.663647 0.247305 -0.232437 -15.323735 -1070.813062 28.926922
slice24/query/img_07965_c1_1284563949114482us.jpg 0.665164 0.661486 0.252186 -0.237477 -17.516191 -1070.551743 28.860363
slice24/query/img_07966_c1_1284563949181073us.jpg 0.664735 0.660132 0.254343 -0.240132 -18.612976 -1070.438932 28.828737
slice24/query/img_07967_c1_1284563949247812us.jpg 0.664212 0.658821 0.256850 -0.242496 -19.712042 -1070.330961 28.797351
slice24/query/img_07968_c1_1284563949314426us.jpg 0.663658 0.657556 0.259201 -0.244934 -20.812406 -1070.233620 28.766767
slice24/query/img_07969_c1_1284563949447799us.jpg 0.661842 0.655935 0.263767 -0.249282 -23.040515 -1070.053272 28.701977
slice24/query/img_07970_c1_1284563949514390us.jpg 0.660794 0.655357 0.266147 -0.251047 -24.155566 -1069.974221 28.670671
slice24/query/img_07971_c1_1284563949581003us.jpg 0.659853 0.654770 0.268229 -0.252833 -25.270498 -1069.902136 28.639257
slice24/query/img_07972_c1_1284563949647741us.jpg 0.658960 0.654032 0.270298 -0.254858 -26.385292 -1069.833731 28.606082
slice24/query/img_07973_c1_1284563949780992us.jpg 0.657480 0.652424 0.273713 -0.259121 -28.619487 -1069.718568 28.540757
slice24/query/img_07974_c1_1284563949847706us.jpg 0.657005 0.651454 0.274950 -0.261447 -29.737865 -1069.671224 28.505395
slice24/query/img_07975_c1_1284563949914319us.jpg 0.656482 0.650604 0.276273 -0.263477 -30.855407 -1069.631090 28.472367
slice24/query/img_07976_c1_1284563949980933us.jpg 0.655812 0.649895 0.277860 -0.265219 -31.968990 -1069.599111 28.440987
slice24/query/img_07977_c1_1284563950114287us.jpg 0.654463 0.648426 0.281575 -0.268211 -34.217682 -1069.546689 28.378838
slice24/query/img_07978_c1_1284563950180898us.jpg 0.653760 0.647682 0.283415 -0.269781 -35.341963 -1069.529922 28.347495
slice24/query/img_07979_c1_1284563950247636us.jpg 0.653071 0.647011 0.284874 -0.271518 -36.465976 -1069.518903 28.317533
slice24/query/img_07980_c1_1284563950314249us.jpg 0.652074 0.646625 0.286398 -0.273224 -37.588185 -1069.514899 28.287444
slice24/query/img_07981_c1_1284563950447630us.jpg 0.650120 0.645754 0.289840 -0.276294 -39.837514 -1069.520858 28.226692
slice24/query/img_07982_c1_1284563950514214us.jpg 0.649521 0.644860 0.291275 -0.278276 -40.968284 -1069.531466 28.192595
slice24/query/img_07983_c1_1284563950580827us.jpg 0.648979 0.643959 0.292739 -0.280086 -42.093413 -1069.548544 28.159703
slice24/query/img_07984_c1_1284563950647565us.jpg 0.648355 0.643180 0.294363 -0.281612 -43.218227 -1069.572933 28.129190
slice24/query/img_07985_c1_1284563950780814us.jpg 0.647385 0.641088 0.298111 -0.284655 -45.474289 -1069.637865 28.068116
slice24/query/img_07986_c1_1284563950847530us.jpg 0.646790 0.639984 0.300173 -0.286320 -46.601021 -1069.679906 28.037648
slice24/query/img_07987_c1_1284563950980759us.jpg 0.645375 0.638020 0.303583 -0.290275 -48.858013 -1069.778283 27.971561
slice24/query/img_07988_c1_1284563951047494us.jpg 0.644318 0.637406 0.304798 -0.292688 -49.984242 -1069.835640 27.936959
slice24/query/img_07989_c1_1284563951114108us.jpg 0.642924 0.637079 0.305850 -0.295354 -51.111877 -1069.897703 27.903303
slice24/query/img_07990_c1_1284563951180720us.jpg 0.641486 0.636447 0.307734 -0.297877 -52.239962 -1069.969675 27.872101
slice24/query/img_07991_c1_1284563951314078us.jpg 0.638765 0.634389 0.313317 -0.302261 -54.502260 -1070.128218 27.813058
slice24/query/img_07992_c1_1284563951380686us.jpg 0.637182 0.633610 0.317198 -0.303188 -55.630243 -1070.223702 27.787573
slice24/query/img_07993_c1_1284563951447425us.jpg 0.635791 0.632662 0.320962 -0.304125 -56.752545 -1070.331764 27.760228
slice24/query/img_07994_c1_1284563951580998us.jpg 0.631483 0.632920 0.327578 -0.305507 -59.000638 -1070.569335 27.694629
slice24/query/img_07995_c1_1284563951647394us.jpg 0.628591 0.633342 0.329742 -0.308255 -60.125798 -1070.687170 27.648703
slice24/query/img_07996_c1_1284563951714003us.jpg 0.626597 0.632493 0.330471 -0.313239 -61.238756 -1070.811490 27.594745
slice24/query/img_07997_c1_1284563951780616us.jpg 0.624993 0.631156 0.330190 -0.319376 -62.345716 -1070.941473 27.538561
slice24/query/img_07998_c1_1284563951913991us.jpg 0.621693 0.629455 0.331169 -0.328041 -64.571283 -1071.233199 27.446925
slice24/query/img_07999_c1_1284563951980611us.jpg 0.620759 0.627884 0.333428 -0.330524 -65.684333 -1071.391049 27.415386
