slice24/query/img_10407_c1_1283348678858750us.jpg 0.624821 0.688995 0.283111 -0.233947 192.981808 -1161.557740 42.745271
slice24/query/img_10408_c1_1283348678925363us.jpg 0.622296 0.690686 0.283657 -0.235028 192.176692 -1161.446895 42.694891
slice24/query/img_10409_c1_1283348679058737us.jpg 0.623778 0.691544 0.280163 -0.232758 190.707781 -1161.374714 42.529373
slice24/query/img_10410_c1_1283348679125328us.jpg 0.624413 0.691958 0.277564 -0.232940 189.943027 -1161.347525 42.435992
slice24/query/img_10411_c1_1283348679191941us.jpg 0.624346 0.692781 0.276143 -0.232362 189.159670 -1161.300612 42.351695
slice24/query/img_10412_c1_1283348679325316us.jpg 0.625285 0.694771 0.272123 -0.228608 187.486636 -1161.212854 42.164504
slice24/query/img_10413_c1_1283348679391927us.jpg 0.625708 0.695645 0.270254 -0.227002 186.638652 -1161.149072 42.072852
slice24/query/img_10414_c1_1283348679458644us.jpg 0.626961 0.695773 0.268398 -0.225350 185.785435 -1161.084421 41.976539
slice24/query/img_10415_c1_1283348679525257us.jpg 0.628161 0.695973 0.265980 -0.224257 184.933604 -1161.013854 41.876028
slice24/query/img_10416_c1_1283348679658614us.jpg 0.631431 0.696808 0.258365 -0.221362 183.183980 -1160.883399 41.651215
slice24/query/img_10417_c1_1283348679725223us.jpg 0.632376 0.697657 0.255002 -0.219883 182.317214 -1160.799807 41.550957
slice24/query/img_10418_c1_1283348679791836us.jpg 0.632811 0.698787 0.251802 -0.218729 181.457919 -1160.708812 41.459725
slice24/query/img_10419_c1_1283348679925211us.jpg 0.634799 0.700291 0.244896 -0.215984 179.736798 -1160.517281 41.267739
slice24/query/img_10420_c1_1283348679991800us.jpg 0.634956 0.701434 0.241968 -0.215110 178.877937 -1160.397788 41.186248
slice24/query/img_10421_c1_1283348680058539us.jpg 0.635098 0.702579 0.239586 -0.213615 178.018683 -1160.275867 41.110376
slice24/query/img_10422_c1_1283348680192189us.jpg 0.635890 0.704788 0.233831 -0.210336 176.287901 -1160.028375 40.947368
slice24/query/img_10423_c1_1283348680258505us.jpg 0.636359 0.705649 0.231204 -0.208929 175.423029 -1159.890938 40.868882
slice24/query/img_10424_c1_1283348680325117us.jpg 0.636573 0.706637 0.228662 -0.207732 174.558747 -1159.747580 40.790516
slice24/query/img_10425_c1_1283348680391731us.jpg 0.636568 0.707773 0.226116 -0.206665 173.690055 -1159.595808 40.713094
slice24/query/img_10426_c1_1283348680525085us.jpg 0.636521 0.710220 0.220152 -0.204845 171.902219 -1159.278094 40.533730
slice24/query/img_10427_c1_1283348680591695us.jpg 0.636908 0.711024 0.217517 -0.203666 171.007857 -1159.108312 40.452390
slice24/query/img_10428_c1_1283348680658434us.jpg 0.637404 0.711747 0.215006 -0.202249 170.111281 -1158.931505 40.372822
slice24/query/img_10429_c1_1283348680725047us.jpg 0.638025 0.712244 0.212726 -0.200948 169.218547 -1158.747549 40.295919
slice24/query/img_10430_c1_1283348680858426us.jpg 0.639888 0.712847 0.207619 -0.198211 167.418677 -1158.369567 40.135506
slice24/query/img_10431_c1_1283348680925012us.jpg 0.641087 0.712829 0.205342 -0.196765 166.521735 -1158.173586 40.059620
slice24/query/img_10432_c1_1283348680991625us.jpg 0.641821 0.713218 0.203098 -0.195288 165.628673 -1157.970204 39.984943
slice24/query/img_10433_c1_1283348681124979us.jpg 0.642988 0.714206 0.198591 -0.192451 163.838489 -1157.550419 39.833372
slice24/query/img_10434_c1_1283348681191590us.jpg 0.643705 0.714542 0.196394 -0.191058 162.947437 -1157.330770 39.761550
slice24/query/img_10435_c1_1283348681258328us.jpg 0.644612 0.714644 0.194372 -0.189683 162.061702 -1157.106888 39.690803
slice24/query/img_10436_c1_1283348681324941us.jpg 0.645496 0.714830 0.192454 -0.187921 161.178382 -1156.882588 39.623803
slice24/query/img_10437_c1_1283348681458316us.jpg 0.648443 0.714158 0.189309 -0.183474 159.407840 -1156.422374 39.492740
slice24/query/img_10438_c1_1283348681524906us.jpg 0.650019 0.713645 0.188184 -0.181033 158.526654 -1156.187305 39.430469
slice24/query/img_10439_c1_1283348681591520us.jpg 0.651621 0.713040 0.187259 -0.178599 157.651527 -1155.948285 39.368210
slice24/query/img_10440_c1_1283348681658258us.jpg 0.652856 0.712841 0.185809 -0.176385 156.777774 -1155.704577 39.304947
slice24/query/img_10441_c1_1283348681791508us.jpg 0.654348 0.713217 0.182770 -0.172469 155.032630 -1155.193863 39.180307
slice24/query/img_10442_c1_1283348681858224us.jpg 0.655304 0.713240 0.181246 -0.170341 154.156013 -1154.932246 39.113799
slice24/query/img_10443_c1_1283348681924836us.jpg 0.656091 0.713306 0.179765 -0.168594 153.288633 -1154.664938 39.048736
slice24/query/img_10444_c1_1283348682058211us.jpg 0.657694 0.713382 0.176592 -0.165348 151.555305 -1154.117905 38.918322
slice24/query/img_10445_c1_1283348682124802us.jpg 0.658675 0.713266 0.174857 -0.163781 150.690943 -1153.840991 38.852869
slice24/query/img_10446_c1_1283348682191415us.jpg 0.659708 0.713131 0.173469 -0.161674 149.826299 -1153.561396 38.786591
slice24/query/img_10447_c1_1283348682324768us.jpg 0.661402 0.713134 0.171036 -0.157271 148.098902 -1152.980400 38.654525
slice24/query/img_10448_c1_1283348682391384us.jpg 0.661985 0.713337 0.169589 -0.155453 147.240392 -1152.682622 38.589953
slice24/query/img_10449_c1_1283348682458118us.jpg 0.662632 0.713529 0.167712 -0.153845 146.384935 -1152.380730 38.523135
slice24/query/img_10450_c1_1283348682524732us.jpg 0.662999 0.713952 0.165664 -0.152516 145.531520 -1152.073557 38.457085
slice24/query/img_10451_c1_1283348682658105us.jpg 0.663224 0.715189 0.161641 -0.150038 143.829660 -1151.448964 38.327628
slice24/query/img_10452_c1_1283348682724697us.jpg 0.663277 0.715821 0.159858 -0.148693 142.981419 -1151.129616 38.262460
slice24/query/img_10453_c1_1283348682859045us.jpg 0.663988 0.716664 0.156346 -0.145153 141.280194 -1150.479108 38.129603
slice24/query/img_10454_c1_1283348682924684us.jpg 0.664294 0.717068 0.154466 -0.143759 140.436112 -1150.150408 38.070228
slice24/query/img_10455_c1_1283348682991275us.jpg 0.665055 0.717041 0.153127 -0.141796 139.590218 -1149.820181 38.008841
slice24/query/img_10456_c1_1283348683058014us.jpg 0.665949 0.716854 0.151773 -0.139990 138.746446 -1149.484384 37.948483
slice24/query/img_10457_c1_1283348683191264us.jpg 0.667305 0.716977 0.149039 -0.135777 137.038361 -1148.786926 37.822660
slice24/query/img_10458_c1_1283348683257978us.jpg 0.667472 0.717495 0.147700 -0.133667 136.186205 -1148.428323 37.759176
slice24/query/img_10459_c1_1283348683324592us.jpg 0.667743 0.717914 0.146296 -0.131594 135.338021 -1148.068075 37.692638
slice24/query/img_10460_c1_1283348683457965us.jpg 0.668072 0.718807 0.142816 -0.128842 133.648188 -1147.331615 37.561804
slice24/query/img_10461_c1_1283348683524556us.jpg 0.668386 0.719135 0.140544 -0.127880 132.808552 -1146.955756 37.495005
slice24/query/img_10462_c1_1283348683591168us.jpg 0.668798 0.719424 0.137383 -0.127532 131.980574 -1146.580512 37.427973
slice24/query/img_10463_c1_1283348683724524us.jpg 0.670294 0.719222 0.133507 -0.124908 130.319687 -1145.822812 37.301168
slice24/query/img_10464_c1_1283348683791139us.jpg 0.670326 0.719717 0.133104 -0.122286 129.487820 -1145.435510 37.247667
slice24/query/img_10465_c1_1283348683857872us.jpg 0.669896 0.720671 0.132703 -0.119424 128.657508 -1145.045678 37.193573
slice24/query/img_10466_c1_1283348683924486us.jpg 0.669716 0.721428 0.131686 -0.116965 127.833746 -1144.654264 37.133660
slice24/query/img_10467_c1_1283348684057861us.jpg 0.670766 0.721548 0.128614 -0.113575 126.199639 -1143.862990 37.006227
slice24/query/img_10468_c1_1283348684124451us.jpg 0.671522 0.721348 0.126783 -0.112432 125.388461 -1143.459160 36.940950
slice24/query/img_10469_c1_1283348684191064us.jpg 0.672242 0.721186 0.124631 -0.111572 124.582753 -1143.056521 36.873918
slice24/query/img_10470_c1_1283348684324445us.jpg 0.673209 0.721310 0.120652 -0.109290 122.977893 -1142.234994 36.744296
slice24/query/img_10471_c1_1283348684391029us.jpg 0.673458 0.721581 0.118989 -0.107784 122.179224 -1141.820353 36.685719
slice24/query/img_10472_c1_1283348684457767us.jpg 0.673737 0.721834 0.117270 -0.106214 121.385801 -1141.402740 36.627759
slice24/query/img_10473_c1_1283348684590997us.jpg 0.674797 0.721825 0.114607 -0.102388 119.801229 -1140.559332 36.512347
slice24/query/img_10474_c1_1283348684657735us.jpg 0.675183 0.721963 0.113406 -0.100182 119.018094 -1140.133238 36.458370
slice24/query/img_10475_c1_1283348684724346us.jpg 0.675853 0.721892 0.111991 -0.097738 118.237934 -1139.710271 36.401536
slice24/query/img_10476_c1_1283348684857721us.jpg 0.677009 0.721971 0.108162 -0.093363 116.697483 -1138.854978 36.288017
slice24/query/img_10477_c1_1283348684924332us.jpg 0.677367 0.722180 0.106279 -0.091296 115.939919 -1138.423324 36.232833
slice24/query/img_10478_c1_1283348684990924us.jpg 0.677587 0.722533 0.104501 -0.088895 115.183523 -1137.988543 36.176093
slice24/query/img_10479_c1_1283348685057669us.jpg 0.677544 0.723036 0.102930 -0.086938 114.437948 -1137.548929 36.122039
slice24/query/img_10480_c1_1283348685190890us.jpg 0.677791 0.723797 0.099194 -0.082935 112.951129 -1136.666484 36.008509
slice24/query/img_10481_c1_1283348685257627us.jpg 0.677939 0.724149 0.097130 -0.081065 112.218025 -1136.219739 35.954360
slice24/query/img_10482_c1_1283348685324240us.jpg 0.678083 0.724473 0.095117 -0.079342 111.493638 -1135.773990 35.901365
slice24/query/img_10483_c1_1283348685457614us.jpg 0.679469 0.723990 0.091986 -0.075487 110.052921 -1134.877726 35.788002
slice24/query/img_10484_c1_1283348685524206us.jpg 0.679991 0.723880 0.090602 -0.073500 109.336851 -1134.422205 35.732590
slice24/query/img_10485_c1_1283348685590819us.jpg 0.680501 0.723776 0.089002 -0.071729 108.629377 -1133.968946 35.678034
slice24/query/img_10486_c1_1283348685724171us.jpg 0.681739 0.723384 0.085003 -0.068716 107.220668 -1133.056724 35.563757
slice24/query/img_10487_c1_1283348685790784us.jpg 0.682290 0.723206 0.083105 -0.067431 106.524585 -1132.590538 35.505823
slice24/query/img_10488_c1_1283348685857522us.jpg 0.682519 0.723302 0.081445 -0.066103 105.833494 -1132.120856 35.448597
slice24/query/img_10489_c1_1283348685990752us.jpg 0.682846 0.723587 0.078405 -0.063212 104.453455 -1131.175845 35.342680
slice24/query/img_10490_c1_1283348686057489us.jpg 0.683128 0.723605 0.076818 -0.061894 103.766151 -1130.700194 35.288303
slice24/query/img_10491_c1_1283348686124100us.jpg 0.683479 0.723493 0.075583 -0.060842 103.087388 -1130.223467 35.234844
slice24/query/img_10492_c1_1283348686257456us.jpg 0.684053 0.723369 0.073397 -0.058495 101.727325 -1129.263269 35.128418
slice24/query/img_10493_c1_1283348686324086us.jpg 0.684381 0.723253 0.072273 -0.057482 101.052785 -1128.779658 35.075544
slice24/query/img_10494_c1_1283348686390679us.jpg 0.684601 0.723259 0.070934 -0.056458 100.380448 -1128.298620 35.023478
slice24/query/img_10495_c1_1283348686524055us.jpg 0.684469 0.723772 0.068545 -0.054390 99.045054 -1127.328435 34.928263
slice24/query/img_10496_c1_1283348686590663us.jpg 0.684638 0.723807 0.066997 -0.053720 98.383858 -1126.843080 34.877360
slice24/query/img_10497_c1_1283348686657381us.jpg 0.685051 0.723586 0.065491 -0.053295 97.722712 -1126.356080 34.827333
slice24/query/img_10498_c1_1283348686790633us.jpg 0.686372 0.722694 0.062089 -0.052458 96.404099 -1125.382440 34.724624
slice24/query/img_10499_c1_1283348686857350us.jpg 0.686999 0.722262 0.060724 -0.051794 95.748011 -1124.887908 34.675608
slice24/query/img_10500_c1_1283348686923960us.jpg 0.687459 0.721981 0.059495 -0.051029 95.089880 -1124.392287 34.629471
slice24/query/img_10501_c1_1283348687057655us.jpg 0.688525 0.721248 0.057897 -0.048815 93.774078 -1123.386319 34.533226
slice24/query/img_10502_c1_1283348687123949us.jpg 0.688827 0.721111 0.056818 -0.047840 93.119730 -1122.883709 34.486223
slice24/query/img_10503_c1_1283348687257298us.jpg 0.689513 0.720737 0.054677 -0.046038 91.810638 -1121.870163 34.397253
slice24/query/img_10504_c1_1283348687323913us.jpg 0.689738 0.720651 0.053619 -0.045261 91.158970 -1121.359574 34.352086
slice24/query/img_10505_c1_1283348687457248us.jpg 0.689300 0.721360 0.051380 -0.043204 89.854562 -1120.334065 34.266202
slice24/query/img_10506_c1_1283348687523855us.jpg 0.689186 0.721596 0.050561 -0.042010 89.203808 -1119.819674 34.223661
slice24/query/img_10507_c1_1283348687590468us.jpg 0.689176 0.721712 0.049903 -0.040959 88.554444 -1119.300515 34.182380
slice24/query/img_10508_c1_1283348687790465us.jpg 0.688354 0.722834 0.045958 -0.039578 86.606636 -1117.724711 34.051446
slice24/query/img_10509_c1_1283348687990434us.jpg 0.688106 0.723215 0.042976 -0.040300 84.659640 -1116.111416 33.905734
slice24/query/img_10510_c1_1283348688057137us.jpg 0.688188 0.723143 0.043126 -0.040032 84.003971 -1115.569641 33.863314
slice24/query/img_10511_c1_1283348688123749us.jpg 0.687955 0.723378 0.043309 -0.039587 83.347008 -1115.027356 33.822062
slice24/query/img_10512_c1_1283348688257106us.jpg 0.688331 0.723058 0.042700 -0.039553 82.034229 -1113.943836 33.732860
slice24/query/img_10513_c1_1283348688323714us.jpg 0.689205 0.722197 0.042388 -0.040388 81.378630 -1113.404191 33.687917
slice24/query/img_10514_c1_1283348688390327us.jpg 0.689948 0.721413 0.042478 -0.041589 80.723726 -1112.863396 33.644850
slice24/query/img_10515_c1_1283348688523681us.jpg 0.690014 0.721144 0.043477 -0.044063 79.407790 -1111.772933 33.560894
slice24/query/img_10516_c1_1283348688590314us.jpg 0.688883 0.722155 0.044103 -0.044575 78.743451 -1111.225689 33.523276
slice24/query/img_10517_c1_1283348688657031us.jpg 0.687817 0.723091 0.045081 -0.044896 78.080631 -1110.683203 33.486919
slice24/query/img_10518_c1_1283348688790348us.jpg 0.687747 0.722978 0.047329 -0.045458 76.741277 -1109.605255 33.407287
slice24/query/img_10519_c1_1283348688857017us.jpg 0.688839 0.721842 0.048289 -0.045976 76.071980 -1109.070997 33.365550
slice24/query/img_10520_c1_1283348688923609us.jpg 0.689696 0.720923 0.049254 -0.046502 75.399801 -1108.537013 33.321787
slice24/query/img_10521_c1_1283348688990223us.jpg 0.690154 0.720381 0.050370 -0.046929 74.728589 -1108.002941 33.281868
slice24/query/img_10522_c1_1283348689123598us.jpg 0.689419 0.720784 0.054626 -0.046779 73.373882 -1106.927213 33.205306
slice24/query/img_10523_c1_1283348689190187us.jpg 0.688655 0.721395 0.056096 -0.046872 72.692224 -1106.391445 33.163455
slice24/query/img_10524_c1_1283348689256945us.jpg 0.687915 0.722007 0.056591 -0.047723 72.014907 -1105.859291 33.117201
slice24/query/img_10525_c1_1283348689390159us.jpg 0.687927 0.721726 0.057464 -0.050657 70.658938 -1104.800990 33.022002
slice24/query/img_10526_c1_1283348689456890us.jpg 0.688589 0.720880 0.058415 -0.052584 69.974740 -1104.271929 32.971807
slice24/query/img_10527_c1_1283348689523504us.jpg 0.689055 0.720190 0.059629 -0.054531 69.286411 -1103.744784 32.923689
slice24/query/img_10528_c1_1283348689656879us.jpg 0.688872 0.719924 0.061334 -0.058345 67.902509 -1102.694472 32.833266
slice24/query/img_10529_c1_1283348689723468us.jpg 0.688220 0.720319 0.063145 -0.059209 67.201420 -1102.172964 32.792296
slice24/query/img_10530_c1_1283348689790081us.jpg 0.686790 0.721421 0.065467 -0.059874 66.497220 -1101.651707 32.753301
slice24/query/img_10531_c1_1283348689924327us.jpg 0.685648 0.721677 0.070493 -0.064028 65.075617 -1100.607981 32.663605
slice24/query/img_10532_c1_1283348689990069us.jpg 0.686169 0.720687 0.072157 -0.067643 64.366858 -1100.093232 32.609217
slice24/query/img_10533_c1_1283348690056785us.jpg 0.686269 0.720100 0.073426 -0.071402 63.655271 -1099.582828 32.555946
slice24/query/img_10534_c1_1283348690123398us.jpg 0.686261 0.719664 0.074661 -0.074529 62.936165 -1099.079496 32.506112
slice24/query/img_10535_c1_1283348690256775us.jpg 0.686950 0.718088 0.080373 -0.077387 61.471679 -1098.095245 32.426033
slice24/query/img_10536_c1_1283348690323364us.jpg 0.687646 0.716909 0.084080 -0.078190 60.733393 -1097.609590 32.391935
slice24/query/img_10537_c1_1283348690389978us.jpg 0.688416 0.715648 0.087513 -0.079201 59.992402 -1097.129861 32.356054
slice24/query/img_10538_c1_1283348690523351us.jpg 0.688373 0.714515 0.093553 -0.082823 58.501316 -1096.174486 32.276238
slice24/query/img_10539_c1_1283348690589941us.jpg 0.687372 0.714852 0.096355 -0.084980 57.754392 -1095.699534 32.234166
slice24/query/img_10540_c1_1283348690656680us.jpg 0.686322 0.715237 0.098765 -0.087422 57.002148 -1095.226817 32.187496
slice24/query/img_10541_c1_1283348690723293us.jpg 0.685516 0.715364 0.101043 -0.090068 56.250068 -1094.762263 32.140450
slice24/query/img_10542_c1_1283348690856647us.jpg 0.684672 0.715072 0.106237 -0.092789 54.727581 -1093.853816 32.049322
slice24/query/img_10543_c1_1283348690923258us.jpg 0.684675 0.714538 0.109114 -0.093540 53.957785 -1093.408390 32.002129
slice24/query/img_10544_c1_1283348690989872us.jpg 0.685319 0.713491 0.111131 -0.094438 53.189798 -1092.970999 31.953462
slice24/query/img_10545_c1_1283348691123226us.jpg 0.686423 0.711730 0.112335 -0.098208 51.653577 -1092.100574 31.845367
slice24/query/img_10546_c1_1283348691189837us.jpg 0.686371 0.711364 0.113077 -0.100350 50.883154 -1091.666553 31.793330
slice24/query/img_10547_c1_1283348691256575us.jpg 0.686018 0.711336 0.113491 -0.102470 50.110628 -1091.230982 31.742644
slice24/query/img_10548_c1_1283348691323189us.jpg 0.685111 0.711888 0.113810 -0.104336 49.338803 -1090.798659 31.694778
slice24/query/img_10549_c1_1283348691456544us.jpg 0.683145 0.713179 0.115321 -0.106723 47.780491 -1089.942577 31.603177
slice24/query/img_10550_c1_1283348691523153us.jpg 0.682665 0.713313 0.116810 -0.107278 46.994510 -1089.518946 31.560382
slice24/query/img_10551_c1_1283348691589767us.jpg 0.682484 0.713145 0.118283 -0.107933 46.209198 -1089.099251 31.517503
slice24/query/img_10552_c1_1283348691723122us.jpg 0.682521 0.712402 0.121173 -0.109388 44.623856 -1088.262008 31.424343
slice24/query/img_10553_c1_1283348691789731us.jpg 0.682596 0.711983 0.122180 -0.110521 43.826812 -1087.845459 31.374162
slice24/query/img_10554_c1_1283348691856470us.jpg 0.682472 0.711739 0.123094 -0.111835 43.029500 -1087.429403 31.324113
slice24/query/img_10555_c1_1283348691923083us.jpg 0.681750 0.712041 0.124271 -0.113016 42.235290 -1087.016133 31.273117
slice24/query/img_10556_c1_1283348692056443us.jpg 0.680501 0.712148 0.127289 -0.116452 40.629728 -1086.187345 31.174039
slice24/query/img_10557_c1_1283348692123048us.jpg 0.680889 0.711256 0.128183 -0.118637 39.826494 -1085.781507 31.121219
slice24/query/img_10558_c1_1283348692189662us.jpg 0.680654 0.710878 0.129739 -0.120542 39.017437 -1085.379438 31.070788
slice24/query/img_10559_c1_1283348692323018us.jpg 0.680029 0.710061 0.133161 -0.125071 37.399836 -1084.587674 30.976750
slice24/query/img_10560_c1_1283348692389626us.jpg 0.679690 0.709556 0.135700 -0.127031 36.585368 -1084.197276 30.931439
slice24/query/img_10561_c1_1283348692456364us.jpg 0.679423 0.709019 0.138015 -0.128953 35.771789 -1083.813901 30.887896
slice24/query/img_10562_c1_1283348692589596us.jpg 0.678884 0.707979 0.141935 -0.133183 34.123691 -1083.058672 30.796497
slice24/query/img_10563_c1_1283348692656329us.jpg 0.678599 0.707464 0.143530 -0.135638 33.298338 -1082.686354 30.749657
slice24/query/img_10564_c1_1283348692722942us.jpg 0.678267 0.706945 0.145522 -0.137861 32.470082 -1082.319680 30.704781
slice24/query/img_10565_c1_1283348692856298us.jpg 0.676913 0.706644 0.149495 -0.141757 30.801404 -1081.598847 30.616474
slice24/query/img_10566_c1_1283348692922909us.jpg 0.675877 0.706883 0.151511 -0.143355 29.961311 -1081.244398 30.572701
slice24/query/img_10567_c1_1283348692989522us.jpg 0.674988 0.706960 0.153573 -0.144961 29.119912 -1080.894336 30.529352
slice24/query/img_10568_c1_1283348693122877us.jpg 0.674905 0.705407 0.157284 -0.148883 27.429755 -1080.210626 30.434963
slice24/query/img_10569_c1_1283348693189486us.jpg 0.675073 0.704465 0.158748 -0.151010 26.582852 -1079.877344 30.386546
slice24/query/img_10570_c1_1283348693256225us.jpg 0.674949 0.703833 0.160098 -0.153074 25.735270 -1079.546817 30.341409
slice24/query/img_10571_c1_1283348693389457us.jpg 0.674501 0.702953 0.163164 -0.155830 24.034468 -1078.902828 30.258244
slice24/query/img_10572_c1_1283348693456189us.jpg 0.674327 0.702417 0.165423 -0.156614 23.182997 -1078.586047 30.221788
slice24/query/img_10573_c1_1283348693522804us.jpg 0.674177 0.701880 0.167824 -0.157114 22.333378 -1078.276857 30.185467
slice24/query/img_10574_c1_1283348693656159us.jpg 0.674337 0.700466 0.171308 -0.158970 20.637879 -1077.667257 30.112455
slice24/query/img_10575_c1_1283348693722768us.jpg 0.674415 0.699824 0.172213 -0.160482 19.795457 -1077.370455 30.071935
slice24/query/img_10576_c1_1283348693789381us.jpg 0.674400 0.699175 0.173114 -0.162387 18.957592 -1077.077280 30.031110
slice24/query/img_10577_c1_1283348693922735us.jpg 0.674081 0.698265 0.174577 -0.166024 17.286403 -1076.501365 29.953701
slice24/query/img_10578_c1_1283348693989345us.jpg 0.673875 0.697904 0.175597 -0.167298 16.451262 -1076.220853 29.918282
slice24/query/img_10579_c1_1283348694056085us.jpg 0.673714 0.697479 0.176880 -0.168363 15.616752 -1075.944404 29.884745
slice24/query/img_10580_c1_1283348694189312us.jpg 0.674124 0.695873 0.179288 -0.170805 13.949123 -1075.403278 29.819203
slice24/query/img_10581_c1_1283348694256050us.jpg 0.674517 0.694903 0.180442 -0.171980 13.114326 -1075.137927 29.786720
slice24/query/img_10582_c1_1283348694322667us.jpg 0.674858 0.694009 0.181640 -0.172989 12.280580 -1074.876181 29.754914
slice24/query/img_10583_c1_1283348694456035us.jpg 0.675165 0.692486 0.183885 -0.175505 10.615966 -1074.360461 29.692840
slice24/query/img_10584_c1_1283348694522627us.jpg 0.675292 0.691715 0.185047 -0.176831 9.783689 -1074.108057 29.661268
slice24/query/img_10585_c1_1283348694589240us.jpg 0.675359 0.691012 0.185914 -0.178406 8.954614 -1073.857179 29.630003
slice24/query/img_10586_c1_1283348694722598us.jpg 0.674993 0.690050 0.187354 -0.181971 7.303039 -1073.368816 29.569800
slice24/query/img_10587_c1_1283348694789205us.jpg 0.674751 0.689572 0.188165 -0.183834 6.477394 -1073.130349 29.541540
slice24/query/img_10588_c1_1283348694855943us.jpg 0.674248 0.689250 0.189410 -0.185601 5.652047 -1072.894651 29.515973
slice24/query/img_10589_c1_1283348694990070us.jpg 0.672632 0.689000 0.192398 -0.189284 4.003637 -1072.431596 29.466942
slice24/query/img_10590_c1_1283348695055930us.jpg 0.671642 0.688962 0.193820 -0.191475 3.177369 -1072.204525 29.441828
slice24/query/img_10591_c1_1283348695122521us.jpg 0.670777 0.688706 0.195356 -0.193852 2.354018 -1071.984500 29.417099
slice24/query/img_10592_c1_1283348695189135us.jpg 0.670101 0.688150 0.197255 -0.196223 1.529936 -1071.769335 29.393652
slice24/query/img_10593_c1_1283348695322491us.jpg 0.668698 0.686998 0.201843 -0.200338 -0.123806 -1071.352360 29.349216
slice24/query/img_10594_c1_1283348695389100us.jpg 0.668195 0.686201 0.204018 -0.202536 -0.950563 -1071.155716 29.327411
slice24/query/img_10595_c1_1283348695455838us.jpg 0.668072 0.684921 0.205975 -0.205273 -1.774687 -1070.963188 29.303469
slice24/query/img_10596_c1_1283348695589067us.jpg 0.668076 0.682115 0.209049 -0.211403 -3.422444 -1070.598395 29.257781
slice24/query/img_10597_c1_1283348695655803us.jpg 0.667500 0.681332 0.210691 -0.214104 -4.250327 -1070.423518 29.235262
slice24/query/img_10598_c1_1283348695722423us.jpg 0.666903 0.680477 0.212880 -0.216502 -5.080686 -1070.253530 29.215635
slice24/query/img_10599_c1_1283348695789030us.jpg 0.666156 0.679816 0.215381 -0.218398 -5.911092 -1070.087883 29.199731
slice24/query/img_10600_c1_1283348695922404us.jpg 0.663844 0.679093 0.221019 -0.222025 -7.579306 -1069.771836 29.163917
slice24/query/img_10601_c1_1283348695988995us.jpg 0.662482 0.679090 0.223237 -0.223875 -8.414980 -1069.620260 29.144821
slice24/query/img_10602_c1_1283348696055733us.jpg 0.661333 0.678839 0.225834 -0.225421 -9.250403 -1069.475430 29.124843
slice24/query/img_10603_c1_1283348696188984us.jpg 0.658494 0.678670 0.230355 -0.229630 -10.923674 -1069.195497 29.079099
slice24/query/img_10604_c1_1283348696255698us.jpg 0.657307 0.678218 0.232223 -0.232467 -11.758017 -1069.065992 29.052678
slice24/query/img_10605_c1_1283348696322311us.jpg 0.656159 0.677952 0.233786 -0.234906 -12.593720 -1068.939712 29.026006
slice24/query/img_10606_c1_1283348696455686us.jpg 0.656822 0.674562 0.236559 -0.239981 -14.269975 -1068.711106 28.973385
slice24/query/img_10607_c1_1283348696522276us.jpg 0.657335 0.672786 0.238242 -0.241887 -15.106132 -1068.610936 28.951145
slice24/query/img_10608_c1_1283348696588888us.jpg 0.656750 0.672405 0.241055 -0.241750 -15.946294 -1068.515726 28.934719
slice24/query/img_10609_c1_1283348696722243us.jpg 0.656826 0.670631 0.246066 -0.241423 -17.626299 -1068.333771 28.908536
slice24/query/img_10610_c1_1283348696788854us.jpg 0.656364 0.669671 0.248352 -0.242998 -18.464065 -1068.241986 28.887354
slice24/query/img_10611_c1_1283348696855592us.jpg 0.655182 0.669520 0.249268 -0.245652 -19.297636 -1068.151415 28.860166
slice24/query/img_10612_c1_1283348696988822us.jpg 0.651563 0.670975 0.249844 -0.250673 -20.966652 -1067.976519 28.801559
slice24/query/img_10613_c1_1283348697055558us.jpg 0.650783 0.670773 0.250755 -0.252325 -21.801881 -1067.900065 28.775961
slice24/query/img_10614_c1_1283348697188787us.jpg 0.651436 0.668085 0.254260 -0.254255 -23.483089 -1067.769127 28.735535
slice24/query/img_10615_c1_1283348697255526us.jpg 0.651686 0.666968 0.256326 -0.254470 -24.326080 -1067.708567 28.715263
slice24/query/img_10616_c1_1283348697322136us.jpg 0.651331 0.666383 0.258367 -0.254848 -25.167904 -1067.649470 28.696500
slice24/query/img_10617_c1_1283348697388750us.jpg 0.650612 0.665942 0.260357 -0.255811 -26.009595 -1067.591105 28.676047
slice24/query/img_10618_c1_1283348697522102us.jpg 0.648762 0.665355 0.263117 -0.259193 -27.691376 -1067.479864 28.627410
slice24/query/img_10619_c1_1283348697588714us.jpg 0.647672 0.665285 0.263680 -0.261515 -28.528181 -1067.428274 28.598860
slice24/query/img_10620_c1_1283348697655452us.jpg 0.646775 0.665112 0.264457 -0.263383 -29.367148 -1067.383417 28.571842
slice24/query/img_10621_c1_1283348697788682us.jpg 0.646100 0.663393 0.267127 -0.266659 -31.046708 -1067.307393 28.523233
slice24/query/img_10622_c1_1283348697855423us.jpg 0.646095 0.662207 0.268653 -0.268085 -31.887256 -1067.276709 28.500075
slice24/query/img_10623_c1_1283348697988666us.jpg 0.645662 0.660021 0.272533 -0.270590 -33.570443 -1067.223321 28.459113
slice24/query/img_10624_c1_1283348698055382us.jpg 0.645088 0.659303 0.274381 -0.271840 -34.412094 -1067.203223 28.438957
slice24/query/img_10625_c1_1283348698121995us.jpg 0.644222 0.658775 0.276114 -0.273413 -35.250578 -1067.187430 28.417075
slice24/query/img_10626_c1_1283348698255371us.jpg 0.642334 0.657567 0.279859 -0.276934 -36.926420 -1067.163096 28.373220
slice24/query/img_10627_c1_1283348698321961us.jpg 0.641203 0.657008 0.281827 -0.278877 -37.763802 -1067.156272 28.350059
slice24/query/img_10628_c1_1283348698388574us.jpg 0.640076 0.656420 0.283682 -0.280963 -38.598092 -1067.154869 28.325648
slice24/query/img_10629_c1_1283348698521952us.jpg 0.638007 0.655159 0.286869 -0.285342 -40.275647 -1067.169697 28.277592
slice24/query/img_10630_c1_1283348698588562us.jpg 0.637064 0.654549 0.288478 -0.287221 -41.114495 -1067.186029 28.252939
slice24/query/img_10631_c1_1283348698655277us.jpg 0.636129 0.653869 0.290272 -0.289028 -41.953358 -1067.206641 28.229791
slice24/query/img_10632_c1_1283348698721891us.jpg 0.635378 0.652835 0.292775 -0.290489 -42.794268 -1067.232455 28.210127
slice24/query/img_10633_c1_1283348698855264us.jpg 0.633791 0.650568 0.298034 -0.293676 -44.468610 -1067.298962 28.167348
slice24/query/img_10634_c1_1283348698921855us.jpg 0.632971 0.649696 0.299945 -0.295425 -45.303474 -1067.341128 28.142036
slice24/query/img_10635_c1_1283348698988468us.jpg 0.632288 0.648785 0.301375 -0.297428 -46.137564 -1067.389016 28.117077
slice24/query/img_10636_c1_1283348699121844us.jpg 0.631845 0.646079 0.304405 -0.301150 -47.794561 -1067.498126 28.069269
slice24/query/img_10637_c1_1283348699188433us.jpg 0.631714 0.644684 0.306004 -0.302788 -48.625236 -1067.559722 28.046138
slice24/query/img_10638_c1_1283348699255172us.jpg 0.631483 0.643391 0.308038 -0.303957 -49.456483 -1067.627218 28.025289
slice24/query/img_10639_c1_1283348699388400us.jpg 0.630432 0.641794 0.311610 -0.305869 -51.116150 -1067.771032 27.983141
slice24/query/img_10640_c1_1283348699455135us.jpg 0.629989 0.640932 0.313031 -0.307136 -51.941921 -1067.849439 27.961080
slice24/query/img_10641_c1_1283348699521750us.jpg 0.629584 0.640555 0.313657 -0.308111 -52.764015 -1067.929125 27.938066
slice24/query/img_10642_c1_1283348699655104us.jpg 0.628370 0.639543 0.315583 -0.310712 -54.407191 -1068.096097 27.891884
slice24/query/img_10643_c1_1283348699721736us.jpg 0.628183 0.638459 0.317014 -0.311863 -55.228468 -1068.182172 27.870542
slice24/query/img_10644_c1_1283348699788327us.jpg 0.627596 0.637670 0.318983 -0.312651 -56.050175 -1068.271035 27.848843
slice24/query/img_10645_c1_1283348699855066us.jpg 0.626421 0.637696 0.321402 -0.312477 -56.870116 -1068.362660 27.829279
slice24/query/img_10646_c1_1283348699988314us.jpg 0.626386 0.635599 0.327935 -0.310021 -58.522035 -1068.579181 27.801621
slice24/query/img_10647_c1_1283348700055031us.jpg 0.626928 0.633464 0.331704 -0.309286 -59.348530 -1068.691549 27.777005
slice24/query/img_10648_c1_1283348700121644us.jpg 0.627512 0.631551 0.333910 -0.309639 -60.167061 -1068.808219 27.746803
slice24/query/img_10649_c1_1283348700255019us.jpg 0.628245 0.628392 0.332044 -0.316510 -61.787870 -1069.037379 27.660869
slice24/query/img_10650_c1_1283348700321609us.jpg 0.628215 0.627015 0.330285 -0.321108 -62.596818 -1069.149567 27.616929
slice24/query/img_10651_c1_1283348700388223us.jpg 0.627426 0.626024 0.330605 -0.324240 -63.412983 -1069.265261 27.582879
slice24/query/img_10652_c1_1283348700521600us.jpg 0.623971 0.626249 0.334889 -0.326070 -65.051959 -1069.509940 27.550853
slice24/query/img_10653_c1_1283348700588193us.jpg 0.622086 0.626793 0.336569 -0.326896 -65.870128 -1069.639788 27.531938
slice24/query/img_10654_c1_1283348700654926us.jpg 0.621006 0.626619 0.338179 -0.327620 -66.681067 -1069.776501 27.513405
