slice24/query/img_07953_c1_1285950358083635us.jpg 0.636314 0.680493 0.278108 -0.233859 193.082601 -1161.913983 42.606707
slice24/query/img_07954_c1_1285950358150228us.jpg 0.638154 0.680179 0.275758 -0.232535 192.022683 -1161.849505 42.498742
slice24/query/img_07955_c1_1285950358216841us.jpg 0.639652 0.680195 0.273599 -0.230921 190.965105 -1161.783551 42.401921
slice24/query/img_07956_c1_1285950358350193us.jpg 0.642380 0.680341 0.269948 -0.227183 188.854559 -1161.638447 42.199077
slice24/query/img_07957_c1_1285950358416806us.jpg 0.643063 0.681018 0.268648 -0.224749 187.795144 -1161.548620 42.106544
slice24/query/img_07958_c1_1285950358483544us.jpg 0.643308 0.682230 0.266880 -0.222468 186.735659 -1161.454607 42.011028
slice24/query/img_07959_c1_1285950358616793us.jpg 0.645183 0.683950 0.261907 -0.217614 184.613594 -1161.273665 41.800577
slice24/query/img_07960_c1_1285950358683510us.jpg 0.646405 0.684778 0.258501 -0.215446 183.547138 -1161.170755 41.696339
slice24/query/img_07961_c1_1285950358750122us.jpg 0.647619 0.685573 0.255231 -0.213160 182.477774 -1161.055166 41.596489
slice24/query/img_07962_c1_1285950358816735us.jpg 0.648717 0.686306 0.252068 -0.211214 181.408733 -1160.926884 41.499188
slice24/query/img_07963_c1_1285950358950111us.jpg 0.650306 0.688449 0.245247 -0.207350 179.260962 -1160.658140 41.311248
slice24/query/img_07964_c1_1285950359016700us.jpg 0.650443 0.689937 0.242269 -0.205466 178.176063 -1160.497658 41.219445
slice24/query/img_07965_c1_1285950359083438us.jpg 0.650225 0.691629 0.239531 -0.203669 177.092071 -1160.321255 41.129542
slice24/query/img_07966_c1_1285950359216665us.jpg 0.650488 0.694730 0.233623 -0.199088 174.896141 -1159.972342 40.939678
slice24/query/img_07967_c1_1285950359283403us.jpg 0.650469 0.696314 0.230796 -0.196901 173.785389 -1159.770073 40.845907
slice24/query/img_07968_c1_1285950359350016us.jpg 0.650770 0.697542 0.228291 -0.194467 172.666196 -1159.557927 40.752336
slice24/query/img_07969_c1_1285950359416630us.jpg 0.651320 0.698546 0.225536 -0.192225 171.549241 -1159.339498 40.656189
slice24/query/img_07970_c1_1285950359549983us.jpg 0.654099 0.699340 0.218963 -0.187441 169.256953 -1158.883837 40.441085
slice24/query/img_07971_c1_1285950359616594us.jpg 0.655189 0.699794 0.215936 -0.185441 168.113877 -1158.630936 40.341137
slice24/query/img_07972_c1_1285950359683332us.jpg 0.656191 0.700427 0.212753 -0.183171 166.970996 -1158.372582 40.247581
slice24/query/img_07973_c1_1285950359749946us.jpg 0.656881 0.701222 0.209817 -0.181028 165.830515 -1158.106169 40.154953
slice24/query/img_07974_c1_1285950359883301us.jpg 0.658005 0.703016 0.204309 -0.176228 163.540267 -1157.549675 39.962628
slice24/query/img_07975_c1_1285950359949911us.jpg 0.658636 0.703686 0.201476 -0.174447 162.399925 -1157.247993 39.867625
slice24/query/img_07976_c1_1285950360016524us.jpg 0.659134 0.704438 0.198618 -0.172805 161.269417 -1156.943354 39.779316
slice24/query/img_07977_c1_1285950360083263us.jpg 0.660212 0.704619 0.196282 -0.170605 160.136347 -1156.634744 39.689948
slice24/query/img_07978_c1_1285950360216492us.jpg 0.661767 0.705181 0.192299 -0.166748 157.888843 -1155.985258 39.525628
slice24/query/img_07979_c1_1285950360283227us.jpg 0.662900 0.705013 0.191159 -0.164248 156.760218 -1155.654785 39.442266
slice24/query/img_07980_c1_1285950360349842us.jpg 0.664128 0.704784 0.190053 -0.161531 155.635417 -1155.323492 39.359470
slice24/query/img_07981_c1_1285950360483214us.jpg 0.665822 0.705109 0.186775 -0.156900 153.346839 -1154.605373 39.178261
slice24/query/img_07982_c1_1285950360549806us.jpg 0.666440 0.705513 0.184741 -0.154854 152.214529 -1154.245018 39.088944
slice24/query/img_07983_c1_1285950360616419us.jpg 0.667226 0.705721 0.182726 -0.152902 151.079428 -1153.872548 39.000106
slice24/query/img_07984_c1_1285950360683159us.jpg 0.667830 0.706053 0.180810 -0.150998 149.950395 -1153.496220 38.910561
slice24/query/img_07985_c1_1285950360816385us.jpg 0.669314 0.706510 0.177160 -0.146548 147.700701 -1152.742658 38.721166
slice24/query/img_07986_c1_1285950360883128us.jpg 0.669919 0.706831 0.175176 -0.144611 146.578185 -1152.347328 38.626256
slice24/query/img_07987_c1_1285950360949735us.jpg 0.670040 0.707640 0.172800 -0.142939 145.458267 -1151.942224 38.536338
slice24/query/img_07988_c1_1285950361083734us.jpg 0.670539 0.709181 0.167789 -0.138877 143.183355 -1151.138809 38.352771
slice24/query/img_07989_c1_1285950361149721us.jpg 0.670439 0.710087 0.165341 -0.137658 142.049938 -1150.701875 38.256322
slice24/query/img_07990_c1_1285950361216313us.jpg 0.670449 0.710970 0.162652 -0.136250 140.914948 -1150.258331 38.164261
slice24/query/img_07991_c1_1285950361283052us.jpg 0.670861 0.711434 0.160334 -0.134537 139.783422 -1149.815986 38.070316
slice24/query/img_07992_c1_1285950361349665us.jpg 0.671386 0.711737 0.158027 -0.133034 138.655876 -1149.363612 37.981978
slice24/query/img_07993_c1_1285950361483020us.jpg 0.672573 0.712287 0.154465 -0.128194 136.383363 -1148.426091 37.803437
slice24/query/img_07994_c1_1285950361549630us.jpg 0.672745 0.712967 0.152439 -0.125915 135.253138 -1147.947879 37.715830
slice24/query/img_07995_c1_1285950361616244us.jpg 0.673203 0.713316 0.150470 -0.123844 134.126257 -1147.465061 37.626378
slice24/query/img_07996_c1_1285950361682981us.jpg 0.673817 0.713517 0.148305 -0.121942 133.004002 -1146.976676 37.534928
slice24/query/img_07997_c1_1285950361816212us.jpg 0.675367 0.713613 0.141310 -0.121112 130.784692 -1145.954461 37.343589
slice24/query/img_07998_c1_1285950361882968us.jpg 0.675186 0.714445 0.139427 -0.119384 129.671282 -1145.439042 37.262274
slice24/query/img_07999_c1_1285950361949560us.jpg 0.674853 0.715497 0.137872 -0.116746 128.561168 -1144.924864 37.183851
slice24/query/img_08000_c1_1285950362082915us.jpg 0.675249 0.716871 0.133537 -0.110920 126.346822 -1143.884793 37.012296
slice24/query/img_08001_c1_1285950362149525us.jpg 0.675764 0.717232 0.131263 -0.108125 125.247042 -1143.345677 36.931180
slice24/query/img_08002_c1_1285950362216138us.jpg 0.676972 0.716968 0.128664 -0.105408 124.153767 -1142.805138 36.847319
slice24/query/img_08003_c1_1285950362282880us.jpg 0.678261 0.716584 0.126254 -0.102614 123.062659 -1142.256224 36.762439
slice24/query/img_08004_c1_1285950362416106us.jpg 0.680580 0.716053 0.120663 -0.097567 120.891737 -1141.145811 36.590685
slice24/query/img_08005_c1_1285950362482841us.jpg 0.681185 0.716266 0.117668 -0.095418 119.811863 -1140.567534 36.506611
slice24/query/img_08006_c1_1285950362549455us.jpg 0.681241 0.716926 0.115036 -0.093245 118.740233 -1139.979245 36.427635
slice24/query/img_08007_c1_1285950362616068us.jpg 0.681388 0.717568 0.112085 -0.090796 117.669959 -1139.388146 36.345034
slice24/query/img_08008_c1_1285950362749422us.jpg 0.681780 0.718783 0.105877 -0.085538 115.545994 -1138.203299 36.182576
slice24/query/img_08009_c1_1285950362816033us.jpg 0.681944 0.719373 0.103093 -0.082626 114.488794 -1137.596906 36.105548
slice24/query/img_08010_c1_1285950362949409us.jpg 0.683500 0.719242 0.097705 -0.077284 112.387106 -1136.332112 35.944242
slice24/query/img_08011_c1_1285950363016003us.jpg 0.684240 0.719182 0.095281 -0.074261 111.342645 -1135.692834 35.866673
slice24/query/img_08012_c1_1285950363082737us.jpg 0.685271 0.718853 0.092561 -0.071323 110.302157 -1135.047370 35.785156
slice24/query/img_08013_c1_1285950363149350us.jpg 0.685799 0.718912 0.090334 -0.068450 109.270091 -1134.388712 35.707131
slice24/query/img_08014_c1_1285950363282702us.jpg 0.686817 0.719067 0.084962 -0.063296 107.216571 -1133.048076 35.553091
slice24/query/img_08015_c1_1285950363415930us.jpg 0.686950 0.719939 0.079811 -0.058473 105.182356 -1131.668405 35.396116
slice24/query/img_08016_c1_1285950363482667us.jpg 0.686960 0.720355 0.077578 -0.056171 104.180497 -1130.972384 35.320862
slice24/query/img_08017_c1_1285950363549282us.jpg 0.687484 0.720266 0.075436 -0.053777 103.184533 -1130.275705 35.243215
slice24/query/img_08018_c1_1285950363682655us.jpg 0.688641 0.719876 0.070810 -0.050385 101.199730 -1128.844646 35.081945
slice24/query/img_08019_c1_1285950363749246us.jpg 0.688915 0.719938 0.068728 -0.048605 100.213758 -1128.125394 35.009189
slice24/query/img_08020_c1_1285950363815858us.jpg 0.689181 0.720001 0.066619 -0.046807 99.230138 -1127.396200 34.931695
slice24/query/img_08021_c1_1285950363949233us.jpg 0.689982 0.719710 0.062558 -0.045044 97.283145 -1125.917545 34.772860
slice24/query/img_08022_c1_1285950364015823us.jpg 0.690155 0.719751 0.060407 -0.044672 96.313245 -1125.170880 34.702238
slice24/query/img_08023_c1_1285950364082561us.jpg 0.690279 0.719820 0.058755 -0.043837 95.340597 -1124.418036 34.631062
slice24/query/img_08024_c1_1285950364149174us.jpg 0.690345 0.719913 0.057329 -0.043145 94.373968 -1123.663323 34.561215
slice24/query/img_08025_c1_1285950364282528us.jpg 0.690475 0.720048 0.055268 -0.041494 92.442845 -1122.151352 34.433820
slice24/query/img_08026_c1_1285950364349157us.jpg 0.690877 0.719756 0.054584 -0.040740 91.482906 -1121.390496 34.369624
slice24/query/img_08027_c1_1285950364415752us.jpg 0.691108 0.719621 0.054030 -0.039944 90.526671 -1120.624928 34.304926
slice24/query/img_08028_c1_1285950364482491us.jpg 0.691136 0.719679 0.053550 -0.039043 89.571268 -1119.863012 34.244361
slice24/query/img_08029_c1_1285950364549104us.jpg 0.690957 0.719954 0.052866 -0.038082 88.619646 -1119.103610 34.185050
slice24/query/img_08030_c1_1285950364682478us.jpg 0.690758 0.720376 0.051300 -0.035764 86.698239 -1117.563525 34.053802
slice24/query/img_08031_c1_1285950364749093us.jpg 0.690241 0.720980 0.049539 -0.036057 85.750191 -1116.781505 33.988262
slice24/query/img_08032_c1_1285950364815683us.jpg 0.689750 0.721497 0.048466 -0.036579 84.800676 -1115.998525 33.923820
slice24/query/img_08033_c1_1285950364882421us.jpg 0.689930 0.721317 0.048415 -0.036804 83.846711 -1115.216852 33.853981
slice24/query/img_08034_c1_1285950365015670us.jpg 0.689630 0.721576 0.047856 -0.038070 81.953054 -1113.644809 33.725747
slice24/query/img_08035_c1_1285950365082385us.jpg 0.690252 0.720978 0.047256 -0.038854 81.006681 -1112.870221 33.658582
slice24/query/img_08036_c1_1285950365148999us.jpg 0.690802 0.720430 0.046937 -0.039613 80.057318 -1112.097963 33.599502
slice24/query/img_08037_c1_1285950365282373us.jpg 0.691049 0.720108 0.048044 -0.039834 78.157697 -1110.552527 33.493280
slice24/query/img_08038_c1_1285950365348985us.jpg 0.690598 0.720428 0.049358 -0.040274 77.203931 -1109.773120 33.440657
slice24/query/img_08039_c1_1285950365415577us.jpg 0.690293 0.720618 0.049846 -0.041472 76.254013 -1109.000539 33.385005
slice24/query/img_08040_c1_1285950365548932us.jpg 0.688586 0.721903 0.051849 -0.044915 74.345118 -1107.461400 33.265267
slice24/query/img_08041_c1_1285950365615562us.jpg 0.687004 0.723140 0.053965 -0.046698 73.384940 -1106.684132 33.206333
slice24/query/img_08042_c1_1285950365682280us.jpg 0.685554 0.724196 0.056491 -0.048628 72.423437 -1105.914375 33.143501
slice24/query/img_08043_c1_1285950365748894us.jpg 0.684323 0.725044 0.058434 -0.050984 71.458221 -1105.150544 33.075297
slice24/query/img_08044_c1_1285950365882246us.jpg 0.684312 0.724287 0.062226 -0.057034 69.520136 -1103.648928 32.933947
slice24/query/img_08045_c1_1285950365948857us.jpg 0.685328 0.722878 0.064598 -0.060002 68.539857 -1102.913096 32.866800
slice24/query/img_08046_c1_1285950366015471us.jpg 0.686085 0.721775 0.066765 -0.062213 67.550952 -1102.184285 32.804618
slice24/query/img_08047_c1_1285950366148825us.jpg 0.684808 0.722151 0.073052 -0.064804 65.551177 -1100.743398 32.694544
slice24/query/img_08048_c1_1285950366215436us.jpg 0.685308 0.721164 0.075752 -0.067355 64.548931 -1100.034491 32.631774
slice24/query/img_08049_c1_1285950366282176us.jpg 0.686163 0.719826 0.078398 -0.069890 63.541453 -1099.332789 32.569071
slice24/query/img_08050_c1_1285950366415404us.jpg 0.687445 0.717543 0.083489 -0.074702 61.512884 -1097.944728 32.444755
slice24/query/img_08051_c1_1285950366482143us.jpg 0.687596 0.716844 0.086565 -0.076504 60.492573 -1097.264097 32.388954
slice24/query/img_08052_c1_1285950366548755us.jpg 0.687916 0.715979 0.089252 -0.078610 59.465850 -1096.590687 32.330485
slice24/query/img_08053_c1_1285950366615367us.jpg 0.687681 0.715604 0.092274 -0.080566 58.437013 -1095.921955 32.273787
slice24/query/img_08054_c1_1285950366748722us.jpg 0.687226 0.714695 0.099262 -0.084132 56.377917 -1094.610820 32.160730
slice24/query/img_08055_c1_1285950366815332us.jpg 0.686808 0.714502 0.102468 -0.085330 55.344362 -1093.971680 32.102024
slice24/query/img_08056_c1_1285950366882070us.jpg 0.685921 0.714805 0.105602 -0.086113 54.304652 -1093.337346 32.040119
slice24/query/img_08057_c1_1285950367015319us.jpg 0.685589 0.714253 0.108778 -0.089320 52.216559 -1092.093289 31.901764
slice24/query/img_08058_c1_1285950367082056us.jpg 0.685766 0.713651 0.109477 -0.091883 51.169649 -1091.472393 31.824513
slice24/query/img_08059_c1_1285950367148648us.jpg 0.685743 0.713186 0.109885 -0.095118 50.127268 -1090.857261 31.749169
slice24/query/img_08060_c1_1285950367215261us.jpg 0.685202 0.713185 0.110571 -0.098178 49.079907 -1090.246298 31.677887
slice24/query/img_08061_c1_1285950367348618us.jpg 0.682560 0.714776 0.112537 -0.102683 46.970953 -1089.040300 31.552719
slice24/query/img_08062_c1_1285950367415227us.jpg 0.681187 0.715449 0.114853 -0.104533 45.912421 -1088.449670 31.492901
slice24/query/img_08063_c1_1285950367481964us.jpg 0.680279 0.715654 0.117465 -0.106126 44.847953 -1087.864216 31.432882
slice24/query/img_08064_c1_1285950367548578us.jpg 0.679877 0.715329 0.120254 -0.107752 43.774097 -1087.282854 31.373446
slice24/query/img_08065_c1_1285950367681933us.jpg 0.679614 0.713956 0.125534 -0.112392 41.624829 -1086.138136 31.242386
slice24/query/img_08066_c1_1285950367748543us.jpg 0.679650 0.713085 0.127878 -0.115034 40.539350 -1085.572988 31.172087
slice24/query/img_08067_c1_1285950367815156us.jpg 0.679602 0.712191 0.130099 -0.118315 39.457426 -1085.019597 31.102011
slice24/query/img_08068_c1_1285950367881895us.jpg 0.679432 0.711412 0.132527 -0.121248 38.376735 -1084.480314 31.036793
slice24/query/img_08069_c1_1285950368015151us.jpg 0.678811 0.710043 0.137762 -0.126794 36.188931 -1083.414035 30.911734
slice24/query/img_08070_c1_1285950368081858us.jpg 0.678180 0.709652 0.140243 -0.129606 35.086419 -1082.891425 30.847824
slice24/query/img_08071_c1_1285950368148473us.jpg 0.677719 0.709090 0.142743 -0.132335 33.983373 -1082.381154 30.787325
slice24/query/img_08072_c1_1285950368215086us.jpg 0.677238 0.708560 0.144904 -0.135257 32.880132 -1081.882850 30.726874
slice24/query/img_08073_c1_1285950368348440us.jpg 0.675789 0.707890 0.149763 -0.140611 30.663190 -1080.903975 30.608875
slice24/query/img_08074_c1_1285950368415088us.jpg 0.674870 0.707687 0.152879 -0.142679 29.549936 -1080.426274 30.551059
slice24/query/img_08075_c1_1285950368481790us.jpg 0.674174 0.707317 0.155545 -0.144906 28.436364 -1079.959129 30.492190
slice24/query/img_08076_c1_1285950368615018us.jpg 0.674406 0.705061 0.159623 -0.150283 26.196262 -1079.054114 30.367855
slice24/query/img_08077_c1_1285950368681754us.jpg 0.674823 0.703675 0.161311 -0.153082 25.073715 -1078.616823 30.307653
slice24/query/img_08078_c1_1285950368748367us.jpg 0.675159 0.702341 0.163289 -0.155607 23.950239 -1078.186520 30.251084
slice24/query/img_08079_c1_1285950368814981us.jpg 0.675109 0.701385 0.165742 -0.157531 22.824029 -1077.765807 30.201421
slice24/query/img_08080_c1_1285950368948336us.jpg 0.674361 0.700044 0.170789 -0.161263 20.551142 -1076.941043 30.105829
slice24/query/img_08081_c1_1285950369014946us.jpg 0.674051 0.699301 0.172746 -0.163685 19.413571 -1076.537186 30.053157
slice24/query/img_08082_c1_1285950369081686us.jpg 0.673498 0.698805 0.174378 -0.166324 18.280392 -1076.143332 30.002755
slice24/query/img_08083_c1_1285950369214913us.jpg 0.672153 0.697780 0.178402 -0.171715 16.004859 -1075.367552 29.904498
slice24/query/img_08084_c1_1285950369281650us.jpg 0.671655 0.696988 0.180699 -0.174455 14.863321 -1074.992669 29.857334
slice24/query/img_08085_c1_1285950369348263us.jpg 0.671510 0.695916 0.182855 -0.177031 13.724939 -1074.633142 29.812007
slice24/query/img_08086_c1_1285950369481618us.jpg 0.671148 0.693768 0.187815 -0.181583 11.427398 -1073.935259 29.724875
slice24/query/img_08087_c1_1285950369548228us.jpg 0.671094 0.692593 0.190217 -0.183754 10.272056 -1073.598964 29.684454
slice24/query/img_08088_c1_1285950369614842us.jpg 0.671220 0.691105 0.192752 -0.186237 9.117666 -1073.270529 29.644009
slice24/query/img_08089_c1_1285950369748476us.jpg 0.671254 0.688348 0.196901 -0.191899 6.808787 -1072.636433 29.561250
slice24/query/img_08090_c1_1285950369814828us.jpg 0.670849 0.687479 0.198642 -0.194617 5.651603 -1072.331576 29.523355
slice24/query/img_08091_c1_1285950369881544us.jpg 0.670045 0.686917 0.200775 -0.197165 4.496016 -1072.034542 29.488226
slice24/query/img_08092_c1_1285950369948157us.jpg 0.669076 0.686480 0.202993 -0.199692 3.340802 -1071.745415 29.454555
slice24/query/img_08093_c1_1285950370081513us.jpg 0.667221 0.685271 0.207599 -0.205236 1.029972 -1071.180443 29.389809
slice24/query/img_08094_c1_1285950370148131us.jpg 0.666478 0.684567 0.210178 -0.207365 -0.129230 -1070.918209 29.359416
slice24/query/img_08095_c1_1285950370281520us.jpg 0.666154 0.682000 0.214730 -0.212147 -2.452535 -1070.418185 29.293956
slice24/query/img_08096_c1_1285950370348086us.jpg 0.666302 0.680372 0.216754 -0.214835 -3.609046 -1070.182973 29.262286
slice24/query/img_08097_c1_1285950370414700us.jpg 0.666504 0.678687 0.218838 -0.217410 -4.762492 -1069.959002 29.230825
slice24/query/img_08098_c1_1285950370548075us.jpg 0.665748 0.676505 0.223424 -0.221817 -7.081226 -1069.530686 29.176306
slice24/query/img_08099_c1_1285950370614686us.jpg 0.664474 0.676188 0.226804 -0.223166 -8.243755 -1069.320577 29.152810
slice24/query/img_08100_c1_1285950370681403us.jpg 0.663072 0.676015 0.229959 -0.224628 -9.402293 -1069.119332 29.126165
slice24/query/img_08101_c1_1285950370748017us.jpg 0.661518 0.675919 0.232624 -0.226744 -10.552127 -1068.927364 29.094252
slice24/query/img_08102_c1_1285950370881372us.jpg 0.658449 0.675572 0.236671 -0.232454 -12.890248 -1068.555422 29.017878
slice24/query/img_08103_c1_1285950370947981us.jpg 0.657356 0.675036 0.238322 -0.235398 -14.052366 -1068.384743 28.978990
slice24/query/img_08104_c1_1285950371014594us.jpg 0.656511 0.674320 0.240269 -0.237816 -15.211050 -1068.224658 28.940615
slice24/query/img_08105_c1_1285950371081333us.jpg 0.655541 0.673667 0.242511 -0.240055 -16.363732 -1068.075306 28.907128
slice24/query/img_08106_c1_1285950371214583us.jpg 0.654065 0.671448 0.247675 -0.244977 -18.680299 -1067.796736 28.841125
slice24/query/img_08107_c1_1285950371281298us.jpg 0.653586 0.670138 0.250282 -0.247182 -19.842928 -1067.673227 28.809477
slice24/query/img_08108_c1_1285950371347912us.jpg 0.653105 0.668807 0.253094 -0.249187 -21.002355 -1067.557749 28.775596
slice24/query/img_08109_c1_1285950371481892us.jpg 0.651252 0.666672 0.258830 -0.253825 -23.322634 -1067.346075 28.712987
slice24/query/img_08110_c1_1285950371547881us.jpg 0.649969 0.666001 0.261523 -0.256102 -24.481074 -1067.255240 28.679065
slice24/query/img_08111_c1_1285950371614490us.jpg 0.648440 0.665609 0.264133 -0.258311 -25.640270 -1067.171926 28.644689
slice24/query/img_08112_c1_1285950371681228us.jpg 0.646925 0.665052 0.266541 -0.261053 -26.792357 -1067.097257 28.609782
slice24/query/img_08113_c1_1285950371814476us.jpg 0.645121 0.662772 0.271163 -0.266501 -29.104425 -1066.978094 28.543522
slice24/query/img_08114_c1_1285950371881213us.jpg 0.644828 0.661192 0.273702 -0.268532 -30.260607 -1066.936398 28.509756
slice24/query/img_08115_c1_1285950371947806us.jpg 0.644916 0.659358 0.276041 -0.270429 -31.413183 -1066.904327 28.478818
slice24/query/img_08116_c1_1285950372014419us.jpg 0.645152 0.657384 0.278199 -0.272452 -32.560830 -1066.882630 28.447578
slice24/query/img_08117_c1_1285950372147776us.jpg 0.645117 0.654027 0.282988 -0.275664 -34.847627 -1066.867145 28.404943
slice24/query/img_08118_c1_1285950372214384us.jpg 0.644603 0.652896 0.285295 -0.277166 -35.996868 -1066.866613 28.378163
slice24/query/img_08119_c1_1285950372281129us.jpg 0.643788 0.651952 0.287631 -0.278863 -37.140360 -1066.870160 28.349397
slice24/query/img_08120_c1_1285950372347736us.jpg 0.642568 0.651447 0.289659 -0.280750 -38.277407 -1066.880145 28.320282
slice24/query/img_08121_c1_1285950372481091us.jpg 0.639820 0.650736 0.293017 -0.285156 -40.556751 -1066.914794 28.260163
slice24/query/img_08122_c1_1285950372547701us.jpg 0.638464 0.650432 0.294518 -0.287333 -41.698907 -1066.940389 28.224814
slice24/query/img_08123_c1_1285950372614314us.jpg 0.637256 0.649911 0.296276 -0.289380 -42.832852 -1066.974237 28.191077
slice24/query/img_08124_c1_1285950372747668us.jpg 0.635910 0.647695 0.301016 -0.292402 -45.099864 -1067.067103 28.133092
slice24/query/img_08125_c1_1285950372814300us.jpg 0.635691 0.646282 0.303086 -0.293863 -46.226538 -1067.129968 28.106326
slice24/query/img_08126_c1_1285950372881018us.jpg 0.635750 0.644913 0.304651 -0.295122 -47.350476 -1067.199322 28.074757
slice24/query/img_08127_c1_1285950372947631us.jpg 0.635816 0.643628 0.305851 -0.296539 -48.472960 -1067.273705 28.042423
slice24/query/img_08128_c1_1285950373081005us.jpg 0.635711 0.640928 0.309161 -0.299169 -50.714872 -1067.435319 27.982862
slice24/query/img_08129_c1_1285950373147596us.jpg 0.635226 0.640056 0.310732 -0.300435 -51.830976 -1067.523809 27.953375
slice24/query/img_08130_c1_1285950373214209us.jpg 0.634158 0.639874 0.311625 -0.302149 -52.944725 -1067.614129 27.921364
slice24/query/img_08131_c1_1285950373347563us.jpg 0.631813 0.639310 0.313905 -0.305875 -55.180966 -1067.801618 27.848438
slice24/query/img_08132_c1_1285950373414194us.jpg 0.631016 0.637846 0.316212 -0.308192 -56.297222 -1067.899371 27.817245
slice24/query/img_08133_c1_1285950373480912us.jpg 0.630641 0.636096 0.319482 -0.309201 -57.404409 -1068.005375 27.787868
slice24/query/img_08134_c1_1285950373547525us.jpg 0.629841 0.635077 0.323801 -0.308433 -58.519502 -1068.127274 27.768690
slice24/query/img_08135_c1_1285950373680884us.jpg 0.629228 0.631379 0.332295 -0.308241 -60.747021 -1068.388354 27.702531
slice24/query/img_08136_c1_1285950373747491us.jpg 0.629837 0.628645 0.333302 -0.311482 -61.845041 -1068.530247 27.651923
slice24/query/img_08137_c1_1285950373814103us.jpg 0.630490 0.625758 0.333409 -0.315830 -62.931138 -1068.682902 27.601186
slice24/query/img_08138_c1_1285950373880842us.jpg 0.630189 0.623713 0.333154 -0.320707 -64.020727 -1068.833203 27.551166
slice24/query/img_08139_c1_1285950374014073us.jpg 0.626582 0.622817 0.334298 -0.328235 -66.204555 -1069.145544 27.475737
