slice24/query/img_06143_c1_1287504366738263us.jpg 0.631519 0.681130 0.282074 -0.240165 194.031711 -1162.072855 42.722811
slice24/query/img_06144_c1_1287504366804890us.jpg 0.633244 0.681069 0.280264 -0.237905 193.017880 -1162.033235 42.631405
slice24/query/img_06145_c1_1287504366871501us.jpg 0.635024 0.681123 0.277678 -0.236032 192.008200 -1161.987262 42.534798
slice24/query/img_06146_c1_1287504367004875us.jpg 0.637242 0.682163 0.272971 -0.232513 190.000539 -1161.873148 42.344754
slice24/query/img_06147_c1_1287504367071465us.jpg 0.638175 0.682751 0.271172 -0.230325 188.994678 -1161.806364 42.251391
slice24/query/img_06148_c1_1287504367204821us.jpg 0.639412 0.684968 0.267118 -0.224988 186.980963 -1161.672342 42.058557
slice24/query/img_06149_c1_1287504367338064us.jpg 0.640781 0.687134 0.261550 -0.220996 184.937495 -1161.505451 41.852734
slice24/query/img_06150_c1_1287504367404779us.jpg 0.642034 0.687597 0.258837 -0.219102 183.920042 -1161.409134 41.757959
slice24/query/img_06151_c1_1287504367538009us.jpg 0.644456 0.688828 0.252942 -0.214975 181.881905 -1161.196151 41.568738
slice24/query/img_06152_c1_1287504367604742us.jpg 0.645539 0.689306 0.250278 -0.213301 180.864519 -1161.073762 41.474719
slice24/query/img_06153_c1_1287504367737975us.jpg 0.646506 0.691487 0.244526 -0.209959 178.803221 -1160.799206 41.294350
slice24/query/img_06154_c1_1287504367871321us.jpg 0.646785 0.694078 0.239966 -0.205770 176.731829 -1160.487520 41.120723
slice24/query/img_06155_c1_1287504367937932us.jpg 0.646796 0.695619 0.237060 -0.203893 175.696865 -1160.316674 41.034062
slice24/query/img_06156_c1_1287504368071487us.jpg 0.647625 0.697954 0.231688 -0.199405 173.598854 -1159.955333 40.854402
slice24/query/img_06157_c1_1287504368137897us.jpg 0.648264 0.698818 0.229157 -0.197218 172.547511 -1159.763264 40.762426
slice24/query/img_06158_c1_1287504368204634us.jpg 0.649277 0.699364 0.226770 -0.194691 171.500124 -1159.565579 40.673279
slice24/query/img_06159_c1_1287504368404599us.jpg 0.653202 0.700564 0.217850 -0.187295 168.240949 -1158.918148 40.377106
slice24/query/img_06160_c1_1287504368537857us.jpg 0.655801 0.701178 0.211778 -0.182822 166.074609 -1158.434771 40.192859
slice24/query/img_06161_c1_1287504368604562us.jpg 0.656324 0.702141 0.209022 -0.180407 165.000124 -1158.177685 40.107475
slice24/query/img_06162_c1_1287504368737810us.jpg 0.657104 0.704200 0.203169 -0.176176 162.846630 -1157.637192 39.931056
slice24/query/img_06163_c1_1287504368804526us.jpg 0.657867 0.704702 0.200383 -0.174507 161.770772 -1157.353573 39.843190
slice24/query/img_06164_c1_1287504368937779us.jpg 0.659709 0.705341 0.195568 -0.170385 159.627559 -1156.770416 39.674071
slice24/query/img_06165_c1_1287504369071109us.jpg 0.661595 0.705491 0.192173 -0.166266 157.494507 -1156.153493 39.512106
slice24/query/img_06166_c1_1287504369137738us.jpg 0.662676 0.705395 0.191013 -0.163681 156.424852 -1155.839342 39.433431
slice24/query/img_06167_c1_1287504369204456us.jpg 0.663324 0.705659 0.189619 -0.161527 155.361352 -1155.515888 39.354083
slice24/query/img_06168_c1_1287504369337700us.jpg 0.665028 0.705845 0.186982 -0.156711 153.223195 -1154.848908 39.186582
slice24/query/img_06169_c1_1287504369404418us.jpg 0.665771 0.705944 0.185452 -0.154917 152.159440 -1154.498326 39.100006
slice24/query/img_06170_c1_1287504369537647us.jpg 0.667465 0.706089 0.181986 -0.151032 150.018393 -1153.795380 38.926229
slice24/query/img_06171_c1_1287504369604383us.jpg 0.668008 0.706412 0.180179 -0.149277 148.948473 -1153.435505 38.838820
slice24/query/img_06172_c1_1287504369737608us.jpg 0.668290 0.707800 0.176236 -0.146109 146.800404 -1152.681848 38.667804
slice24/query/img_06173_c1_1287504369804344us.jpg 0.668835 0.708165 0.174093 -0.144409 145.726482 -1152.297087 38.578318
slice24/query/img_06174_c1_1287504369870958us.jpg 0.668998 0.708750 0.172137 -0.143122 144.659064 -1151.903131 38.489373
slice24/query/img_06175_c1_1287504370004314us.jpg 0.668734 0.710502 0.168336 -0.140163 142.518121 -1151.099847 38.316776
slice24/query/img_06176_c1_1287504370070922us.jpg 0.668491 0.711511 0.165957 -0.139034 141.460021 -1150.695441 38.232641
slice24/query/img_06177_c1_1287504370204297us.jpg 0.669085 0.712433 0.161732 -0.136411 139.324078 -1149.859267 38.058067
slice24/query/img_06178_c1_1287504370270886us.jpg 0.669716 0.712697 0.159215 -0.134883 138.243159 -1149.433288 37.969945
slice24/query/img_06179_c1_1287504370404244us.jpg 0.671332 0.713042 0.154803 -0.130081 136.085072 -1148.565115 37.792268
slice24/query/img_06180_c1_1287504370537466us.jpg 0.672770 0.713525 0.150394 -0.125077 133.941034 -1147.664538 37.616601
slice24/query/img_06181_c1_1287504370604207us.jpg 0.673627 0.713597 0.148120 -0.122742 132.878086 -1147.203138 37.534546
slice24/query/img_06182_c1_1287504370670815us.jpg 0.674703 0.713730 0.143549 -0.121488 131.827355 -1146.738809 37.447993
slice24/query/img_06183_c1_1287504370804170us.jpg 0.676350 0.713893 0.137889 -0.117873 129.727163 -1145.788820 37.273986
slice24/query/img_06184_c1_1287504370870779us.jpg 0.676103 0.714838 0.136659 -0.114958 128.687443 -1145.288572 37.202455
slice24/query/img_06185_c1_1287504371004152us.jpg 0.675847 0.716869 0.132180 -0.108892 126.589810 -1144.280307 37.042614
slice24/query/img_06186_c1_1287504371070742us.jpg 0.676222 0.717326 0.129988 -0.106162 125.542119 -1143.756699 36.958557
slice24/query/img_06187_c1_1287504371137355us.jpg 0.677225 0.717184 0.127462 -0.103762 124.505198 -1143.239579 36.872148
slice24/query/img_06188_c1_1287504371270729us.jpg 0.679442 0.716624 0.122339 -0.099206 122.442589 -1142.189209 36.698068
slice24/query/img_06189_c1_1287504371337318us.jpg 0.680487 0.716356 0.119715 -0.097162 121.414494 -1141.643819 36.610193
slice24/query/img_06190_c1_1287504371470692us.jpg 0.681869 0.716443 0.114668 -0.092815 119.369174 -1140.537828 36.446645
slice24/query/img_06191_c1_1287504371537283us.jpg 0.682150 0.716789 0.112842 -0.090291 118.353953 -1139.967410 36.372232
slice24/query/img_06192_c1_1287504371671366us.jpg 0.682400 0.717873 0.107445 -0.086285 116.330127 -1138.799011 36.216556
slice24/query/img_06193_c1_1287504371737247us.jpg 0.682578 0.718345 0.105155 -0.083722 115.321755 -1138.218522 36.140087
slice24/query/img_06194_c1_1287504371803985us.jpg 0.682827 0.718598 0.103400 -0.081684 114.323678 -1137.620902 36.062422
slice24/query/img_06195_c1_1287504371937211us.jpg 0.683741 0.718652 0.099642 -0.078160 112.333912 -1136.404068 35.906858
slice24/query/img_06196_c1_1287504372003949us.jpg 0.683880 0.719015 0.097304 -0.076535 111.342111 -1135.793578 35.832595
slice24/query/img_06197_c1_1287504372137200us.jpg 0.683926 0.719776 0.093272 -0.073949 109.375006 -1134.553915 35.685900
slice24/query/img_06198_c1_1287504372203913us.jpg 0.684129 0.719960 0.091641 -0.072305 108.394537 -1133.931049 35.611602
slice24/query/img_06199_c1_1287504372270525us.jpg 0.684559 0.719924 0.090148 -0.070444 107.411845 -1133.301918 35.536454
slice24/query/img_06200_c1_1287504372403880us.jpg 0.684961 0.720194 0.087614 -0.066887 105.464789 -1132.032399 35.395040
slice24/query/img_06201_c1_1287504372470490us.jpg 0.685314 0.720144 0.086626 -0.065060 104.496044 -1131.394787 35.321157
slice24/query/img_06202_c1_1287504372603862us.jpg 0.686464 0.719668 0.083786 -0.061853 102.561751 -1130.098325 35.179620
slice24/query/img_06203_c1_1287504372670459us.jpg 0.687098 0.719402 0.082153 -0.060072 101.598280 -1129.444602 35.109529
slice24/query/img_06204_c1_1287504372737066us.jpg 0.687554 0.719265 0.080558 -0.058634 100.643722 -1128.785054 35.040726
slice24/query/img_06205_c1_1287504372870439us.jpg 0.688407 0.719108 0.077068 -0.055138 98.738851 -1127.450929 34.905066
slice24/query/img_06206_c1_1287504372937031us.jpg 0.689094 0.718812 0.074889 -0.053380 97.791315 -1126.783235 34.835406
slice24/query/img_06207_c1_1287504373070403us.jpg 0.690506 0.718121 0.070445 -0.050417 95.917653 -1125.419832 34.701589
slice24/query/img_06208_c1_1287504373136995us.jpg 0.690935 0.718048 0.068406 -0.048348 94.981794 -1124.733320 34.639904
slice24/query/img_06209_c1_1287504373203732us.jpg 0.691292 0.718032 0.066470 -0.046119 94.051209 -1124.044753 34.578814
slice24/query/img_06210_c1_1287504373336959us.jpg 0.691888 0.718058 0.062685 -0.041890 92.214700 -1122.660979 34.461088
slice24/query/img_06211_c1_1287504373403697us.jpg 0.692440 0.717808 0.060708 -0.039908 91.296327 -1121.955607 34.402102
slice24/query/img_06212_c1_1287504373537739us.jpg 0.692993 0.717805 0.057003 -0.035607 89.477952 -1120.533943 34.286651
slice24/query/img_06213_c1_1287504373603681us.jpg 0.692865 0.718170 0.055233 -0.033468 88.576921 -1119.815348 34.228349
slice24/query/img_06214_c1_1287504373670272us.jpg 0.692591 0.718653 0.053488 -0.031541 87.678361 -1119.093569 34.170244
slice24/query/img_06215_c1_1287504373803648us.jpg 0.691768 0.719838 0.048934 -0.029935 85.896015 -1117.615922 34.036351
slice24/query/img_06216_c1_1287504373870237us.jpg 0.690802 0.720903 0.046399 -0.030635 85.017350 -1116.873368 33.972488
slice24/query/img_06217_c1_1287504373936850us.jpg 0.689637 0.722022 0.045671 -0.031623 84.137233 -1116.125996 33.909630
slice24/query/img_06218_c1_1287504374070231us.jpg 0.688058 0.723466 0.045025 -0.033867 82.375579 -1114.631238 33.783064
slice24/query/img_06219_c1_1287504374136813us.jpg 0.687860 0.723643 0.044197 -0.035154 81.495200 -1113.889973 33.720302
slice24/query/img_06220_c1_1287504374271358us.jpg 0.688881 0.722551 0.044180 -0.037569 79.732298 -1112.416956 33.599546
slice24/query/img_06221_c1_1287504374336780us.jpg 0.689516 0.721833 0.045603 -0.038016 78.843715 -1111.683516 33.546918
slice24/query/img_06222_c1_1287504374403517us.jpg 0.689628 0.721624 0.047556 -0.037545 77.952010 -1110.953015 33.499604
slice24/query/img_06223_c1_1287504374536743us.jpg 0.690155 0.720890 0.050592 -0.038006 76.175648 -1109.510044 33.394464
slice24/query/img_06224_c1_1287504374603480us.jpg 0.690502 0.720418 0.051573 -0.039308 75.295646 -1108.793400 33.339975
slice24/query/img_06225_c1_1287504374736728us.jpg 0.690342 0.720314 0.054640 -0.039874 73.510483 -1107.351721 33.234883
slice24/query/img_06226_c1_1287504374803444us.jpg 0.689923 0.720572 0.056238 -0.040244 72.614902 -1106.633857 33.178976
slice24/query/img_06227_c1_1287504374870057us.jpg 0.689483 0.720844 0.057439 -0.041204 71.720632 -1105.922462 33.120990
slice24/query/img_06228_c1_1287504375003428us.jpg 0.688793 0.721105 0.059513 -0.045055 69.927008 -1104.502690 32.994349
slice24/query/img_06229_c1_1287504375070020us.jpg 0.688907 0.720727 0.060850 -0.047511 69.028820 -1103.794976 32.929127
slice24/query/img_06230_c1_1287504375203394us.jpg 0.688807 0.720355 0.062662 -0.052025 67.210087 -1102.393545 32.803996
slice24/query/img_06231_c1_1287504375269985us.jpg 0.687448 0.721420 0.064190 -0.053367 66.295768 -1101.697880 32.748136
slice24/query/img_06232_c1_1287504375403358us.jpg 0.686435 0.721575 0.069164 -0.057903 64.462258 -1100.331171 32.632956
slice24/query/img_06233_c1_1287504375469949us.jpg 0.686791 0.720799 0.071178 -0.060838 63.548781 -1099.656813 32.574697
slice24/query/img_06234_c1_1287504375603348us.jpg 0.687302 0.719486 0.075192 -0.065587 61.699523 -1098.331390 32.463439
slice24/query/img_06235_c1_1287504375669912us.jpg 0.687606 0.718759 0.078010 -0.067064 60.767963 -1097.679215 32.413119
slice24/query/img_06236_c1_1287504375736526us.jpg 0.688424 0.717495 0.080990 -0.068651 59.832539 -1097.035625 32.361649
slice24/query/img_06237_c1_1287504375869898us.jpg 0.689523 0.715363 0.087771 -0.071482 57.951989 -1095.768056 32.261044
slice24/query/img_06238_c1_1287504375936489us.jpg 0.689278 0.714974 0.091240 -0.073370 57.009463 -1095.139285 32.208392
slice24/query/img_06239_c1_1287504376069843us.jpg 0.687698 0.715276 0.097286 -0.077373 55.118163 -1093.896872 32.092597
slice24/query/img_06240_c1_1287504376136454us.jpg 0.686622 0.715749 0.100185 -0.078846 54.164218 -1093.289388 32.031650
slice24/query/img_06241_c1_1287504376269809us.jpg 0.685394 0.715858 0.103203 -0.084446 52.259631 -1092.093588 31.900180
slice24/query/img_06242_c1_1287504376336417us.jpg 0.685078 0.715596 0.104088 -0.088071 51.299324 -1091.501624 31.829307
slice24/query/img_06243_c1_1287504376403155us.jpg 0.684647 0.715366 0.105096 -0.092000 50.334390 -1090.912965 31.761164
slice24/query/img_06244_c1_1287504376536387us.jpg 0.682677 0.715955 0.107969 -0.098503 48.400965 -1089.759436 31.639347
slice24/query/img_06245_c1_1287504376603120us.jpg 0.681400 0.716565 0.110041 -0.100595 47.420735 -1089.193509 31.584352
slice24/query/img_06246_c1_1287504376736370us.jpg 0.680421 0.716192 0.115926 -0.103239 45.444362 -1088.087040 31.476579
slice24/query/img_06247_c1_1287504376803084us.jpg 0.680570 0.715366 0.118968 -0.104513 44.453370 -1087.546416 31.421816
slice24/query/img_06248_c1_1287504376936333us.jpg 0.681116 0.713421 0.124100 -0.108213 42.454454 -1086.478921 31.301246
slice24/query/img_06249_c1_1287504377003068us.jpg 0.681146 0.712626 0.126264 -0.110729 41.453978 -1085.953347 31.235739
slice24/query/img_06250_c1_1287504377069660us.jpg 0.680926 0.712065 0.128250 -0.113384 40.454173 -1085.434155 31.172283
slice24/query/img_06251_c1_1287504377203032us.jpg 0.680053 0.711305 0.132115 -0.118819 38.440956 -1084.414261 31.049372
slice24/query/img_06252_c1_1287504377269624us.jpg 0.679540 0.710959 0.134436 -0.121204 37.425317 -1083.913924 30.989953
slice24/query/img_06253_c1_1287504377402979us.jpg 0.678676 0.710063 0.139217 -0.125809 35.390680 -1082.931665 30.877287
slice24/query/img_06254_c1_1287504377469588us.jpg 0.678498 0.709354 0.141394 -0.128315 34.366809 -1082.453086 30.818629
slice24/query/img_06255_c1_1287504377602961us.jpg 0.677750 0.708218 0.145541 -0.133792 32.307040 -1081.510574 30.703134
slice24/query/img_06256_c1_1287504377669552us.jpg 0.676921 0.708044 0.147733 -0.136483 31.275184 -1081.049059 30.646992
slice24/query/img_06257_c1_1287504377802924us.jpg 0.674797 0.708021 0.153068 -0.141159 29.200679 -1080.153614 30.536450
slice24/query/img_06258_c1_1287504377869516us.jpg 0.674051 0.707627 0.155594 -0.143910 28.157616 -1079.715436 30.479260
slice24/query/img_06259_c1_1287504377936130us.jpg 0.673741 0.706784 0.157698 -0.147174 27.113368 -1079.287006 30.420237
slice24/query/img_06260_c1_1287504378069483us.jpg 0.673802 0.704433 0.161567 -0.153820 25.006291 -1078.451106 30.302995
slice24/query/img_06261_c1_1287504378136093us.jpg 0.673875 0.703176 0.163883 -0.156776 23.953142 -1078.047011 30.250943
slice24/query/img_06262_c1_1287504378269452us.jpg 0.673184 0.701439 0.169945 -0.161015 21.830801 -1077.264302 30.158057
slice24/query/img_06263_c1_1287504378402815us.jpg 0.672499 0.699684 0.175231 -0.165776 19.698001 -1076.515487 30.062427
slice24/query/img_06264_c1_1287504378469408us.jpg 0.671985 0.698974 0.177241 -0.168695 18.629575 -1076.152969 30.011615
slice24/query/img_06265_c1_1287504378602758us.jpg 0.670472 0.697824 0.181446 -0.174888 16.481939 -1075.439814 29.915271
slice24/query/img_06266_c1_1287504378669371us.jpg 0.669614 0.697307 0.183806 -0.177750 15.406245 -1075.098913 29.870008
slice24/query/img_06267_c1_1287504378802745us.jpg 0.668943 0.695218 0.188565 -0.183388 13.249874 -1074.445176 29.781376
slice24/query/img_06268_c1_1287504378869335us.jpg 0.668837 0.694057 0.191289 -0.185339 12.165305 -1074.133332 29.742654
slice24/query/img_06269_c1_1287504379002709us.jpg 0.668919 0.691250 0.196926 -0.189581 9.984648 -1073.529144 29.665273
slice24/query/img_06270_c1_1287504379069299us.jpg 0.669122 0.689615 0.199427 -0.192186 8.891816 -1073.239807 29.625585
slice24/query/img_06271_c1_1287504379135912us.jpg 0.669140 0.688248 0.201572 -0.194770 7.799166 -1072.960597 29.587105
slice24/query/img_06272_c1_1287504379269284us.jpg 0.668432 0.686334 0.205037 -0.200259 5.608930 -1072.419118 29.508917
slice24/query/img_06273_c1_1287504379335877us.jpg 0.667987 0.685582 0.206843 -0.202449 4.515745 -1072.158394 29.471822
slice24/query/img_06274_c1_1287504379469244us.jpg 0.667567 0.683809 0.210646 -0.205882 2.326723 -1071.658654 29.408350
slice24/query/img_06275_c1_1287504379535840us.jpg 0.667660 0.682734 0.212543 -0.207193 1.229780 -1071.420715 29.378142
slice24/query/img_06276_c1_1287504379669194us.jpg 0.667983 0.680620 0.216159 -0.209356 -0.970403 -1070.960995 29.319864
slice24/query/img_06277_c1_1287504379735804us.jpg 0.668260 0.679396 0.217502 -0.211050 -2.063835 -1070.742226 29.290458
slice24/query/img_06278_c1_1287504379869156us.jpg 0.668854 0.677005 0.219464 -0.214788 -4.252310 -1070.312605 29.233093
slice24/query/img_06279_c1_1287504379935788us.jpg 0.668764 0.676250 0.220595 -0.216282 -5.345120 -1070.108085 29.207171
slice24/query/img_06280_c1_1287504380002505us.jpg 0.668466 0.675595 0.222093 -0.217714 -6.437983 -1069.904175 29.184488
slice24/query/img_06281_c1_1287504380202500us.jpg 0.664272 0.676264 0.228386 -0.221922 -9.708445 -1069.291668 29.111754
slice24/query/img_06282_c1_1287504380335718us.jpg 0.660459 0.676658 0.233090 -0.227151 -11.878458 -1068.927200 29.051085
slice24/query/img_06283_c1_1287504380402460us.jpg 0.658807 0.676733 0.234674 -0.230071 -12.974687 -1068.751065 29.011969
slice24/query/img_06284_c1_1287504380535680us.jpg 0.657225 0.675461 0.237256 -0.235622 -15.158279 -1068.432949 28.947827
slice24/query/img_06285_c1_1287504380669032us.jpg 0.656681 0.673203 0.242345 -0.238406 -17.347976 -1068.152092 28.893408
slice24/query/img_06286_c1_1287504380802382us.jpg 0.655885 0.670762 0.247494 -0.242156 -19.538402 -1067.902136 28.838716
slice24/query/img_06287_c1_1287504380868975us.jpg 0.655435 0.669912 0.249406 -0.243762 -20.631477 -1067.789848 28.809899
slice24/query/img_06288_c1_1287504381068961us.jpg 0.653579 0.667461 0.255079 -0.249532 -23.915826 -1067.470021 28.725822
slice24/query/img_06289_c1_1287504381202322us.jpg 0.651259 0.666658 0.259449 -0.253210 -26.113359 -1067.288247 28.665542
slice24/query/img_06290_c1_1287504381268905us.jpg 0.650038 0.666269 0.261368 -0.255388 -27.212298 -1067.206219 28.632790
slice24/query/img_06291_c1_1287504381402269us.jpg 0.648310 0.664671 0.265140 -0.260014 -29.407192 -1067.064855 28.566370
slice24/query/img_06292_c1_1287504381535485us.jpg 0.648083 0.661787 0.269457 -0.263474 -31.599697 -1066.961183 28.506319
slice24/query/img_06293_c1_1287504381669996us.jpg 0.648388 0.658268 0.273919 -0.266916 -33.797848 -1066.884162 28.451629
slice24/query/img_06294_c1_1287504381735447us.jpg 0.647986 0.656961 0.276308 -0.268646 -34.890584 -1066.853805 28.426140
slice24/query/img_06295_c1_1287504381868814us.jpg 0.645856 0.655463 0.280980 -0.272559 -37.082488 -1066.807217 28.370877
slice24/query/img_06296_c1_1287504381935407us.jpg 0.644355 0.655122 0.283097 -0.274732 -38.176734 -1066.794496 28.342089
slice24/query/img_06297_c1_1287504382068758us.jpg 0.641226 0.654380 0.287074 -0.279649 -40.373174 -1066.788407 28.280147
slice24/query/img_06298_c1_1287504382202112us.jpg 0.638212 0.653343 0.291090 -0.284772 -42.565539 -1066.816312 28.220808
slice24/query/img_06299_c1_1287504382335355us.jpg 0.635535 0.651435 0.296511 -0.289498 -44.752991 -1066.865576 28.161355
slice24/query/img_06300_c1_1287504382468688us.jpg 0.633636 0.648968 0.301607 -0.293903 -46.949996 -1066.961761 28.101420
slice24/query/img_06301_c1_1287504382535300us.jpg 0.632753 0.647650 0.303977 -0.296262 -48.043498 -1067.020354 28.072638
slice24/query/img_06302_c1_1287504382668652us.jpg 0.631103 0.644643 0.308844 -0.301264 -50.227860 -1067.159840 28.014210
slice24/query/img_06303_c1_1287504382735264us.jpg 0.630168 0.643243 0.311765 -0.303199 -51.313182 -1067.242493 27.986004
slice24/query/img_06304_c1_1287504382868619us.jpg 0.627961 0.641560 0.315622 -0.307323 -53.466515 -1067.430028 27.921573
slice24/query/img_06305_c1_1287504382935228us.jpg 0.627326 0.639952 0.317720 -0.309803 -54.545124 -1067.536866 27.888061
slice24/query/img_06306_c1_1287504383068602us.jpg 0.627790 0.634955 0.323369 -0.313280 -56.698108 -1067.764985 27.827362
slice24/query/img_06307_c1_1287504383135191us.jpg 0.628403 0.632407 0.326697 -0.313753 -57.779218 -1067.894328 27.797257
slice24/query/img_06308_c1_1287504383268547us.jpg 0.629297 0.628985 0.335120 -0.309931 -59.948771 -1068.207429 27.748895
slice24/query/img_06309_c1_1287504383335156us.jpg 0.629861 0.626719 0.337558 -0.310730 -61.032680 -1068.357648 27.707844
slice24/query/img_06310_c1_1287504383468512us.jpg 0.629809 0.622763 0.337298 -0.318963 -63.170310 -1068.668307 27.597197
slice24/query/img_06311_c1_1287504383535139us.jpg 0.628640 0.621839 0.336442 -0.323936 -64.245955 -1068.820888 27.544304
slice24/query/img_06312_c1_1287504383668478us.jpg 0.624427 0.621804 0.337376 -0.331101 -66.371095 -1069.135058 27.475549
