slice24/query/img_07891_c1_1288106935032708us.jpg 0.634291 0.681128 0.278308 -0.237242 193.886652 -1161.951997 42.659641
slice24/query/img_07892_c1_1288106935099463us.jpg 0.635397 0.681406 0.276342 -0.235779 192.852545 -1161.899338 42.560643
slice24/query/img_07893_c1_1288106935166051us.jpg 0.636571 0.681637 0.274105 -0.234554 191.822528 -1161.841139 42.462204
slice24/query/img_07894_c1_1288106935232663us.jpg 0.637613 0.682002 0.271936 -0.233181 190.799070 -1161.778683 42.365208
slice24/query/img_07895_c1_1288106935366034us.jpg 0.640001 0.682387 0.268701 -0.229232 188.739472 -1161.643965 42.175005
slice24/query/img_07896_c1_1288106935432619us.jpg 0.640417 0.683326 0.267193 -0.227025 187.710351 -1161.563981 42.082125
slice24/query/img_07897_c1_1288106935499355us.jpg 0.640737 0.684445 0.265648 -0.224548 186.682811 -1161.479623 41.990738
slice24/query/img_07898_c1_1288106935565964us.jpg 0.641273 0.685436 0.263535 -0.222475 185.655861 -1161.389637 41.895072
slice24/query/img_07899_c1_1288106935699335us.jpg 0.642915 0.687247 0.257714 -0.218941 183.591462 -1161.195033 41.694275
slice24/query/img_07900_c1_1288106935765922us.jpg 0.643884 0.688013 0.254641 -0.217279 182.557629 -1161.083177 41.594300
slice24/query/img_07901_c1_1288106935832532us.jpg 0.644971 0.688589 0.251729 -0.215615 181.523137 -1160.966294 41.496855
slice24/query/img_07902_c1_1288106935899268us.jpg 0.645812 0.689429 0.248437 -0.214230 180.486962 -1160.841083 41.401774
slice24/query/img_07903_c1_1288106936032510us.jpg 0.646722 0.691772 0.241937 -0.211347 178.397317 -1160.565073 41.214841
slice24/query/img_07904_c1_1288106936099224us.jpg 0.646866 0.693098 0.239443 -0.209396 177.339481 -1160.408000 41.126908
slice24/query/img_07905_c1_1288106936165835us.jpg 0.646889 0.694588 0.237051 -0.207096 176.278593 -1160.239467 41.041538
slice24/query/img_07906_c1_1288106936299201us.jpg 0.647739 0.697141 0.230930 -0.202730 174.088771 -1159.875937 40.848734
slice24/query/img_07907_c1_1288106936365791us.jpg 0.648489 0.698114 0.228389 -0.199845 172.983221 -1159.679766 40.754323
slice24/query/img_07908_c1_1288106936432402us.jpg 0.649405 0.698929 0.225832 -0.196906 171.879616 -1159.475775 40.659992
slice24/query/img_07909_c1_1288106936499138us.jpg 0.650431 0.699611 0.223013 -0.194291 170.779748 -1159.263827 40.566078
slice24/query/img_07910_c1_1288106936632359us.jpg 0.652745 0.700884 0.216511 -0.189232 168.567802 -1158.807115 40.374901
slice24/query/img_07911_c1_1288106936699094us.jpg 0.654017 0.701386 0.213080 -0.186856 167.463167 -1158.563681 40.279558
slice24/query/img_07912_c1_1288106936765705us.jpg 0.654899 0.702093 0.209693 -0.184935 166.363943 -1158.309755 40.186078
slice24/query/img_07913_c1_1288106936899074us.jpg 0.656477 0.703622 0.204360 -0.179419 164.150200 -1157.775401 39.999069
slice24/query/img_07914_c1_1288106936965662us.jpg 0.657003 0.704474 0.201694 -0.177152 163.048691 -1157.490103 39.909934
slice24/query/img_07915_c1_1288106937032272us.jpg 0.657744 0.704999 0.199176 -0.175153 161.946700 -1157.198582 39.821509
slice24/query/img_07916_c1_1288106937165641us.jpg 0.659410 0.705794 0.194012 -0.171441 159.746523 -1156.596377 39.642344
slice24/query/img_07917_c1_1288106937232251us.jpg 0.660493 0.705916 0.191814 -0.169232 158.646328 -1156.286748 39.556069
slice24/query/img_07918_c1_1288106937298965us.jpg 0.661681 0.705773 0.190319 -0.166860 157.550240 -1155.969620 39.474202
slice24/query/img_07919_c1_1288106937365576us.jpg 0.662822 0.705621 0.189127 -0.164310 156.455212 -1155.643172 39.394685
slice24/query/img_07920_c1_1288106937498946us.jpg 0.664820 0.705774 0.185766 -0.159336 154.250564 -1154.972345 39.221380
slice24/query/img_07921_c1_1288106937632166us.jpg 0.666553 0.706229 0.181806 -0.154581 152.023207 -1154.262415 39.041271
slice24/query/img_07922_c1_1288106937698879us.jpg 0.667567 0.706177 0.180038 -0.152495 150.915278 -1153.896758 38.949653
slice24/query/img_07923_c1_1288106937765490us.jpg 0.668171 0.706544 0.178256 -0.150227 149.810909 -1153.525326 38.861038
slice24/query/img_07924_c1_1288106937832100us.jpg 0.668579 0.707031 0.176836 -0.147778 148.710557 -1153.146372 38.774068
slice24/query/img_07925_c1_1288106937965468us.jpg 0.669454 0.708128 0.172856 -0.143205 146.510396 -1152.368525 38.594798
slice24/query/img_07926_c1_1288106938032057us.jpg 0.669867 0.708714 0.170422 -0.141275 145.415600 -1151.969148 38.503508
slice24/query/img_07927_c1_1288106938098792us.jpg 0.670046 0.709438 0.168048 -0.139626 144.331244 -1151.563681 38.414625
slice24/query/img_07928_c1_1288106938232041us.jpg 0.670012 0.711240 0.162843 -0.136764 142.155452 -1150.723901 38.236574
slice24/query/img_07929_c1_1288106938298750us.jpg 0.670171 0.711960 0.160238 -0.135305 141.072892 -1150.295665 38.147313
slice24/query/img_07930_c1_1288106938365360us.jpg 0.670303 0.712637 0.157898 -0.133829 139.994764 -1149.860912 38.059894
slice24/query/img_07931_c1_1288106938498709us.jpg 0.671630 0.713072 0.153333 -0.130117 137.815457 -1148.974384 37.881559
slice24/query/img_07932_c1_1288106938565319us.jpg 0.672196 0.713344 0.151512 -0.127816 136.734053 -1148.522498 37.794115
slice24/query/img_07933_c1_1288106938698668us.jpg 0.672964 0.714222 0.147613 -0.123358 134.578449 -1147.595919 37.625194
slice24/query/img_07934_c1_1288106938765275us.jpg 0.673739 0.714254 0.145666 -0.121238 133.506101 -1147.123853 37.540636
slice24/query/img_07935_c1_1288106938831887us.jpg 0.674596 0.714307 0.142397 -0.120034 132.444911 -1146.652008 37.452855
slice24/query/img_07936_c1_1288106938965801us.jpg 0.676134 0.714495 0.135622 -0.118095 130.328627 -1145.675783 37.277347
slice24/query/img_07937_c1_1288106939031864us.jpg 0.676008 0.715328 0.134116 -0.115470 129.269167 -1145.176593 37.202144
slice24/query/img_07938_c1_1288106939098578us.jpg 0.675603 0.716353 0.133042 -0.112687 128.212776 -1144.666853 37.128760
slice24/query/img_07939_c1_1288106939165188us.jpg 0.675318 0.717377 0.131080 -0.110152 127.164947 -1144.155010 37.049829
slice24/query/img_07940_c1_1288106939298870us.jpg 0.676081 0.718067 0.126588 -0.106159 125.063884 -1143.101331 36.881023
slice24/query/img_07941_c1_1288106939365145us.jpg 0.677173 0.717697 0.124714 -0.103894 124.018242 -1142.575260 36.796110
slice24/query/img_07942_c1_1288106939498493us.jpg 0.678447 0.717798 0.119540 -0.100926 121.939344 -1141.501605 36.626408
slice24/query/img_07943_c1_1288106939565121us.jpg 0.678880 0.718003 0.116848 -0.099702 120.912175 -1140.951515 36.547361
slice24/query/img_07944_c1_1288106939631714us.jpg 0.679473 0.717996 0.114940 -0.097911 119.885808 -1140.403402 36.468085
slice24/query/img_07945_c1_1288106939765061us.jpg 0.679810 0.718803 0.110789 -0.094375 117.843998 -1139.292556 36.311080
slice24/query/img_07946_c1_1288106939831671us.jpg 0.680045 0.719124 0.108797 -0.092536 116.834639 -1138.724850 36.234844
slice24/query/img_07947_c1_1288106939898406us.jpg 0.680228 0.719488 0.106872 -0.090579 115.831062 -1138.152125 36.161515
slice24/query/img_07948_c1_1288106940031631us.jpg 0.681140 0.719640 0.103387 -0.086477 113.826198 -1136.988438 36.014526
slice24/query/img_07949_c1_1288106940098363us.jpg 0.681877 0.719423 0.101706 -0.084444 112.830220 -1136.397468 35.942705
slice24/query/img_07950_c1_1288106940164974us.jpg 0.682420 0.719401 0.099687 -0.082626 111.839451 -1135.798490 35.869830
slice24/query/img_07951_c1_1288106940231584us.jpg 0.682893 0.719449 0.097710 -0.080636 110.853197 -1135.197342 35.797966
slice24/query/img_07952_c1_1288106940364933us.jpg 0.684116 0.719299 0.094060 -0.075818 108.870959 -1133.953863 35.652815
slice24/query/img_07953_c1_1288106940431542us.jpg 0.684739 0.719209 0.092070 -0.073448 107.887073 -1133.335947 35.581628
slice24/query/img_07954_c1_1288106940498278us.jpg 0.685422 0.719055 0.090180 -0.070889 106.910827 -1132.711526 35.510413
slice24/query/img_07955_c1_1288106940631502us.jpg 0.686280 0.719224 0.086310 -0.065480 104.974887 -1131.455271 35.368146
slice24/query/img_07956_c1_1288106940698235us.jpg 0.686641 0.719350 0.084299 -0.062871 104.016754 -1130.819733 35.298492
slice24/query/img_07957_c1_1288106940764846us.jpg 0.687344 0.719139 0.082038 -0.060554 103.068474 -1130.178631 35.227763
slice24/query/img_07958_c1_1288106940831457us.jpg 0.688008 0.718956 0.079800 -0.058126 102.122003 -1129.533777 35.160089
slice24/query/img_07959_c1_1288106940964824us.jpg 0.689058 0.718810 0.075191 -0.053454 100.252028 -1128.235108 35.029845
slice24/query/img_07960_c1_1288106941031414us.jpg 0.689199 0.719092 0.072572 -0.051418 99.325144 -1127.577344 34.963074
slice24/query/img_07961_c1_1288106941164766us.jpg 0.690140 0.719009 0.066582 -0.047955 97.450575 -1126.200987 34.809541
slice24/query/img_07962_c1_1288106941231393us.jpg 0.690789 0.718767 0.063665 -0.046175 96.524262 -1125.514827 34.741137
slice24/query/img_07963_c1_1288106941298107us.jpg 0.691247 0.718665 0.061184 -0.044216 95.605466 -1124.821201 34.675041
slice24/query/img_07964_c1_1288106941364718us.jpg 0.691400 0.718834 0.058839 -0.042199 94.694057 -1124.123109 34.614355
slice24/query/img_07965_c1_1288106941498086us.jpg 0.692177 0.718596 0.055648 -0.037615 92.887772 -1122.706514 34.482476
slice24/query/img_07966_c1_1288106941564676us.jpg 0.692079 0.718911 0.054134 -0.035542 91.994268 -1121.996358 34.426089
slice24/query/img_07967_c1_1288106941631286us.jpg 0.691619 0.719511 0.053093 -0.033878 91.113152 -1121.284359 34.370840
slice24/query/img_07968_c1_1288106941764638us.jpg 0.689076 0.722197 0.051145 -0.031468 89.358164 -1119.847808 34.260608
slice24/query/img_07969_c1_1288106941831244us.jpg 0.687816 0.723472 0.050740 -0.030389 88.493326 -1119.131465 34.203533
slice24/query/img_07970_c1_1288106941897979us.jpg 0.686632 0.724663 0.050049 -0.029923 87.636693 -1118.416919 34.146997
slice24/query/img_07971_c1_1288106941964591us.jpg 0.685612 0.725719 0.048635 -0.030059 86.788454 -1117.701122 34.087883
slice24/query/img_07972_c1_1288106942097941us.jpg 0.685304 0.726140 0.046102 -0.030881 85.109498 -1116.284870 33.964544
slice24/query/img_07973_c1_1288106942164548us.jpg 0.685765 0.725673 0.046278 -0.031360 84.276231 -1115.584657 33.905973
slice24/query/img_07974_c1_1288106942231159us.jpg 0.686514 0.724943 0.046536 -0.031457 83.442603 -1114.889244 33.846594
slice24/query/img_07975_c1_1288106942364511us.jpg 0.688205 0.723398 0.045180 -0.032072 81.793025 -1113.510168 33.726573
slice24/query/img_07976_c1_1288106942431118us.jpg 0.689487 0.722182 0.044624 -0.032704 80.973954 -1112.826750 33.669680
slice24/query/img_07977_c1_1288106942497853us.jpg 0.690597 0.721108 0.044466 -0.033196 80.159279 -1112.148523 33.618001
slice24/query/img_07978_c1_1288106942564463us.jpg 0.691324 0.720384 0.044743 -0.033408 79.346082 -1111.471686 33.568228
slice24/query/img_07979_c1_1288106942697814us.jpg 0.690551 0.720998 0.046497 -0.033756 77.719224 -1110.103173 33.476539
slice24/query/img_07980_c1_1288106942764420us.jpg 0.690056 0.721396 0.046820 -0.034903 76.913567 -1109.424994 33.425446
slice24/query/img_07981_c1_1288106942831031us.jpg 0.689544 0.721777 0.046934 -0.036937 76.112615 -1108.751272 33.373775
slice24/query/img_07982_c1_1288106942964381us.jpg 0.687884 0.723027 0.048712 -0.040934 74.506401 -1107.419487 33.272053
slice24/query/img_07983_c1_1288106943030997us.jpg 0.686708 0.723883 0.050848 -0.042897 73.695745 -1106.748169 33.219897
slice24/query/img_07984_c1_1288106943097725us.jpg 0.685497 0.724722 0.053517 -0.044807 72.883629 -1106.082137 33.168062
slice24/query/img_07985_c1_1288106943164336us.jpg 0.684419 0.725420 0.055867 -0.047065 72.075259 -1105.429279 33.112218
slice24/query/img_07986_c1_1288106943297683us.jpg 0.684046 0.725128 0.059648 -0.052079 70.430900 -1104.140326 32.995368
slice24/query/img_07987_c1_1288106943364294us.jpg 0.684909 0.723959 0.061405 -0.054884 69.608021 -1103.511695 32.936580
slice24/query/img_07988_c1_1288106943497643us.jpg 0.686946 0.721281 0.065353 -0.059907 67.956494 -1102.273195 32.824531
slice24/query/img_07989_c1_1288106943564252us.jpg 0.686695 0.721159 0.068187 -0.061081 67.120441 -1101.661122 32.776022
slice24/query/img_07990_c1_1288106943630863us.jpg 0.686018 0.721401 0.071402 -0.062138 66.278748 -1101.049083 32.728713
slice24/query/img_07991_c1_1288106943764212us.jpg 0.687817 0.718733 0.076361 -0.067084 64.591410 -1099.852607 32.620177
slice24/query/img_07992_c1_1288106943830819us.jpg 0.689375 0.716731 0.078744 -0.069698 63.737412 -1099.260747 32.564388
slice24/query/img_07993_c1_1288106943897556us.jpg 0.690617 0.715062 0.081184 -0.071724 62.879315 -1098.677786 32.511745
slice24/query/img_07994_c1_1288106944030790us.jpg 0.691496 0.713320 0.086987 -0.073764 61.141195 -1097.521240 32.419910
slice24/query/img_07995_c1_1288106944097513us.jpg 0.691703 0.712656 0.089821 -0.074841 60.271465 -1096.950888 32.374681
slice24/query/img_07996_c1_1288106944164126us.jpg 0.691902 0.712004 0.092321 -0.076152 59.397614 -1096.383044 32.325973
slice24/query/img_07997_c1_1288106944298220us.jpg 0.690750 0.712127 0.097095 -0.079448 57.656204 -1095.259114 32.227349
slice24/query/img_07998_c1_1288106944364084us.jpg 0.690263 0.712106 0.099174 -0.081277 56.779707 -1094.703848 32.174469
slice24/query/img_07999_c1_1288106944430693us.jpg 0.689623 0.712287 0.101062 -0.082790 55.901187 -1094.153766 32.118852
slice24/query/img_08000_c1_1288106944564043us.jpg 0.688149 0.712785 0.106184 -0.084344 54.131782 -1093.069587 32.015952
slice24/query/img_08001_c1_1288106944630652us.jpg 0.687911 0.712616 0.107780 -0.085674 53.248175 -1092.535139 31.956769
slice24/query/img_08002_c1_1288106944697387us.jpg 0.687818 0.712371 0.108260 -0.087825 52.369624 -1092.007716 31.894590
slice24/query/img_08003_c1_1288106944830630us.jpg 0.687484 0.711855 0.108920 -0.093623 50.589620 -1090.951068 31.769153
slice24/query/img_08004_c1_1288106944897344us.jpg 0.686816 0.712030 0.109207 -0.096804 49.692003 -1090.421990 31.707403
slice24/query/img_08005_c1_1288106944963956us.jpg 0.685429 0.712908 0.109869 -0.099393 48.792803 -1089.896248 31.649834
slice24/query/img_08006_c1_1288106945097304us.jpg 0.682540 0.714576 0.113194 -0.103477 46.975951 -1088.857198 31.544308
slice24/query/img_08007_c1_1288106945163914us.jpg 0.681822 0.714599 0.115998 -0.104932 46.057411 -1088.347819 31.493727
slice24/query/img_08008_c1_1288106945230524us.jpg 0.681667 0.714089 0.118851 -0.106217 45.136885 -1087.848332 31.441698
slice24/query/img_08009_c1_1288106945363872us.jpg 0.681962 0.712476 0.123718 -0.109545 43.288240 -1086.864304 31.332154
slice24/query/img_08010_c1_1288106945430482us.jpg 0.682233 0.711548 0.125558 -0.111777 42.359128 -1086.379687 31.273305
slice24/query/img_08011_c1_1288106945497219us.jpg 0.682258 0.710798 0.127609 -0.114044 41.425742 -1085.898348 31.213465
slice24/query/img_08012_c1_1288106945563829us.jpg 0.682038 0.710283 0.129498 -0.116415 40.491493 -1085.423449 31.154708
slice24/query/img_08013_c1_1288106945697178us.jpg 0.681068 0.709717 0.133130 -0.121345 38.622113 -1084.490763 31.044661
slice24/query/img_08014_c1_1288106945763787us.jpg 0.680677 0.709274 0.135351 -0.123650 37.680140 -1084.031016 30.991075
slice24/query/img_08015_c1_1288106945830399us.jpg 0.680303 0.708856 0.137581 -0.125628 36.739934 -1083.581051 30.939698
slice24/query/img_08016_c1_1288106945963750us.jpg 0.679849 0.707771 0.141503 -0.129777 34.838295 -1082.695850 30.835393
slice24/query/img_08017_c1_1288106946030356us.jpg 0.679686 0.707119 0.143312 -0.132175 33.881461 -1082.259514 30.781877
slice24/query/img_08018_c1_1288106946097092us.jpg 0.679523 0.706475 0.145087 -0.134503 32.924763 -1081.831247 30.729395
slice24/query/img_08019_c1_1288106946230338us.jpg 0.678497 0.705817 0.148993 -0.138799 30.993383 -1080.979583 30.623956
slice24/query/img_08020_c1_1288106946297051us.jpg 0.677571 0.705842 0.151615 -0.140347 30.023725 -1080.563589 30.574519
slice24/query/img_08021_c1_1288106946363661us.jpg 0.676671 0.705849 0.154108 -0.141931 29.054675 -1080.154419 30.524833
slice24/query/img_08022_c1_1288106946430272us.jpg 0.676320 0.705306 0.156150 -0.144054 28.085332 -1079.753891 30.472919
slice24/query/img_08023_c1_1288106946563642us.jpg 0.676661 0.703288 0.159209 -0.148891 26.133740 -1078.970781 30.365072
slice24/query/img_08024_c1_1288106946630231us.jpg 0.676920 0.702206 0.160576 -0.151332 25.152785 -1078.586644 30.311941
slice24/query/img_08025_c1_1288106946696967us.jpg 0.677107 0.701158 0.162147 -0.153661 24.169664 -1078.207094 30.262085
slice24/query/img_08026_c1_1288106946830213us.jpg 0.676213 0.700151 0.166541 -0.157444 22.203902 -1077.466592 30.173896
slice24/query/img_08027_c1_1288106946896924us.jpg 0.675659 0.699713 0.168904 -0.159244 21.215817 -1077.105287 30.130853
slice24/query/img_08028_c1_1288106946963536us.jpg 0.675187 0.699238 0.170793 -0.161305 20.227213 -1076.750622 30.085304
slice24/query/img_08029_c1_1288106947096888us.jpg 0.674563 0.697910 0.173857 -0.166315 18.236516 -1076.055789 29.992625
slice24/query/img_08030_c1_1288106947163493us.jpg 0.674227 0.697191 0.175573 -0.168869 17.238715 -1075.714716 29.947013
slice24/query/img_08031_c1_1288106947230105us.jpg 0.673712 0.696625 0.177515 -0.171215 16.238824 -1075.379704 29.903507
slice24/query/img_08032_c1_1288106947296841us.jpg 0.673282 0.695922 0.179543 -0.173633 15.238880 -1075.053021 29.861975
slice24/query/img_08033_c1_1288106947430066us.jpg 0.672960 0.694066 0.183256 -0.178365 13.224423 -1074.423969 29.781552
slice24/query/img_08034_c1_1288106947496799us.jpg 0.672889 0.693093 0.185493 -0.180097 12.208260 -1074.115855 29.744073
slice24/query/img_08035_c1_1288106947563410us.jpg 0.672868 0.692054 0.187927 -0.181644 11.192738 -1073.817746 29.709010
slice24/query/img_08036_c1_1288106947696764us.jpg 0.672934 0.689646 0.192097 -0.186136 9.159321 -1073.237116 29.636271
slice24/query/img_08037_c1_1288106947763368us.jpg 0.672969 0.688399 0.193993 -0.188643 8.134540 -1072.950572 29.598534
slice24/query/img_08038_c1_1288106947829979us.jpg 0.672730 0.687511 0.195442 -0.191218 7.110594 -1072.670061 29.561881
slice24/query/img_08039_c1_1288106947963331us.jpg 0.671462 0.686419 0.198367 -0.196513 5.069463 -1072.128699 29.490413
slice24/query/img_08040_c1_1288106948029937us.jpg 0.670640 0.685953 0.200655 -0.198615 4.041579 -1071.865684 29.460355
slice24/query/img_08041_c1_1288106948096674us.jpg 0.669920 0.685422 0.202660 -0.200831 3.016084 -1071.610385 29.430129
slice24/query/img_08042_c1_1288106948163286us.jpg 0.669289 0.684689 0.204720 -0.203330 1.989039 -1071.361366 29.401327
slice24/query/img_08043_c1_1288106948296636us.jpg 0.668198 0.683148 0.208814 -0.207889 -0.066268 -1070.885086 29.341588
slice24/query/img_08044_c1_1288106948363244us.jpg 0.667921 0.682120 0.211067 -0.209867 -1.092567 -1070.659822 29.315138
slice24/query/img_08045_c1_1288106948496597us.jpg 0.668270 0.679150 0.214870 -0.214482 -3.146709 -1070.232419 29.262138
slice24/query/img_08046_c1_1288106948563205us.jpg 0.668254 0.677864 0.216440 -0.217004 -4.172931 -1070.028891 29.237951
slice24/query/img_08047_c1_1288106948629849us.jpg 0.668113 0.676811 0.218273 -0.218883 -5.202378 -1069.833400 29.214023
slice24/query/img_08048_c1_1288106948696550us.jpg 0.667532 0.676071 0.220533 -0.220669 -6.230976 -1069.641870 29.193354
slice24/query/img_08049_c1_1288106948829782us.jpg 0.665433 0.675609 0.225557 -0.223330 -8.301005 -1069.268427 29.149295
slice24/query/img_08050_c1_1288106948896508us.jpg 0.664098 0.675554 0.228216 -0.224762 -9.333583 -1069.091018 29.126821
slice24/query/img_08051_c1_1288106949029752us.jpg 0.661804 0.675095 0.232396 -0.228593 -11.413309 -1068.753476 29.066467
slice24/query/img_08052_c1_1288106949096466us.jpg 0.660826 0.674646 0.234137 -0.230959 -12.452027 -1068.592515 29.034470
slice24/query/img_08053_c1_1288106949229695us.jpg 0.659717 0.672811 0.237892 -0.235598 -14.526983 -1068.291762 28.967159
slice24/query/img_08054_c1_1288106949296425us.jpg 0.658849 0.672191 0.239829 -0.237823 -15.567646 -1068.150057 28.934775
slice24/query/img_08055_c1_1288106949429648us.jpg 0.657267 0.670815 0.244412 -0.241392 -17.651076 -1067.888586 28.877085
slice24/query/img_08056_c1_1288106949496383us.jpg 0.657008 0.669604 0.246709 -0.243116 -18.691709 -1067.769181 28.846797
slice24/query/img_08057_c1_1288106949629608us.jpg 0.655973 0.667794 0.250822 -0.246655 -20.767978 -1067.552143 28.794526
slice24/query/img_08058_c1_1288106949696341us.jpg 0.655303 0.666995 0.252873 -0.248495 -21.813986 -1067.450150 28.765722
slice24/query/img_08059_c1_1288106949762953us.jpg 0.654390 0.666400 0.255005 -0.250314 -22.859912 -1067.354528 28.737219
slice24/query/img_08060_c1_1288106949896325us.jpg 0.651665 0.665997 0.258809 -0.254558 -24.952422 -1067.181825 28.681848
slice24/query/img_08061_c1_1288106950096289us.jpg 0.648790 0.663627 0.265401 -0.261213 -28.113235 -1066.958599 28.604160
slice24/query/img_08062_c1_1288106950296251us.jpg 0.648657 0.658649 0.272216 -0.267064 -31.266012 -1066.812974 28.510074
slice24/query/img_08063_c1_1288106950362828us.jpg 0.648565 0.657060 0.274227 -0.269136 -32.321954 -1066.781491 28.483301
slice24/query/img_08064_c1_1288106950429439us.jpg 0.648265 0.655598 0.276448 -0.271146 -33.376359 -1066.757382 28.457154
slice24/query/img_08065_c1_1288106950562791us.jpg 0.646374 0.653952 0.281069 -0.274860 -35.487420 -1066.723399 28.402414
slice24/query/img_08066_c1_1288106950629397us.jpg 0.645175 0.653379 0.283290 -0.276753 -36.542759 -1066.714349 28.373441
slice24/query/img_08067_c1_1288106950696133us.jpg 0.643908 0.652838 0.285389 -0.278815 -37.595139 -1066.709297 28.342266
slice24/query/img_08068_c1_1288106950829380us.jpg 0.641708 0.651477 0.289365 -0.282943 -39.707395 -1066.725388 28.282803
slice24/query/img_08069_c1_1288106950896092us.jpg 0.640705 0.650704 0.291182 -0.285121 -40.764160 -1066.739223 28.248909
slice24/query/img_08070_c1_1288106950962703us.jpg 0.639806 0.649851 0.292846 -0.287373 -41.816567 -1066.762093 28.216225
slice24/query/img_08071_c1_1288106951096074us.jpg 0.637782 0.648168 0.297061 -0.291320 -43.918818 -1066.836232 28.159210
slice24/query/img_08072_c1_1288106951162663us.jpg 0.636789 0.647223 0.299371 -0.293223 -44.974071 -1066.877804 28.131122
slice24/query/img_08073_c1_1288106951229273us.jpg 0.635855 0.646243 0.301548 -0.295175 -46.024653 -1066.929022 28.104258
slice24/query/img_08074_c1_1288106951362622us.jpg 0.634081 0.644338 0.305297 -0.299271 -48.124896 -1067.056097 28.051042
slice24/query/img_08075_c1_1288106951429232us.jpg 0.633331 0.643197 0.307162 -0.301400 -49.178426 -1067.128222 28.021320
slice24/query/img_08076_c1_1288106951495969us.jpg 0.632759 0.641684 0.309410 -0.303517 -50.231825 -1067.208048 27.992539
slice24/query/img_08077_c1_1288106951562580us.jpg 0.631925 0.640470 0.311911 -0.305254 -51.283621 -1067.294566 27.964308
slice24/query/img_08078_c1_1288106951695952us.jpg 0.629609 0.639378 0.315078 -0.309054 -53.380327 -1067.484468 27.903242
slice24/query/img_08079_c1_1288106951762559us.jpg 0.628500 0.638243 0.317115 -0.311563 -54.429518 -1067.585242 27.869922
slice24/query/img_08080_c1_1288106951895887us.jpg 0.627831 0.634497 0.322248 -0.315274 -56.528955 -1067.808773 27.817135
slice24/query/img_08081_c1_1288106951962518us.jpg 0.628003 0.632862 0.324835 -0.315564 -57.580518 -1067.940934 27.790309
slice24/query/img_08082_c1_1288106952095868us.jpg 0.628072 0.629660 0.333924 -0.312328 -59.692308 -1068.231731 27.745440
slice24/query/img_08083_c1_1288106952162457us.jpg 0.628478 0.627320 0.337084 -0.312824 -60.740513 -1068.381534 27.709922
slice24/query/img_08084_c1_1288106952229067us.jpg 0.629297 0.624774 0.337623 -0.315678 -61.781611 -1068.534447 27.660206
slice24/query/img_08085_c1_1288106952295804us.jpg 0.629562 0.622338 0.337411 -0.320157 -62.818164 -1068.689827 27.607907
slice24/query/img_08086_c1_1288106952429037us.jpg 0.627576 0.620336 0.336321 -0.328969 -64.903082 -1069.006257 27.518241
slice24/query/img_08087_c1_1288106952495763us.jpg 0.625795 0.620186 0.336835 -0.332101 -65.942691 -1069.173818 27.488091
