slice24/query/img_08696_c1_1288793088978267us.jpg 0.633714 0.683049 0.275546 -0.236485 193.353051 -1162.059432 42.606020
slice24/query/img_08697_c1_1288793089044880us.jpg 0.636093 0.682628 0.272613 -0.234706 192.423669 -1162.029255 42.500162
slice24/query/img_08698_c1_1288793089178254us.jpg 0.638915 0.683082 0.267837 -0.231193 190.566679 -1161.922305 42.332313
slice24/query/img_08699_c1_1288793089244845us.jpg 0.640040 0.683417 0.265937 -0.229278 189.637160 -1161.860281 42.247989
slice24/query/img_08700_c1_1288793089378217us.jpg 0.640950 0.685288 0.262342 -0.225255 187.772740 -1161.710159 42.078837
slice24/query/img_08701_c1_1288793089444808us.jpg 0.641067 0.686592 0.260474 -0.223109 186.838098 -1161.620989 41.994423
slice24/query/img_08702_c1_1288793089511422us.jpg 0.641256 0.687642 0.258814 -0.221259 185.908882 -1161.524939 41.909706
slice24/query/img_08703_c1_1288793089644770us.jpg 0.643171 0.688779 0.253788 -0.217959 184.028219 -1161.338492 41.727460
slice24/query/img_08704_c1_1288793089711384us.jpg 0.644298 0.689237 0.251119 -0.216268 183.088380 -1161.238472 41.635293
slice24/query/img_08705_c1_1288793089845077us.jpg 0.646380 0.690030 0.246270 -0.213078 181.173597 -1160.994391 41.455826
slice24/query/img_08706_c1_1288793089911370us.jpg 0.646801 0.690897 0.243921 -0.211690 180.216555 -1160.860936 41.375574
slice24/query/img_08707_c1_1288793089978087us.jpg 0.647097 0.691913 0.241653 -0.210061 179.258587 -1160.719539 41.297136
slice24/query/img_08708_c1_1288793090044699us.jpg 0.647238 0.692966 0.239796 -0.208276 178.303256 -1160.572348 41.219536
slice24/query/img_08709_c1_1288793090178071us.jpg 0.646878 0.696210 0.234039 -0.205101 176.361729 -1160.270234 41.057874
slice24/query/img_08710_c1_1288793090244667us.jpg 0.647355 0.697005 0.232017 -0.203183 175.391766 -1160.098524 40.973393
slice24/query/img_08711_c1_1288793090311275us.jpg 0.647730 0.697961 0.229702 -0.201327 174.421540 -1159.927048 40.890805
slice24/query/img_08712_c1_1288793090444627us.jpg 0.648557 0.699794 0.225687 -0.196792 172.457139 -1159.558430 40.720849
slice24/query/img_08713_c1_1288793090511258us.jpg 0.649155 0.700531 0.223517 -0.194664 171.476909 -1159.364014 40.633635
slice24/query/img_08714_c1_1288793090577976us.jpg 0.649845 0.701186 0.221043 -0.192823 170.496694 -1159.163203 40.549150
slice24/query/img_08715_c1_1288793090644588us.jpg 0.650511 0.701833 0.218682 -0.190903 169.518519 -1158.960342 40.463804
slice24/query/img_08716_c1_1288793090777929us.jpg 0.652686 0.702266 0.213752 -0.187440 167.516806 -1158.513144 40.275322
slice24/query/img_08717_c1_1288793090911154us.jpg 0.654109 0.703210 0.209054 -0.184210 165.523014 -1158.044503 40.106544
slice24/query/img_08718_c1_1288793090977891us.jpg 0.654516 0.703864 0.207152 -0.182408 164.532689 -1157.802250 40.025805
slice24/query/img_08719_c1_1288793091111140us.jpg 0.655621 0.704827 0.203084 -0.179269 162.548013 -1157.303245 39.868775
slice24/query/img_08720_c1_1288793091177874us.jpg 0.656583 0.704858 0.201145 -0.177804 161.553794 -1157.046521 39.788606
slice24/query/img_08721_c1_1288793091244466us.jpg 0.657403 0.704937 0.199385 -0.176437 160.567970 -1156.784159 39.711803
slice24/query/img_08722_c1_1288793091311079us.jpg 0.657994 0.705200 0.197995 -0.174742 159.583215 -1156.515439 39.638115
slice24/query/img_08723_c1_1288793091444433us.jpg 0.659610 0.705411 0.195363 -0.170716 157.608471 -1155.979313 39.489523
slice24/query/img_08724_c1_1288793091511042us.jpg 0.660366 0.705423 0.194469 -0.168752 156.626890 -1155.696700 39.419308
slice24/query/img_08725_c1_1288793091577780us.jpg 0.661021 0.705606 0.193289 -0.166764 155.650682 -1155.413534 39.347138
slice24/query/img_08726_c1_1288793091711026us.jpg 0.662187 0.706036 0.190880 -0.163053 153.684039 -1154.821872 39.196070
slice24/query/img_08727_c1_1288793091777745us.jpg 0.662690 0.706250 0.189655 -0.161507 152.703958 -1154.515793 39.119325
slice24/query/img_08728_c1_1288793091844356us.jpg 0.663222 0.706513 0.188009 -0.160089 151.724798 -1154.208037 39.040792
slice24/query/img_08729_c1_1288793091910969us.jpg 0.663858 0.706761 0.186277 -0.158375 150.745269 -1153.900153 38.961227
slice24/query/img_08730_c1_1288793092044342us.jpg 0.665072 0.707263 0.183120 -0.154679 148.778793 -1153.261887 38.800589
slice24/query/img_08731_c1_1288793092110954us.jpg 0.665808 0.707410 0.181551 -0.152678 147.799864 -1152.933703 38.722810
slice24/query/img_08732_c1_1288793092177671us.jpg 0.666340 0.707730 0.179754 -0.150990 146.828664 -1152.605419 38.643661
slice24/query/img_08733_c1_1288793092244283us.jpg 0.666931 0.708011 0.177816 -0.149346 145.854174 -1152.266303 38.563010
slice24/query/img_08734_c1_1288793092377637us.jpg 0.666965 0.709645 0.173246 -0.146794 143.913902 -1151.577371 38.407960
slice24/query/img_08735_c1_1288793092444269us.jpg 0.666857 0.710603 0.171009 -0.145263 142.943902 -1151.222975 38.330828
slice24/query/img_08736_c1_1288793092510860us.jpg 0.666968 0.711342 0.168852 -0.143652 141.980303 -1150.865886 38.253283
slice24/query/img_08737_c1_1288793092644213us.jpg 0.667313 0.712711 0.163833 -0.141050 140.048992 -1150.140520 38.091641
slice24/query/img_08738_c1_1288793092710843us.jpg 0.667753 0.713132 0.161544 -0.139473 139.086472 -1149.766846 38.016345
slice24/query/img_08739_c1_1288793092777563us.jpg 0.668492 0.713241 0.159552 -0.137658 138.131466 -1149.393102 37.940712
slice24/query/img_08740_c1_1288793092910794us.jpg 0.669702 0.713745 0.155891 -0.133285 136.222492 -1148.632672 37.793509
slice24/query/img_08741_c1_1288793092977525us.jpg 0.670186 0.714181 0.153886 -0.130823 135.269489 -1148.241815 37.720359
slice24/query/img_08742_c1_1288793093044137us.jpg 0.670567 0.714600 0.152059 -0.128707 134.324844 -1147.843569 37.645136
slice24/query/img_08743_c1_1288793093110749us.jpg 0.671103 0.714897 0.150011 -0.126647 133.383839 -1147.442023 37.567868
slice24/query/img_08744_c1_1288793093244106us.jpg 0.672393 0.715546 0.142214 -0.125126 131.515112 -1146.628205 37.406397
slice24/query/img_08745_c1_1288793093310713us.jpg 0.673144 0.715536 0.139498 -0.124204 130.587528 -1146.203248 37.334996
slice24/query/img_08746_c1_1288793093377450us.jpg 0.673354 0.715934 0.138488 -0.121876 129.658077 -1145.771534 37.268934
slice24/query/img_08747_c1_1288793093510682us.jpg 0.673594 0.717193 0.136316 -0.115424 127.789184 -1144.891883 37.117860
slice24/query/img_08748_c1_1288793093577415us.jpg 0.674102 0.717547 0.134365 -0.112507 126.855796 -1144.446681 37.038785
slice24/query/img_08749_c1_1288793093710670us.jpg 0.676449 0.716988 0.129809 -0.107212 124.999188 -1143.554269 36.878342
slice24/query/img_08750_c1_1288793093777377us.jpg 0.677465 0.716800 0.127119 -0.105262 124.080561 -1143.094320 36.804038
slice24/query/img_08751_c1_1288793093843990us.jpg 0.678268 0.716788 0.124330 -0.103485 123.171084 -1142.632222 36.726953
slice24/query/img_08752_c1_1288793093977364us.jpg 0.679231 0.717282 0.118820 -0.100165 121.360270 -1141.676177 36.582667
slice24/query/img_08753_c1_1288793094043954us.jpg 0.679928 0.717347 0.115832 -0.098453 120.460035 -1141.196820 36.509891
slice24/query/img_08754_c1_1288793094110567us.jpg 0.680243 0.717648 0.114016 -0.096183 119.562043 -1140.703736 36.440509
slice24/query/img_08755_c1_1288793094177305us.jpg 0.680401 0.718074 0.112121 -0.094092 118.674181 -1140.210087 36.376999
slice24/query/img_08756_c1_1288793094310534us.jpg 0.681394 0.718459 0.107484 -0.089251 116.890966 -1139.218905 36.239831
slice24/query/img_08757_c1_1288793094377268us.jpg 0.681825 0.718646 0.105107 -0.087258 116.015259 -1138.710320 36.176023
slice24/query/img_08758_c1_1288793094443881us.jpg 0.681969 0.719061 0.102957 -0.085255 115.142711 -1138.199458 36.115333
slice24/query/img_08759_c1_1288793094577237us.jpg 0.683137 0.718940 0.099579 -0.080835 113.397666 -1137.163432 35.983811
slice24/query/img_08760_c1_1288793094643864us.jpg 0.683462 0.719161 0.097198 -0.078990 112.530539 -1136.636488 35.915331
slice24/query/img_08761_c1_1288793094710457us.jpg 0.683763 0.719378 0.094650 -0.077496 111.669513 -1136.100525 35.849225
slice24/query/img_08762_c1_1288793094843831us.jpg 0.684326 0.719754 0.090771 -0.073573 109.951736 -1135.009810 35.726402
slice24/query/img_08763_c1_1288793094910421us.jpg 0.684583 0.719924 0.088902 -0.071771 109.101476 -1134.457126 35.666079
slice24/query/img_08764_c1_1288793094977159us.jpg 0.685230 0.719689 0.087492 -0.069657 108.256435 -1133.907695 35.603595
slice24/query/img_08765_c1_1288793095110408us.jpg 0.685885 0.719831 0.084189 -0.065710 106.569536 -1132.781902 35.478140
slice24/query/img_08766_c1_1288793095177123us.jpg 0.686122 0.719961 0.082697 -0.063678 105.730013 -1132.214289 35.417305
slice24/query/img_08767_c1_1288793095243735us.jpg 0.686514 0.719982 0.081029 -0.061312 104.890925 -1131.656493 35.357420
slice24/query/img_08768_c1_1288793095377205us.jpg 0.687420 0.719829 0.077007 -0.058053 103.226419 -1130.498389 35.231995
slice24/query/img_08769_c1_1288793095443703us.jpg 0.688076 0.719557 0.074878 -0.056414 102.395010 -1129.916235 35.167444
slice24/query/img_08770_c1_1288793095510311us.jpg 0.688666 0.719340 0.072979 -0.054435 101.567985 -1129.327704 35.102954
slice24/query/img_08771_c1_1288793095577048us.jpg 0.689097 0.719272 0.071073 -0.052365 100.739183 -1128.739654 35.044596
slice24/query/img_08772_c1_1288793095710277us.jpg 0.689710 0.719319 0.066873 -0.049064 99.091073 -1127.534030 34.918836
slice24/query/img_08773_c1_1288793095777012us.jpg 0.690173 0.719135 0.065056 -0.047678 98.272803 -1126.925078 34.855694
slice24/query/img_08774_c1_1288793095843624us.jpg 0.690602 0.718982 0.062961 -0.046585 97.457886 -1126.307864 34.793629
slice24/query/img_08775_c1_1288793095976977us.jpg 0.691224 0.718879 0.058797 -0.044336 95.834625 -1125.066841 34.673929
slice24/query/img_08776_c1_1288793096043587us.jpg 0.691284 0.719038 0.057220 -0.042853 95.026771 -1124.442647 34.622310
slice24/query/img_08777_c1_1288793096110200us.jpg 0.691439 0.719092 0.055900 -0.041171 94.222932 -1123.812756 34.565865
slice24/query/img_08778_c1_1288793096176938us.jpg 0.691726 0.718992 0.054646 -0.039750 93.422026 -1123.179480 34.509347
slice24/query/img_08779_c1_1288793096310166us.jpg 0.692546 0.718503 0.052396 -0.037257 91.819461 -1121.895335 34.400636
slice24/query/img_08780_c1_1288793096376901us.jpg 0.692859 0.718340 0.051238 -0.036166 91.018139 -1121.249906 34.348228
slice24/query/img_08781_c1_1288793096443514us.jpg 0.692688 0.718636 0.050106 -0.035146 90.218784 -1120.600285 34.294063
slice24/query/img_08782_c1_1288793096576867us.jpg 0.691810 0.719711 0.047696 -0.033779 88.612168 -1119.275904 34.183952
slice24/query/img_08783_c1_1288793096643478us.jpg 0.691529 0.720068 0.046996 -0.032883 87.811754 -1118.613886 34.129672
slice24/query/img_08784_c1_1288793096710091us.jpg 0.691112 0.720573 0.045878 -0.032149 87.016160 -1117.953605 34.074916
slice24/query/img_08785_c1_1288793096843442us.jpg 0.690286 0.721512 0.043156 -0.032626 85.432423 -1116.612153 33.957935
slice24/query/img_08786_c1_1288793096910055us.jpg 0.689932 0.721820 0.043090 -0.033363 84.638320 -1115.937101 33.901099
slice24/query/img_08787_c1_1288793096976792us.jpg 0.689765 0.721924 0.043451 -0.034093 83.842890 -1115.262653 33.847590
slice24/query/img_08788_c1_1288793097110038us.jpg 0.689053 0.722543 0.043358 -0.035458 82.251520 -1113.919944 33.740225
slice24/query/img_08789_c1_1288793097243369us.jpg 0.690236 0.721334 0.043183 -0.037234 80.653794 -1112.591980 33.628252
slice24/query/img_08790_c1_1288793097309980us.jpg 0.691115 0.720403 0.044230 -0.037719 79.848383 -1111.924434 33.579527
slice24/query/img_08791_c1_1288793097443356us.jpg 0.691078 0.720173 0.047300 -0.039041 78.250238 -1110.597854 33.489770
slice24/query/img_08792_c1_1288793097509944us.jpg 0.690220 0.720847 0.048689 -0.040069 77.445626 -1109.933874 33.445338
slice24/query/img_08793_c1_1288793097576682us.jpg 0.689746 0.721172 0.049249 -0.041660 76.647039 -1109.277078 33.394287
slice24/query/img_08794_c1_1288793097709909us.jpg 0.689054 0.721591 0.050253 -0.044562 75.037079 -1107.964831 33.291364
slice24/query/img_08795_c1_1288793097776645us.jpg 0.688461 0.722001 0.051756 -0.045363 74.229497 -1107.315898 33.245712
slice24/query/img_08796_c1_1288793097843257us.jpg 0.687987 0.722272 0.053973 -0.045648 73.420101 -1106.672143 33.197940
slice24/query/img_08797_c1_1288793097909871us.jpg 0.687467 0.722562 0.056361 -0.046011 72.609734 -1106.027052 33.151703
slice24/query/img_08798_c1_1288793098043244us.jpg 0.686953 0.722718 0.058912 -0.047992 70.979815 -1104.754465 33.040483
slice24/query/img_08799_c1_1288793098176575us.jpg 0.687920 0.721212 0.061469 -0.053298 69.347218 -1103.481716 32.923548
slice24/query/img_08800_c1_1288793098243185us.jpg 0.688250 0.720509 0.063115 -0.056524 68.525443 -1102.851098 32.865220
slice24/query/img_08801_c1_1288793098309797us.jpg 0.687700 0.720653 0.064562 -0.059664 67.701228 -1102.224044 32.810735
slice24/query/img_08802_c1_1288793098443153us.jpg 0.683725 0.723517 0.070072 -0.064286 66.032620 -1100.984742 32.709396
slice24/query/img_08803_c1_1288793098509760us.jpg 0.683138 0.723488 0.073018 -0.067493 65.195067 -1100.379652 32.657263
slice24/query/img_08804_c1_1288793098576498us.jpg 0.683922 0.722151 0.075828 -0.070701 64.352509 -1099.786941 32.599827
slice24/query/img_08805_c1_1288793098643111us.jpg 0.685228 0.720276 0.079165 -0.073469 63.502583 -1099.203021 32.547414
slice24/query/img_08806_c1_1288793098776483us.jpg 0.687615 0.716943 0.085256 -0.076874 61.786746 -1098.070672 32.455422
slice24/query/img_08807_c1_1288793098843074us.jpg 0.688733 0.715411 0.088557 -0.077400 60.923290 -1097.510740 32.414428
slice24/query/img_08808_c1_1288793098976554us.jpg 0.691253 0.712195 0.094152 -0.077994 59.187286 -1096.406957 32.326437
slice24/query/img_08809_c1_1288793099043059us.jpg 0.691520 0.711607 0.096425 -0.078216 58.315484 -1095.856170 32.279382
slice24/query/img_08810_c1_1288793099109657us.jpg 0.691361 0.711395 0.098528 -0.078924 57.443423 -1095.308691 32.231726
slice24/query/img_08811_c1_1288793099176389us.jpg 0.690958 0.711456 0.099898 -0.080179 56.578312 -1094.764842 32.180315
slice24/query/img_08812_c1_1288793099309617us.jpg 0.689136 0.712614 0.103119 -0.081482 54.838819 -1093.685223 32.072657
slice24/query/img_08813_c1_1288793099442967us.jpg 0.687929 0.713157 0.105842 -0.083412 53.092901 -1092.617329 31.959439
slice24/query/img_08814_c1_1288793099509578us.jpg 0.687801 0.712993 0.106021 -0.085615 52.221106 -1092.086552 31.894605
slice24/query/img_08815_c1_1288793099576316us.jpg 0.687568 0.712830 0.106354 -0.088393 51.350862 -1091.559724 31.831605
slice24/query/img_08816_c1_1288793099709542us.jpg 0.686290 0.713004 0.107706 -0.095036 49.592708 -1090.506923 31.707897
slice24/query/img_08817_c1_1288793099776280us.jpg 0.684821 0.713895 0.108587 -0.097892 48.710878 -1089.985267 31.650985
slice24/query/img_08818_c1_1288793099842892us.jpg 0.683249 0.714813 0.110051 -0.100505 47.824832 -1089.470426 31.596167
slice24/query/img_08819_c1_1288793099976265us.jpg 0.681111 0.715421 0.115060 -0.104989 46.036230 -1088.455756 31.492263
slice24/query/img_08820_c1_1288793100042855us.jpg 0.680865 0.714869 0.118037 -0.107014 45.133219 -1087.962455 31.438055
slice24/query/img_08821_c1_1288793100109467us.jpg 0.680850 0.714077 0.121123 -0.108936 44.226708 -1087.477880 31.384742
slice24/query/img_08822_c1_1288793100243333us.jpg 0.680985 0.712296 0.126532 -0.113508 42.405056 -1086.525915 31.273572
slice24/query/img_08823_c1_1288793100309453us.jpg 0.680807 0.711608 0.129131 -0.115936 41.487395 -1086.058286 31.215079
slice24/query/img_08824_c1_1288793100376168us.jpg 0.680778 0.710793 0.131579 -0.118326 40.571272 -1085.600245 31.158411
slice24/query/img_08825_c1_1288793100442781us.jpg 0.680813 0.709961 0.133682 -0.120739 39.648648 -1085.147251 31.101679
slice24/query/img_08826_c1_1288793100576135us.jpg 0.680983 0.708314 0.137652 -0.124919 37.792217 -1084.249287 30.989602
slice24/query/img_08827_c1_1288793100642745us.jpg 0.681139 0.707439 0.140119 -0.126277 36.858739 -1083.811037 30.938776
slice24/query/img_08828_c1_1288793100709358us.jpg 0.681308 0.706654 0.142142 -0.127496 35.926661 -1083.382402 30.887953
slice24/query/img_08829_c1_1288793100776096us.jpg 0.681316 0.706057 0.143904 -0.128779 34.995153 -1082.963060 30.836772
slice24/query/img_08830_c1_1288793100909343us.jpg 0.681011 0.705053 0.146674 -0.132707 33.119528 -1082.121650 30.728536
slice24/query/img_08831_c1_1288793100976059us.jpg 0.680652 0.704687 0.148119 -0.134869 32.182411 -1081.710610 30.676735
slice24/query/img_08832_c1_1288793101042671us.jpg 0.679696 0.704951 0.149478 -0.136799 31.242119 -1081.303645 30.626718
slice24/query/img_08833_c1_1288793101176024us.jpg 0.677385 0.705762 0.152853 -0.140307 29.343385 -1080.495352 30.525326
slice24/query/img_08834_c1_1288793101376908us.jpg 0.677334 0.703491 0.157321 -0.146862 26.494600 -1079.312262 30.378401
slice24/query/img_08835_c1_1288793101442603us.jpg 0.677904 0.702138 0.158737 -0.149167 25.539680 -1078.934466 30.328454
slice24/query/img_08836_c1_1288793101509211us.jpg 0.678120 0.701101 0.160375 -0.151298 24.582984 -1078.560007 30.280861
slice24/query/img_08837_c1_1288793101575950us.jpg 0.677934 0.700425 0.162353 -0.153140 23.623585 -1078.193511 30.236987
slice24/query/img_08838_c1_1288793101709177us.jpg 0.676350 0.700136 0.166492 -0.156975 21.698027 -1077.465049 30.146120
slice24/query/img_08839_c1_1288793101775913us.jpg 0.675551 0.699986 0.168264 -0.159177 20.733277 -1077.110367 30.101488
slice24/query/img_08840_c1_1288793101842525us.jpg 0.674855 0.699698 0.169703 -0.161845 19.769879 -1076.761503 30.057333
slice24/query/img_08841_c1_1288793101975898us.jpg 0.673853 0.698482 0.173099 -0.167574 17.826570 -1076.070679 29.968840
slice24/query/img_08842_c1_1288793102042489us.jpg 0.673410 0.697761 0.175258 -0.170097 16.851917 -1075.737852 29.927021
slice24/query/img_08843_c1_1288793102109102us.jpg 0.672949 0.697025 0.177778 -0.172310 15.874998 -1075.414156 29.887645
slice24/query/img_08844_c1_1288793102242456us.jpg 0.672464 0.695045 0.182423 -0.177274 13.911657 -1074.786720 29.811106
slice24/query/img_08845_c1_1288793102309085us.jpg 0.672361 0.693987 0.184627 -0.179517 12.923170 -1074.485412 29.773308
slice24/query/img_08846_c1_1288793102375802us.jpg 0.672047 0.693095 0.187147 -0.181516 11.934910 -1074.192394 29.739632
slice24/query/img_08847_c1_1288793102509051us.jpg 0.671824 0.690836 0.191881 -0.185955 9.942488 -1073.610526 29.660823
slice24/query/img_08848_c1_1288793102575768us.jpg 0.671823 0.689531 0.194073 -0.188511 8.948975 -1073.334567 29.625910
slice24/query/img_08849_c1_1288793102642378us.jpg 0.671811 0.688297 0.196009 -0.191046 7.955958 -1073.064956 29.590966
slice24/query/img_08850_c1_1288793102775732us.jpg 0.671337 0.686383 0.199112 -0.196313 5.950009 -1072.534050 29.521162
slice24/query/img_08851_c1_1288793102842342us.jpg 0.670874 0.685655 0.201100 -0.198403 4.950595 -1072.281997 29.490005
slice24/query/img_08852_c1_1288793102908956us.jpg 0.670159 0.685117 0.203376 -0.200349 3.951822 -1072.034377 29.461865
slice24/query/img_08853_c1_1288793103042307us.jpg 0.669207 0.683602 0.207282 -0.204656 1.949319 -1071.551936 29.402644
slice24/query/img_08854_c1_1288793103108919us.jpg 0.668907 0.682775 0.209214 -0.206425 0.949091 -1071.325695 29.374009
slice24/query/img_08855_c1_1288793103242292us.jpg 0.668715 0.680948 0.212694 -0.209501 -1.047866 -1070.897784 29.320225
slice24/query/img_08856_c1_1288793103308882us.jpg 0.669067 0.679611 0.214181 -0.211199 -2.045104 -1070.694534 29.295694
slice24/query/img_08857_c1_1288793103375620us.jpg 0.669683 0.677961 0.215702 -0.212994 -3.041612 -1070.495837 29.269188
slice24/query/img_08858_c1_1288793103508848us.jpg 0.669820 0.675902 0.218154 -0.216577 -5.033346 -1070.112488 29.217573
slice24/query/img_08859_c1_1288793103575582us.jpg 0.669563 0.675106 0.219875 -0.218109 -6.034351 -1069.925061 29.196339
slice24/query/img_08860_c1_1288793103642196us.jpg 0.668837 0.674724 0.221990 -0.219375 -7.037176 -1069.737948 29.174927
slice24/query/img_08861_c1_1288793103775548us.jpg 0.665279 0.676020 0.226173 -0.221915 -9.046748 -1069.373854 29.131788
slice24/query/img_08862_c1_1288793103842159us.jpg 0.663679 0.676250 0.228076 -0.224048 -10.055875 -1069.196327 29.101928
slice24/query/img_08863_c1_1288793103908771us.jpg 0.661882 0.676355 0.230409 -0.226644 -11.062848 -1069.023805 29.069409
slice24/query/img_08864_c1_1288793104042146us.jpg 0.658371 0.676393 0.233833 -0.233158 -13.090954 -1068.695347 29.000361
slice24/query/img_08865_c1_1288793104108739us.jpg 0.657477 0.675599 0.235462 -0.236322 -14.102762 -1068.547876 28.968894
slice24/query/img_08866_c1_1288793104175473us.jpg 0.657063 0.674625 0.237209 -0.238499 -15.114138 -1068.411359 28.941064
slice24/query/img_08867_c1_1288793104311269us.jpg 0.656465 0.672323 0.242402 -0.241406 -17.162695 -1068.150004 28.896784
slice24/query/img_08868_c1_1288793104375458us.jpg 0.656246 0.670945 0.245160 -0.243045 -18.185809 -1068.033460 28.870613
slice24/query/img_08869_c1_1288793104442049us.jpg 0.655831 0.669679 0.247676 -0.245097 -19.207309 -1067.922507 28.846067
slice24/query/img_08870_c1_1288793104508662us.jpg 0.655148 0.668772 0.249815 -0.247219 -20.226845 -1067.815560 28.820330
slice24/query/img_08871_c1_1288793104642035us.jpg 0.653475 0.667620 0.253541 -0.250940 -22.278710 -1067.622448 28.763322
slice24/query/img_08872_c1_1288793104708627us.jpg 0.652780 0.666800 0.255764 -0.252668 -23.305031 -1067.535194 28.734517
slice24/query/img_08873_c1_1288793104841978us.jpg 0.650951 0.665646 0.260025 -0.256057 -25.363020 -1067.373921 28.676621
slice24/query/img_08874_c1_1288793104908612us.jpg 0.649992 0.665162 0.261804 -0.257931 -26.392575 -1067.303594 28.647599
slice24/query/img_08875_c1_1288793104975327us.jpg 0.649066 0.664529 0.263510 -0.260149 -27.420326 -1067.239158 28.618680
slice24/query/img_08876_c1_1288793105041940us.jpg 0.648462 0.663683 0.264983 -0.262309 -28.450745 -1067.182202 28.586181
slice24/query/img_08877_c1_1288793105175316us.jpg 0.647958 0.661513 0.268235 -0.265709 -30.523976 -1067.091245 28.524219
slice24/query/img_08878_c1_1288793105241904us.jpg 0.648237 0.659894 0.270009 -0.267252 -31.563861 -1067.051986 28.495951
slice24/query/img_08879_c1_1288793105308517us.jpg 0.648578 0.658182 0.271682 -0.268945 -32.597833 -1067.019909 28.467504
slice24/query/img_08880_c1_1288793105441887us.jpg 0.648234 0.655781 0.275739 -0.271499 -34.674910 -1066.974290 28.418460
slice24/query/img_08881_c1_1288793105508479us.jpg 0.647514 0.655117 0.277626 -0.272893 -35.716241 -1066.957650 28.391633
slice24/query/img_08882_c1_1288793105575217us.jpg 0.646602 0.654562 0.279534 -0.274437 -36.757169 -1066.945012 28.363614
slice24/query/img_08883_c1_1288793105708465us.jpg 0.644122 0.653935 0.283174 -0.278008 -38.845483 -1066.931826 28.309911
slice24/query/img_08884_c1_1288793105775181us.jpg 0.642802 0.653649 0.284702 -0.280167 -39.891419 -1066.930516 28.279184
slice24/query/img_08885_c1_1288793105841793us.jpg 0.641412 0.653330 0.286264 -0.282497 -40.933272 -1066.932016 28.248721
slice24/query/img_08886_c1_1288793105975147us.jpg 0.638975 0.652383 0.289869 -0.286504 -43.024291 -1066.959867 28.191216
slice24/query/img_08887_c1_1288793106041757us.jpg 0.638043 0.651479 0.292212 -0.288250 -44.071931 -1066.982493 28.162167
slice24/query/img_08888_c1_1288793106108370us.jpg 0.637328 0.650421 0.294540 -0.289846 -45.116924 -1067.018435 28.133361
slice24/query/img_08889_c1_1288793106241743us.jpg 0.636234 0.648040 0.298642 -0.293367 -47.219234 -1067.106438 28.077854
slice24/query/img_08890_c1_1288793106308337us.jpg 0.635679 0.646944 0.300300 -0.295290 -48.263737 -1067.162503 28.050641
slice24/query/img_08891_c1_1288793106375070us.jpg 0.635050 0.645721 0.302185 -0.297388 -49.309297 -1067.219904 28.022059
slice24/query/img_08892_c1_1288793106441683us.jpg 0.634370 0.644381 0.304563 -0.299315 -50.361210 -1067.282166 27.995288
slice24/query/img_08893_c1_1288793106575056us.jpg 0.631966 0.643011 0.308765 -0.303018 -52.450968 -1067.426921 27.936946
slice24/query/img_08894_c1_1288793106641652us.jpg 0.630477 0.642890 0.309960 -0.305150 -53.487651 -1067.508284 27.903757
slice24/query/img_08895_c1_1288793106708259us.jpg 0.629171 0.641830 0.312105 -0.307877 -54.522283 -1067.592815 27.873885
slice24/query/img_08896_c1_1288793106841947us.jpg 0.628066 0.637768 0.318158 -0.312349 -56.601826 -1067.793504 27.814885
slice24/query/img_08897_c1_1288793106908226us.jpg 0.628346 0.635666 0.321290 -0.312864 -57.651103 -1067.917233 27.785971
slice24/query/img_08898_c1_1288793106974961us.jpg 0.628492 0.633971 0.325576 -0.311575 -58.700106 -1068.050934 27.766327
slice24/query/img_08899_c1_1288793107041574us.jpg 0.628192 0.632168 0.330736 -0.310407 -59.750690 -1068.189154 27.740301
slice24/query/img_08900_c1_1288793107174923us.jpg 0.629674 0.626894 0.334587 -0.313953 -61.839236 -1068.471810 27.660013
slice24/query/img_08901_c1_1288793107241537us.jpg 0.629736 0.624486 0.334470 -0.318715 -62.867821 -1068.611651 27.609256
slice24/query/img_08902_c1_1288793107374893us.jpg 0.627958 0.621958 0.334101 -0.327434 -64.935426 -1068.915527 27.522404
slice24/query/img_08903_c1_1288793107441500us.jpg 0.626059 0.621788 0.334804 -0.330660 -65.958210 -1069.068256 27.493967
slice24/query/img_08904_c1_1288793107508113us.jpg 0.623421 0.622017 0.337287 -0.332685 -66.984658 -1069.223105 27.469042
