slice24/query/img_08086_c1_1289590344419543us.jpg 0.631405 0.686034 0.269209 -0.241270 190.345917 -1161.875692 42.279434
slice24/query/img_08087_c1_1289590344486134us.jpg 0.632348 0.686288 0.267437 -0.240046 189.226065 -1161.797050 42.180580
slice24/query/img_08088_c1_1289590344552747us.jpg 0.633585 0.686407 0.265933 -0.238108 188.114586 -1161.715130 42.081577
slice24/query/img_08089_c1_1289590344686101us.jpg 0.636847 0.686872 0.261686 -0.232710 185.911352 -1161.554841 41.884983
slice24/query/img_08090_c1_1289590344752711us.jpg 0.638575 0.686889 0.259855 -0.229956 184.786801 -1161.454484 41.781755
slice24/query/img_08091_c1_1289590344819449us.jpg 0.639376 0.687668 0.257543 -0.227999 183.697101 -1161.345617 41.690557
slice24/query/img_08092_c1_1289590344886062us.jpg 0.640548 0.688256 0.255036 -0.225739 182.604375 -1161.232361 41.598769
slice24/query/img_08093_c1_1289590345019430us.jpg 0.644003 0.689295 0.247319 -0.221282 180.421153 -1161.001996 41.412369
slice24/query/img_08094_c1_1289590345086027us.jpg 0.645265 0.689813 0.244372 -0.219255 179.270201 -1160.850469 41.310990
slice24/query/img_08095_c1_1289590345152643us.jpg 0.646888 0.690082 0.242164 -0.216053 178.141619 -1160.706674 41.212653
slice24/query/img_08096_c1_1289590345285994us.jpg 0.648805 0.692461 0.236081 -0.209323 175.934691 -1160.482096 40.985623
slice24/query/img_08097_c1_1289590345352606us.jpg 0.649546 0.693695 0.233105 -0.206251 174.724811 -1160.291368 40.894336
slice24/query/img_08098_c1_1289590345485982us.jpg 0.648537 0.698247 0.226770 -0.201064 172.286166 -1159.840518 40.704642
slice24/query/img_08099_c1_1289590345552591us.jpg 0.649859 0.698486 0.224713 -0.198253 171.105255 -1159.609393 40.600278
slice24/query/img_08100_c1_1289590345619309us.jpg 0.651714 0.698216 0.222494 -0.195602 169.939770 -1159.382252 40.490198
slice24/query/img_08103_c1_1289590345952877us.jpg 0.662186 0.696165 0.211145 -0.179672 164.005220 -1158.077181 39.950880
slice24/query/img_08104_c1_1289590346019243us.jpg 0.663055 0.696840 0.208652 -0.176739 162.811815 -1157.785872 39.858866
slice24/query/img_08105_c1_1289590346085852us.jpg 0.663749 0.697627 0.205943 -0.174186 161.636596 -1157.499908 39.767463
slice24/query/img_08106_c1_1289590346219211us.jpg 0.664558 0.700060 0.199010 -0.169332 159.320858 -1156.841734 39.582087
slice24/query/img_08107_c1_1289590346285818us.jpg 0.666323 0.699750 0.197404 -0.165512 158.145736 -1156.511325 39.490645
slice24/query/img_08108_c1_1289590346419191us.jpg 0.670336 0.699288 0.191932 -0.157503 155.757268 -1155.819708 39.298188
slice24/query/img_08109_c1_1289590346485803us.jpg 0.671782 0.698907 0.190448 -0.154814 154.606017 -1155.435634 39.196560
slice24/query/img_08110_c1_1289590346552396us.jpg 0.673117 0.698629 0.189150 -0.151832 153.456483 -1155.049861 39.104955
slice24/query/img_08111_c1_1289590346685773us.jpg 0.667538 0.706713 0.178414 -0.152046 151.172642 -1154.279309 39.014817
slice24/query/img_08112_c1_1289590346752381us.jpg 0.668134 0.707089 0.176472 -0.149933 150.017003 -1153.877524 38.921815
slice24/query/img_08113_c1_1289590346819097us.jpg 0.668719 0.707247 0.174782 -0.148554 148.843297 -1153.419053 38.800621
slice24/query/img_08114_c1_1289590346885711us.jpg 0.667534 0.709221 0.171371 -0.148444 147.662267 -1153.006307 38.703452
slice24/query/img_08115_c1_1289590347019066us.jpg 0.669475 0.709370 0.166361 -0.144646 145.275876 -1152.131258 38.485162
slice24/query/img_08116_c1_1289590347085676us.jpg 0.669163 0.710287 0.164450 -0.143770 144.107896 -1151.680447 38.394507
slice24/query/img_08117_c1_1289590347152290us.jpg 0.668394 0.711606 0.161992 -0.143618 142.944694 -1151.226250 38.302380
slice24/query/img_08118_c1_1289590347285650us.jpg 0.669621 0.712027 0.159147 -0.138914 140.618453 -1150.336637 38.120421
slice24/query/img_08119_c1_1289590347352254us.jpg 0.669801 0.712448 0.157491 -0.137773 139.446911 -1149.849407 38.026108
slice24/query/img_08120_c1_1289590347418992us.jpg 0.671184 0.711770 0.156360 -0.135822 138.267782 -1149.362257 37.914765
slice24/query/img_08121_c1_1289590347552241us.jpg 0.672919 0.711804 0.153083 -0.130689 135.919125 -1148.399710 37.727801
slice24/query/img_08122_c1_1289590347618957us.jpg 0.672800 0.712705 0.150885 -0.128941 134.745703 -1147.900674 37.646352
slice24/query/img_08123_c1_1289590347685570us.jpg 0.673419 0.712888 0.149362 -0.126444 133.571389 -1147.408223 37.556377
slice24/query/img_08124_c1_1289590347818943us.jpg 0.675043 0.713410 0.140395 -0.125108 131.266354 -1146.376381 37.355921
slice24/query/img_08125_c1_1289590347885535us.jpg 0.675451 0.713803 0.138036 -0.123277 130.106901 -1145.851522 37.279266
slice24/query/img_08126_c1_1289590347952148us.jpg 0.675889 0.714205 0.136540 -0.120176 128.953351 -1145.323780 37.191812
slice24/query/img_08127_c1_1289590348085523us.jpg 0.675350 0.716192 0.133386 -0.114800 126.679245 -1144.238540 37.055479
slice24/query/img_08128_c1_1289590348152114us.jpg 0.675703 0.716631 0.131511 -0.112115 125.542153 -1143.721101 36.962724
slice24/query/img_08129_c1_1289590348285466us.jpg 0.678835 0.715599 0.127142 -0.104572 123.175385 -1142.562103 36.760634
slice24/query/img_08130_c1_1289590348352100us.jpg 0.681000 0.714391 0.125217 -0.101021 122.028714 -1141.992626 36.665332
slice24/query/img_08131_c1_1289590348418817us.jpg 0.682632 0.713780 0.122146 -0.098038 120.901828 -1141.422190 36.578504
slice24/query/img_08132_c1_1289590348552066us.jpg 0.683761 0.714423 0.114781 -0.094318 118.662868 -1140.231699 36.403916
slice24/query/img_08133_c1_1289590348618781us.jpg 0.683674 0.715222 0.111876 -0.092367 117.567274 -1139.625293 36.331512
slice24/query/img_08134_c1_1289590348685397us.jpg 0.683682 0.715968 0.109062 -0.089851 116.455856 -1139.010000 36.265792
slice24/query/img_08135_c1_1289590348818770us.jpg 0.683235 0.717903 0.104557 -0.082897 114.236686 -1137.721321 36.114874
slice24/query/img_08136_c1_1289590348885363us.jpg 0.683932 0.717876 0.102721 -0.079621 113.129651 -1137.065269 36.032250
slice24/query/img_08137_c1_1289590348951973us.jpg 0.684542 0.717908 0.100464 -0.076920 112.026785 -1136.393241 35.945349
slice24/query/img_08138_c1_1289590349018710us.jpg 0.685336 0.717774 0.098212 -0.073951 110.943473 -1135.722111 35.857960
slice24/query/img_08139_c1_1289590349151940us.jpg 0.688517 0.715710 0.095659 -0.067475 108.796014 -1134.370576 35.665914
slice24/query/img_08140_c1_1289590349218674us.jpg 0.688914 0.715900 0.093108 -0.064924 107.713912 -1133.687179 35.579538
slice24/query/img_08141_c1_1289590349285289us.jpg 0.688997 0.716357 0.090691 -0.062378 106.658886 -1132.999127 35.507810
slice24/query/img_08142_c1_1289590349418662us.jpg 0.687759 0.718662 0.082241 -0.061229 104.584129 -1131.586066 35.358687
slice24/query/img_08143_c1_1289590349485253us.jpg 0.688309 0.718604 0.080056 -0.058573 103.523755 -1130.863687 35.281548
slice24/query/img_08144_c1_1289590349551866us.jpg 0.689056 0.718442 0.077888 -0.054550 102.450609 -1130.131023 35.214194
slice24/query/img_08145_c1_1289590349685480us.jpg 0.690996 0.717858 0.069882 -0.048175 100.320303 -1128.675571 35.040587
slice24/query/img_08146_c1_1289590349751832us.jpg 0.691684 0.717616 0.067582 -0.045085 99.285298 -1127.911476 34.963818
slice24/query/img_08147_c1_1289590349818570us.jpg 0.692408 0.717295 0.065218 -0.042494 98.263583 -1127.143367 34.879203
slice24/query/img_08148_c1_1289590349885183us.jpg 0.692779 0.717313 0.062521 -0.040140 97.242380 -1126.372391 34.802664
slice24/query/img_08149_c1_1289590350018557us.jpg 0.694346 0.716388 0.058185 -0.035873 95.244569 -1124.806777 34.635936
slice24/query/img_08150_c1_1289590350085148us.jpg 0.693992 0.717024 0.055808 -0.033727 94.257564 -1124.022070 34.566948
slice24/query/img_08151_c1_1289590350151761us.jpg 0.693821 0.717427 0.053919 -0.031686 93.271977 -1123.211147 34.495663
slice24/query/img_08152_c1_1289590350285136us.jpg 0.693203 0.718430 0.050761 -0.027425 91.334325 -1121.659730 34.379713
slice24/query/img_08153_c1_1289590350351729us.jpg 0.692679 0.719082 0.048879 -0.026991 90.378270 -1120.863685 34.310134
slice24/query/img_08154_c1_1289590350418463us.jpg 0.691721 0.720070 0.047802 -0.027118 89.435765 -1120.053907 34.245675
slice24/query/img_08155_c1_1289590350552880us.jpg 0.689192 0.722587 0.045939 -0.027783 87.509839 -1118.414622 34.108039
slice24/query/img_08156_c1_1289590350618443us.jpg 0.688295 0.723509 0.044684 -0.028077 86.582613 -1117.619594 34.036401
slice24/query/img_08157_c1_1289590350685042us.jpg 0.687708 0.724149 0.043033 -0.028526 85.660354 -1116.825026 33.964410
slice24/query/img_08158_c1_1289590350751655us.jpg 0.687373 0.724472 0.042681 -0.028925 84.738842 -1116.030890 33.895686
slice24/query/img_08159_c1_1289590350885031us.jpg 0.687290 0.724487 0.041856 -0.031609 82.880474 -1114.427745 33.770970
slice24/query/img_08160_c1_1289590350951620us.jpg 0.687867 0.723898 0.042108 -0.032209 81.949749 -1113.635579 33.707112
slice24/query/img_08161_c1_1289590351018359us.jpg 0.687994 0.723719 0.041941 -0.033694 81.023781 -1112.845199 33.653834
slice24/query/img_08162_c1_1289590351151588us.jpg 0.689262 0.722303 0.043862 -0.035659 79.235695 -1111.326794 33.544140
slice24/query/img_08163_c1_1289590351218327us.jpg 0.689035 0.722344 0.045579 -0.037056 78.337666 -1110.560677 33.486178
slice24/query/img_08164_c1_1289590351284936us.jpg 0.688474 0.722679 0.047446 -0.038564 77.438117 -1109.798300 33.427928
slice24/query/img_08165_c1_1289590351351551us.jpg 0.688320 0.722647 0.048707 -0.040314 76.539839 -1109.052296 33.371261
slice24/query/img_08166_c1_1289590351484926us.jpg 0.688248 0.722300 0.052283 -0.043164 74.739486 -1107.549589 33.246091
slice24/query/img_08167_c1_1289590351551514us.jpg 0.687732 0.722540 0.054820 -0.044218 73.834452 -1106.821473 33.188561
slice24/query/img_08168_c1_1289590351618253us.jpg 0.687212 0.722749 0.057614 -0.045317 72.922894 -1106.081981 33.129464
slice24/query/img_08169_c1_1289590351751501us.jpg 0.684564 0.724650 0.060581 -0.050841 71.124851 -1104.657326 33.043846
slice24/query/img_08170_c1_1289590351818221us.jpg 0.684525 0.724327 0.062137 -0.053989 70.221566 -1103.953074 32.979777
slice24/query/img_08171_c1_1289590351884830us.jpg 0.684646 0.723748 0.063861 -0.058066 69.324610 -1103.272356 32.921817
slice24/query/img_08172_c1_1289590351951444us.jpg 0.684568 0.723340 0.065387 -0.062209 68.420104 -1102.601984 32.873744
slice24/query/img_08173_c1_1289590352084800us.jpg 0.682599 0.724276 0.070149 -0.067547 66.508585 -1101.206539 32.752007
slice24/query/img_08174_c1_1289590352151414us.jpg 0.682222 0.724114 0.073559 -0.069437 65.572049 -1100.534567 32.695889
slice24/query/img_08175_c1_1289590352218147us.jpg 0.683357 0.722429 0.077292 -0.071732 64.641814 -1099.873967 32.628716
slice24/query/img_08176_c1_1289590352351405us.jpg 0.687354 0.717504 0.083961 -0.075382 62.768010 -1098.604930 32.513576
slice24/query/img_08177_c1_1289590352418112us.jpg 0.688451 0.715925 0.087282 -0.076602 61.817072 -1097.980130 32.456689
slice24/query/img_08178_c1_1289590352484725us.jpg 0.689230 0.714655 0.090467 -0.077754 60.868752 -1097.349132 32.400445
slice24/query/img_08179_c1_1289590352618101us.jpg 0.690185 0.712787 0.095202 -0.080723 58.946059 -1096.140930 32.296771
slice24/query/img_08180_c1_1289590352684690us.jpg 0.689985 0.712382 0.098306 -0.082272 57.995583 -1095.529973 32.239506
slice24/query/img_08181_c1_1289590352751304us.jpg 0.689541 0.712213 0.100919 -0.084268 57.054989 -1094.938372 32.185100
slice24/query/img_08182_c1_1289590352884658us.jpg 0.688131 0.712599 0.105489 -0.086889 55.146299 -1093.769241 32.071923
slice24/query/img_08183_c1_1289590352951267us.jpg 0.687490 0.712778 0.107905 -0.087533 54.198737 -1093.197670 32.012458
slice24/query/img_08184_c1_1289590353018027us.jpg 0.687341 0.712518 0.109885 -0.088347 53.253720 -1092.632285 31.949663
slice24/query/img_08185_c1_1289590353151238us.jpg 0.687434 0.711725 0.111069 -0.092447 51.350123 -1091.518555 31.815888
slice24/query/img_08186_c1_1289590353217971us.jpg 0.687636 0.711064 0.111636 -0.095299 50.397530 -1090.959076 31.746973
slice24/query/img_08187_c1_1289590353284585us.jpg 0.687248 0.710993 0.112004 -0.098151 49.446714 -1090.404948 31.680804
slice24/query/img_08188_c1_1289590353417940us.jpg 0.685049 0.712411 0.113443 -0.101534 47.498640 -1089.305597 31.556457
slice24/query/img_08189_c1_1289590353484549us.jpg 0.684103 0.712948 0.114891 -0.102513 46.530917 -1088.763326 31.500663
slice24/query/img_08190_c1_1289590353551162us.jpg 0.683585 0.713033 0.116883 -0.103119 45.564237 -1088.230608 31.447295
slice24/query/img_08191_c1_1289590353684519us.jpg 0.682858 0.712756 0.119989 -0.106241 43.566846 -1087.180618 31.310107
slice24/query/img_08192_c1_1289590353751127us.jpg 0.683009 0.711980 0.122149 -0.107993 42.605294 -1086.664203 31.249833
slice24/query/img_08193_c1_1289590353817865us.jpg 0.682953 0.711335 0.124237 -0.110195 41.648795 -1086.155710 31.190099
slice24/query/img_08194_c1_1289590353951112us.jpg 0.681778 0.710853 0.128326 -0.115755 39.725020 -1085.174034 31.102871
slice24/query/img_08195_c1_1289590354017830us.jpg 0.681252 0.710508 0.130296 -0.118730 38.772335 -1084.682849 31.042213
slice24/query/img_08196_c1_1289590354084443us.jpg 0.680640 0.710157 0.132556 -0.121801 37.821093 -1084.202507 30.983304
slice24/query/img_08197_c1_1289590354217798us.jpg 0.679078 0.709839 0.137240 -0.127072 35.849361 -1083.246088 30.901723
slice24/query/img_08198_c1_1289590354284408us.jpg 0.678697 0.709257 0.139693 -0.129656 34.857046 -1082.774652 30.844716
slice24/query/img_08199_c1_1289590354351021us.jpg 0.678366 0.708585 0.142038 -0.132486 33.869334 -1082.315194 30.789067
slice24/query/img_08200_c1_1289590354484403us.jpg 0.677235 0.707439 0.147150 -0.138673 31.999302 -1081.469114 30.646737
slice24/query/img_08201_c1_1289590354550986us.jpg 0.676855 0.706827 0.149557 -0.141054 30.967635 -1081.018101 30.588466
slice24/query/img_08202_c1_1289590354617724us.jpg 0.676272 0.706361 0.152728 -0.142772 29.937344 -1080.578013 30.533159
slice24/query/img_08203_c1_1289590354750976us.jpg 0.675321 0.705378 0.156712 -0.147729 27.856733 -1079.727407 30.429228
slice24/query/img_08204_c1_1289590354817690us.jpg 0.675685 0.704126 0.159022 -0.149561 26.807313 -1079.304662 30.381836
slice24/query/img_08205_c1_1289590355017733us.jpg 0.676311 0.701033 0.163817 -0.155951 23.777237 -1078.159196 30.244333
slice24/query/img_08206_c1_1289590355084267us.jpg 0.676088 0.700302 0.166473 -0.157379 22.750516 -1077.779724 30.197253
slice24/query/img_08207_c1_1289590355217618us.jpg 0.674997 0.699410 0.170895 -0.161243 20.705887 -1077.046549 30.108839
slice24/query/img_08208_c1_1289590355284232us.jpg 0.674744 0.698734 0.172657 -0.163345 19.672324 -1076.677967 30.058575
slice24/query/img_08209_c1_1289590355350846us.jpg 0.674506 0.698011 0.174224 -0.165737 18.640266 -1076.314814 30.007133
slice24/query/img_08210_c1_1289590355484198us.jpg 0.673334 0.697115 0.177354 -0.170874 16.584453 -1075.603564 29.917276
slice24/query/img_08211_c1_1289590355550810us.jpg 0.673009 0.696349 0.179436 -0.173086 15.560856 -1075.265993 29.872114
slice24/query/img_08212_c1_1289590355617548us.jpg 0.672901 0.695313 0.181702 -0.175299 14.538343 -1074.936391 29.827573
slice24/query/img_08213_c1_1289590355750778us.jpg 0.672452 0.693552 0.185539 -0.179912 12.479609 -1074.293825 29.744949
slice24/query/img_08214_c1_1289590355817512us.jpg 0.672151 0.692639 0.187978 -0.182013 11.453215 -1073.981997 29.708690
slice24/query/img_08215_c1_1289590355950743us.jpg 0.671627 0.690663 0.192266 -0.186911 9.401393 -1073.396982 29.637039
slice24/query/img_08219_c1_1289590356750599us.jpg 0.665530 0.680965 0.216888 -0.215210 -3.286953 -1070.339923 29.335136
slice24/query/img_08220_c1_1289590356950585us.jpg 0.666118 0.676328 0.221532 -0.223138 -6.472425 -1069.729105 29.202386
slice24/query/img_08221_c1_1289590357083935us.jpg 0.664457 0.675598 0.226733 -0.225069 -8.610962 -1069.369829 29.154385
slice24/query/img_08222_c1_1289590357283883us.jpg 0.659818 0.675667 0.233523 -0.231476 -11.799303 -1068.867973 29.079875
slice24/query/img_08223_c1_1289590357417231us.jpg 0.657666 0.674805 0.236638 -0.236891 -13.945987 -1068.555060 29.013790
slice24/query/img_08224_c1_1289590357550460us.jpg 0.656822 0.673374 0.239892 -0.240007 -16.094434 -1068.270889 28.953875
slice24/query/img_08225_c1_1289590357617197us.jpg 0.656432 0.672497 0.242113 -0.241302 -17.168446 -1068.140815 28.924037
slice24/query/img_08226_c1_1289590357750426us.jpg 0.655874 0.670115 0.246984 -0.244488 -19.313750 -1067.892971 28.869630
slice24/query/img_08227_c1_1289590357817161us.jpg 0.655521 0.669091 0.248959 -0.246228 -20.387411 -1067.780194 28.839809
slice24/query/img_08228_c1_1289590357950395us.jpg 0.653825 0.668250 0.252435 -0.249463 -22.552969 -1067.566973 28.777366
slice24/query/img_08229_c1_1289590358017125us.jpg 0.652814 0.667905 0.254216 -0.251219 -23.629413 -1067.469554 28.749666
slice24/query/img_08230_c1_1289590358150374us.jpg 0.650616 0.667216 0.258181 -0.254684 -25.801609 -1067.288814 28.684857
slice24/query/img_08231_c1_1289590358217091us.jpg 0.649529 0.666756 0.260031 -0.256774 -26.885588 -1067.205036 28.651614
slice24/query/img_08232_c1_1289590358350341us.jpg 0.648045 0.665144 0.263304 -0.261330 -29.042721 -1067.059606 28.588281
slice24/query/img_08233_c1_1289590358417056us.jpg 0.647722 0.663931 0.265328 -0.263158 -30.121710 -1067.002059 28.558461
slice24/query/img_08234_c1_1289590358483774us.jpg 0.647523 0.662561 0.267393 -0.265005 -31.199063 -1066.953659 28.530369
slice24/query/img_08235_c1_1289590358617044us.jpg 0.647183 0.659341 0.271835 -0.269314 -33.357231 -1066.872193 28.474328
slice24/query/img_08236_c1_1289590358683639us.jpg 0.646462 0.658243 0.274257 -0.271269 -34.436844 -1066.842123 28.452309
slice24/query/img_08237_c1_1289590358817985us.jpg 0.644215 0.656645 0.279324 -0.275287 -36.600758 -1066.792748 28.390536
slice24/query/img_08238_c1_1289590358883619us.jpg 0.642741 0.656176 0.281625 -0.277497 -37.683171 -1066.775831 28.358713
slice24/query/img_08239_c1_1289590358950211us.jpg 0.641259 0.655599 0.283911 -0.279949 -38.760328 -1066.766438 28.326342
slice24/query/img_08240_c1_1289590359083589us.jpg 0.638498 0.654332 0.287903 -0.285101 -40.925972 -1066.768065 28.256513
slice24/query/img_08241_c1_1289590359150177us.jpg 0.637300 0.653596 0.289807 -0.287530 -42.001953 -1066.782371 28.221865
slice24/query/img_08242_c1_1289590359283551us.jpg 0.635142 0.651582 0.294646 -0.291924 -44.154372 -1066.838026 28.161834
slice24/query/img_08243_c1_1289590359350140us.jpg 0.634290 0.650271 0.297326 -0.293976 -45.228771 -1066.880033 28.129806
slice24/query/img_08244_c1_1289590359483493us.jpg 0.632736 0.647622 0.302085 -0.298288 -47.381687 -1066.988543 28.065024
slice24/query/img_08245_c1_1289590359550105us.jpg 0.631975 0.646373 0.304254 -0.300400 -48.454525 -1067.054330 28.035253
slice24/query/img_08246_c1_1289590359616844us.jpg 0.631249 0.645020 0.306380 -0.302661 -49.524668 -1067.129137 28.006007
slice24/query/img_08247_c1_1289590359750095us.jpg 0.629654 0.642222 0.311705 -0.306474 -51.676970 -1067.295677 27.950192
slice24/query/img_08248_c1_1289590359816807us.jpg 0.628598 0.641474 0.313636 -0.308234 -52.741769 -1067.391662 27.920602
slice24/query/img_08249_c1_1289590359951300us.jpg 0.626541 0.639521 0.317373 -0.312625 -54.856108 -1067.588964 27.853726
slice24/query/img_08250_c1_1289590360016794us.jpg 0.625848 0.637638 0.320465 -0.314697 -55.895722 -1067.703378 27.832507
slice24/query/img_08251_c1_1289590360150024us.jpg 0.624985 0.633829 0.327125 -0.317245 -58.009291 -1067.972249 27.784406
slice24/query/img_08252_c1_1289590360216741us.jpg 0.624775 0.631692 0.332686 -0.316135 -59.076728 -1068.104347 27.760828
slice24/query/img_08253_c1_1289590360349966us.jpg 0.625540 0.626982 0.339076 -0.317209 -61.193414 -1068.420344 27.695116
slice24/query/img_08254_c1_1289590360416703us.jpg 0.626491 0.624080 0.338940 -0.321173 -62.285731 -1068.582952 27.639168
slice24/query/img_08255_c1_1289590360549934us.jpg 0.626265 0.620853 0.337023 -0.329771 -64.393181 -1068.928905 27.532535
slice24/query/img_08256_c1_1289590360616668us.jpg 0.624636 0.620482 0.337445 -0.333110 -65.446810 -1069.098242 27.497606
slice24/query/img_08257_c1_1289590360751297us.jpg 0.620865 0.620909 0.341106 -0.335627 -67.560253 -1069.453874 27.447731
