slice24/query/img_07751_c1_1290445352339300us.jpg 0.634130 0.681292 0.278740 -0.236696 191.267308 -1161.866937 42.437685
slice24/query/img_07752_c1_1290445352405667us.jpg 0.635444 0.681284 0.276800 -0.235467 190.257718 -1161.814332 42.336726
slice24/query/img_07753_c1_1290445352472278us.jpg 0.636599 0.681246 0.275541 -0.233929 189.254975 -1161.748294 42.238568
slice24/query/img_07754_c1_1290445352538890us.jpg 0.637583 0.681659 0.274174 -0.231642 188.243869 -1161.682374 42.141784
slice24/query/img_07755_c1_1290445352672241us.jpg 0.637586 0.685218 0.269468 -0.226601 186.156522 -1161.536936 41.963708
slice24/query/img_07756_c1_1290445352738852us.jpg 0.638024 0.686245 0.267114 -0.225039 185.121031 -1161.449645 41.869233
slice24/query/img_07757_c1_1290445352805590us.jpg 0.638883 0.686836 0.264686 -0.223665 184.089711 -1161.363544 41.772386
slice24/query/img_07758_c1_1290445352872203us.jpg 0.640180 0.687198 0.262216 -0.221746 183.054907 -1161.257375 41.668020
slice24/query/img_07760_c1_1290445353138782us.jpg 0.647702 0.688235 0.247807 -0.213088 178.847025 -1160.836752 41.273099
slice24/query/img_07761_c1_1290445353205515us.jpg 0.648546 0.689110 0.245203 -0.210692 177.788782 -1160.683037 41.181681
slice24/query/img_07762_c1_1290445353272128us.jpg 0.648738 0.690714 0.241931 -0.208623 176.750034 -1160.533219 41.096125
slice24/query/img_07763_c1_1290445353338740us.jpg 0.649189 0.692030 0.239020 -0.206198 175.703939 -1160.370757 41.011194
slice24/query/img_07764_c1_1290445353472094us.jpg 0.648449 0.695565 0.233988 -0.202369 173.596866 -1160.001966 40.856361
slice24/query/img_07765_c1_1290445353538703us.jpg 0.649400 0.696309 0.231424 -0.199690 172.469669 -1159.795772 40.751828
slice24/query/img_07766_c1_1290445353605440us.jpg 0.650475 0.696717 0.229095 -0.197442 171.365162 -1159.581984 40.648878
slice24/query/img_07767_c1_1290445353738690us.jpg 0.654337 0.697763 0.221849 -0.189085 169.140618 -1159.165032 40.446805
slice24/query/img_07768_c1_1290445353805425us.jpg 0.655976 0.697845 0.219035 -0.186365 168.043038 -1158.930685 40.341308
slice24/query/img_07769_c1_1290445353872016us.jpg 0.657531 0.697980 0.215840 -0.184094 166.957671 -1158.693173 40.246552
slice24/query/img_07770_c1_1290445353938627us.jpg 0.658528 0.698454 0.213055 -0.181960 165.861371 -1158.437440 40.148470
slice24/query/img_07771_c1_1290445354072164us.jpg 0.659011 0.701141 0.206718 -0.177129 163.727329 -1157.939986 39.979191
slice24/query/img_07772_c1_1290445354138611us.jpg 0.658907 0.702186 0.204504 -0.175935 162.663208 -1157.658554 39.896055
slice24/query/img_07773_c1_1290445354205328us.jpg 0.660120 0.702234 0.202548 -0.173445 161.563838 -1157.371449 39.799578
slice24/query/img_07774_c1_1290445354338577us.jpg 0.659482 0.704930 0.197355 -0.170905 159.418901 -1156.778682 39.646370
slice24/query/img_07775_c1_1290445354405313us.jpg 0.660251 0.705023 0.195786 -0.169346 158.340627 -1156.469580 39.560487
slice24/query/img_07776_c1_1290445354471904us.jpg 0.660869 0.705139 0.194608 -0.167806 157.260109 -1156.150491 39.471106
slice24/query/img_07777_c1_1290445354538516us.jpg 0.661779 0.704970 0.193388 -0.166334 156.185496 -1155.826367 39.381197
slice24/query/img_07778_c1_1290445354671889us.jpg 0.663466 0.705032 0.190574 -0.162557 154.040540 -1155.184662 39.224975
slice24/query/img_07779_c1_1290445354738478us.jpg 0.664249 0.705031 0.189419 -0.160703 152.946269 -1154.846925 39.136536
slice24/query/img_07780_c1_1290445354805216us.jpg 0.665045 0.705055 0.188005 -0.158951 151.852877 -1154.508684 39.049377
slice24/query/img_07781_c1_1290445354938788us.jpg 0.666398 0.705775 0.183756 -0.155013 149.658925 -1153.823144 38.875047
slice24/query/img_07782_c1_1290445355005201us.jpg 0.666973 0.705999 0.182237 -0.153307 148.560942 -1153.468327 38.786805
slice24/query/img_07783_c1_1290445355071791us.jpg 0.667109 0.706527 0.180834 -0.151937 147.474260 -1153.099100 38.703854
slice24/query/img_07784_c1_1290445355138403us.jpg 0.667982 0.706467 0.179943 -0.149413 146.379614 -1152.716047 38.599523
slice24/query/img_07785_c1_1290445355272377us.jpg 0.668920 0.707585 0.174645 -0.146179 144.232091 -1151.979344 38.423533
slice24/query/img_07786_c1_1290445355338366us.jpg 0.669297 0.708159 0.172388 -0.144343 143.167047 -1151.590675 38.338313
slice24/query/img_07787_c1_1290445355405103us.jpg 0.669619 0.708840 0.169763 -0.142611 142.095984 -1151.190896 38.249451
slice24/query/img_07788_c1_1290445355471716us.jpg 0.669714 0.709828 0.166849 -0.140671 141.029610 -1150.786499 38.173357
slice24/query/img_07789_c1_1290445355605088us.jpg 0.669893 0.711813 0.161389 -0.136087 138.907384 -1149.976632 38.034770
slice24/query/img_07790_c1_1290445355671679us.jpg 0.672052 0.711089 0.157747 -0.133466 137.831848 -1149.573058 37.925386
slice24/query/img_07791_c1_1290445355805180us.jpg 0.673323 0.711904 0.153417 -0.127641 135.695914 -1148.687500 37.762017
slice24/query/img_07792_c1_1290445355871642us.jpg 0.673525 0.712591 0.150876 -0.125754 134.643409 -1148.224111 37.673824
slice24/query/img_07793_c1_1290445355938255us.jpg 0.673901 0.713042 0.149110 -0.123268 133.578994 -1147.752015 37.594900
slice24/query/img_07794_c1_1290445356071629us.jpg 0.675564 0.713639 0.138718 -0.122840 131.495792 -1146.814694 37.398480
slice24/query/img_07795_c1_1290445356138218us.jpg 0.676410 0.713605 0.136434 -0.120924 130.456132 -1146.332515 37.326686
slice24/query/img_07796_c1_1290445356204955us.jpg 0.676238 0.714383 0.134919 -0.118980 129.423091 -1145.842467 37.252037
slice24/query/img_07797_c1_1290445356271568us.jpg 0.675874 0.715416 0.133695 -0.116190 128.394746 -1145.352593 37.180232
slice24/query/img_07798_c1_1290445356404922us.jpg 0.674499 0.718042 0.129909 -0.112203 126.345100 -1144.355638 37.035001
slice24/query/img_07799_c1_1290445356471530us.jpg 0.674834 0.718361 0.128105 -0.110206 125.297205 -1143.828857 36.949919
slice24/query/img_07800_c1_1290445356538142us.jpg 0.675903 0.718037 0.126225 -0.107914 124.257093 -1143.305719 36.860014
slice24/query/img_07802_c1_1290445356738105us.jpg 0.680776 0.715263 0.121228 -0.101225 121.104101 -1141.681368 36.581376
slice24/query/img_07803_c1_1290445356871456us.jpg 0.681321 0.716192 0.116040 -0.096986 119.056453 -1140.592914 36.438166
slice24/query/img_07804_c1_1290445356938081us.jpg 0.680933 0.717155 0.114130 -0.094833 118.031566 -1140.032235 36.384610
slice24/query/img_07805_c1_1290445357071421us.jpg 0.681558 0.717891 0.109906 -0.089626 116.019090 -1138.902625 36.228663
slice24/query/img_07806_c1_1290445357138031us.jpg 0.681957 0.718090 0.108273 -0.086945 115.027452 -1138.330515 36.153220
slice24/query/img_07807_c1_1290445357204767us.jpg 0.682708 0.717947 0.106299 -0.084632 114.048282 -1137.760017 36.075381
slice24/query/img_07809_c1_1290445357537990us.jpg 0.686001 0.718015 0.093321 -0.071755 109.124667 -1134.757614 35.711996
slice24/query/img_07810_c1_1290445357604719us.jpg 0.686264 0.718344 0.090540 -0.069472 108.155398 -1134.128392 35.636426
slice24/query/img_07811_c1_1290445357671304us.jpg 0.686392 0.718814 0.087558 -0.067127 107.200325 -1133.506672 35.565739
slice24/query/img_07812_c1_1290445357737917us.jpg 0.687092 0.718700 0.085671 -0.063531 106.242744 -1132.880133 35.489344
slice24/query/img_07813_c1_1290445357871291us.jpg 0.686613 0.720539 0.077379 -0.058297 104.303949 -1131.560020 35.353319
slice24/query/img_07814_c1_1290445357937881us.jpg 0.687462 0.720301 0.074589 -0.054762 103.339755 -1130.893645 35.271117
slice24/query/img_07815_c1_1290445358004617us.jpg 0.688287 0.720026 0.071843 -0.051598 102.400666 -1130.224151 35.198030
slice24/query/img_07816_c1_1290445358071230us.jpg 0.688863 0.719953 0.068909 -0.048858 101.477468 -1129.553536 35.124962
slice24/query/img_07817_c1_1290445358204604us.jpg 0.689660 0.719952 0.063226 -0.045183 99.665176 -1128.207102 34.993242
slice24/query/img_07818_c1_1290445358271195us.jpg 0.689754 0.720140 0.061020 -0.043763 98.756280 -1127.507969 34.918967
slice24/query/img_07819_c1_1290445358337806us.jpg 0.689961 0.720189 0.058609 -0.042978 97.858866 -1126.801671 34.841241
slice24/query/img_07820_c1_1290445358404543us.jpg 0.690134 0.720212 0.056838 -0.042186 96.964458 -1126.093490 34.766668
slice24/query/img_07821_c1_1290445358537777us.jpg 0.689613 0.720997 0.053194 -0.042037 95.195462 -1124.680959 34.637599
slice24/query/img_07822_c1_1290445358604526us.jpg 0.689676 0.721115 0.051684 -0.040853 94.303890 -1123.970697 34.571851
slice24/query/img_07823_c1_1290445358671117us.jpg 0.689732 0.721207 0.050894 -0.039243 93.411246 -1123.256677 34.516041
slice24/query/img_07824_c1_1290445358737730us.jpg 0.690186 0.720942 0.050163 -0.037004 92.515774 -1122.542041 34.454930
slice24/query/img_07825_c1_1290445358871105us.jpg 0.690528 0.720861 0.047717 -0.035400 90.749099 -1121.076910 34.346154
slice24/query/img_07826_c1_1290445358937693us.jpg 0.690626 0.720866 0.047083 -0.034226 89.866574 -1120.346181 34.283814
slice24/query/img_07827_c1_1290445359004430us.jpg 0.690657 0.720911 0.046615 -0.033281 89.004260 -1119.628836 34.221515
slice24/query/img_07828_c1_1290445359137851us.jpg 0.688552 0.723068 0.044490 -0.033011 87.294156 -1118.201341 34.128100
slice24/query/img_07829_c1_1290445359204395us.jpg 0.687919 0.723742 0.043119 -0.033269 86.439048 -1117.483571 34.061541
slice24/query/img_07830_c1_1290445359271006us.jpg 0.687419 0.724269 0.041869 -0.033722 85.583549 -1116.749193 33.995018
slice24/query/img_07831_c1_1290445359337619us.jpg 0.687183 0.724469 0.041866 -0.034224 84.730719 -1116.018385 33.931007
slice24/query/img_07832_c1_1290445359404356us.jpg 0.687349 0.724278 0.042344 -0.034363 83.880730 -1115.310465 33.873364
slice24/query/img_07833_c1_1290445359537586us.jpg 0.689257 0.722486 0.042633 -0.033494 82.128870 -1113.840288 33.734011
slice24/query/img_07834_c1_1290445359604318us.jpg 0.689948 0.721835 0.042444 -0.033533 81.263283 -1113.111311 33.675563
slice24/query/img_07835_c1_1290445359670930us.jpg 0.690457 0.721307 0.042273 -0.034617 80.411421 -1112.384631 33.622072
slice24/query/img_07836_c1_1290445359804283us.jpg 0.691199 0.720428 0.044416 -0.035411 78.698453 -1110.942048 33.521358
slice24/query/img_07837_c1_1290445359870915us.jpg 0.690437 0.721035 0.045873 -0.036075 77.832788 -1110.210448 33.471412
slice24/query/img_07838_c1_1290445359937506us.jpg 0.689803 0.721537 0.046567 -0.037246 76.975035 -1109.502273 33.418439
slice24/query/img_07839_c1_1290445360004243us.jpg 0.689090 0.722110 0.046545 -0.039318 76.119736 -1108.798078 33.368697
slice24/query/img_07840_c1_1290445360137471us.jpg 0.687215 0.723477 0.049202 -0.043531 74.396147 -1107.376046 33.266322
slice24/query/img_07841_c1_1290445360204227us.jpg 0.686434 0.723927 0.052041 -0.045050 73.533019 -1106.666349 33.205453
slice24/query/img_07842_c1_1290445360270819us.jpg 0.685675 0.724306 0.055308 -0.046589 72.666423 -1105.965683 33.145066
slice24/query/img_07843_c1_1290445360337432us.jpg 0.684697 0.724883 0.057985 -0.048707 71.802436 -1105.272354 33.083365
slice24/query/img_07844_c1_1290445360470785us.jpg 0.683443 0.725296 0.061374 -0.055547 70.073074 -1103.948419 32.978908
slice24/query/img_07845_c1_1290445360537410us.jpg 0.684019 0.724284 0.063553 -0.059091 69.196744 -1103.274463 32.916728
slice24/query/img_07846_c1_1290445360604132us.jpg 0.684607 0.723268 0.065958 -0.062019 68.316873 -1102.616330 32.858823
slice24/query/img_07847_c1_1290445360737379us.jpg 0.683115 0.723832 0.070747 -0.066451 66.555146 -1101.298079 32.772001
slice24/query/img_07848_c1_1290445360804101us.jpg 0.682945 0.723549 0.074227 -0.067479 65.659809 -1100.659877 32.723909
slice24/query/img_07849_c1_1290445360938136us.jpg 0.686592 0.719097 0.080704 -0.070549 63.879629 -1099.443812 32.594732
slice24/query/img_07850_c1_1290445361004064us.jpg 0.687465 0.717866 0.082139 -0.072885 62.975682 -1098.826286 32.542660
slice24/query/img_07851_c1_1290445361070670us.jpg 0.687916 0.717102 0.084060 -0.073960 62.064400 -1098.221572 32.503355
slice24/query/img_07852_c1_1290445361137282us.jpg 0.688225 0.716474 0.086402 -0.074474 61.144036 -1097.613546 32.463546
slice24/query/img_07853_c1_1290445361270654us.jpg 0.690530 0.713442 0.091222 -0.076466 59.334529 -1096.437635 32.341136
slice24/query/img_07854_c1_1290445361404005us.jpg 0.689777 0.713224 0.095722 -0.079727 57.531786 -1095.290039 32.230591
slice24/query/img_07855_c1_1290445361470594us.jpg 0.689272 0.713261 0.097976 -0.081017 56.620893 -1094.712164 32.179968
slice24/query/img_07856_c1_1290445361537208us.jpg 0.688524 0.713590 0.099591 -0.082500 55.711058 -1094.136181 32.119624
slice24/query/img_07857_c1_1290445361670562us.jpg 0.686314 0.714759 0.104075 -0.085207 53.887667 -1093.019132 32.023478
slice24/query/img_07858_c1_1290445361737170us.jpg 0.686065 0.714532 0.105662 -0.087145 52.981740 -1092.463855 31.958114
slice24/query/img_07859_c1_1290445361803908us.jpg 0.685864 0.714210 0.106630 -0.090133 52.077923 -1091.910259 31.888049
slice24/query/img_07860_c1_1290445361937133us.jpg 0.685192 0.713523 0.109398 -0.097100 50.260217 -1090.817990 31.742221
slice24/query/img_07861_c1_1290445362003869us.jpg 0.684448 0.713623 0.110424 -0.100398 49.326768 -1090.273491 31.675846
slice24/query/img_07862_c1_1290445362070482us.jpg 0.683218 0.714245 0.111817 -0.102786 48.388597 -1089.734380 31.615379
slice24/query/img_07863_c1_1290445362203833us.jpg 0.680886 0.715279 0.115526 -0.106882 46.482529 -1088.680114 31.503333
slice24/query/img_07864_c1_1290445362270468us.jpg 0.680875 0.714616 0.118511 -0.108113 45.549351 -1088.169546 31.448295
slice24/query/img_07865_c1_1290445362337058us.jpg 0.681221 0.713598 0.121428 -0.109415 44.616824 -1087.670877 31.393890
slice24/query/img_07866_c1_1290445362403796us.jpg 0.681591 0.712497 0.124393 -0.110943 43.687034 -1087.178954 31.337557
slice24/query/img_07867_c1_1290445362537023us.jpg 0.681264 0.711110 0.129193 -0.116235 41.812015 -1086.205637 31.237456
slice24/query/img_07868_c1_1290445362603758us.jpg 0.681042 0.710583 0.130923 -0.118798 40.856251 -1085.727696 31.180789
slice24/query/img_07869_c1_1290445362670370us.jpg 0.680579 0.710253 0.132745 -0.121375 39.901752 -1085.257255 31.123224
slice24/query/img_07870_c1_1290445362736983us.jpg 0.680286 0.709805 0.134598 -0.123581 38.941053 -1084.789853 31.065916
slice24/query/img_07871_c1_1290445362870354us.jpg 0.679241 0.709331 0.138030 -0.128174 36.994653 -1083.872045 30.977485
slice24/query/img_07872_c1_1290445362936945us.jpg 0.679358 0.708416 0.140543 -0.129876 36.006792 -1083.406322 30.920841
slice24/query/img_07873_c1_1290445363003683us.jpg 0.679191 0.707834 0.142841 -0.131408 35.025209 -1082.957563 30.866476
slice24/query/img_07874_c1_1290445363136909us.jpg 0.678107 0.707171 0.146306 -0.136656 33.065286 -1082.050720 30.750112
slice24/query/img_07875_c1_1290445363203645us.jpg 0.678042 0.706394 0.148336 -0.138790 32.065830 -1081.611429 30.689945
slice24/query/img_07876_c1_1290445363270259us.jpg 0.677469 0.706106 0.150282 -0.140942 31.065347 -1081.172950 30.629048
slice24/query/img_07877_c1_1290445363403631us.jpg 0.674584 0.707131 0.154063 -0.145489 29.136351 -1080.383544 30.529007
slice24/query/img_07878_c1_1290445363470223us.jpg 0.674559 0.706372 0.156170 -0.147035 28.113977 -1079.968713 30.471612
slice24/query/img_07879_c1_1290445363536833us.jpg 0.674933 0.705246 0.157964 -0.148802 27.094031 -1079.560184 30.414901
slice24/query/img_07880_c1_1290445363603571us.jpg 0.675662 0.703776 0.159617 -0.150671 26.077003 -1079.160482 30.361247
slice24/query/img_07881_c1_1290445363736798us.jpg 0.676412 0.701310 0.162077 -0.156082 24.113310 -1078.401713 30.264231
slice24/query/img_07882_c1_1290445363803534us.jpg 0.676583 0.700354 0.164236 -0.157372 23.115969 -1078.028404 30.221236
slice24/query/img_07883_c1_1290445363870146us.jpg 0.676260 0.699939 0.166030 -0.158721 22.117169 -1077.662860 30.180997
slice24/query/img_07884_c1_1290445364003519us.jpg 0.674809 0.699774 0.168907 -0.162541 20.112375 -1076.933142 30.095279
slice24/query/img_07885_c1_1290445364070109us.jpg 0.674638 0.699172 0.170167 -0.164516 19.100422 -1076.572768 30.045692
slice24/query/img_07886_c1_1290445364136721us.jpg 0.674626 0.698425 0.171444 -0.166402 18.090633 -1076.216588 29.997135
slice24/query/img_07887_c1_1290445364270072us.jpg 0.673462 0.697937 0.174478 -0.169969 16.024418 -1075.530522 29.875990
slice24/query/img_07888_c1_1290445364336683us.jpg 0.673374 0.697118 0.176393 -0.171696 15.001928 -1075.187879 29.833398
slice24/query/img_07889_c1_1290445364403421us.jpg 0.673759 0.695846 0.178272 -0.173399 13.981360 -1074.854346 29.790574
slice24/query/img_07890_c1_1290445364536652us.jpg 0.674562 0.693027 0.182298 -0.177334 11.927086 -1074.199462 29.709778
slice24/query/img_07891_c1_1290445364603407us.jpg 0.674617 0.692063 0.184279 -0.178832 10.888736 -1073.881696 29.672245
slice24/query/img_07892_c1_1290445364669996us.jpg 0.674727 0.690977 0.186309 -0.180511 9.849812 -1073.570320 29.634643
slice24/query/img_07893_c1_1290445364736610us.jpg 0.674756 0.689804 0.188169 -0.182942 8.815293 -1073.262218 29.596894
slice24/query/img_07894_c1_1290445364869982us.jpg 0.673201 0.688878 0.190967 -0.189154 6.727510 -1072.649773 29.529794
slice24/query/img_07895_c1_1290445364936572us.jpg 0.672788 0.688100 0.192853 -0.191524 5.677294 -1072.358638 29.494758
slice24/query/img_07896_c1_1290445365003310us.jpg 0.672113 0.687528 0.194983 -0.193783 4.630872 -1072.073723 29.463199
slice24/query/img_07897_c1_1290445365136541us.jpg 0.670117 0.686766 0.199567 -0.198667 2.538573 -1071.530243 29.408167
slice24/query/img_07898_c1_1290445365203272us.jpg 0.669517 0.685933 0.202037 -0.201059 1.487931 -1071.266525 29.377963
slice24/query/img_07899_c1_1290445365269885us.jpg 0.668936 0.685140 0.204276 -0.203420 0.440246 -1071.011619 29.348443
slice24/query/img_07900_c1_1290445365336496us.jpg 0.668454 0.684147 0.207018 -0.205561 -0.606051 -1070.764743 29.319415
slice24/query/img_07901_c1_1290445365469847us.jpg 0.667717 0.681719 0.211532 -0.211346 -2.684992 -1070.300121 29.273886
slice24/query/img_07902_c1_1290445365536460us.jpg 0.667988 0.680089 0.213410 -0.213839 -3.728464 -1070.087408 29.248607
slice24/query/img_07903_c1_1290445365603197us.jpg 0.668040 0.678632 0.215657 -0.216040 -4.774639 -1069.879154 29.224323
slice24/query/img_07904_c1_1290445365736423us.jpg 0.666190 0.677479 0.220543 -0.220395 -6.868389 -1069.477973 29.181420
slice24/query/img_07905_c1_1290445365803164us.jpg 0.665200 0.676921 0.223501 -0.222114 -7.920039 -1069.285180 29.154319
slice24/query/img_07906_c1_1290445365869779us.jpg 0.663720 0.676689 0.226571 -0.224130 -8.967469 -1069.094168 29.127292
slice24/query/img_07907_c1_1290445366003206us.jpg 0.660344 0.676353 0.231730 -0.229768 -11.059666 -1068.724671 29.064579
slice24/query/img_07908_c1_1290445366069737us.jpg 0.659397 0.675507 0.234248 -0.232410 -12.103208 -1068.558720 29.029864
slice24/query/img_07909_c1_1290445366136348us.jpg 0.658449 0.674612 0.236789 -0.235108 -13.143599 -1068.400679 28.997360
slice24/query/img_07910_c1_1290445366269720us.jpg 0.656860 0.672654 0.241202 -0.240612 -15.285301 -1068.096112 28.930656
slice24/query/img_07911_c1_1290445366336311us.jpg 0.656032 0.671703 0.243873 -0.242824 -16.350308 -1067.962875 28.901064
slice24/query/img_07912_c1_1290445366469662us.jpg 0.654513 0.669751 0.248829 -0.247246 -18.483382 -1067.714517 28.844061
slice24/query/img_07913_c1_1290445366536277us.jpg 0.654262 0.668492 0.251065 -0.249049 -19.548456 -1067.610390 28.814995
slice24/query/img_07914_c1_1290445366603010us.jpg 0.653861 0.667235 0.253438 -0.251064 -20.611036 -1067.508246 28.783975
slice24/query/img_07915_c1_1290445366736239us.jpg 0.651738 0.666173 0.257694 -0.255039 -22.718603 -1067.336415 28.742010
slice24/query/img_07916_c1_1290445366802975us.jpg 0.650742 0.665674 0.259590 -0.256956 -23.809766 -1067.252160 28.710763
slice24/query/img_07917_c1_1290445366936204us.jpg 0.648081 0.665361 0.263735 -0.260250 -25.964441 -1067.116354 28.653960
slice24/query/img_07918_c1_1290445367002936us.jpg 0.647224 0.664623 0.265878 -0.262081 -27.044217 -1067.054055 28.621377
slice24/query/img_07919_c1_1290445367136162us.jpg 0.645800 0.662707 0.269173 -0.267034 -29.149849 -1066.949532 28.553909
slice24/query/img_07920_c1_1290445367202899us.jpg 0.645712 0.661243 0.271396 -0.268622 -30.205325 -1066.912891 28.525060
slice24/query/img_07921_c1_1290445367269511us.jpg 0.645955 0.659509 0.273657 -0.270003 -31.260953 -1066.883645 28.495320
slice24/query/img_07922_c1_1290445367402863us.jpg 0.645753 0.656687 0.277037 -0.273890 -33.367126 -1066.840273 28.438119
slice24/query/img_07923_c1_1290445367469474us.jpg 0.645518 0.655469 0.279048 -0.275316 -34.426752 -1066.829919 28.414265
slice24/query/img_07924_c1_1290445367602823us.jpg 0.643496 0.654407 0.282921 -0.278603 -36.565065 -1066.820657 28.375161
slice24/query/img_07925_c1_1290445367736078us.jpg 0.641065 0.653626 0.286874 -0.281978 -38.733499 -1066.823068 28.309120
slice24/query/img_07926_c1_1290445367802791us.jpg 0.639960 0.653143 0.288537 -0.283904 -39.816746 -1066.828718 28.273168
slice24/query/img_07927_c1_1290445367869399us.jpg 0.638738 0.652661 0.290152 -0.286111 -40.892395 -1066.843492 28.240113
slice24/query/img_07928_c1_1290445368002895us.jpg 0.636566 0.651515 0.293732 -0.289886 -43.049510 -1066.895466 28.174970
slice24/query/img_07929_c1_1290445368136122us.jpg 0.634560 0.649881 0.297926 -0.293647 -45.188801 -1066.968446 28.108621
slice24/query/img_07930_c1_1290445368202858us.jpg 0.633919 0.648776 0.299880 -0.295479 -46.253686 -1067.015416 28.078164
slice24/query/img_07931_c1_1290445368269448us.jpg 0.633337 0.647564 0.301800 -0.297424 -47.313455 -1067.069682 28.046457
slice24/query/img_07932_c1_1290445368336061us.jpg 0.632787 0.646470 0.303359 -0.299384 -48.367255 -1067.133471 28.018551
slice24/query/img_07933_c1_1290445368469416us.jpg 0.631482 0.643961 0.307213 -0.303586 -50.478358 -1067.285578 27.966630
slice24/query/img_07934_c1_1290445368536024us.jpg 0.630730 0.642747 0.309624 -0.305267 -51.531580 -1067.368659 27.941670
slice24/query/img_07935_c1_1290445368602761us.jpg 0.629710 0.642059 0.311325 -0.307088 -52.578638 -1067.457848 27.914397
slice24/query/img_07936_c1_1290445368669375us.jpg 0.628450 0.641670 0.312748 -0.309030 -53.620155 -1067.553078 27.883732
slice24/query/img_07937_c1_1290445368802747us.jpg 0.626252 0.639749 0.316544 -0.313574 -55.690398 -1067.791385 27.809030
slice24/query/img_07938_c1_1290445368869336us.jpg 0.626225 0.637229 0.319698 -0.315555 -56.716889 -1067.897132 27.787557
slice24/query/img_07939_c1_1290445368935949us.jpg 0.625917 0.635396 0.323185 -0.316309 -57.750428 -1068.021481 27.761603
slice24/query/img_07940_c1_1290445369069304us.jpg 0.627148 0.629884 0.334971 -0.312611 -59.840395 -1068.249714 27.745112
slice24/query/img_07941_c1_1290445369135911us.jpg 0.627717 0.627876 0.336545 -0.313817 -60.863299 -1068.406371 27.702569
slice24/query/img_07942_c1_1290445369202649us.jpg 0.627930 0.625802 0.336504 -0.317555 -61.873437 -1068.558788 27.658592
slice24/query/img_07943_c1_1290445369335904us.jpg 0.626662 0.621804 0.335488 -0.328788 -64.005294 -1068.862389 27.541494
slice24/query/img_07944_c1_1290445369402632us.jpg 0.625086 0.621090 0.336112 -0.332481 -65.017874 -1069.027432 27.508646
slice24/query/img_07945_c1_1290445369535839us.jpg 0.620534 0.621787 0.339311 -0.336433 -67.090684 -1069.368936 27.457440
