slice24/query/img_08145_c1_1299251250648522us.jpg 0.639974 0.673110 0.286240 -0.235421 193.545284 -1164.900141 42.844357
slice24/query/img_08146_c1_1299251250781906us.jpg 0.642699 0.673037 0.281277 -0.234183 191.361912 -1164.750197 42.472384
slice24/query/img_08147_c1_1299251250848523us.jpg 0.643096 0.673924 0.279444 -0.232737 190.221826 -1164.661815 42.365287
slice24/query/img_08148_c1_1299251250915150us.jpg 0.643346 0.675324 0.276690 -0.231272 189.094982 -1164.593996 42.263649
slice24/query/img_08149_c1_1299251251048531us.jpg 0.644463 0.677588 0.272055 -0.226998 186.968301 -1164.438399 42.093453
slice24/query/img_08150_c1_1299251251115151us.jpg 0.644944 0.678733 0.270034 -0.224612 185.859623 -1164.359204 41.986433
slice24/query/img_08151_c1_1299251251181901us.jpg 0.645952 0.679435 0.267519 -0.222592 184.754477 -1164.280469 41.885327
slice24/query/img_08152_c1_1299251251315175us.jpg 0.649632 0.678223 0.259980 -0.224504 182.433696 -1163.994539 41.601373
slice24/query/img_08153_c1_1299251251381903us.jpg 0.649986 0.679637 0.256978 -0.222653 181.254719 -1163.886535 41.526664
slice24/query/img_08154_c1_1299251251448527us.jpg 0.650352 0.680837 0.254476 -0.220784 180.065259 -1163.755228 41.436559
slice24/query/img_08155_c1_1299251251583053us.jpg 0.652305 0.682715 0.249738 -0.214544 177.691444 -1163.486708 41.269305
slice24/query/img_08156_c1_1299251251648532us.jpg 0.651749 0.685096 0.246400 -0.212493 176.520341 -1163.342337 41.187900
slice24/query/img_08157_c1_1299251251715154us.jpg 0.652314 0.686424 0.243647 -0.209630 175.340065 -1163.191259 41.092610
slice24/query/img_08158_c1_1299251251781904us.jpg 0.653006 0.687622 0.240646 -0.206999 174.169916 -1163.022611 41.008829
slice24/query/img_08159_c1_1299251251915181us.jpg 0.655640 0.688883 0.235351 -0.200466 171.820783 -1162.635151 40.825949
slice24/query/img_08160_c1_1299251251981905us.jpg 0.657380 0.689340 0.232468 -0.196522 170.628702 -1162.443069 40.733179
slice24/query/img_08161_c1_1299251252048530us.jpg 0.659054 0.689418 0.230307 -0.193154 169.478325 -1162.206149 40.635487
slice24/query/img_08162_c1_1299251252181930us.jpg 0.664059 0.688573 0.225768 -0.184179 167.004693 -1161.751118 40.407384
slice24/query/img_08163_c1_1299251252248530us.jpg 0.665713 0.688901 0.222036 -0.181497 165.781016 -1161.493896 40.317364
slice24/query/img_08164_c1_1299251252315157us.jpg 0.666919 0.689552 0.218719 -0.178602 164.563163 -1161.227120 40.222903
slice24/query/img_08165_c1_1299251252381907us.jpg 0.668033 0.690148 0.216166 -0.175212 163.357221 -1160.942671 40.136402
slice24/query/img_08166_c1_1299251252515163us.jpg 0.669494 0.691872 0.211581 -0.168297 160.923762 -1160.340838 39.964103
slice24/query/img_08167_c1_1299251252581908us.jpg 0.669986 0.693042 0.207115 -0.167080 159.680245 -1160.041762 39.822076
slice24/query/img_08168_c1_1299251252715163us.jpg 0.671782 0.695005 0.199278 -0.161139 157.297670 -1159.392821 39.649794
slice24/query/img_08169_c1_1299251252781913us.jpg 0.673343 0.694752 0.197343 -0.158064 156.114411 -1159.025654 39.544576
slice24/query/img_08170_c1_1299251252848533us.jpg 0.674348 0.694947 0.194548 -0.156379 154.925144 -1158.640045 39.443981
slice24/query/img_08171_c1_1299251252981911us.jpg 0.676194 0.695572 0.187993 -0.153625 152.611997 -1157.959954 39.252311
slice24/query/img_08172_c1_1299251253115165us.jpg 0.675853 0.697829 0.183554 -0.150222 150.271568 -1157.137345 39.054629
slice24/query/img_08173_c1_1299251253181933us.jpg 0.675370 0.699340 0.181246 -0.148154 149.075242 -1156.715785 38.972144
slice24/query/img_08174_c1_1299251253248536us.jpg 0.675080 0.700577 0.179321 -0.145954 147.910036 -1156.292441 38.881244
slice24/query/img_08175_c1_1299251253315163us.jpg 0.675746 0.700947 0.177261 -0.143592 146.743588 -1155.854345 38.776114
slice24/query/img_08176_c1_1299251253448542us.jpg 0.675954 0.702744 0.171815 -0.140418 144.374006 -1154.962500 38.597111
slice24/query/img_08177_c1_1299251253515188us.jpg 0.677269 0.702272 0.169884 -0.138780 143.200378 -1154.505670 38.472500
slice24/query/img_08178_c1_1299251253581914us.jpg 0.678411 0.701860 0.168710 -0.136704 142.020270 -1154.019120 38.377230
slice24/query/img_08179_c1_1299251253648538us.jpg 0.678595 0.702607 0.166299 -0.134897 140.782169 -1153.574982 38.273732
slice24/query/img_08180_c1_1299251253781940us.jpg 0.678246 0.704645 0.160069 -0.133550 138.474591 -1152.600888 38.070442
slice24/query/img_08181_c1_1299251253848565us.jpg 0.677399 0.706151 0.157968 -0.132396 137.323808 -1152.135065 37.999139
slice24/query/img_08182_c1_1299251253915165us.jpg 0.677028 0.707247 0.155654 -0.131171 136.164484 -1151.622929 37.904733
slice24/query/img_08183_c1_1299251253981915us.jpg 0.676721 0.708308 0.153005 -0.130146 134.996117 -1151.113297 37.812463
slice24/query/img_08184_c1_1299251254115191us.jpg 0.678264 0.708480 0.148894 -0.125874 132.679958 -1150.093171 37.643793
slice24/query/img_08185_c1_1299251254181940us.jpg 0.681258 0.706631 0.147569 -0.121586 131.487387 -1149.564910 37.514179
slice24/query/img_08186_c1_1299251254248542us.jpg 0.682043 0.706807 0.143744 -0.120745 130.315331 -1149.041296 37.391760
slice24/query/img_08187_c1_1299251254315167us.jpg 0.682194 0.707667 0.140724 -0.118389 129.117063 -1148.510084 37.351847
slice24/query/img_08188_c1_1299251254448567us.jpg 0.683797 0.707829 0.137592 -0.111662 126.779230 -1147.358177 37.122688
slice24/query/img_08189_c1_1299251254515168us.jpg 0.683583 0.708816 0.135445 -0.109313 125.651093 -1146.791562 37.024269
slice24/query/img_08190_c1_1299251254581919us.jpg 0.683142 0.710169 0.132059 -0.107414 124.509066 -1146.254895 36.920228
slice24/query/img_08191_c1_1299251254648544us.jpg 0.683001 0.711266 0.128716 -0.105080 123.351204 -1145.702803 36.875489
slice24/query/img_08192_c1_1299251254781949us.jpg 0.682920 0.712899 0.122471 -0.101961 121.077861 -1144.502985 36.717740
slice24/query/img_08193_c1_1299251254848546us.jpg 0.683777 0.712786 0.119797 -0.100164 119.924995 -1143.888496 36.630812
slice24/query/img_08194_c1_1299251254915170us.jpg 0.684774 0.712576 0.117689 -0.097308 118.787387 -1143.274386 36.550016
slice24/query/img_08195_c1_1299251255048551us.jpg 0.684356 0.714432 0.111769 -0.093553 116.534746 -1142.004034 36.416965
slice24/query/img_08196_c1_1299251255115195us.jpg 0.684496 0.714977 0.109304 -0.091241 115.416684 -1141.373192 36.342798
slice24/query/img_08197_c1_1299251255181922us.jpg 0.684831 0.715313 0.107328 -0.088398 114.312482 -1140.732219 36.274998
slice24/query/img_08198_c1_1299251255248547us.jpg 0.685259 0.715563 0.105030 -0.085786 113.187398 -1140.082800 36.197665
slice24/query/img_08199_c1_1299251255381925us.jpg 0.686777 0.715369 0.100977 -0.079925 111.069680 -1138.861823 35.958809
slice24/query/img_08200_c1_1299251255448549us.jpg 0.687152 0.715597 0.098374 -0.077877 109.973046 -1138.183528 35.880497
slice24/query/img_08201_c1_1299251255515174us.jpg 0.687369 0.715882 0.096241 -0.075993 108.901570 -1137.502405 35.803298
slice24/query/img_08202_c1_1299251255581924us.jpg 0.687620 0.716098 0.094249 -0.074158 107.835160 -1136.821612 35.717930
slice24/query/img_08203_c1_1299251255715176us.jpg 0.687673 0.717009 0.089920 -0.070126 105.650294 -1135.438431 35.577091
slice24/query/img_08204_c1_1299251255781926us.jpg 0.687511 0.717672 0.087108 -0.068468 104.557072 -1134.729152 35.508851
slice24/query/img_08205_c1_1299251255848550us.jpg 0.687604 0.718022 0.085012 -0.066467 103.491435 -1133.986597 35.424382
slice24/query/img_08206_c1_1299251255981951us.jpg 0.687989 0.718637 0.079992 -0.061906 101.340173 -1132.550184 35.282853
slice24/query/img_08207_c1_1299251256048551us.jpg 0.689722 0.717347 0.078093 -0.059990 100.301648 -1131.753814 35.151986
slice24/query/img_08208_c1_1299251256181952us.jpg 0.689214 0.718500 0.072611 -0.058900 98.221410 -1130.257588 34.993806
slice24/query/img_08209_c1_1299251256248556us.jpg 0.689686 0.718468 0.070079 -0.056795 97.168536 -1129.527989 34.923506
slice24/query/img_08210_c1_1299251256315180us.jpg 0.690261 0.718270 0.068280 -0.054457 96.120489 -1128.772077 34.842868
slice24/query/img_08211_c1_1299251256448559us.jpg 0.692141 0.717194 0.065191 -0.048211 94.042379 -1127.256556 34.696651
slice24/query/img_08212_c1_1299251256515285us.jpg 0.693118 0.716586 0.063248 -0.045724 93.065882 -1126.518141 34.628291
slice24/query/img_08213_c1_1299251256581930us.jpg 0.694390 0.715648 0.061603 -0.043315 92.075703 -1125.743434 34.552057
slice24/query/img_08214_c1_1299251256715187us.jpg 0.694989 0.715539 0.058039 -0.040324 90.084973 -1124.199140 34.387365
slice24/query/img_08215_c1_1299251256781931us.jpg 0.694329 0.716330 0.057538 -0.038314 89.119605 -1123.409753 34.333767
slice24/query/img_08216_c1_1299251256848556us.jpg 0.693405 0.717379 0.056557 -0.036857 88.122802 -1122.619714 34.258028
slice24/query/img_08217_c1_1299251256981957us.jpg 0.691550 0.719373 0.054806 -0.035455 86.171515 -1121.012937 34.108908
slice24/query/img_08218_c1_1299251257048557us.jpg 0.691196 0.719759 0.054501 -0.034989 85.205619 -1120.202414 34.057050
slice24/query/img_08219_c1_1299251257115183us.jpg 0.691944 0.719069 0.054600 -0.034236 84.255201 -1119.400529 33.982135
slice24/query/img_08220_c1_1299251257248560us.jpg 0.694787 0.716538 0.052431 -0.033104 82.249122 -1117.748695 33.808696
slice24/query/img_08221_c1_1299251257315188us.jpg 0.695823 0.715529 0.052454 -0.033114 81.279984 -1116.934633 33.738525
slice24/query/img_08222_c1_1299251257381933us.jpg 0.695823 0.715484 0.052496 -0.034016 80.319151 -1116.136099 33.685269
slice24/query/img_08223_c1_1299251257515189us.jpg 0.693998 0.717197 0.051164 -0.037104 78.409055 -1114.488474 33.571537
slice24/query/img_08224_c1_1299251257581958us.jpg 0.693235 0.717870 0.051642 -0.037687 77.456940 -1113.699726 33.513809
slice24/query/img_08225_c1_1299251257648559us.jpg 0.693215 0.717784 0.053056 -0.037735 76.487615 -1112.914159 33.451868
slice24/query/img_08226_c1_1299251257715185us.jpg 0.693206 0.717687 0.053800 -0.038690 75.541627 -1112.134793 33.397791
slice24/query/img_08227_c1_1299251257848564us.jpg 0.692176 0.718421 0.054144 -0.042804 73.593885 -1110.623136 33.279620
slice24/query/img_08228_c1_1299251257915186us.jpg 0.691652 0.718726 0.055942 -0.043837 72.646208 -1109.862333 33.226905
slice24/query/img_08229_c1_1299251257981937us.jpg 0.691113 0.718993 0.058469 -0.044636 71.689255 -1109.114463 33.173095
slice24/query/img_08230_c1_1299251258115563us.jpg 0.691856 0.717802 0.064077 -0.044609 69.756264 -1107.618472 33.040320
slice24/query/img_08231_c1_1299251258181939us.jpg 0.692178 0.717272 0.065412 -0.046170 68.771595 -1106.881973 32.977582
slice24/query/img_08232_c1_1299251258248563us.jpg 0.693037 0.716173 0.066993 -0.048043 67.803665 -1106.134349 32.903663
slice24/query/img_08233_c1_1299251258315189us.jpg 0.693908 0.715042 0.068678 -0.049898 66.833276 -1105.404286 32.831758
slice24/query/img_08234_c1_1299251258448569us.jpg 0.697198 0.711105 0.074231 -0.052286 64.920689 -1103.942533 32.666732
slice24/query/img_08235_c1_1299251258515190us.jpg 0.697664 0.710232 0.077673 -0.052933 63.923630 -1103.207417 32.611474
slice24/query/img_08236_c1_1299251258581940us.jpg 0.698146 0.709395 0.080226 -0.053995 62.945486 -1102.494277 32.548108
slice24/query/img_08237_c1_1299251258648566us.jpg 0.698468 0.708738 0.082273 -0.055356 61.944283 -1101.784150 32.482743
slice24/query/img_08238_c1_1299251258781967us.jpg 0.698090 0.708204 0.086881 -0.059739 59.962971 -1100.356473 32.369301
slice24/query/img_08239_c1_1299251258848567us.jpg 0.697408 0.708328 0.089385 -0.062482 58.950398 -1099.639053 32.304238
slice24/query/img_08240_c1_1299251258915192us.jpg 0.696626 0.708589 0.091632 -0.064933 57.944978 -1098.942641 32.240235
slice24/query/img_08241_c1_1299251259048571us.jpg 0.693555 0.710640 0.094131 -0.071492 55.919301 -1097.633105 32.088974
slice24/query/img_08242_c1_1299251259181943us.jpg 0.692826 0.710096 0.100532 -0.075160 53.977640 -1096.299564 31.990120
slice24/query/img_08243_c1_1299251259315201us.jpg 0.693053 0.708532 0.106351 -0.079683 51.982831 -1094.991027 31.906030
slice24/query/img_08244_c1_1299251259381944us.jpg 0.693617 0.707316 0.109256 -0.081624 50.944780 -1094.351183 31.839463
slice24/query/img_08245_c1_1299251259448569us.jpg 0.693581 0.706638 0.111981 -0.084075 49.908928 -1093.725358 31.776290
slice24/query/img_08246_c1_1299251259515195us.jpg 0.693241 0.706200 0.114642 -0.086927 48.868521 -1093.100138 31.717380
slice24/query/img_08247_c1_1299251259648573us.jpg 0.690836 0.707063 0.117570 -0.094790 46.773165 -1091.876309 31.577936
slice24/query/img_08248_c1_1299251259715197us.jpg 0.690144 0.706642 0.121149 -0.098394 45.736014 -1091.282452 31.515741
slice24/query/img_08249_c1_1299251259781946us.jpg 0.689956 0.705850 0.124596 -0.101060 44.696742 -1090.699863 31.452059
slice24/query/img_08250_c1_1299251259915222us.jpg 0.688519 0.705557 0.128640 -0.107623 42.555165 -1089.534575 31.316130
slice24/query/img_08251_c1_1299251259981948us.jpg 0.688040 0.705133 0.131076 -0.110485 41.485988 -1088.973611 31.255291
slice24/query/img_08252_c1_1299251260048572us.jpg 0.687381 0.704789 0.133918 -0.113335 40.416049 -1088.414627 31.195943
slice24/query/img_08253_c1_1299251260115198us.jpg 0.686543 0.704508 0.137766 -0.115535 39.337255 -1087.862445 31.138075
slice24/query/img_08254_c1_1299251260248578us.jpg 0.685745 0.703324 0.142706 -0.121343 37.174811 -1086.815363 30.989093
slice24/query/img_08255_c1_1299251260315199us.jpg 0.686228 0.701896 0.145121 -0.123988 36.074987 -1086.291287 30.924238
slice24/query/img_08256_c1_1299251260381949us.jpg 0.687111 0.700094 0.147929 -0.125955 34.977798 -1085.794137 30.861525
slice24/query/img_08257_c1_1299251260516186us.jpg 0.687437 0.697280 0.154885 -0.131306 32.797539 -1084.750085 30.753447
slice24/query/img_08258_c1_1299251260581975us.jpg 0.687498 0.696313 0.157476 -0.133026 31.688448 -1084.274342 30.700374
slice24/query/img_08259_c1_1299251260648576us.jpg 0.687460 0.695404 0.160362 -0.134517 30.574830 -1083.799865 30.643756
slice24/query/img_08260_c1_1299251260715202us.jpg 0.687347 0.694590 0.162738 -0.136436 29.464883 -1083.334229 30.587093
slice24/query/img_08261_c1_1299251260848602us.jpg 0.687311 0.692895 0.167295 -0.139687 27.287206 -1082.470650 30.454391
slice24/query/img_08262_c1_1299251260915202us.jpg 0.687024 0.692357 0.168593 -0.142184 26.172532 -1082.029065 30.393818
slice24/query/img_08263_c1_1299251260981953us.jpg 0.686994 0.691600 0.169909 -0.144428 25.053046 -1081.590984 30.332819
slice24/query/img_08264_c1_1299251261048578us.jpg 0.686825 0.690964 0.171213 -0.146718 23.933807 -1081.161021 30.276366
slice24/query/img_08265_c1_1299251261181959us.jpg 0.686353 0.689910 0.174000 -0.150559 21.696402 -1080.324503 30.172763
slice24/query/img_08266_c1_1299251261248580us.jpg 0.686197 0.689184 0.175923 -0.152348 20.570380 -1079.908398 30.119807
slice24/query/img_08267_c1_1299251261315206us.jpg 0.685826 0.688609 0.177724 -0.154513 19.451642 -1079.501716 30.069593
slice24/query/img_08268_c1_1299251261448605us.jpg 0.684642 0.688152 0.180476 -0.158557 17.176996 -1078.695910 29.965249
slice24/query/img_08269_c1_1299251261515206us.jpg 0.683577 0.688086 0.182269 -0.161364 16.049305 -1078.300330 29.913850
slice24/query/img_08270_c1_1299251261581957us.jpg 0.682466 0.687959 0.184244 -0.164334 14.924211 -1077.913922 29.862180
slice24/query/img_08271_c1_1299251261715213us.jpg 0.680220 0.687605 0.188240 -0.170489 12.651506 -1077.146119 29.761234
slice24/query/img_08272_c1_1299251261781958us.jpg 0.679513 0.686982 0.190256 -0.173553 11.514432 -1076.788803 29.714838
slice24/query/img_08273_c1_1299251261848583us.jpg 0.679255 0.685894 0.192734 -0.176109 10.371455 -1076.434857 29.665872
slice24/query/img_08274_c1_1299251261981981us.jpg 0.679109 0.683270 0.198258 -0.180684 8.068484 -1075.735864 29.576995
slice24/query/img_08275_c1_1299251262048584us.jpg 0.679519 0.681360 0.201167 -0.183126 6.921091 -1075.414328 29.534107
slice24/query/img_08276_c1_1299251262115209us.jpg 0.679815 0.679573 0.203875 -0.185651 5.774730 -1075.101067 29.492456
slice24/query/img_08277_c1_1299251262248608us.jpg 0.679072 0.677455 0.209214 -0.190121 3.478396 -1074.506643 29.411144
slice24/query/img_08278_c1_1299251262315210us.jpg 0.678652 0.676279 0.211620 -0.193121 2.331364 -1074.218674 29.367335
slice24/query/img_08279_c1_1299251262381961us.jpg 0.678354 0.675047 0.213286 -0.196614 1.189367 -1073.942952 29.323250
slice24/query/img_08280_c1_1299251262515234us.jpg 0.677028 0.672922 0.216871 -0.204391 -1.093733 -1073.415962 29.249992
slice24/query/img_08281_c1_1299251262715253us.jpg 0.674413 0.671413 0.222301 -0.212023 -4.557831 -1072.738532 29.165819
slice24/query/img_08282_c1_1299251262915218us.jpg 0.673136 0.667695 0.231727 -0.217655 -8.073463 -1072.082629 29.094815
slice24/query/img_08283_c1_1299251262981968us.jpg 0.672139 0.667085 0.234570 -0.219555 -9.247079 -1071.881516 29.066027
slice24/query/img_08284_c1_1299251263048588us.jpg 0.671279 0.666108 0.236957 -0.222567 -10.416172 -1071.686098 29.032253
slice24/query/img_08285_c1_1299251263182226us.jpg 0.669120 0.664467 0.241803 -0.228678 -12.752968 -1071.322888 28.969559
slice24/query/img_08286_c1_1299251263248613us.jpg 0.667870 0.664036 0.244506 -0.230700 -13.923935 -1071.154738 28.936453
slice24/query/img_08287_c1_1299251263315214us.jpg 0.666846 0.663228 0.247541 -0.232740 -15.093462 -1070.997193 28.903846
slice24/query/img_08288_c1_1299251263381965us.jpg 0.665945 0.662332 0.250222 -0.234994 -16.256683 -1070.850136 28.870030
slice24/query/img_08289_c1_1299251263515241us.jpg 0.664852 0.659588 0.255352 -0.240229 -18.599833 -1070.569644 28.794680
slice24/query/img_08290_c1_1299251263581966us.jpg 0.664121 0.658424 0.257769 -0.242851 -19.772945 -1070.445992 28.761713
slice24/query/img_08291_c1_1299251263648592us.jpg 0.663330 0.657326 0.260073 -0.245517 -20.937112 -1070.339707 28.728650
slice24/query/img_08292_c1_1299251263781994us.jpg 0.660931 0.655853 0.264820 -0.250793 -23.276121 -1070.144366 28.665607
slice24/query/img_08293_c1_1299251263848616us.jpg 0.659568 0.655400 0.267217 -0.253013 -24.450140 -1070.060095 28.633419
slice24/query/img_08294_c1_1299251263915218us.jpg 0.658171 0.654969 0.269682 -0.255145 -25.625964 -1069.983972 28.601049
slice24/query/img_08295_c1_1299251263981970us.jpg 0.656888 0.654340 0.272013 -0.257577 -26.797216 -1069.913125 28.564565
slice24/query/img_08296_c1_1299251264115221us.jpg 0.654933 0.652424 0.276180 -0.262926 -29.131400 -1069.798788 28.492984
slice24/query/img_08297_c1_1299251264181970us.jpg 0.654354 0.651188 0.277931 -0.265573 -30.295639 -1069.758352 28.459685
slice24/query/img_08298_c1_1299251264248596us.jpg 0.653766 0.650051 0.279714 -0.267925 -31.457241 -1069.726600 28.425264
slice24/query/img_08299_c1_1299251264315220us.jpg 0.652922 0.649196 0.281792 -0.269871 -32.621980 -1069.703256 28.397942
slice24/query/img_08300_c1_1299251264448620us.jpg 0.651648 0.647091 0.286255 -0.273286 -34.974047 -1069.666481 28.332179
slice24/query/img_08301_c1_1299251264515221us.jpg 0.650827 0.646271 0.288093 -0.275246 -36.139056 -1069.658083 28.299848
slice24/query/img_08302_c1_1299251264581971us.jpg 0.649820 0.645672 0.289927 -0.277100 -37.299227 -1069.657372 28.268820
slice24/query/img_08303_c1_1299251264715249us.jpg 0.647618 0.644742 0.293958 -0.280157 -39.626899 -1069.678840 28.203566
slice24/query/img_08304_c1_1299251264781996us.jpg 0.646958 0.643824 0.295790 -0.281858 -40.787221 -1069.694827 28.168089
slice24/query/img_08305_c1_1299251264848598us.jpg 0.646432 0.642771 0.297344 -0.283828 -41.936519 -1069.721856 28.134571
slice24/query/img_08306_c1_1299251264915223us.jpg 0.645970 0.641753 0.299035 -0.285399 -43.083639 -1069.757424 28.101858
slice24/query/img_08307_c1_1299251265048624us.jpg 0.645264 0.639740 0.302217 -0.288155 -45.395720 -1069.853132 28.037383
slice24/query/img_08308_c1_1299251265115224us.jpg 0.644807 0.638626 0.304146 -0.289615 -46.541101 -1069.906389 28.006305
slice24/query/img_08309_c1_1299251265181975us.jpg 0.644379 0.637573 0.305928 -0.291006 -47.690613 -1069.965092 27.976415
slice24/query/img_08310_c1_1299251265315251us.jpg 0.643408 0.635585 0.308510 -0.294755 -49.966318 -1070.106897 27.913971
slice24/query/img_08311_c1_1299251265381976us.jpg 0.642357 0.635120 0.309486 -0.297016 -51.106216 -1070.180310 27.883602
slice24/query/img_08312_c1_1299251265448602us.jpg 0.641167 0.634528 0.311237 -0.299016 -52.248784 -1070.257175 27.852844
slice24/query/img_08313_c1_1299251265515227us.jpg 0.640032 0.633777 0.312926 -0.301269 -53.387726 -1070.343536 27.826272
slice24/query/img_08314_c1_1299251265648603us.jpg 0.637455 0.632633 0.318365 -0.303430 -55.681226 -1070.536638 27.766894
slice24/query/img_08315_c1_1299251265715227us.jpg 0.635846 0.632233 0.321096 -0.304759 -56.819519 -1070.645078 27.738825
slice24/query/img_08316_c1_1299251265781978us.jpg 0.634418 0.631818 0.323958 -0.305567 -57.952835 -1070.758084 27.704238
slice24/query/img_08317_c1_1299251265915232us.jpg 0.629684 0.632431 0.328251 -0.309485 -60.235172 -1070.982172 27.604545
slice24/query/img_08318_c1_1299251265981979us.jpg 0.627807 0.631616 0.328918 -0.314217 -61.376349 -1071.100297 27.547699
slice24/query/img_08319_c1_1299251266048604us.jpg 0.626251 0.630618 0.328568 -0.319647 -62.503821 -1071.231256 27.494663
slice24/query/img_08320_c1_1299251266181983us.jpg 0.622459 0.628998 0.331064 -0.327572 -64.783451 -1071.523932 27.412602
slice24/query/img_08321_c1_1299251266248606us.jpg 0.621362 0.627424 0.334215 -0.329468 -65.915727 -1071.689978 27.388492
slice24/query/img_08322_c1_1299251266315232us.jpg 0.620171 0.625746 0.338653 -0.330370 -67.039389 -1071.874844 27.374061
