slice24/database/img_07488_c1_1303399139649691us.jpg 0.640361 0.674808 0.282054 -0.234558 193.080061 -1164.725985 42.770771
slice24/database/img_07489_c1_1303399139783091us.jpg 0.643477 0.674674 0.277747 -0.231536 190.775333 -1164.545237 42.515552
slice24/database/img_07490_c1_1303399139849713us.jpg 0.644590 0.675223 0.275864 -0.229077 189.651381 -1164.473547 42.403934
slice24/database/img_07491_c1_1303399139916317us.jpg 0.645471 0.676199 0.273547 -0.226482 188.534135 -1164.394883 42.296625
slice24/database/img_07492_c1_1303399140049719us.jpg 0.646231 0.678994 0.269540 -0.220681 186.424846 -1164.261445 42.060716
slice24/database/img_07493_c1_1303399140116319us.jpg 0.646511 0.680502 0.267495 -0.217685 185.363003 -1164.164108 41.963004
slice24/database/img_07494_c1_1303399140183070us.jpg 0.647098 0.681950 0.265022 -0.214410 184.307541 -1164.065532 41.874310
slice24/database/img_07495_c1_1303399140316345us.jpg 0.648841 0.684175 0.259453 -0.208790 182.058274 -1163.841958 41.693209
slice24/database/img_07496_c1_1303399140383094us.jpg 0.648835 0.686130 0.255174 -0.207666 180.927488 -1163.700924 41.597747
slice24/database/img_07497_c1_1303399140449695us.jpg 0.650465 0.686531 0.252048 -0.205041 179.792964 -1163.574525 41.486700
slice24/database/img_07498_c1_1303399140516320us.jpg 0.652786 0.686165 0.249608 -0.201852 178.683473 -1163.450855 41.387070
slice24/database/img_07499_c1_1303399140649697us.jpg 0.652709 0.689632 0.243372 -0.197860 176.475093 -1163.147369 41.216155
slice24/database/img_07500_c1_1303399140716321us.jpg 0.653963 0.690204 0.241153 -0.194411 175.398878 -1163.002215 41.126383
slice24/database/img_07501_c1_1303399140849700us.jpg 0.652660 0.694384 0.235058 -0.191347 173.180150 -1162.601332 40.958986
slice24/database/img_07502_c1_1303399140916322us.jpg 0.653123 0.695216 0.232895 -0.189380 172.053039 -1162.384411 40.854101
slice24/database/img_07503_c1_1303399140983073us.jpg 0.653237 0.696185 0.231086 -0.187638 170.941820 -1162.175685 40.750387
slice24/database/img_07504_c1_1303399141116326us.jpg 0.657425 0.693528 0.231963 -0.181672 168.883514 -1161.692963 40.640276
slice24/database/img_07505_c1_1303399141183073us.jpg 0.656843 0.694657 0.230551 -0.181258 167.753774 -1161.462348 40.554249
slice24/database/img_07506_c1_1303399141249699us.jpg 0.657084 0.695426 0.227615 -0.181150 166.609941 -1161.260618 40.421663
slice24/database/img_07507_c1_1303399141383100us.jpg 0.660309 0.694741 0.223011 -0.177744 164.459187 -1160.819973 40.199423
slice24/database/img_07508_c1_1303399141449701us.jpg 0.661621 0.694334 0.221893 -0.175845 163.393503 -1160.584435 40.122489
slice24/database/img_07509_c1_1303399141516326us.jpg 0.663427 0.693605 0.221142 -0.172839 162.333533 -1160.345859 40.046064
slice24/database/img_07510_c1_1303399141649708us.jpg 0.666665 0.693096 0.218213 -0.166008 160.212577 -1159.875130 39.879960
slice24/database/img_07511_c1_1303399141716326us.jpg 0.667749 0.693454 0.215638 -0.163503 159.144586 -1159.616436 39.798574
slice24/database/img_07512_c1_1303399141783077us.jpg 0.669045 0.693768 0.212425 -0.161062 158.080602 -1159.353641 39.719009
slice24/database/img_07513_c1_1303399141916329us.jpg 0.670489 0.695431 0.204432 -0.158201 156.026203 -1158.797074 39.543418
slice24/database/img_07514_c1_1303399141983078us.jpg 0.671247 0.695917 0.202096 -0.155834 154.997194 -1158.490482 39.465713
slice24/database/img_07515_c1_1303399142049703us.jpg 0.671627 0.696743 0.199347 -0.154036 153.991679 -1158.183281 39.375951
slice24/database/img_07516_c1_1303399142183104us.jpg 0.672933 0.698553 0.191160 -0.150474 151.995047 -1157.574971 39.198413
slice24/database/img_07517_c1_1303399142249704us.jpg 0.673736 0.699101 0.188781 -0.147307 150.992787 -1157.245234 39.103812
slice24/database/img_07518_c1_1303399142383085us.jpg 0.675160 0.700493 0.183604 -0.140563 148.978560 -1156.634011 38.892344
slice24/database/img_07519_c1_1303399142449705us.jpg 0.675843 0.701121 0.180716 -0.137863 148.015062 -1156.303081 38.816743
slice24/database/img_07520_c1_1303399142516331us.jpg 0.676179 0.702046 0.177536 -0.135625 147.059657 -1155.967256 38.740104
slice24/database/img_07521_c1_1303399142649711us.jpg 0.675697 0.704966 0.170069 -0.132412 145.098402 -1155.246553 38.614630
slice24/database/img_07522_c1_1303399142716331us.jpg 0.677156 0.704740 0.167095 -0.129926 144.118537 -1154.863055 38.539824
slice24/database/img_07523_c1_1303399142783083us.jpg 0.678449 0.704747 0.163614 -0.127548 143.147942 -1154.487164 38.460416
slice24/database/img_07524_c1_1303399142849707us.jpg 0.679263 0.705077 0.160091 -0.125853 142.184325 -1154.079969 38.377969
slice24/database/img_07525_c1_1303399142983110us.jpg 0.679487 0.706570 0.154708 -0.122971 140.298154 -1153.273725 38.241968
slice24/database/img_07526_c1_1303399143049709us.jpg 0.679051 0.707835 0.151979 -0.121502 139.360079 -1152.854887 38.165565
slice24/database/img_07527_c1_1303399143116334us.jpg 0.679269 0.708523 0.149651 -0.119133 138.418200 -1152.435811 38.089436
slice24/database/img_07528_c1_1303399143249709us.jpg 0.679954 0.709626 0.144165 -0.115370 136.553842 -1151.584201 37.946170
slice24/database/img_07529_c1_1303399143316335us.jpg 0.680305 0.710254 0.141070 -0.113243 135.606457 -1151.150848 37.883798
slice24/database/img_07530_c1_1303399143449737us.jpg 0.682836 0.709969 0.135420 -0.106491 133.733432 -1150.301621 37.752592
slice24/database/img_07531_c1_1303399143516337us.jpg 0.683732 0.710095 0.132472 -0.103568 132.810579 -1149.852944 37.670700
slice24/database/img_07532_c1_1303399143583086us.jpg 0.684434 0.710434 0.129246 -0.100647 131.896912 -1149.401846 37.600278
slice24/database/img_07533_c1_1303399143716341us.jpg 0.685177 0.711676 0.120871 -0.097162 130.052547 -1148.438785 37.445231
slice24/database/img_07534_c1_1303399143783087us.jpg 0.685293 0.712393 0.118456 -0.094008 129.144672 -1147.961991 37.376487
slice24/database/img_07535_c1_1303399143849713us.jpg 0.684876 0.713558 0.116174 -0.091013 128.260700 -1147.477739 37.305874
slice24/database/img_07536_c1_1303399143983114us.jpg 0.683991 0.715797 0.112213 -0.084850 126.468360 -1146.477912 37.173154
slice24/database/img_07537_c1_1303399144049737us.jpg 0.684070 0.716385 0.109849 -0.082304 125.549677 -1145.959174 37.096975
slice24/database/img_07538_c1_1303399144116339us.jpg 0.684174 0.717001 0.106921 -0.079897 124.642011 -1145.438218 37.007898
slice24/database/img_07539_c1_1303399144249717us.jpg 0.687072 0.715793 0.100281 -0.074271 122.781805 -1144.311033 36.778561
slice24/database/img_07540_c1_1303399144316341us.jpg 0.686325 0.716999 0.097216 -0.073617 121.936223 -1143.794812 36.721637
slice24/database/img_07541_c1_1303399144449741us.jpg 0.686532 0.717904 0.091213 -0.070490 120.186813 -1142.689247 36.568287
slice24/database/img_07542_c1_1303399144516341us.jpg 0.686283 0.718603 0.088730 -0.068935 119.309974 -1142.127150 36.501638
slice24/database/img_07543_c1_1303399144583092us.jpg 0.685962 0.719392 0.086353 -0.066886 118.438033 -1141.566408 36.429047
slice24/database/img_07544_c1_1303399144716348us.jpg 0.685824 0.720383 0.081376 -0.063810 116.706013 -1140.430166 36.290571
slice24/database/img_07545_c1_1303399144783098us.jpg 0.685894 0.720578 0.079973 -0.062611 115.854994 -1139.849785 36.226941
slice24/database/img_07546_c1_1303399144849719us.jpg 0.685785 0.720923 0.078895 -0.061192 115.009987 -1139.269136 36.165936
slice24/database/img_07547_c1_1303399144983117us.jpg 0.685430 0.721767 0.076335 -0.058401 113.324199 -1138.133212 36.005586
slice24/database/img_07548_c1_1303399145049719us.jpg 0.685421 0.721963 0.075312 -0.057412 112.463186 -1137.527283 35.936738
slice24/database/img_07549_c1_1303399145116359us.jpg 0.684853 0.722603 0.074455 -0.057256 111.622312 -1136.925221 35.871130
slice24/database/img_07550_c1_1303399145249726us.jpg 0.682913 0.724657 0.072378 -0.057124 109.915221 -1135.720992 35.747890
slice24/database/img_07551_c1_1303399145316346us.jpg 0.682393 0.725255 0.071753 -0.056543 109.077131 -1135.118168 35.682149
slice24/database/img_07552_c1_1303399145383097us.jpg 0.682108 0.725578 0.071525 -0.056122 108.251800 -1134.520065 35.620192
slice24/database/img_07553_c1_1303399145516353us.jpg 0.683272 0.724720 0.070341 -0.054512 106.557060 -1133.314835 35.450549
slice24/database/img_07554_c1_1303399145583098us.jpg 0.684115 0.724035 0.070151 -0.053279 105.723424 -1132.715455 35.386544
slice24/database/img_07555_c1_1303399145649724us.jpg 0.684754 0.723540 0.069936 -0.052067 104.904802 -1132.123917 35.323816
slice24/database/img_07556_c1_1303399145783100us.jpg 0.686914 0.721909 0.067723 -0.049082 103.200355 -1130.918720 35.191895
slice24/database/img_07557_c1_1303399145849724us.jpg 0.687196 0.721860 0.065071 -0.049443 102.332445 -1130.332142 35.128438
slice24/database/img_07558_c1_1303399145983126us.jpg 0.687387 0.721966 0.062695 -0.048301 100.761087 -1129.154455 35.006683
slice24/database/img_07559_c1_1303399146049727us.jpg 0.687569 0.721985 0.061281 -0.047239 99.969225 -1128.561680 34.947152
slice24/database/img_07560_c1_1303399146116350us.jpg 0.687852 0.721908 0.059826 -0.046157 99.187393 -1127.970843 34.892117
slice24/database/img_07561_c1_1303399146249731us.jpg 0.688751 0.721370 0.056720 -0.045069 97.647800 -1126.791005 34.779487
slice24/database/img_07562_c1_1303399146316353us.jpg 0.689583 0.720710 0.055837 -0.043977 96.875661 -1126.196564 34.727333
slice24/database/img_07563_c1_1303399146383102us.jpg 0.689974 0.720459 0.054968 -0.043052 96.116728 -1125.601690 34.676602
slice24/database/img_07564_c1_1303399146516356us.jpg 0.690389 0.720322 0.053912 -0.039904 94.591460 -1124.430573 34.574195
slice24/database/img_07565_c1_1303399146583103us.jpg 0.690715 0.720135 0.053238 -0.038531 93.837418 -1123.837310 34.528018
slice24/database/img_07566_c1_1303399146649727us.jpg 0.690958 0.720036 0.052069 -0.037605 93.089753 -1123.244596 34.480598
slice24/database/img_07567_c1_1303399146783114us.jpg 0.691878 0.719370 0.050176 -0.035971 91.600800 -1122.065477 34.359350
slice24/database/img_07568_c1_1303399146849729us.jpg 0.691729 0.719616 0.048820 -0.035786 90.847872 -1121.453394 34.311724
slice24/database/img_07569_c1_1303399146916355us.jpg 0.691179 0.720230 0.047658 -0.035634 90.099984 -1120.839173 34.267943
slice24/database/img_07570_c1_1303399147049734us.jpg 0.691010 0.720482 0.047477 -0.034010 88.605158 -1119.621933 34.169386
slice24/database/img_07571_c1_1303399147116356us.jpg 0.690746 0.720812 0.046556 -0.033647 87.843789 -1118.992978 34.118103
slice24/database/img_07572_c1_1303399147183106us.jpg 0.690366 0.721246 0.045574 -0.033488 87.094040 -1118.369963 34.070864
slice24/database/img_07573_c1_1303399147316359us.jpg 0.690019 0.721707 0.043201 -0.033855 85.592200 -1117.112027 33.969783
slice24/database/img_07574_c1_1303399147383107us.jpg 0.689861 0.721866 0.042780 -0.034234 84.845904 -1116.485325 33.920112
slice24/database/img_07575_c1_1303399147449732us.jpg 0.689799 0.721853 0.043587 -0.034733 84.102113 -1115.860607 33.873892
slice24/database/img_07576_c1_1303399147583109us.jpg 0.690227 0.721406 0.043971 -0.035007 82.607212 -1114.609864 33.769646
slice24/database/img_07577_c1_1303399147649733us.jpg 0.690578 0.721111 0.043156 -0.035199 81.862726 -1113.995158 33.718994
slice24/database/img_07578_c1_1303399147716359us.jpg 0.691222 0.720492 0.042597 -0.035894 81.121424 -1113.385323 33.671869
slice24/database/img_07579_c1_1303399147849759us.jpg 0.691600 0.719964 0.042630 -0.039031 79.658084 -1112.137871 33.575191
slice24/database/img_07580_c1_1303399147916360us.jpg 0.691437 0.720014 0.043768 -0.039746 78.930713 -1111.539160 33.537270
slice24/database/img_07581_c1_1303399148049739us.jpg 0.689823 0.721374 0.046256 -0.040294 77.448887 -1110.324299 33.456608
slice24/database/img_07582_c1_1303399148116363us.jpg 0.689494 0.721574 0.047055 -0.041412 76.717965 -1109.726494 33.413998
slice24/database/img_07583_c1_1303399148183112us.jpg 0.689843 0.721090 0.048034 -0.042885 75.990263 -1109.134353 33.370008
slice24/database/img_07584_c1_1303399148249737us.jpg 0.690342 0.720417 0.049593 -0.044355 75.266127 -1108.550503 33.328424
slice24/database/img_07585_c1_1303399148383138us.jpg 0.689985 0.720347 0.053619 -0.046321 73.784340 -1107.376571 33.238021
slice24/database/img_07586_c1_1303399148449737us.jpg 0.689568 0.720563 0.055747 -0.046654 73.045570 -1106.797537 33.197338
slice24/database/img_07587_c1_1303399148516363us.jpg 0.689114 0.720812 0.057335 -0.047580 72.311808 -1106.226989 33.154135
slice24/database/img_07588_c1_1303399148649743us.jpg 0.688919 0.720544 0.060233 -0.050778 70.836278 -1105.090009 33.053060
slice24/database/img_07589_c1_1303399148716364us.jpg 0.689474 0.719741 0.062153 -0.052292 70.088922 -1104.518406 33.002888
slice24/database/img_07590_c1_1303399148783115us.jpg 0.690208 0.718763 0.063734 -0.054131 69.347240 -1103.956496 32.954759
slice24/database/img_07591_c1_1303399148916369us.jpg 0.690176 0.718373 0.065130 -0.057928 67.849728 -1102.840215 32.836389
slice24/database/img_07592_c1_1303399149049768us.jpg 0.689175 0.718998 0.067660 -0.059173 66.339087 -1101.739703 32.747776
slice24/database/img_07593_c1_1303399149116367us.jpg 0.688734 0.719131 0.070138 -0.059799 65.579362 -1101.189240 32.700802
slice24/database/img_07594_c1_1303399149249747us.jpg 0.689166 0.718026 0.073158 -0.064310 64.075854 -1100.110179 32.609391
slice24/database/img_07595_c1_1303399149316367us.jpg 0.689454 0.717487 0.073663 -0.066627 63.318333 -1099.573613 32.556954
slice24/database/img_07596_c1_1303399149383118us.jpg 0.689648 0.717081 0.074484 -0.068061 62.557106 -1099.044098 32.506977
slice24/database/img_07597_c1_1303399149516395us.jpg 0.690628 0.715663 0.078121 -0.068971 61.027276 -1097.994203 32.421519
slice24/database/img_07598_c1_1303399149583124us.jpg 0.691770 0.714294 0.080645 -0.068809 60.255749 -1097.477284 32.382173
slice24/database/img_07599_c1_1303399149649745us.jpg 0.692861 0.712922 0.082904 -0.069376 59.489343 -1096.966744 32.343129
slice24/database/img_07600_c1_1303399149784006us.jpg 0.692683 0.712395 0.086829 -0.071726 57.935236 -1095.917882 32.250924
slice24/database/img_07601_c1_1303399149849747us.jpg 0.692078 0.712616 0.088604 -0.073180 57.162026 -1095.404508 32.205345
slice24/database/img_07602_c1_1303399149916371us.jpg 0.691475 0.712817 0.090186 -0.074976 56.390867 -1094.895886 32.158003
slice24/database/img_07603_c1_1303399150049772us.jpg 0.689002 0.714382 0.093135 -0.079127 54.814151 -1093.872054 32.056205
slice24/database/img_07604_c1_1303399150116372us.jpg 0.687985 0.714840 0.095743 -0.080711 54.048666 -1093.382376 32.007208
slice24/database/img_07605_c1_1303399150183121us.jpg 0.687565 0.714732 0.097672 -0.082900 53.289175 -1092.902094 31.955794
slice24/database/img_07606_c1_1303399150316378us.jpg 0.688690 0.713006 0.100331 -0.085225 51.663617 -1091.916843 31.825732
slice24/database/img_07607_c1_1303399150383123us.jpg 0.688404 0.712729 0.101633 -0.088248 50.860902 -1091.422044 31.769014
slice24/database/img_07608_c1_1303399150449749us.jpg 0.687692 0.712872 0.102583 -0.091485 50.059558 -1090.933974 31.715771
slice24/database/img_07609_c1_1303399150583130us.jpg 0.685068 0.714277 0.105451 -0.096794 48.417688 -1089.950297 31.612091
slice24/database/img_07610_c1_1303399150649750us.jpg 0.683933 0.714836 0.107212 -0.098742 47.603858 -1089.479572 31.564836
slice24/database/img_07611_c1_1303399150716376us.jpg 0.683423 0.714779 0.109580 -0.100084 46.785853 -1089.018050 31.519065
slice24/database/img_07612_c1_1303399150849755us.jpg 0.683272 0.713668 0.114245 -0.103763 45.137831 -1088.099554 31.422893
slice24/database/img_07613_c1_1303399150916376us.jpg 0.683554 0.712811 0.116531 -0.105236 44.306079 -1087.651613 31.374620
slice24/database/img_07614_c1_1303399150983126us.jpg 0.683771 0.711950 0.118915 -0.106977 43.473856 -1087.209254 31.324228
slice24/database/img_07615_c1_1303399151116382us.jpg 0.683166 0.711163 0.122737 -0.111659 41.777969 -1086.316183 31.208428
slice24/database/img_07616_c1_1303399151183127us.jpg 0.683009 0.710652 0.124511 -0.113889 40.928269 -1085.874136 31.156764
slice24/database/img_07617_c1_1303399151249753us.jpg 0.682827 0.710205 0.126131 -0.115965 40.078736 -1085.438926 31.103129
slice24/database/img_07618_c1_1303399151383151us.jpg 0.682688 0.709139 0.129077 -0.119993 38.335186 -1084.587846 30.993773
slice24/database/img_07619_c1_1303399151516381us.jpg 0.683245 0.707328 0.133561 -0.122574 36.594346 -1083.748976 30.902758
slice24/database/img_07620_c1_1303399151583131us.jpg 0.683252 0.706770 0.135445 -0.123682 35.727950 -1083.339177 30.857935
slice24/database/img_07621_c1_1303399151649755us.jpg 0.683079 0.706410 0.136902 -0.125080 34.862724 -1082.935995 30.810572
slice24/database/img_07622_c1_1303399151783153us.jpg 0.682330 0.705847 0.139564 -0.129334 33.141955 -1082.137687 30.721061
slice24/database/img_07623_c1_1303399151849757us.jpg 0.681752 0.705787 0.140601 -0.131569 32.275784 -1081.747613 30.672010
slice24/database/img_07624_c1_1303399151983139us.jpg 0.679616 0.706601 0.143439 -0.135137 30.514147 -1080.966444 30.584602
slice24/database/img_07625_c1_1303399152049756us.jpg 0.678653 0.706796 0.145660 -0.136579 29.629728 -1080.584230 30.543349
slice24/database/img_07626_c1_1303399152183136us.jpg 0.677866 0.705974 0.149809 -0.140202 27.848676 -1079.824484 30.450853
slice24/database/img_07627_c1_1303399152249757us.jpg 0.678079 0.704982 0.151471 -0.142355 26.956172 -1079.453990 30.402452
slice24/database/img_07628_c1_1303399152316384us.jpg 0.678581 0.703668 0.153051 -0.144755 26.066444 -1079.092949 30.355828
slice24/database/img_07629_c1_1303399152449765us.jpg 0.678824 0.701681 0.156833 -0.149147 24.253788 -1078.365486 30.265373
slice24/database/img_07630_c1_1303399152516384us.jpg 0.678391 0.701205 0.159095 -0.150947 23.346632 -1078.009480 30.221789
slice24/database/img_07631_c1_1303399152583135us.jpg 0.677470 0.701180 0.161426 -0.152718 22.440207 -1077.658815 30.180542
slice24/database/img_07632_c1_1303399152716410us.jpg 0.675910 0.700968 0.165083 -0.156643 20.630032 -1076.988238 30.097795
slice24/database/img_07633_c1_1303399152783136us.jpg 0.675817 0.700262 0.166477 -0.158716 19.721933 -1076.660117 30.054108
slice24/database/img_07634_c1_1303399152849762us.jpg 0.676135 0.699011 0.168200 -0.161040 18.814383 -1076.339414 30.011917
slice24/database/img_07635_c1_1303399152983163us.jpg 0.676385 0.696860 0.171886 -0.165360 16.980164 -1075.711392 29.934758
slice24/database/img_07636_c1_1303399153049763us.jpg 0.676099 0.696174 0.174133 -0.167064 16.057069 -1075.402953 29.898262
slice24/database/img_07637_c1_1303399153116387us.jpg 0.675741 0.695512 0.176383 -0.168899 15.135304 -1075.098993 29.862677
slice24/database/img_07638_c1_1303399153249769us.jpg 0.675065 0.694168 0.179717 -0.173550 13.280189 -1074.494443 29.786930
slice24/database/img_07639_c1_1303399153316389us.jpg 0.674964 0.693296 0.181683 -0.175374 12.354768 -1074.208391 29.752459
slice24/database/img_07640_c1_1303399153383139us.jpg 0.674913 0.692322 0.183767 -0.177238 11.428889 -1073.929269 29.720925
slice24/database/img_07641_c1_1303399153516396us.jpg 0.675093 0.690028 0.187668 -0.181359 9.564699 -1073.388175 29.658307
slice24/database/img_07642_c1_1303399153583140us.jpg 0.675324 0.688746 0.189656 -0.183295 8.627019 -1073.124404 29.626235
slice24/database/img_07643_c1_1303399153649766us.jpg 0.675152 0.687798 0.191753 -0.185292 7.691719 -1072.865200 29.596249
slice24/database/img_07644_c1_1303399153783148us.jpg 0.674189 0.686650 0.195212 -0.189401 5.805009 -1072.351571 29.531376
slice24/database/img_07645_c1_1303399153849790us.jpg 0.673524 0.686215 0.196980 -0.191503 4.864624 -1072.103494 29.501319
slice24/database/img_07646_c1_1303399153916393us.jpg 0.672980 0.685507 0.199070 -0.193776 3.926421 -1071.861319 29.470005
slice24/database/img_07647_c1_1303399153983142us.jpg 0.672231 0.684998 0.200747 -0.196429 2.989738 -1071.624560 29.440579
slice24/database/img_07648_c1_1303399154116418us.jpg 0.670862 0.683502 0.204682 -0.202174 1.111429 -1071.165101 29.382406
slice24/database/img_07649_c1_1303399154183145us.jpg 0.670193 0.682841 0.206894 -0.204364 0.169831 -1070.950058 29.355512
slice24/database/img_07650_c1_1303399154249769us.jpg 0.669721 0.681936 0.209189 -0.206585 -0.769783 -1070.743723 29.330496
slice24/database/img_07651_c1_1303399154383148us.jpg 0.669457 0.679358 0.213569 -0.211395 -2.649129 -1070.353021 29.282026
slice24/database/img_07652_c1_1303399154449770us.jpg 0.669302 0.678137 0.215685 -0.213650 -3.588321 -1070.169720 29.258511
slice24/database/img_07653_c1_1303399154516396us.jpg 0.668905 0.677076 0.218053 -0.215840 -4.528000 -1069.991498 29.237188
slice24/database/img_07654_c1_1303399154649797us.jpg 0.667292 0.675757 0.222966 -0.219907 -6.405799 -1069.647466 29.199269
slice24/database/img_07655_c1_1303399154716396us.jpg 0.666220 0.675531 0.225228 -0.221543 -7.347478 -1069.486328 29.178959
slice24/database/img_07656_c1_1303399154849798us.jpg 0.664061 0.675204 0.229461 -0.224656 -9.234953 -1069.177473 29.135063
slice24/database/img_07657_c1_1303399154916421us.jpg 0.663114 0.674991 0.231169 -0.226335 -10.176462 -1069.031369 29.109098
slice24/database/img_07658_c1_1303399154983148us.jpg 0.662546 0.674212 0.232949 -0.228484 -11.115180 -1068.891027 29.083675
slice24/database/img_07659_c1_1303399155116556us.jpg 0.662031 0.672586 0.236173 -0.231441 -12.998591 -1068.628959 29.032483
slice24/database/img_07660_c1_1303399155183155us.jpg 0.662019 0.671800 0.237157 -0.232749 -13.936869 -1068.506279 29.007471
slice24/database/img_07661_c1_1303399155249775us.jpg 0.661994 0.671315 0.237976 -0.233382 -14.874982 -1068.385032 28.981977
slice24/database/img_07662_c1_1303399155383157us.jpg 0.660501 0.670625 0.240992 -0.236481 -16.774495 -1068.145705 28.927214
slice24/database/img_07663_c1_1303399155449776us.jpg 0.659220 0.670450 0.242709 -0.238782 -17.726655 -1068.028949 28.899200
slice24/database/img_07664_c1_1303399155516402us.jpg 0.658031 0.670283 0.244190 -0.241012 -18.670758 -1067.920395 28.872083
slice24/database/img_07665_c1_1303399155649781us.jpg 0.655727 0.670149 0.247183 -0.244587 -20.567590 -1067.713391 28.818036
slice24/database/img_07666_c1_1303399155716402us.jpg 0.655179 0.669639 0.248979 -0.245629 -21.521843 -1067.619551 28.792019
slice24/database/img_07667_c1_1303399155783152us.jpg 0.654807 0.668724 0.251069 -0.246983 -22.467649 -1067.532691 28.767809
slice24/database/img_07668_c1_1303399155916430us.jpg 0.653916 0.666984 0.255171 -0.249830 -24.356685 -1067.375659 28.720016
slice24/database/img_07669_c1_1303399155983153us.jpg 0.653186 0.666483 0.256846 -0.251355 -25.308097 -1067.301555 28.691858
slice24/database/img_07670_c1_1303399156049779us.jpg 0.652432 0.665904 0.258621 -0.253021 -26.255854 -1067.230854 28.663119
slice24/database/img_07671_c1_1303399156116404us.jpg 0.651506 0.665354 0.260282 -0.255142 -27.198585 -1067.166533 28.635228
slice24/database/img_07672_c1_1303399156249803us.jpg 0.649926 0.663908 0.263380 -0.259717 -29.094436 -1067.049834 28.576407
slice24/database/img_07673_c1_1303399156316405us.jpg 0.649366 0.663020 0.265046 -0.261685 -30.041668 -1067.005022 28.547820
slice24/database/img_07674_c1_1303399156450673us.jpg 0.648608 0.660581 0.268942 -0.265727 -31.937097 -1066.927822 28.494796
slice24/database/img_07675_c1_1303399156516409us.jpg 0.648375 0.659158 0.270951 -0.267780 -32.888683 -1066.897668 28.469292
slice24/database/img_07676_c1_1303399156583157us.jpg 0.647921 0.657836 0.273412 -0.269621 -33.838300 -1066.873077 28.445088
slice24/database/img_07677_c1_1303399156716435us.jpg 0.645896 0.656428 0.278008 -0.273188 -35.749542 -1066.839456 28.394909
slice24/database/img_07678_c1_1303399156783157us.jpg 0.644636 0.655846 0.280198 -0.275317 -36.701531 -1066.830107 28.368109
slice24/database/img_07679_c1_1303399156849782us.jpg 0.643318 0.655185 0.282680 -0.277428 -37.652325 -1066.825788 28.340082
slice24/database/img_07680_c1_1303399156983157us.jpg 0.640691 0.653862 0.287014 -0.282140 -39.551482 -1066.832089 28.283919
slice24/database/img_07681_c1_1303399157049784us.jpg 0.639608 0.653058 0.289014 -0.284406 -40.496634 -1066.848309 28.256806
slice24/database/img_07682_c1_1303399157183184us.jpg 0.637799 0.651423 0.292736 -0.288386 -42.382893 -1066.901011 28.199547
slice24/database/img_07683_c1_1303399157249785us.jpg 0.637050 0.650484 0.294889 -0.289963 -43.323295 -1066.937732 28.173053
slice24/database/img_07684_c1_1303399157383162us.jpg 0.636134 0.648207 0.299155 -0.292690 -45.211217 -1067.024532 28.122912
slice24/database/img_07685_c1_1303399157449786us.jpg 0.635870 0.647181 0.300545 -0.294109 -46.149323 -1067.077826 28.096005
slice24/database/img_07686_c1_1303399157516411us.jpg 0.635674 0.646064 0.301824 -0.295672 -47.081364 -1067.137241 28.070405
slice24/database/img_07687_c1_1303399157649790us.jpg 0.635048 0.644109 0.303744 -0.299294 -48.953679 -1067.267778 28.015311
slice24/database/img_07688_c1_1303399157716414us.jpg 0.634528 0.643114 0.305328 -0.300921 -49.891556 -1067.338257 27.989314
slice24/database/img_07689_c1_1303399157783163us.jpg 0.633953 0.642119 0.307313 -0.302234 -50.827053 -1067.411806 27.964957
slice24/database/img_07690_c1_1303399157916437us.jpg 0.632100 0.641440 0.310009 -0.304792 -52.701927 -1067.567957 27.917092
slice24/database/img_07691_c1_1303399157983164us.jpg 0.631195 0.641297 0.310861 -0.306099 -53.631376 -1067.653990 27.890593
slice24/database/img_07692_c1_1303399158116418us.jpg 0.630595 0.638632 0.314863 -0.308805 -55.485636 -1067.838307 27.846206
slice24/database/img_07693_c1_1303399158183164us.jpg 0.630672 0.636540 0.317230 -0.310539 -56.416196 -1067.939964 27.823220
slice24/database/img_07694_c1_1303399158249791us.jpg 0.630625 0.635117 0.320134 -0.310568 -57.348206 -1068.045455 27.798771
slice24/database/img_07695_c1_1303399158383171us.jpg 0.628975 0.632751 0.329018 -0.309459 -59.204607 -1068.267568 27.748774
slice24/database/img_07696_c1_1303399158449791us.jpg 0.629174 0.630991 0.331871 -0.309601 -60.155132 -1068.395689 27.713230
slice24/database/img_07697_c1_1303399158516417us.jpg 0.630174 0.628784 0.332083 -0.311820 -61.091669 -1068.528840 27.667314
slice24/database/img_07698_c1_1303399158649817us.jpg 0.631684 0.623578 0.330186 -0.321095 -62.948543 -1068.792398 27.563036
slice24/database/img_07699_c1_1303399158716418us.jpg 0.630765 0.622305 0.330301 -0.325228 -63.888227 -1068.929642 27.527396
slice24/database/img_07700_c1_1303399158783168us.jpg 0.628956 0.621777 0.331804 -0.328197 -64.824465 -1069.071451 27.503063
slice24/database/img_07701_c1_1303399158916424us.jpg 0.624234 0.622557 0.335996 -0.331454 -66.702143 -1069.372170 27.468824
