slice23/query/img_10159_c0_1283348657395719us.jpg 0.330240 0.333053 0.609324 -0.639329 488.162148 -1206.129257 60.765931
slice23/query/img_10160_c0_1283348657529071us.jpg 0.328973 0.333456 0.609794 -0.639324 486.490531 -1205.748391 60.783727
slice23/query/img_10161_c0_1283348657595683us.jpg 0.328705 0.333581 0.609959 -0.639239 485.733434 -1205.605837 60.784184
slice23/query/img_10162_c0_1283348657729035us.jpg 0.327514 0.335365 0.609242 -0.639601 484.082990 -1205.315032 60.777051
slice23/query/img_10163_c0_1283348657795647us.jpg 0.326506 0.336317 0.608863 -0.639977 483.259173 -1205.161957 60.778414
slice23/query/img_10164_c0_1283348657862385us.jpg 0.325467 0.337184 0.608337 -0.640550 482.443303 -1205.003203 60.775194
slice23/query/img_10165_c0_1283348657995618us.jpg 0.324092 0.337879 0.608281 -0.640934 480.724734 -1204.661822 60.790493
slice23/query/img_10166_c0_1283348658062350us.jpg 0.323899 0.338249 0.608281 -0.640836 479.856439 -1204.502861 60.778962
slice23/query/img_10167_c0_1283348658195584us.jpg 0.319927 0.340271 0.607809 -0.642208 478.015265 -1204.165937 60.737429
slice23/query/img_10168_c0_1283348658262315us.jpg 0.318867 0.341091 0.607818 -0.642292 477.121438 -1204.004353 60.723390
slice23/query/img_10169_c0_1283348658328928us.jpg 0.318495 0.341409 0.607872 -0.642256 476.230438 -1203.844725 60.703328
slice23/query/img_10170_c0_1283348658395541us.jpg 0.317976 0.341636 0.607365 -0.642872 475.343084 -1203.679187 60.682536
slice23/query/img_10171_c0_1283348658528921us.jpg 0.317140 0.342278 0.605840 -0.644380 473.557555 -1203.351754 60.637086
slice23/query/img_10172_c0_1283348658595508us.jpg 0.316293 0.342709 0.604898 -0.645452 472.677397 -1203.183859 60.620082
slice23/query/img_10173_c0_1283348658662247us.jpg 0.315527 0.343093 0.604045 -0.646421 471.802329 -1203.019086 60.601788
slice23/query/img_10174_c0_1283348658795492us.jpg 0.314575 0.343498 0.602514 -0.648096 470.052302 -1202.694819 60.563002
slice23/query/img_10175_c0_1283348658862232us.jpg 0.314491 0.343082 0.602471 -0.648397 469.174475 -1202.535183 60.540753
slice23/query/img_10176_c0_1283348658928825us.jpg 0.314748 0.342877 0.602936 -0.647949 468.299777 -1202.382599 60.517093
slice23/query/img_10177_c0_1283348658995438us.jpg 0.314784 0.342828 0.603693 -0.647252 467.427174 -1202.228632 60.494370
slice23/query/img_10178_c0_1283348659128817us.jpg 0.314212 0.343362 0.604898 -0.646121 465.680255 -1201.921527 60.456362
slice23/query/img_10179_c0_1283348659195425us.jpg 0.313893 0.343631 0.605012 -0.646025 464.803339 -1201.768203 60.433197
slice23/query/img_10180_c0_1283348659262141us.jpg 0.313549 0.343942 0.605099 -0.645945 463.927220 -1201.613994 60.412110
slice23/query/img_10181_c0_1283348659328754us.jpg 0.312917 0.344760 0.604731 -0.646161 463.050350 -1201.454452 60.392050
slice23/query/img_10182_c0_1283348659462131us.jpg 0.312023 0.344862 0.603123 -0.648039 461.295054 -1201.131913 60.343166
slice23/query/img_10183_c0_1283348659528741us.jpg 0.312694 0.344301 0.602516 -0.648578 460.423616 -1200.978929 60.315292
slice23/query/img_10184_c0_1283348659595334us.jpg 0.313347 0.343667 0.602283 -0.648815 459.547967 -1200.824495 60.283567
slice23/query/img_10185_c0_1283348659662071us.jpg 0.313614 0.343262 0.602843 -0.648381 458.668332 -1200.668235 60.259485
slice23/query/img_10186_c0_1283348659795300us.jpg 0.313697 0.344153 0.604393 -0.646423 456.893362 -1200.365540 60.221648
slice23/query/img_10187_c0_1283348659862036us.jpg 0.313346 0.344966 0.605383 -0.645232 456.005106 -1200.215592 60.198799
slice23/query/img_10188_c0_1283348659928650us.jpg 0.312909 0.345510 0.606277 -0.644312 455.118802 -1200.062727 60.171898
slice23/query/img_10189_c0_1283348659995263us.jpg 0.312867 0.345305 0.607195 -0.643578 454.239184 -1199.900548 60.145266
slice23/query/img_10190_c0_1283348660128638us.jpg 0.312735 0.345658 0.606747 -0.643875 452.475415 -1199.585838 60.086238
slice23/query/img_10191_c0_1283348660195228us.jpg 0.312734 0.346077 0.605581 -0.644748 451.594037 -1199.422694 60.054114
slice23/query/img_10192_c0_1283348660261966us.jpg 0.312585 0.346526 0.604632 -0.645469 450.716200 -1199.260173 60.019979
slice23/query/img_10193_c0_1283348660395194us.jpg 0.312733 0.346718 0.604601 -0.645323 448.926323 -1198.937565 59.958657
slice23/query/img_10194_c0_1283348660461934us.jpg 0.312696 0.346926 0.604620 -0.645211 448.038340 -1198.773895 59.929078
slice23/query/img_10195_c0_1283348660528545us.jpg 0.312644 0.347333 0.604381 -0.645242 447.153553 -1198.607738 59.900764
slice23/query/img_10196_c0_1283348660595158us.jpg 0.312156 0.347819 0.604138 -0.645444 446.274274 -1198.436987 59.871072
slice23/query/img_10197_c0_1283348660728533us.jpg 0.311137 0.348921 0.604363 -0.645130 444.524015 -1198.090371 59.825357
slice23/query/img_10198_c0_1283348660795123us.jpg 0.311172 0.348993 0.604729 -0.644732 443.644117 -1197.924173 59.797303
slice23/query/img_10199_c0_1283348660861861us.jpg 0.311551 0.348781 0.605337 -0.644093 442.769764 -1197.751714 59.770881
slice23/query/img_10200_c0_1283348660995089us.jpg 0.312146 0.348868 0.608020 -0.641224 441.013379 -1197.428067 59.758063
slice23/query/img_10201_c0_1283348661061826us.jpg 0.312970 0.348403 0.608921 -0.640218 440.129909 -1197.267192 59.727346
slice23/query/img_10202_c0_1283348661128440us.jpg 0.313814 0.347589 0.609950 -0.639268 439.245639 -1197.107292 59.689480
slice23/query/img_10203_c0_1283348661195051us.jpg 0.314410 0.347188 0.610951 -0.638236 438.360829 -1196.947678 59.654940
slice23/query/img_10204_c0_1283348661328405us.jpg 0.314660 0.347624 0.611575 -0.637278 436.561403 -1196.615344 59.593265
slice23/query/img_10205_c0_1283348661395018us.jpg 0.314465 0.348436 0.610876 -0.637601 435.664172 -1196.450321 59.561403
slice23/query/img_10206_c0_1283348661461756us.jpg 0.313613 0.349141 0.610404 -0.638086 434.765815 -1196.281473 59.530574
slice23/query/img_10207_c0_1283348661594985us.jpg 0.311453 0.350317 0.608616 -0.640204 432.976442 -1195.938908 59.457760
slice23/query/img_10208_c0_1283348661661720us.jpg 0.310740 0.350501 0.607449 -0.641557 432.078198 -1195.766571 59.416337
slice23/query/img_10209_c0_1283348661728335us.jpg 0.310705 0.350318 0.606461 -0.642608 431.185348 -1195.593244 59.378731
slice23/query/img_10210_c0_1283348661794948us.jpg 0.311389 0.349616 0.606167 -0.642936 430.296012 -1195.424958 59.338217
slice23/query/img_10211_c0_1283348661928322us.jpg 0.313028 0.348302 0.607165 -0.641911 428.531832 -1195.105607 59.261256
slice23/query/img_10212_c0_1283348661994912us.jpg 0.313407 0.348037 0.608183 -0.640905 427.640625 -1194.944414 59.225688
slice23/query/img_10213_c0_1283348662061651us.jpg 0.313279 0.348399 0.609080 -0.639918 426.750438 -1194.785737 59.194224
slice23/query/img_10214_c0_1283348662194878us.jpg 0.312367 0.349343 0.610558 -0.638440 424.964630 -1194.457461 59.141717
slice23/query/img_10215_c0_1283348662261615us.jpg 0.312330 0.349299 0.610785 -0.638264 424.064383 -1194.291906 59.108838
slice23/query/img_10216_c0_1283348662328229us.jpg 0.312418 0.349113 0.610798 -0.638311 423.165058 -1194.124367 59.072664
slice23/query/img_10217_c0_1283348662461606us.jpg 0.312822 0.348880 0.609995 -0.639008 421.379247 -1193.795195 59.004320
slice23/query/img_10218_c0_1283348662528195us.jpg 0.313143 0.348453 0.609965 -0.639112 420.470687 -1193.625893 58.964466
slice23/query/img_10219_c0_1283348662594806us.jpg 0.313323 0.348207 0.610266 -0.638871 419.564789 -1193.457906 58.926635
slice23/query/img_10220_c0_1283348662728180us.jpg 0.312503 0.349333 0.610563 -0.638374 417.753073 -1193.124319 58.860338
slice23/query/img_10221_c0_1283348662794770us.jpg 0.311493 0.350371 0.610469 -0.638389 416.844391 -1192.952328 58.827359
slice23/query/img_10222_c0_1283348662861509us.jpg 0.310602 0.351330 0.610067 -0.638679 415.934078 -1192.778795 58.790674
slice23/query/img_10223_c0_1283348662928122us.jpg 0.309966 0.351912 0.609626 -0.639089 415.033071 -1192.607700 58.753826
slice23/query/img_10224_c0_1283348663061475us.jpg 0.309754 0.352037 0.607841 -0.640821 413.223362 -1192.257884 58.674488
slice23/query/img_10225_c0_1283348663128087us.jpg 0.310094 0.351733 0.607026 -0.641596 412.328127 -1192.084929 58.636208
slice23/query/img_10226_c0_1283348663194700us.jpg 0.310300 0.351598 0.606438 -0.642126 411.425138 -1191.911014 58.594085
slice23/query/img_10227_c0_1283348663328057us.jpg 0.310972 0.350975 0.606306 -0.642267 409.611280 -1191.569712 58.516923
slice23/query/img_10228_c0_1283348663394693us.jpg 0.311751 0.350374 0.606485 -0.642047 408.703249 -1191.400859 58.475144
slice23/query/img_10229_c0_1283348663461405us.jpg 0.312408 0.349873 0.606802 -0.641702 407.797892 -1191.231245 58.434817
slice23/query/img_10230_c0_1283348663528019us.jpg 0.313074 0.349591 0.606714 -0.641614 406.892793 -1191.063158 58.397437
slice23/query/img_10231_c0_1283348663661391us.jpg 0.312652 0.350219 0.607268 -0.640953 405.073153 -1190.730168 58.333315
slice23/query/img_10232_c0_1283348663727983us.jpg 0.311785 0.351173 0.607326 -0.640799 404.166525 -1190.555765 58.303149
slice23/query/img_10233_c0_1283348663794596us.jpg 0.310539 0.352368 0.607137 -0.640926 403.261132 -1190.378586 58.272082
slice23/query/img_10234_c0_1283348663927952us.jpg 0.309869 0.353134 0.606163 -0.641751 401.444053 -1190.034893 58.203734
slice23/query/img_10235_c0_1283348663994583us.jpg 0.310151 0.352300 0.606073 -0.642157 400.537298 -1189.852924 58.165910
slice23/query/img_10236_c0_1283348664061300us.jpg 0.310650 0.351451 0.606227 -0.642237 399.647277 -1189.677554 58.118291
slice23/query/img_10237_c0_1283348664194528us.jpg 0.311063 0.351224 0.606883 -0.641540 397.828843 -1189.335293 58.050687
slice23/query/img_10238_c0_1283348664261285us.jpg 0.310747 0.351544 0.607620 -0.640821 396.924889 -1189.165201 58.008565
slice23/query/img_10239_c0_1283348664327880us.jpg 0.310243 0.351937 0.608371 -0.640136 396.016873 -1188.994079 57.968289
slice23/query/img_10240_c0_1283348664394491us.jpg 0.310029 0.352083 0.608864 -0.639691 395.113360 -1188.822108 57.932665
slice23/query/img_10241_c0_1283348664527847us.jpg 0.310435 0.351581 0.608526 -0.640091 393.306985 -1188.484807 57.847732
slice23/query/img_10242_c0_1283348664594460us.jpg 0.310526 0.350791 0.608580 -0.640429 392.403425 -1188.313702 57.805450
slice23/query/img_10243_c0_1283348664661194us.jpg 0.310609 0.350583 0.608409 -0.640665 391.499479 -1188.142519 57.766542
slice23/query/img_10244_c0_1283348664727809us.jpg 0.310614 0.350688 0.608040 -0.640956 390.591395 -1187.971594 57.727259
slice23/query/img_10245_c0_1283348664861161us.jpg 0.310101 0.351453 0.608221 -0.640613 388.770415 -1187.631348 57.654191
slice23/query/img_10246_c0_1283348664927774us.jpg 0.309798 0.351559 0.608865 -0.640090 387.857382 -1187.459215 57.614594
slice23/query/img_10247_c0_1283348664994387us.jpg 0.309323 0.351743 0.609079 -0.640015 386.949459 -1187.287525 57.574504
slice23/query/img_10248_c0_1283348665127738us.jpg 0.308851 0.351574 0.609072 -0.640342 385.135878 -1186.946919 57.491754
slice23/query/img_10249_c0_1283348665194352us.jpg 0.309004 0.351500 0.608862 -0.640509 384.228449 -1186.779367 57.452911
slice23/query/img_10250_c0_1283348665261089us.jpg 0.308998 0.351482 0.608481 -0.640883 383.319651 -1186.608649 57.412351
slice23/query/img_10251_c0_1283348665327704us.jpg 0.309084 0.351217 0.608000 -0.641444 382.411476 -1186.431678 57.364504
slice23/query/img_10252_c0_1283348665461057us.jpg 0.309685 0.350658 0.608383 -0.641096 380.591393 -1186.102603 57.284019
slice23/query/img_10253_c0_1283348665527696us.jpg 0.309669 0.350917 0.608605 -0.640751 379.682282 -1185.940400 57.249061
slice23/query/img_10254_c0_1283348665594281us.jpg 0.309476 0.350889 0.608897 -0.640582 378.770003 -1185.764813 57.213025
slice23/query/img_10255_c0_1283348665661028us.jpg 0.309422 0.351032 0.609099 -0.640338 377.860130 -1185.597383 57.176035
slice23/query/img_10256_c0_1283348665794250us.jpg 0.309131 0.351171 0.609796 -0.639739 376.033419 -1185.256627 57.098046
slice23/query/img_10257_c0_1283348665860988us.jpg 0.309449 0.350846 0.610066 -0.639507 375.121656 -1185.086249 57.061771
slice23/query/img_10258_c0_1283348665927598us.jpg 0.309716 0.350569 0.610283 -0.639322 374.203722 -1184.914692 57.019713
slice23/query/img_10259_c0_1283348665994211us.jpg 0.309785 0.350487 0.610509 -0.639117 373.285730 -1184.741088 56.978769
slice23/query/img_10260_c0_1283348666127585us.jpg 0.309226 0.350556 0.611440 -0.638460 371.447139 -1184.389904 56.898128
slice23/query/img_10261_c0_1283348666194176us.jpg 0.308588 0.350991 0.611945 -0.638046 370.525059 -1184.216605 56.856752
slice23/query/img_10262_c0_1283348666260915us.jpg 0.308108 0.351613 0.612522 -0.637381 369.608982 -1184.043105 56.817769
slice23/query/img_10263_c0_1283348666394157us.jpg 0.307753 0.351887 0.614328 -0.635661 367.768467 -1183.705280 56.736426
slice23/query/img_10264_c0_1283348666460879us.jpg 0.307923 0.351777 0.614759 -0.635223 366.848955 -1183.534376 56.690743
slice23/query/img_10265_c0_1283348666527493us.jpg 0.308489 0.351268 0.614807 -0.635184 365.931539 -1183.368103 56.639520
slice23/query/img_10266_c0_1283348666594106us.jpg 0.308983 0.350787 0.614532 -0.635475 365.011606 -1183.197245 56.587588
slice23/query/img_10267_c0_1283348666727464us.jpg 0.309784 0.349611 0.615724 -0.634578 363.183402 -1182.865362 56.500114
slice23/query/img_10268_c0_1283348666794072us.jpg 0.309490 0.349725 0.615994 -0.634398 362.263940 -1182.695209 56.454864
slice23/query/img_10269_c0_1283348666860809us.jpg 0.309008 0.350045 0.616290 -0.634168 361.343185 -1182.524005 56.410518
slice23/query/img_10270_c0_1283348666927426us.jpg 0.308872 0.350559 0.616599 -0.633650 360.427575 -1182.357377 56.372275
slice23/query/img_10271_c0_1283348667060776us.jpg 0.309225 0.350638 0.616582 -0.633451 358.592297 -1182.017212 56.282446
slice23/query/img_10272_c0_1283348667127389us.jpg 0.309257 0.350722 0.616382 -0.633583 357.677360 -1181.841347 56.243923
slice23/query/img_10273_c0_1283348667260764us.jpg 0.309199 0.350755 0.615567 -0.634385 355.846048 -1181.488896 56.159327
slice23/query/img_10274_c0_1283348667327352us.jpg 0.308971 0.350740 0.615552 -0.634519 354.933222 -1181.314873 56.120687
slice23/query/img_10275_c0_1283348667393965us.jpg 0.308837 0.350993 0.615311 -0.634678 354.019234 -1181.143853 56.074898
slice23/query/img_10276_c0_1283348667527339us.jpg 0.309159 0.350950 0.615538 -0.634325 352.184937 -1180.796912 55.988838
slice23/query/img_10277_c0_1283348667593929us.jpg 0.309199 0.350995 0.615797 -0.634029 351.265620 -1180.625416 55.943380
slice23/query/img_10278_c0_1283348667660667us.jpg 0.308908 0.351083 0.616140 -0.633788 350.350298 -1180.453133 55.898195
slice23/query/img_10279_c0_1283348667793915us.jpg 0.308269 0.351456 0.616215 -0.633820 348.514739 -1180.109445 55.812381
slice23/query/img_10280_c0_1283348667860632us.jpg 0.308161 0.351484 0.615887 -0.634176 347.602835 -1179.936252 55.766183
slice23/query/img_10281_c0_1283348667993883us.jpg 0.308530 0.351297 0.614879 -0.635077 345.776980 -1179.602060 55.668245
slice23/query/img_10282_c0_1283348668060619us.jpg 0.308555 0.351382 0.614299 -0.635579 344.864545 -1179.427554 55.620069
slice23/query/img_10283_c0_1283348668127213us.jpg 0.308610 0.351369 0.613947 -0.635900 343.952080 -1179.255404 55.572576
slice23/query/img_10284_c0_1283348668193826us.jpg 0.308767 0.351327 0.613738 -0.636049 343.043356 -1179.085403 55.530214
slice23/query/img_10285_c0_1283348668328211us.jpg 0.308709 0.350858 0.614131 -0.635956 341.222525 -1178.745625 55.444039
slice23/query/img_10286_c0_1283348668393790us.jpg 0.308821 0.350737 0.614751 -0.635370 340.320005 -1178.579167 55.402650
slice23/query/img_10287_c0_1283348668460530us.jpg 0.308849 0.350549 0.615360 -0.634870 339.416481 -1178.407239 55.364977
slice23/query/img_10288_c0_1283348668527143us.jpg 0.308976 0.350655 0.615652 -0.634466 338.513777 -1178.239113 55.322629
slice23/query/img_10289_c0_1283348668660496us.jpg 0.309096 0.350751 0.616507 -0.633524 336.715512 -1177.907983 55.235703
slice23/query/img_10290_c0_1283348668727108us.jpg 0.309178 0.350568 0.616790 -0.633309 335.814314 -1177.737880 55.189991
slice23/query/img_10291_c0_1283348668793720us.jpg 0.308954 0.350672 0.616702 -0.633448 334.914271 -1177.570250 55.141144
slice23/query/img_10292_c0_1283348668860459us.jpg 0.308699 0.350888 0.616428 -0.633718 334.012598 -1177.399464 55.097023
slice23/query/img_10293_c0_1283348668993690us.jpg 0.307789 0.351740 0.616761 -0.633365 332.212067 -1177.081307 55.029553
slice23/query/img_10294_c0_1283348669060430us.jpg 0.307400 0.351961 0.617155 -0.633047 331.303442 -1176.912044 54.982257
slice23/query/img_10295_c0_1283348669127037us.jpg 0.306825 0.352123 0.617722 -0.632683 330.394800 -1176.738342 54.932880
slice23/query/img_10296_c0_1283348669260642us.jpg 0.307561 0.351501 0.618868 -0.631550 328.611095 -1176.401445 54.833841
slice23/query/img_10297_c0_1283348669327003us.jpg 0.307507 0.351637 0.619044 -0.631328 327.709636 -1176.238221 54.776186
slice23/query/img_10298_c0_1283348669393616us.jpg 0.307172 0.351918 0.619238 -0.631144 326.811722 -1176.071300 54.724214
slice23/query/img_10299_c0_1283348669460354us.jpg 0.306675 0.352139 0.619751 -0.630760 325.914452 -1175.903341 54.673864
slice23/query/img_10300_c0_1283348669593583us.jpg 0.306534 0.355578 0.619849 -0.628799 324.166134 -1175.598022 54.613164
slice23/query/img_10301_c0_1283348669660341us.jpg 0.306173 0.356252 0.619293 -0.629141 323.246773 -1175.426642 54.552051
slice23/query/img_10302_c0_1283348669726932us.jpg 0.305935 0.356425 0.619192 -0.629258 322.330439 -1175.252335 54.490675
slice23/query/img_10303_c0_1283348669793546us.jpg 0.305911 0.356559 0.619163 -0.629222 321.419283 -1175.080910 54.426279
slice23/query/img_10304_c0_1283348669926899us.jpg 0.305677 0.356702 0.618729 -0.629683 319.593330 -1174.728749 54.290829
slice23/query/img_10305_c0_1283348669993531us.jpg 0.306525 0.356752 0.618404 -0.629561 318.682853 -1174.555921 54.223044
slice23/query/img_10306_c0_1283348670060247us.jpg 0.306434 0.356568 0.618583 -0.629534 317.781379 -1174.382140 54.158944
slice23/query/img_10307_c0_1283348670126863us.jpg 0.305320 0.357380 0.618338 -0.629856 316.877247 -1174.207845 54.097091
slice23/query/img_10308_c0_1283348670193475us.jpg 0.304896 0.356842 0.619448 -0.629274 315.978996 -1174.041041 54.039472
slice23/query/img_10309_c0_1283348670326828us.jpg 0.304197 0.357683 0.620208 -0.628386 314.166625 -1173.699707 53.930751
slice23/query/img_10310_c0_1283348670393440us.jpg 0.303611 0.358057 0.619584 -0.629071 313.240875 -1173.528739 53.858738
slice23/query/img_10311_c0_1283348670460178us.jpg 0.303049 0.358096 0.619264 -0.629635 312.316315 -1173.354512 53.783779
slice23/query/img_10312_c0_1283348670526790us.jpg 0.301852 0.358416 0.619875 -0.629426 311.399884 -1173.182209 53.713417
slice23/query/img_10313_c0_1283348670660168us.jpg 0.303421 0.357274 0.623021 -0.626207 309.572050 -1172.873170 53.591518
slice23/query/img_10314_c0_1283348670726757us.jpg 0.302296 0.357684 0.623113 -0.626426 308.662402 -1172.705776 53.524001
slice23/query/img_10315_c0_1283348670793368us.jpg 0.302192 0.357339 0.623598 -0.626191 307.749377 -1172.541894 53.457852
slice23/query/img_10316_c0_1283348670926747us.jpg 0.299871 0.357395 0.624190 -0.626684 305.926231 -1172.203196 53.322969
slice23/query/img_10317_c0_1283348670993339us.jpg 0.299016 0.357422 0.624151 -0.627116 305.009014 -1172.036684 53.250830
slice23/query/img_10318_c0_1283348671060073us.jpg 0.298564 0.357095 0.624369 -0.627301 304.099141 -1171.870829 53.178169
slice23/query/img_10319_c0_1283348671126686us.jpg 0.298740 0.357608 0.624556 -0.626738 303.198382 -1171.716587 53.109665
slice23/query/img_10320_c0_1283348671260039us.jpg 0.298517 0.357635 0.624711 -0.626674 301.391651 -1171.415741 52.946499
slice23/query/img_10321_c0_1283348671326652us.jpg 0.297648 0.357289 0.625021 -0.626976 300.454353 -1171.252768 52.865620
slice23/query/img_10322_c0_1283348671393265us.jpg 0.296772 0.357146 0.625233 -0.627261 299.517341 -1171.090894 52.784414
slice23/query/img_10323_c0_1283348671460003us.jpg 0.296126 0.356991 0.625272 -0.627616 298.586475 -1170.928479 52.701420
slice23/query/img_10324_c0_1283348671593230us.jpg 0.295092 0.356296 0.625992 -0.627780 296.730274 -1170.604541 52.549061
slice23/query/img_10325_c0_1283348671659968us.jpg 0.294090 0.355995 0.626288 -0.628125 295.797867 -1170.440903 52.470129
slice23/query/img_10326_c0_1283348671726582us.jpg 0.293034 0.355800 0.626185 -0.628832 294.865855 -1170.276255 52.388636
slice23/query/img_10327_c0_1283348671859934us.jpg 0.291155 0.355156 0.625583 -0.630666 292.996039 -1169.953452 52.225083
slice23/query/img_10328_c0_1283348671926543us.jpg 0.290428 0.354449 0.625451 -0.631528 292.058508 -1169.796433 52.141537
slice23/query/img_10329_c0_1283348671993160us.jpg 0.289712 0.353579 0.625557 -0.632240 291.121622 -1169.641465 52.057090
slice23/query/img_10330_c0_1283348672126535us.jpg 0.288250 0.352152 0.626461 -0.632810 289.245042 -1169.343902 51.892908
slice23/query/img_10331_c0_1283348672193144us.jpg 0.287137 0.351597 0.627353 -0.632740 288.307270 -1169.199959 51.812799
slice23/query/img_10332_c0_1283348672259864us.jpg 0.285884 0.351214 0.628201 -0.632679 287.366521 -1169.060649 51.732325
slice23/query/img_10333_c0_1283348672393115us.jpg 0.282839 0.350858 0.629926 -0.632530 285.480748 -1168.783070 51.569278
slice23/query/img_10334_c0_1283348672459827us.jpg 0.281590 0.350089 0.630698 -0.632744 284.537962 -1168.646406 51.482895
slice23/query/img_10335_c0_1283348672526444us.jpg 0.280664 0.349104 0.631266 -0.633133 283.597499 -1168.513856 51.394411
slice23/query/img_10336_c0_1283348672593054us.jpg 0.280128 0.347573 0.631937 -0.633542 282.656870 -1168.385386 51.306078
slice23/query/img_10337_c0_1283348672726405us.jpg 0.278819 0.345107 0.632909 -0.634498 280.763300 -1168.137173 51.124432
slice23/query/img_10338_c0_1283348672793017us.jpg 0.277760 0.344179 0.633588 -0.634788 279.817885 -1168.014555 51.037721
slice23/query/img_10339_c0_1283348672859756us.jpg 0.276702 0.343328 0.634182 -0.635118 278.874187 -1167.895555 50.953227
slice23/query/img_10340_c0_1283348672992987us.jpg 0.273956 0.341835 0.635765 -0.635531 276.971000 -1167.669161 50.778806
slice23/query/img_10341_c0_1283348673059725us.jpg 0.272601 0.341015 0.636473 -0.635846 276.018066 -1167.557380 50.691464
slice23/query/img_10342_c0_1283348673126334us.jpg 0.271300 0.340344 0.637171 -0.636062 275.063058 -1167.450281 50.603935
slice23/query/img_10343_c0_1283348673192948us.jpg 0.270264 0.339394 0.637928 -0.636253 274.109421 -1167.347212 50.513589
slice23/query/img_10344_c0_1283348673326321us.jpg 0.268922 0.336602 0.639147 -0.637080 272.200627 -1167.150351 50.321764
slice23/query/img_10345_c0_1283348673392914us.jpg 0.268237 0.335677 0.639041 -0.637962 271.247754 -1167.049608 50.229573
slice23/query/img_10346_c0_1283348673459650us.jpg 0.267203 0.335463 0.638466 -0.639084 270.293659 -1166.952135 50.138584
slice23/query/img_10347_c0_1283348673592904us.jpg 0.263693 0.335598 0.639000 -0.639937 268.370754 -1166.767718 49.972241
slice23/query/img_10348_c0_1283348673659617us.jpg 0.261814 0.335746 0.639137 -0.640493 267.409194 -1166.678650 49.884117
slice23/query/img_10349_c0_1283348673726231us.jpg 0.260194 0.335584 0.639592 -0.640784 266.448300 -1166.593786 49.793417
slice23/query/img_10350_c0_1283348673792844us.jpg 0.259280 0.334894 0.640182 -0.640926 265.491947 -1166.515122 49.699150
slice23/query/img_10351_c0_1283348673859582us.jpg 0.258310 0.334558 0.641044 -0.640632 264.535271 -1166.436906 49.604665
slice23/query/img_10352_c0_1283348673992811us.jpg 0.257436 0.333117 0.643774 -0.638994 262.613899 -1166.301240 49.420656
slice23/query/img_10353_c0_1283348674059546us.jpg 0.257063 0.331999 0.645162 -0.638327 261.652296 -1166.235614 49.322511
slice23/query/img_10354_c0_1283348674126161us.jpg 0.257335 0.330545 0.645878 -0.638248 260.694779 -1166.169320 49.223548
slice23/query/img_10355_c0_1283348674260374us.jpg 0.256288 0.329627 0.645628 -0.639395 258.783049 -1166.032723 49.031761
slice23/query/img_10356_c0_1283348674326150us.jpg 0.255587 0.329102 0.645234 -0.640344 257.821236 -1165.963641 48.940466
slice23/query/img_10357_c0_1283348674392738us.jpg 0.255058 0.328318 0.644710 -0.641484 256.860455 -1165.896660 48.845804
slice23/query/img_10358_c0_1283348674459478us.jpg 0.255054 0.327344 0.644033 -0.642662 255.898423 -1165.832492 48.750214
slice23/query/img_10359_c0_1283348674526090us.jpg 0.254641 0.326699 0.643588 -0.643599 254.932946 -1165.770401 48.654280
slice23/query/img_10360_c0_1283348674659444us.jpg 0.254565 0.324799 0.644081 -0.644098 252.999994 -1165.650324 48.473298
slice23/query/img_10361_c0_1283348674726055us.jpg 0.254340 0.323802 0.644829 -0.643940 252.029757 -1165.594093 48.379274
slice23/query/img_10362_c0_1283348674792669us.jpg 0.254015 0.323150 0.645364 -0.643860 251.055922 -1165.540712 48.283209
slice23/query/img_10363_c0_1283348674859408us.jpg 0.253452 0.322893 0.645777 -0.643797 250.082267 -1165.489598 48.191348
slice23/query/img_10364_c0_1283348674992635us.jpg 0.252236 0.322252 0.646105 -0.644266 248.123025 -1165.399374 47.995931
slice23/query/img_10365_c0_1283348675059373us.jpg 0.251435 0.321778 0.646443 -0.644477 247.148177 -1165.349159 47.905272
slice23/query/img_10366_c0_1283348675125985us.jpg 0.250371 0.321354 0.646679 -0.644866 246.174074 -1165.298968 47.811674
slice23/query/img_10367_c0_1283348675192599us.jpg 0.249669 0.320870 0.646872 -0.645185 245.198652 -1165.251271 47.719680
slice23/query/img_10368_c0_1283348675325951us.jpg 0.249388 0.319983 0.646646 -0.645961 243.249584 -1165.174160 47.523138
slice23/query/img_10369_c0_1283348675392564us.jpg 0.249345 0.319752 0.646868 -0.645869 242.277484 -1165.134732 47.428884
slice23/query/img_10370_c0_1283348675459303us.jpg 0.249295 0.319465 0.647476 -0.645421 241.309790 -1165.095900 47.337700
slice23/query/img_10371_c0_1283348675592530us.jpg 0.249122 0.318838 0.649088 -0.644178 239.384437 -1165.023232 47.159990
slice23/query/img_10372_c0_1283348675659266us.jpg 0.248795 0.318844 0.649120 -0.644269 238.412564 -1164.985089 47.064476
slice23/query/img_10373_c0_1283348675725881us.jpg 0.248279 0.318920 0.649138 -0.644413 237.444227 -1164.948534 46.974058
slice23/query/img_10374_c0_1283348675859233us.jpg 0.247700 0.318097 0.649686 -0.644490 235.523418 -1164.876499 46.794556
slice23/query/img_10375_c0_1283348675925843us.jpg 0.248079 0.317155 0.650422 -0.644065 234.568086 -1164.849000 46.712179
slice23/query/img_10376_c0_1283348676125814us.jpg 0.245951 0.317678 0.651183 -0.643856 231.668051 -1164.770131 46.465872
slice23/query/img_10377_c0_1283348676259195us.jpg 0.244485 0.317729 0.652837 -0.642713 229.724308 -1164.720614 46.279243
slice23/query/img_10378_c0_1283348676325776us.jpg 0.244351 0.317379 0.652797 -0.642976 228.756963 -1164.694139 46.182786
slice23/query/img_10379_c0_1283348676392389us.jpg 0.244470 0.317099 0.652397 -0.643475 227.788419 -1164.668742 46.087373
slice23/query/img_10380_c0_1283348676459128us.jpg 0.244405 0.316370 0.652074 -0.644186 226.827037 -1164.636429 45.993306
slice23/query/img_10381_c0_1283348676592377us.jpg 0.243614 0.315848 0.650974 -0.645852 224.903725 -1164.577184 45.816124
slice23/query/img_10382_c0_1283348676659092us.jpg 0.242712 0.316224 0.650440 -0.646545 223.940988 -1164.548337 45.729039
slice23/query/img_10383_c0_1283348676725705us.jpg 0.241783 0.316886 0.649950 -0.647063 222.980218 -1164.521653 45.642533
slice23/query/img_10384_c0_1283348676859059us.jpg 0.240571 0.317714 0.650361 -0.646695 221.056948 -1164.470571 45.473932
slice23/query/img_10385_c0_1283348676925675us.jpg 0.240601 0.317268 0.650932 -0.646328 220.095034 -1164.447127 45.384227
slice23/query/img_10386_c0_1283348676992283us.jpg 0.240849 0.316707 0.651160 -0.646281 219.137469 -1164.424239 45.291693
slice23/query/img_10387_c0_1283348677125657us.jpg 0.242079 0.315394 0.651363 -0.646259 217.217923 -1164.373134 45.110955
slice23/query/img_10388_c0_1283348677192248us.jpg 0.241824 0.315657 0.651165 -0.646425 216.243345 -1164.351174 45.018814
slice23/query/img_10389_c0_1283348677258988us.jpg 0.240934 0.316420 0.651045 -0.646506 215.271780 -1164.326696 44.927282
slice23/query/img_10390_c0_1283348677392249us.jpg 0.239208 0.318648 0.649805 -0.647299 213.334670 -1164.273332 44.748527
slice23/query/img_10391_c0_1283348677458991us.jpg 0.238900 0.319506 0.648973 -0.647824 212.365214 -1164.242322 44.652907
slice23/query/img_10392_c0_1283348677525565us.jpg 0.238722 0.319876 0.648050 -0.648632 211.396970 -1164.210185 44.554271
slice23/query/img_10393_c0_1283348677659268us.jpg 0.239976 0.319010 0.647235 -0.649408 209.461476 -1164.152806 44.351701
slice23/query/img_10394_c0_1283348677725528us.jpg 0.240466 0.318976 0.647196 -0.649283 208.481931 -1164.115750 44.253904
slice23/query/img_10395_c0_1283348677792142us.jpg 0.241148 0.319038 0.647518 -0.648678 207.509632 -1164.084841 44.150737
slice23/query/img_10396_c0_1283348677925497us.jpg 0.242911 0.319393 0.649036 -0.646324 205.545092 -1164.007800 43.960039
slice23/query/img_10397_c0_1283348677992106us.jpg 0.243746 0.319447 0.649724 -0.645291 204.574614 -1163.968331 43.863566
slice23/query/img_10398_c0_1283348678058845us.jpg 0.244213 0.319671 0.650110 -0.644614 203.607527 -1163.919101 43.773559
slice23/query/img_10399_c0_1283348678192075us.jpg 0.244399 0.321365 0.649557 -0.644259 201.711639 -1163.808431 43.616248
slice23/query/img_10400_c0_1283348678258809us.jpg 0.244284 0.322507 0.648816 -0.644478 200.769621 -1163.759270 43.528038
slice23/query/img_10401_c0_1283348678325430us.jpg 0.244036 0.323545 0.648382 -0.644489 199.836348 -1163.707466 43.440899
slice23/query/img_10402_c0_1283348678458778us.jpg 0.243882 0.325640 0.647637 -0.644241 198.015370 -1163.620315 43.261232
slice23/query/img_10403_c0_1283348678525389us.jpg 0.244382 0.326443 0.647413 -0.643870 197.116949 -1163.584191 43.168314
slice23/query/img_10404_c0_1283348678592003us.jpg 0.245135 0.326758 0.647370 -0.643467 196.239156 -1163.542434 43.079884
slice23/query/img_10405_c0_1283348678725422us.jpg 0.246388 0.327979 0.648056 -0.641674 194.538281 -1163.453755 42.921139
slice23/query/img_10406_c0_1283348678791968us.jpg 0.247480 0.328651 0.648337 -0.640625 193.700371 -1163.411951 42.835146
slice23/query/img_10407_c0_1283348678858706us.jpg 0.248758 0.329686 0.647923 -0.640018 192.873620 -1163.353731 42.756389
