slice23/query/img_05338_c0_1311875305184216us.jpg 0.325445 0.339099 0.618486 -0.629740 489.399579 -1206.648963 61.149521
slice23/query/img_05339_c0_1311875305450888us.jpg 0.324619 0.340537 0.619256 -0.628633 484.779250 -1205.745402 61.097066
slice23/query/img_05340_c0_1311875305717624us.jpg 0.324563 0.342003 0.618852 -0.628264 480.066386 -1204.907660 61.012712
slice23/query/img_05341_c0_1311875306050854us.jpg 0.324105 0.344278 0.619920 -0.626201 474.240247 -1203.795325 60.936538
slice23/query/img_05342_c0_1311875306317631us.jpg 0.323602 0.346231 0.616793 -0.628469 469.515265 -1202.917250 60.802714
slice23/query/img_05343_c0_1311875306584258us.jpg 0.323002 0.345931 0.615628 -0.630082 464.870274 -1201.961774 60.651709
slice23/query/img_05344_c0_1311875306850895us.jpg 0.322532 0.346327 0.618680 -0.627109 460.126874 -1201.040789 60.544115
slice23/query/img_05345_c0_1311875307117642us.jpg 0.321802 0.346556 0.617047 -0.628963 455.308880 -1200.153693 60.344340
slice23/query/img_05346_c0_1311875307384230us.jpg 0.320761 0.347492 0.619249 -0.626811 450.529068 -1199.239333 60.225345
slice23/query/img_05347_c0_1311875307650862us.jpg 0.319719 0.348352 0.619481 -0.626637 445.738038 -1198.318254 60.089278
slice23/query/img_05348_c0_1311875307917604us.jpg 0.317664 0.349419 0.617159 -0.629373 440.945605 -1197.373453 59.877428
slice23/query/img_05349_c0_1311875308184267us.jpg 0.316919 0.350187 0.619651 -0.626868 436.135638 -1196.473736 59.769186
slice23/query/img_05350_c0_1311875308517644us.jpg 0.313864 0.351359 0.619434 -0.627964 430.099044 -1195.299808 59.541813
slice23/query/img_05351_c0_1311875308784237us.jpg 0.314947 0.350202 0.619726 -0.627779 425.289011 -1194.427623 59.306029
slice23/query/img_05352_c0_1311875309050893us.jpg 0.314669 0.350806 0.620870 -0.626450 420.506705 -1193.572344 59.077382
slice23/query/img_05353_c0_1311875309384246us.jpg 0.311700 0.352224 0.621815 -0.626201 414.761057 -1192.313269 58.984037
slice23/query/img_05354_c0_1311875309650897us.jpg 0.311534 0.353310 0.616957 -0.630463 410.043886 -1191.482272 58.730820
slice23/query/img_05355_c0_1311875309917651us.jpg 0.313140 0.352025 0.616395 -0.630935 405.315981 -1190.604155 58.487774
slice23/query/img_05356_c0_1311875310184244us.jpg 0.313617 0.353159 0.617076 -0.629397 400.621683 -1189.766145 58.294306
slice23/query/img_05357_c0_1311875310517627us.jpg 0.313902 0.352960 0.616466 -0.629964 394.747555 -1188.679356 58.001729
slice23/query/img_05358_c0_1311875310784250us.jpg 0.314015 0.353325 0.618383 -0.627820 390.078178 -1187.835365 57.774442
slice23/query/img_05359_c0_1311875311117660us.jpg 0.313856 0.354574 0.617604 -0.627963 384.284160 -1186.708638 57.577170
slice23/query/img_05360_c0_1311875311384255us.jpg 0.315215 0.353660 0.617972 -0.627435 379.625048 -1185.784389 57.400895
slice23/query/img_05361_c0_1311875311650883us.jpg 0.315845 0.353352 0.620145 -0.625144 374.955656 -1184.932956 57.183463
slice23/query/img_05362_c0_1311875311984263us.jpg 0.315547 0.353894 0.622668 -0.622474 369.163700 -1183.830620 56.893454
slice23/query/img_05363_c0_1311875312250901us.jpg 0.315469 0.354116 0.622874 -0.622181 364.514367 -1182.965934 56.695149
slice23/query/img_05364_c0_1311875312517671us.jpg 0.315991 0.354503 0.623635 -0.620933 359.930462 -1182.093899 56.449026
slice23/query/img_05365_c0_1311875312784259us.jpg 0.314024 0.356390 0.621659 -0.622828 355.312516 -1181.181411 56.169622
slice23/query/img_05366_c0_1311875313050885us.jpg 0.313947 0.356260 0.618830 -0.625751 350.699452 -1180.262793 55.936926
slice23/query/img_05367_c0_1311875313384270us.jpg 0.313179 0.357618 0.616755 -0.627409 344.895601 -1179.231548 55.599411
slice23/query/img_05368_c0_1311875313650901us.jpg 0.314061 0.355788 0.616999 -0.627768 340.415250 -1178.381949 55.369553
slice23/query/img_05369_c0_1311875313917645us.jpg 0.313713 0.355461 0.620323 -0.624845 335.934724 -1177.558768 55.134725
slice23/query/img_05370_c0_1311875314184268us.jpg 0.313533 0.355175 0.621655 -0.623773 331.468302 -1176.687781 54.918057
slice23/query/img_05371_c0_1311875314517652us.jpg 0.310516 0.357398 0.622766 -0.622904 325.808430 -1175.597574 54.588609
slice23/query/img_05372_c0_1311875314784283us.jpg 0.308502 0.358456 0.621984 -0.624078 321.269616 -1174.691542 54.285602
slice23/query/img_05373_c0_1311875315050911us.jpg 0.306864 0.359317 0.622221 -0.624153 316.830195 -1173.835082 54.022715
slice23/query/img_05374_c0_1311875315317656us.jpg 0.306541 0.357772 0.625873 -0.621542 312.333536 -1172.999479 53.705291
slice23/query/img_05375_c0_1311875315584278us.jpg 0.302077 0.357463 0.627283 -0.622484 307.850013 -1172.152978 53.411718
slice23/query/img_05376_c0_1311875315850911us.jpg 0.297130 0.355800 0.627869 -0.625220 303.420417 -1171.388992 53.101083
slice23/query/img_05377_c0_1311875316117654us.jpg 0.293170 0.352789 0.631879 -0.624757 299.018224 -1170.665104 52.734378
slice23/query/img_05378_c0_1311875316317655us.jpg 0.289246 0.350808 0.633740 -0.625815 295.675482 -1170.131328 52.475962
slice23/query/img_05379_c0_1311875316650939us.jpg 0.284233 0.345037 0.637791 -0.627204 289.964218 -1169.356897 51.952175
slice23/query/img_05380_c0_1311875316984294us.jpg 0.279832 0.342844 0.642066 -0.626021 284.353593 -1168.675384 51.486405
slice23/query/img_05381_c0_1311875317250922us.jpg 0.275491 0.342683 0.638779 -0.631375 279.769985 -1168.192422 51.065976
slice23/query/img_05382_c0_1311875317517696us.jpg 0.273825 0.340267 0.645143 -0.626920 275.282530 -1167.651638 50.728256
slice23/query/img_05383_c0_1311875317784292us.jpg 0.272744 0.339061 0.646610 -0.626534 270.308386 -1167.376119 50.131044
slice23/query/img_05384_c0_1311875318050950us.jpg 0.268411 0.336716 0.643830 -0.632504 265.713135 -1166.909238 49.703899
slice23/query/img_05385_c0_1311875318317700us.jpg 0.265969 0.333040 0.648867 -0.630330 261.115131 -1166.494526 49.258596
slice23/query/img_05386_c0_1311875318584299us.jpg 0.259535 0.331513 0.648638 -0.634042 256.608969 -1166.085860 48.805719
slice23/query/img_05388_c0_1311875319250957us.jpg 0.254224 0.325485 0.647869 -0.640075 245.254985 -1165.542460 47.573490
slice23/query/img_05389_c0_1311875319517712us.jpg 0.251555 0.321011 0.651812 -0.639385 240.813943 -1165.191320 47.224977
slice23/query/img_05390_c0_1311875319784308us.jpg 0.250072 0.317371 0.655150 -0.638371 236.186390 -1164.895171 46.847244
slice23/query/img_05391_c0_1311875320050960us.jpg 0.249192 0.315222 0.657844 -0.637008 230.896131 -1164.849235 46.312356
slice23/query/img_05392_c0_1311875320317677us.jpg 0.244792 0.314258 0.657094 -0.639958 225.842261 -1164.590735 45.814273
slice23/query/img_05393_c0_1311875320650939us.jpg 0.244355 0.315040 0.656221 -0.640636 220.108192 -1164.605691 45.243680
slice23/query/img_05394_c0_1311875320917695us.jpg 0.248831 0.316765 0.659194 -0.634985 215.828678 -1164.693636 44.841307
slice23/query/img_05396_c0_1311875321450969us.jpg 0.247255 0.318508 0.653473 -0.640618 206.480067 -1164.424821 43.913712
slice23/query/img_05397_c0_1311875321717687us.jpg 0.251430 0.320306 0.655902 -0.635594 202.001870 -1164.279239 43.517451
slice23/query/img_05398_c0_1311875321984317us.jpg 0.256640 0.324887 0.655149 -0.631953 197.540082 -1164.061790 43.122117
