slice23/query/img_07623_c0_1284563917386675us.jpg 0.329307 0.337911 0.617268 -0.629566 488.337975 -1209.318309 60.831961
slice23/query/img_07624_c0_1284563917520000us.jpg 0.328781 0.339629 0.615713 -0.630439 486.112348 -1208.881854 60.832668
slice23/query/img_07625_c0_1284563917586589us.jpg 0.328331 0.339852 0.615326 -0.630931 485.005401 -1208.664575 60.829440
slice23/query/img_07626_c0_1284563917653329us.jpg 0.327717 0.339951 0.615016 -0.631498 483.898753 -1208.443688 60.827111
slice23/query/img_07627_c0_1284563917719942us.jpg 0.327251 0.340169 0.614393 -0.632229 482.792383 -1208.223313 60.819489
slice23/query/img_07628_c0_1284563917853311us.jpg 0.326477 0.341128 0.613554 -0.632927 480.577548 -1207.798409 60.808914
slice23/query/img_07629_c0_1284563917919904us.jpg 0.325862 0.341499 0.613596 -0.633003 479.472497 -1207.579647 60.802375
slice23/query/img_07630_c0_1284563918053257us.jpg 0.324999 0.342208 0.613505 -0.633152 477.264314 -1207.154715 60.786521
slice23/query/img_07631_c0_1284563918119873us.jpg 0.324203 0.342714 0.613440 -0.633349 476.158178 -1206.938652 60.777551
slice23/query/img_07632_c0_1284563918186482us.jpg 0.323220 0.343177 0.613523 -0.633521 475.053342 -1206.723015 60.765965
slice23/query/img_07633_c0_1284563918253221us.jpg 0.322292 0.343518 0.613747 -0.633591 473.951734 -1206.509598 60.754275
slice23/query/img_07634_c0_1284563918386449us.jpg 0.321136 0.343845 0.614755 -0.633024 471.749252 -1206.084210 60.735834
slice23/query/img_07635_c0_1284563918453185us.jpg 0.321010 0.343543 0.615361 -0.632662 470.648369 -1205.873276 60.715345
slice23/query/img_07636_c0_1284563918519801us.jpg 0.320846 0.343422 0.616026 -0.632164 469.546110 -1205.666523 60.693348
slice23/query/img_07637_c0_1284563918653152us.jpg 0.320682 0.342816 0.616890 -0.631734 467.348856 -1205.250400 60.652006
slice23/query/img_07638_c0_1284563918719765us.jpg 0.320037 0.342811 0.616747 -0.632203 466.251258 -1205.033834 60.632654
slice23/query/img_07639_c0_1284563918853139us.jpg 0.317676 0.344249 0.615720 -0.633611 464.047982 -1204.611124 60.603983
slice23/query/img_07640_c0_1284563918919728us.jpg 0.316542 0.344708 0.615239 -0.634396 462.946425 -1204.400955 60.579220
slice23/query/img_07641_c0_1284563918986343us.jpg 0.315757 0.344861 0.614854 -0.635077 461.842582 -1204.196321 60.550397
slice23/query/img_07642_c0_1284563919119697us.jpg 0.315361 0.344120 0.615036 -0.635500 459.643949 -1203.781060 60.491463
slice23/query/img_07643_c0_1284563919186308us.jpg 0.315755 0.343888 0.615371 -0.635105 458.545377 -1203.582803 60.465979
slice23/query/img_07644_c0_1284563919253047us.jpg 0.315698 0.343744 0.615984 -0.634617 457.441904 -1203.384612 60.436487
slice23/query/img_07645_c0_1284563919319659us.jpg 0.315345 0.343947 0.616404 -0.634274 456.336519 -1203.184846 60.408956
slice23/query/img_07646_c0_1284563919453012us.jpg 0.313352 0.344555 0.617542 -0.633825 454.124062 -1202.762119 60.366236
slice23/query/img_07647_c0_1284563919519626us.jpg 0.312976 0.344381 0.617542 -0.634105 453.011695 -1202.561821 60.335497
slice23/query/img_07648_c0_1284563919586237us.jpg 0.312686 0.344568 0.617244 -0.634436 451.903060 -1202.360423 60.303567
slice23/query/img_07649_c0_1284563919719620us.jpg 0.312506 0.344615 0.616919 -0.634816 449.672034 -1201.958262 60.247439
slice23/query/img_07650_c0_1284563919786206us.jpg 0.312486 0.344495 0.616925 -0.634885 448.551874 -1201.758298 60.213701
slice23/query/img_07651_c0_1284563919852939us.jpg 0.312260 0.344728 0.617124 -0.634677 447.431366 -1201.556485 60.181280
slice23/query/img_07652_c0_1284563919919554us.jpg 0.311753 0.345000 0.617522 -0.634390 446.312174 -1201.358605 60.146734
slice23/query/img_07653_c0_1284563920052928us.jpg 0.311532 0.345451 0.618773 -0.633033 444.071177 -1200.962516 60.078288
slice23/query/img_07654_c0_1284563920119519us.jpg 0.311697 0.345689 0.619355 -0.632252 442.948067 -1200.768520 60.036973
slice23/query/img_07655_c0_1284563920186133us.jpg 0.312169 0.345691 0.620003 -0.631383 441.824372 -1200.573624 59.996101
slice23/query/img_07656_c0_1284563920319751us.jpg 0.312837 0.345919 0.620465 -0.630473 439.577423 -1200.173946 59.902368
slice23/query/img_07657_c0_1284563920386118us.jpg 0.312934 0.346194 0.620445 -0.630294 438.455354 -1199.973045 59.859370
slice23/query/img_07658_c0_1284563920452834us.jpg 0.313206 0.346467 0.619878 -0.630567 437.331863 -1199.770532 59.816234
slice23/query/img_07659_c0_1284563920519448us.jpg 0.313429 0.346852 0.619249 -0.630862 436.209189 -1199.565726 59.777630
slice23/query/img_07660_c0_1284563920652802us.jpg 0.313909 0.347732 0.617444 -0.631907 433.959749 -1199.156384 59.692379
slice23/query/img_07661_c0_1284563920719413us.jpg 0.314035 0.348514 0.616987 -0.631860 432.836339 -1198.953532 59.658206
slice23/query/img_07662_c0_1284563920786028us.jpg 0.313840 0.349284 0.616650 -0.631861 431.710596 -1198.742384 59.616388
slice23/query/img_07663_c0_1284563920919380us.jpg 0.313008 0.350887 0.616814 -0.631224 429.453159 -1198.328467 59.523817
slice23/query/img_07664_c0_1284563920985993us.jpg 0.313283 0.351392 0.617077 -0.630550 428.330703 -1198.127780 59.476412
slice23/query/img_07665_c0_1284563921052729us.jpg 0.313987 0.351536 0.617347 -0.629856 427.208090 -1197.920242 59.428610
slice23/query/img_07666_c0_1284563921185958us.jpg 0.315668 0.351360 0.618085 -0.628387 424.957148 -1197.505716 59.332688
slice23/query/img_07667_c0_1284563921252714us.jpg 0.316399 0.351204 0.618415 -0.627783 423.829137 -1197.294526 59.281260
slice23/query/img_07668_c0_1284563921319308us.jpg 0.316944 0.351297 0.618461 -0.627410 422.703943 -1197.079985 59.234238
slice23/query/img_07669_c0_1284563921385921us.jpg 0.316873 0.351714 0.618376 -0.627295 421.580872 -1196.859900 59.191111
slice23/query/img_07670_c0_1284563921519274us.jpg 0.316662 0.352356 0.617880 -0.627531 419.319770 -1196.417718 59.111395
slice23/query/img_07671_c0_1284563921585887us.jpg 0.316329 0.352636 0.617607 -0.627810 418.192843 -1196.191559 59.068426
slice23/query/img_07672_c0_1284563921652624us.jpg 0.316017 0.352745 0.617261 -0.628246 417.063237 -1195.971381 59.025218
slice23/query/img_07673_c0_1284563921785872us.jpg 0.315788 0.353242 0.616366 -0.628960 414.797385 -1195.534774 58.936999
slice23/query/img_07674_c0_1284563921852589us.jpg 0.315588 0.353291 0.615990 -0.629401 413.664094 -1195.307740 58.891743
slice23/query/img_07675_c0_1284563921919201us.jpg 0.315176 0.353379 0.615907 -0.629639 412.530458 -1195.082054 58.847351
slice23/query/img_07676_c0_1284563922052555us.jpg 0.314531 0.353513 0.616139 -0.629660 410.252333 -1194.643565 58.753392
slice23/query/img_07677_c0_1284563922119167us.jpg 0.314848 0.353158 0.616101 -0.629738 409.117672 -1194.424889 58.706461
slice23/query/img_07678_c0_1284563922185780us.jpg 0.315241 0.352914 0.615809 -0.629964 407.981427 -1194.206467 58.656256
slice23/query/img_07679_c0_1284563922252518us.jpg 0.315326 0.352733 0.615900 -0.629934 406.843256 -1193.985709 58.609526
slice23/query/img_07680_c0_1284563922385746us.jpg 0.314808 0.352600 0.616664 -0.629519 404.567271 -1193.541570 58.514874
slice23/query/img_07681_c0_1284563922452483us.jpg 0.314354 0.352747 0.616840 -0.629492 403.430348 -1193.322048 58.467337
slice23/query/img_07682_c0_1284563922519096us.jpg 0.314136 0.352914 0.616748 -0.629596 402.291727 -1193.102622 58.424531
slice23/query/img_07683_c0_1284563922652472us.jpg 0.313687 0.353150 0.616702 -0.629733 400.013700 -1192.667010 58.333650
slice23/query/img_07684_c0_1284563922719062us.jpg 0.313212 0.353175 0.616836 -0.629824 398.869501 -1192.449161 58.281021
slice23/query/img_07685_c0_1284563922785675us.jpg 0.312956 0.353129 0.617056 -0.629762 397.722758 -1192.234968 58.229714
slice23/query/img_07686_c0_1284563922852413us.jpg 0.312836 0.353188 0.617257 -0.629591 396.579289 -1192.020636 58.177704
slice23/query/img_07687_c0_1284563922985647us.jpg 0.312985 0.352891 0.617932 -0.629021 394.293173 -1191.599022 58.072798
slice23/query/img_07688_c0_1284563923052378us.jpg 0.313258 0.352515 0.618291 -0.628745 393.147109 -1191.387306 58.016986
slice23/query/img_07689_c0_1284563923118989us.jpg 0.313266 0.352287 0.618623 -0.628541 392.004278 -1191.169652 57.962414
slice23/query/img_07690_c0_1284563923252344us.jpg 0.313187 0.352228 0.619468 -0.627781 389.704904 -1190.745996 57.860395
slice23/query/img_07691_c0_1284563923318955us.jpg 0.313071 0.352057 0.619792 -0.627614 388.557109 -1190.533074 57.805530
slice23/query/img_07692_c0_1284563923385568us.jpg 0.313092 0.351961 0.620122 -0.627331 387.409908 -1190.321376 57.754441
slice23/query/img_07693_c0_1284563923518942us.jpg 0.313009 0.352185 0.620342 -0.627030 385.106222 -1189.896904 57.653965
slice23/query/img_07694_c0_1284563923585555us.jpg 0.313059 0.352174 0.620336 -0.627017 383.945778 -1189.680777 57.601923
slice23/query/img_07695_c0_1284563923652271us.jpg 0.312840 0.352121 0.620162 -0.627328 382.788613 -1189.458900 57.546773
slice23/query/img_07696_c0_1284563923718886us.jpg 0.312418 0.352153 0.619917 -0.627763 381.635860 -1189.235145 57.491227
slice23/query/img_07697_c0_1284563923852261us.jpg 0.312335 0.352221 0.619598 -0.628080 379.322644 -1188.801630 57.387538
slice23/query/img_07698_c0_1284563923918850us.jpg 0.312196 0.352199 0.619565 -0.628195 378.167771 -1188.583051 57.334025
slice23/query/img_07699_c0_1284563923985465us.jpg 0.311983 0.352348 0.619701 -0.628083 377.010467 -1188.365531 57.280590
slice23/query/img_07700_c0_1284563924118838us.jpg 0.311576 0.352486 0.620495 -0.627423 374.692472 -1187.932692 57.174089
slice23/query/img_07701_c0_1284563924185449us.jpg 0.311778 0.352192 0.620961 -0.627027 373.535481 -1187.719084 57.119259
slice23/query/img_07702_c0_1284563924252167us.jpg 0.312185 0.351803 0.621801 -0.626210 372.380600 -1187.510837 57.067558
slice23/query/img_07703_c0_1284563924318780us.jpg 0.312288 0.351465 0.622591 -0.625562 371.226711 -1187.300579 57.013958
slice23/query/img_07704_c0_1284563924452133us.jpg 0.312406 0.351767 0.622990 -0.624936 368.919838 -1186.879992 56.906584
slice23/query/img_07705_c0_1284563924518745us.jpg 0.311696 0.352306 0.623328 -0.624651 367.767295 -1186.663740 56.856319
slice23/query/img_07706_c0_1284563924585364us.jpg 0.311440 0.352744 0.623223 -0.624636 366.619850 -1186.451817 56.806221
slice23/query/img_07707_c0_1284563924718733us.jpg 0.310881 0.352907 0.622876 -0.625168 364.326511 -1186.013590 56.698192
slice23/query/img_07708_c0_1284563924785323us.jpg 0.310978 0.352822 0.623271 -0.624774 363.177674 -1185.806712 56.643238
slice23/query/img_07709_c0_1284563924852061us.jpg 0.311139 0.352684 0.623734 -0.624309 362.034686 -1185.593788 56.589534
slice23/query/img_07710_c0_1284563924918675us.jpg 0.311693 0.352376 0.624109 -0.623832 360.897355 -1185.382280 56.535477
slice23/query/img_07711_c0_1284563925052049us.jpg 0.312982 0.351826 0.625134 -0.622469 358.611590 -1184.965127 56.424562
slice23/query/img_07712_c0_1284563925118639us.jpg 0.313058 0.351884 0.625147 -0.622385 357.472909 -1184.750577 56.372133
slice23/query/img_07713_c0_1284563925185252us.jpg 0.312928 0.352082 0.624733 -0.622754 356.336647 -1184.534522 56.316277
slice23/query/img_07714_c0_1284563925318617us.jpg 0.311664 0.353131 0.623396 -0.624133 354.055671 -1184.101689 56.203931
slice23/query/img_07715_c0_1284563925385217us.jpg 0.311134 0.353396 0.623236 -0.624408 352.919016 -1183.885403 56.145906
slice23/query/img_07716_c0_1284563925451955us.jpg 0.311217 0.353331 0.623377 -0.624262 351.783379 -1183.667378 56.089795
slice23/query/img_07717_c0_1284563925585207us.jpg 0.311456 0.353736 0.624219 -0.623071 349.512681 -1183.252339 55.977846
slice23/query/img_07718_c0_1284563925651922us.jpg 0.311661 0.353657 0.624649 -0.622582 348.380575 -1183.039219 55.917528
slice23/query/img_07719_c0_1284563925785152us.jpg 0.311717 0.353407 0.625650 -0.621690 346.122377 -1182.615043 55.799071
slice23/query/img_07720_c0_1284563925851884us.jpg 0.311803 0.353088 0.625971 -0.621504 344.995776 -1182.401411 55.740751
slice23/query/img_07721_c0_1284563925985136us.jpg 0.311950 0.352869 0.626177 -0.621348 342.748142 -1181.979170 55.619522
slice23/query/img_07722_c0_1284563926051906us.jpg 0.312216 0.352870 0.626157 -0.621234 341.625132 -1181.767641 55.557761
slice23/query/img_07723_c0_1284563926118463us.jpg 0.312817 0.352443 0.626179 -0.621151 340.507335 -1181.553786 55.499916
slice23/query/img_07724_c0_1284563926251840us.jpg 0.313262 0.352241 0.626181 -0.621040 338.270037 -1181.131696 55.387708
slice23/query/img_07725_c0_1284563926318427us.jpg 0.312691 0.352733 0.625950 -0.621281 337.153212 -1180.915324 55.332312
slice23/query/img_07726_c0_1284563926385041us.jpg 0.311952 0.353319 0.625808 -0.621463 336.037246 -1180.704775 55.278630
slice23/query/img_07727_c0_1284563926518415us.jpg 0.311033 0.354482 0.625424 -0.621648 333.802259 -1180.277182 55.171853
slice23/query/img_07728_c0_1284563926585005us.jpg 0.310780 0.354725 0.625750 -0.621307 332.687800 -1180.065006 55.111897
slice23/query/img_07729_c0_1284563926651743us.jpg 0.310771 0.354752 0.626185 -0.620859 331.577239 -1179.856867 55.049225
slice23/query/img_07730_c0_1284563926784971us.jpg 0.311169 0.354769 0.626618 -0.620211 329.357964 -1179.436160 54.922025
slice23/query/img_07731_c0_1284563926851729us.jpg 0.310828 0.355259 0.626679 -0.620041 328.247557 -1179.229844 54.857011
slice23/query/img_07732_c0_1284563926918321us.jpg 0.310424 0.355832 0.626719 -0.619874 327.141580 -1179.022862 54.793888
slice23/query/img_07733_c0_1284563926984935us.jpg 0.309832 0.356496 0.626732 -0.619775 326.040523 -1178.813135 54.732224
slice23/query/img_07734_c0_1284563927118287us.jpg 0.308448 0.358114 0.626310 -0.619960 323.830573 -1178.384290 54.597068
slice23/query/img_07735_c0_1284563927184899us.jpg 0.308042 0.358548 0.626185 -0.620037 322.735838 -1178.169264 54.532082
slice23/query/img_07736_c0_1284563927251638us.jpg 0.308022 0.358882 0.625998 -0.620043 321.648017 -1177.962204 54.464630
slice23/query/img_07737_c0_1284563927384890us.jpg 0.308216 0.359397 0.625528 -0.620122 319.464041 -1177.545931 54.326133
slice23/query/img_07738_c0_1284563927451602us.jpg 0.307915 0.359691 0.625111 -0.620522 318.374796 -1177.331751 54.252470
slice23/query/img_07739_c0_1284563927518216us.jpg 0.307494 0.360045 0.625014 -0.620622 317.281672 -1177.118828 54.176460
slice23/query/img_07740_c0_1284563927584829us.jpg 0.307029 0.360405 0.625128 -0.620530 316.195941 -1176.905550 54.102243
slice23/query/img_07741_c0_1284563927718184us.jpg 0.306406 0.361248 0.626075 -0.619390 314.019299 -1176.483663 53.954477
slice23/query/img_07742_c0_1284563927784794us.jpg 0.306201 0.361717 0.626516 -0.618772 312.930873 -1176.272008 53.878912
slice23/query/img_07743_c0_1284563927918170us.jpg 0.305598 0.362068 0.627472 -0.617896 310.748643 -1175.847307 53.714155
slice23/query/img_07744_c0_1284563927984759us.jpg 0.305357 0.361734 0.627833 -0.617845 309.654300 -1175.634959 53.630859
slice23/query/img_07745_c0_1284563928051497us.jpg 0.304784 0.361313 0.628135 -0.618066 308.563312 -1175.419900 53.545261
slice23/query/img_07746_c0_1284563928184746us.jpg 0.303216 0.360966 0.628165 -0.619010 306.375440 -1174.991964 53.378854
slice23/query/img_07747_c0_1284563928251462us.jpg 0.301907 0.360936 0.628250 -0.619580 305.279370 -1174.783407 53.296566
slice23/query/img_07748_c0_1284563928318075us.jpg 0.300437 0.360830 0.628446 -0.620157 304.184648 -1174.572745 53.211459
slice23/query/img_07749_c0_1284563928451430us.jpg 0.297774 0.359711 0.629325 -0.621199 301.993371 -1174.162326 53.036337
slice23/query/img_07750_c0_1284563928518040us.jpg 0.296515 0.358570 0.630345 -0.621427 300.897565 -1173.960953 52.945410
slice23/query/img_07751_c0_1284563928651391us.jpg 0.294137 0.356641 0.632117 -0.621867 298.706050 -1173.574178 52.759178
slice23/query/img_07752_c0_1284563928718005us.jpg 0.293003 0.355558 0.633074 -0.622049 297.613191 -1173.388245 52.663901
slice23/query/img_07753_c0_1284563928851379us.jpg 0.290071 0.353703 0.634966 -0.622552 295.420222 -1173.024332 52.476772
slice23/query/img_07754_c0_1284563928917969us.jpg 0.288559 0.352661 0.635667 -0.623130 294.323698 -1172.844955 52.378458
slice23/query/img_07755_c0_1284563928984583us.jpg 0.287202 0.351728 0.636326 -0.623611 293.233712 -1172.671686 52.281702
slice23/query/img_07756_c0_1284563929184576us.jpg 0.283548 0.348137 0.638881 -0.624686 289.943475 -1172.164848 51.995674
slice23/query/img_07757_c0_1284563929584506us.jpg 0.278113 0.344410 0.643763 -0.624182 283.354919 -1171.298859 51.416957
slice23/query/img_07758_c0_1284563929651215us.jpg 0.276754 0.344243 0.644257 -0.624369 282.233962 -1171.162788 51.313341
slice23/query/img_07759_c0_1284563929717829us.jpg 0.275371 0.343818 0.644766 -0.624690 281.115446 -1171.024979 51.205714
slice23/query/img_07760_c0_1284563929851187us.jpg 0.273582 0.341781 0.646266 -0.625043 278.885930 -1170.768841 50.986510
slice23/query/img_07761_c0_1284563929917794us.jpg 0.272764 0.340911 0.646958 -0.625160 277.771949 -1170.641105 50.874459
slice23/query/img_07762_c0_1284563929984407us.jpg 0.271935 0.340461 0.647491 -0.625214 276.659180 -1170.519916 50.768330
slice23/query/img_07763_c0_1284563930117759us.jpg 0.270227 0.339368 0.648385 -0.625622 274.427797 -1170.283232 50.558412
slice23/query/img_07764_c0_1284563930184372us.jpg 0.269790 0.338235 0.649048 -0.625738 273.311898 -1170.168003 50.448743
slice23/query/img_07765_c0_1284563930384345us.jpg 0.271618 0.334770 0.649717 -0.626116 269.961854 -1169.856733 50.118519
slice23/query/img_07766_c0_1284563930584315us.jpg 0.269205 0.336016 0.650423 -0.625757 266.597197 -1169.570308 49.797585
slice23/query/img_07767_c0_1284563930717657us.jpg 0.267713 0.335837 0.650197 -0.626727 264.352485 -1169.361596 49.580182
slice23/query/img_07768_c0_1284563930784266us.jpg 0.267138 0.335571 0.649667 -0.627664 263.233382 -1169.257402 49.473870
slice23/query/img_07769_c0_1284563930851005us.jpg 0.266760 0.335145 0.649040 -0.628700 262.108616 -1169.157693 49.362305
slice23/query/img_07770_c0_1284563930984233us.jpg 0.265581 0.334039 0.648301 -0.630547 259.854474 -1168.954489 49.149285
slice23/query/img_07771_c0_1284563931050969us.jpg 0.265134 0.333355 0.648201 -0.631201 258.730467 -1168.858365 49.043075
slice23/query/img_07772_c0_1284563931117582us.jpg 0.264418 0.332860 0.648279 -0.631682 257.605119 -1168.761857 48.937451
slice23/query/img_07773_c0_1284563931250957us.jpg 0.262043 0.332353 0.649602 -0.631578 255.335615 -1168.588188 48.724836
slice23/query/img_07774_c0_1284563931317547us.jpg 0.261173 0.331614 0.650566 -0.631336 254.203400 -1168.507038 48.616116
slice23/query/img_07775_c0_1284563931384161us.jpg 0.260295 0.330735 0.651648 -0.631043 253.074404 -1168.420949 48.503888
slice23/query/img_07776_c0_1284563931584131us.jpg 0.260315 0.325877 0.653513 -0.631634 249.693502 -1168.179753 48.171423
slice23/query/img_07777_c0_1284563931850831us.jpg 0.254364 0.323988 0.654983 -0.633504 245.130999 -1167.892611 47.736033
slice23/query/img_07778_c0_1284563931917442us.jpg 0.253201 0.323240 0.655446 -0.633874 243.986505 -1167.832486 47.623665
slice23/query/img_07779_c0_1284563931984056us.jpg 0.252657 0.322030 0.655839 -0.634300 242.846421 -1167.779693 47.508405
slice23/query/img_07780_c0_1284563932117408us.jpg 0.251906 0.319322 0.656978 -0.634788 240.561405 -1167.679459 47.276725
slice23/query/img_07781_c0_1284563932184020us.jpg 0.251535 0.318036 0.657776 -0.634754 239.423231 -1167.640564 47.163110
slice23/query/img_07782_c0_1284563932250759us.jpg 0.250656 0.316826 0.658901 -0.634541 238.285247 -1167.600385 47.052982
slice23/query/img_07783_c0_1284563932383987us.jpg 0.248425 0.315363 0.660242 -0.634753 236.000856 -1167.531908 46.832385
slice23/query/img_07784_c0_1284563932450723us.jpg 0.247836 0.314611 0.660142 -0.635460 234.863161 -1167.498657 46.723157
slice23/query/img_07785_c0_1284563932517336us.jpg 0.247311 0.313779 0.659802 -0.636428 233.729535 -1167.466337 46.611086
slice23/query/img_07786_c0_1284563932650689us.jpg 0.246027 0.312334 0.659997 -0.637435 231.450878 -1167.426651 46.395325
slice23/query/img_07787_c0_1284563932717300us.jpg 0.244670 0.312607 0.660243 -0.637568 230.312339 -1167.404369 46.294646
slice23/query/img_07788_c0_1284563932783914us.jpg 0.243451 0.312927 0.660449 -0.637664 229.177691 -1167.383933 46.188350
slice23/query/img_07789_c0_1284563932917273us.jpg 0.242111 0.312247 0.662128 -0.636766 226.912885 -1167.361490 45.970653
slice23/query/img_07790_c0_1284563932983879us.jpg 0.242188 0.311591 0.663016 -0.636133 225.784790 -1167.351324 45.858293
slice23/query/img_07791_c0_1284563933050618us.jpg 0.242692 0.310706 0.663720 -0.635640 224.654801 -1167.342716 45.741327
slice23/query/img_07792_c0_1284563933183865us.jpg 0.243910 0.309348 0.664916 -0.634585 222.400793 -1167.331727 45.512509
slice23/query/img_07793_c0_1284563933250582us.jpg 0.243978 0.308970 0.665542 -0.634087 221.274726 -1167.319856 45.400249
slice23/query/img_07794_c0_1284563933317195us.jpg 0.243951 0.309093 0.665884 -0.633678 220.151835 -1167.310160 45.292699
slice23/query/img_07795_c0_1284563933450572us.jpg 0.243652 0.310047 0.665309 -0.633931 217.907628 -1167.286794 45.072690
slice23/query/img_07796_c0_1284563933517161us.jpg 0.243571 0.310666 0.665054 -0.633927 216.791078 -1167.275923 44.963787
slice23/query/img_07797_c0_1284563933650514us.jpg 0.244582 0.311177 0.664638 -0.633723 214.558147 -1167.253045 44.737796
slice23/query/img_07798_c0_1284563933717126us.jpg 0.245740 0.311460 0.664556 -0.633221 213.448071 -1167.242997 44.626035
slice23/query/img_07799_c0_1284563933783739us.jpg 0.246914 0.311957 0.664328 -0.632760 212.336996 -1167.230131 44.515829
slice23/query/img_07800_c0_1284563933917093us.jpg 0.248468 0.313271 0.664107 -0.631733 210.118325 -1167.193868 44.297381
slice23/query/img_07801_c0_1284563934050445us.jpg 0.248902 0.315851 0.662858 -0.631590 207.908831 -1167.127989 44.085216
slice23/query/img_07802_c0_1284563934117054us.jpg 0.249634 0.316676 0.661676 -0.632127 206.813506 -1167.094651 43.978455
slice23/query/img_07803_c0_1284563934183669us.jpg 0.250156 0.317604 0.660777 -0.632395 205.715396 -1167.060356 43.872423
slice23/query/img_07804_c0_1284563934317790us.jpg 0.251215 0.319423 0.659539 -0.632351 203.521038 -1166.989963 43.647164
slice23/query/img_07805_c0_1284563934517014us.jpg 0.253663 0.321360 0.659433 -0.630501 200.251960 -1166.868422 43.305482
slice23/query/img_07806_c0_1284563935050295us.jpg 0.269822 0.325929 0.655320 -0.625717 192.363202 -1166.533186 42.390650
