slice23/query/img_07744_c0_1285950340219957us.jpg 0.327384 0.339268 0.610825 -0.636089 488.313456 -1206.329723 60.651686
slice23/query/img_07745_c0_1285950340286696us.jpg 0.326317 0.339639 0.610670 -0.636588 487.271433 -1206.104661 60.666909
slice23/query/img_07746_c0_1285950340419944us.jpg 0.325116 0.340201 0.610044 -0.637503 485.170016 -1205.688529 60.653499
slice23/query/img_07747_c0_1285950340486661us.jpg 0.324420 0.340647 0.609778 -0.637873 484.126198 -1205.487656 60.653472
slice23/query/img_07748_c0_1285950340553273us.jpg 0.323825 0.340919 0.609398 -0.638394 483.083538 -1205.285017 60.650197
slice23/query/img_07749_c0_1285950340619886us.jpg 0.323139 0.341279 0.609156 -0.638780 482.044255 -1205.084103 60.647635
slice23/query/img_07750_c0_1285950340753259us.jpg 0.322038 0.341789 0.608580 -0.639611 479.982457 -1204.674318 60.656042
slice23/query/img_07751_c0_1285950340819851us.jpg 0.321423 0.342182 0.608651 -0.639643 478.940318 -1204.473826 60.652426
slice23/query/img_07752_c0_1285950340886589us.jpg 0.320436 0.342924 0.609081 -0.639331 477.887993 -1204.275930 60.643438
slice23/query/img_07753_c0_1285950341019825us.jpg 0.319405 0.343782 0.609117 -0.639352 475.774687 -1203.874856 60.606018
slice23/query/img_07754_c0_1285950341086553us.jpg 0.319224 0.343988 0.609045 -0.639400 474.716866 -1203.673395 60.587198
slice23/query/img_07755_c0_1285950341153167us.jpg 0.318787 0.344441 0.608743 -0.639662 473.657408 -1203.470032 60.567457
slice23/query/img_07756_c0_1285950341219780us.jpg 0.318210 0.344996 0.608343 -0.640030 472.601193 -1203.266559 60.552448
slice23/query/img_07757_c0_1285950341353161us.jpg 0.316923 0.345539 0.607065 -0.641587 470.481433 -1202.848614 60.531181
slice23/query/img_07758_c0_1285950341419746us.jpg 0.316883 0.345344 0.606369 -0.642370 469.418878 -1202.646576 60.510558
slice23/query/img_07759_c0_1285950341486484us.jpg 0.317016 0.345273 0.606129 -0.642569 468.356501 -1202.450803 60.490023
slice23/query/img_07760_c0_1285950341619711us.jpg 0.317194 0.345066 0.607549 -0.641249 466.236205 -1202.061024 60.449195
slice23/query/img_07761_c0_1285950341686452us.jpg 0.316677 0.345384 0.608243 -0.640676 465.175659 -1201.865590 60.429122
slice23/query/img_07762_c0_1285950341753062us.jpg 0.316501 0.345539 0.609254 -0.639719 464.119303 -1201.672466 60.409418
slice23/query/img_07763_c0_1285950341886413us.jpg 0.315455 0.346779 0.609771 -0.639071 461.971775 -1201.290385 60.369351
slice23/query/img_07764_c0_1285950341953027us.jpg 0.315557 0.346590 0.609144 -0.639721 460.902155 -1201.088215 60.341091
slice23/query/img_07765_c0_1285950342019642us.jpg 0.316028 0.346120 0.608342 -0.640505 459.838832 -1200.884096 60.314659
slice23/query/img_07766_c0_1285950342153296us.jpg 0.316217 0.346032 0.607792 -0.640982 457.704884 -1200.494538 60.283614
slice23/query/img_07767_c0_1285950342219605us.jpg 0.315753 0.346632 0.607897 -0.640787 456.629816 -1200.297449 60.258122
slice23/query/img_07768_c0_1285950342286344us.jpg 0.314885 0.347366 0.608642 -0.640109 455.556768 -1200.097092 60.235997
slice23/query/img_07769_c0_1285950342352957us.jpg 0.314006 0.348075 0.609552 -0.639289 454.484899 -1199.894767 60.208924
slice23/query/img_07770_c0_1285950342486334us.jpg 0.313394 0.348279 0.612309 -0.636839 452.351528 -1199.485969 60.183294
slice23/query/img_07771_c0_1285950342552923us.jpg 0.313173 0.348540 0.612446 -0.636673 451.279906 -1199.291599 60.151281
slice23/query/img_07772_c0_1285950342619536us.jpg 0.312888 0.348811 0.612495 -0.636617 450.213745 -1199.091159 60.121285
slice23/query/img_07773_c0_1285950342686275us.jpg 0.312446 0.348776 0.612239 -0.637100 449.140364 -1198.885804 60.084762
slice23/query/img_07774_c0_1285950342819525us.jpg 0.312271 0.349213 0.611448 -0.637706 446.993888 -1198.480679 60.028225
slice23/query/img_07775_c0_1285950342886237us.jpg 0.311885 0.349611 0.610731 -0.638363 445.913709 -1198.274933 59.985077
slice23/query/img_07776_c0_1285950342952850us.jpg 0.311612 0.349874 0.610756 -0.638328 444.832717 -1198.069430 59.947641
slice23/query/img_07777_c0_1285950343086225us.jpg 0.311120 0.349706 0.611988 -0.637480 442.687628 -1197.665012 59.873698
slice23/query/img_07778_c0_1285950343152815us.jpg 0.311213 0.349535 0.612647 -0.636895 441.615297 -1197.463427 59.830863
slice23/query/img_07779_c0_1285950343219429us.jpg 0.311712 0.349128 0.613531 -0.636023 440.540065 -1197.266749 59.794953
slice23/query/img_07780_c0_1285950343352807us.jpg 0.312807 0.348168 0.615830 -0.633785 438.392241 -1196.879653 59.727432
slice23/query/img_07781_c0_1285950343419393us.jpg 0.313123 0.348092 0.617044 -0.632489 437.321913 -1196.670354 59.704793
slice23/query/img_07782_c0_1285950343486132us.jpg 0.313119 0.348445 0.617202 -0.632142 436.249668 -1196.467580 59.665669
slice23/query/img_07783_c0_1285950343619383us.jpg 0.311557 0.350141 0.616145 -0.633007 434.069651 -1196.059272 59.587209
slice23/query/img_07784_c0_1285950343686120us.jpg 0.310446 0.350972 0.615437 -0.633782 432.985450 -1195.854115 59.554421
slice23/query/img_07785_c0_1285950343752713us.jpg 0.309825 0.351441 0.614551 -0.634685 431.901837 -1195.647101 59.525285
slice23/query/img_07786_c0_1285950343819325us.jpg 0.309745 0.351669 0.613538 -0.635577 430.821179 -1195.442825 59.493385
slice23/query/img_07787_c0_1285950343952677us.jpg 0.310738 0.350728 0.612434 -0.636676 428.649716 -1195.036202 59.385703
slice23/query/img_07788_c0_1285950344019290us.jpg 0.311666 0.350243 0.613288 -0.635666 427.567792 -1194.843571 59.338387
slice23/query/img_07789_c0_1285950344086029us.jpg 0.311920 0.350318 0.614624 -0.634209 426.476577 -1194.650033 59.289468
slice23/query/img_07790_c0_1285950344219256us.jpg 0.311578 0.350788 0.617342 -0.631472 424.295986 -1194.260322 59.201696
slice23/query/img_07791_c0_1285950344285994us.jpg 0.311784 0.350972 0.617880 -0.630741 423.212037 -1194.066394 59.157736
slice23/query/img_07792_c0_1285950344352607us.jpg 0.311673 0.351287 0.617493 -0.630999 422.122583 -1193.867909 59.110449
slice23/query/img_07793_c0_1285950344419221us.jpg 0.311837 0.351350 0.616737 -0.631622 421.034378 -1193.664631 59.065096
slice23/query/img_07794_c0_1285950344552595us.jpg 0.312003 0.351320 0.615696 -0.632571 418.859202 -1193.245833 58.982695
slice23/query/img_07795_c0_1285950344619185us.jpg 0.311550 0.351989 0.615173 -0.632932 417.766897 -1193.044876 58.937507
slice23/query/img_07796_c0_1285950344685924us.jpg 0.310895 0.353027 0.614646 -0.633187 416.678226 -1192.838478 58.893735
slice23/query/img_07797_c0_1285950344819152us.jpg 0.309502 0.354830 0.613783 -0.633699 414.479246 -1192.421960 58.796981
slice23/query/img_07798_c0_1285950344885909us.jpg 0.309298 0.355031 0.613321 -0.634133 413.382533 -1192.209925 58.745620
slice23/query/img_07799_c0_1285950344952502us.jpg 0.309561 0.354864 0.612653 -0.634744 412.290512 -1192.001401 58.695553
slice23/query/img_07800_c0_1285950345019114us.jpg 0.309608 0.354716 0.612011 -0.635422 411.193430 -1191.790566 58.642755
slice23/query/img_07801_c0_1285950345152465us.jpg 0.310838 0.353681 0.611201 -0.636178 408.998956 -1191.384963 58.544992
slice23/query/img_07802_c0_1285950345219078us.jpg 0.311620 0.352659 0.611140 -0.636422 407.901578 -1191.172959 58.493153
slice23/query/img_07803_c0_1285950345285815us.jpg 0.312482 0.351558 0.611494 -0.636268 406.808046 -1190.967224 58.447623
slice23/query/img_07804_c0_1285950345352429us.jpg 0.312816 0.351080 0.611956 -0.635924 405.715330 -1190.760171 58.405462
slice23/query/img_07805_c0_1285950345485807us.jpg 0.312018 0.352657 0.613103 -0.634336 403.529885 -1190.370117 58.339247
slice23/query/img_07806_c0_1285950345552415us.jpg 0.311050 0.353636 0.613035 -0.634333 402.439048 -1190.162990 58.299155
slice23/query/img_07807_c0_1285950345619009us.jpg 0.310610 0.353994 0.612496 -0.634868 401.349767 -1189.953032 58.251602
slice23/query/img_07808_c0_1285950345685746us.jpg 0.310467 0.353623 0.612138 -0.635491 400.265576 -1189.743343 58.204741
slice23/query/img_07809_c0_1285950345818997us.jpg 0.311060 0.352872 0.611961 -0.635789 398.086933 -1189.336118 58.113790
slice23/query/img_07810_c0_1285950345885710us.jpg 0.310905 0.352990 0.612205 -0.635564 397.000164 -1189.132157 58.067201
slice23/query/img_07811_c0_1285950345952323us.jpg 0.310584 0.353078 0.612981 -0.634923 395.903105 -1188.928968 58.022036
slice23/query/img_07812_c0_1285950346085678us.jpg 0.311539 0.352860 0.614189 -0.633408 393.736776 -1188.522840 57.944946
slice23/query/img_07813_c0_1285950346152289us.jpg 0.311817 0.352211 0.614694 -0.633142 392.639631 -1188.313833 57.897655
slice23/query/img_07814_c0_1285950346218902us.jpg 0.311687 0.351865 0.614601 -0.633489 391.542425 -1188.102959 57.843338
slice23/query/img_07815_c0_1285950346352255us.jpg 0.312229 0.352524 0.614127 -0.633315 389.338705 -1187.705871 57.758139
slice23/query/img_07816_c0_1285950346418894us.jpg 0.311609 0.353178 0.614150 -0.633234 388.233969 -1187.497590 57.717719
slice23/query/img_07817_c0_1285950346485605us.jpg 0.311181 0.353496 0.614356 -0.633067 387.125970 -1187.293999 57.668770
slice23/query/img_07818_c0_1285950346552341us.jpg 0.310974 0.353589 0.614303 -0.633167 386.017576 -1187.084541 57.618969
slice23/query/img_07819_c0_1285950346685578us.jpg 0.310780 0.353213 0.614237 -0.633536 383.810810 -1186.659753 57.519460
slice23/query/img_07820_c0_1285950346752184us.jpg 0.310637 0.353017 0.613947 -0.633997 382.705760 -1186.444949 57.465361
slice23/query/img_07821_c0_1285950346818798us.jpg 0.310804 0.352874 0.613693 -0.634241 381.600497 -1186.232336 57.414126
slice23/query/img_07822_c0_1285950346952156us.jpg 0.310414 0.353177 0.614000 -0.633966 379.397117 -1185.814686 57.320836
slice23/query/img_07823_c0_1285950347018760us.jpg 0.310259 0.353241 0.614234 -0.633780 378.293824 -1185.608676 57.272745
slice23/query/img_07824_c0_1285950347085500us.jpg 0.310069 0.353409 0.614534 -0.633488 377.192037 -1185.400141 57.224472
slice23/query/img_07825_c0_1285950347218728us.jpg 0.310494 0.353243 0.614508 -0.633398 374.964635 -1184.993597 57.122790
slice23/query/img_07826_c0_1285950347285466us.jpg 0.310784 0.352997 0.614760 -0.633149 373.856187 -1184.789828 57.071029
slice23/query/img_07827_c0_1285950347352080us.jpg 0.310600 0.353103 0.615143 -0.632808 372.742677 -1184.582907 57.022342
slice23/query/img_07828_c0_1285950347418694us.jpg 0.310486 0.352746 0.615696 -0.632524 371.632648 -1184.375774 56.971743
slice23/query/img_07829_c0_1285950347552045us.jpg 0.309769 0.353831 0.616649 -0.631340 369.403107 -1183.959416 56.869733
slice23/query/img_07830_c0_1285950347618659us.jpg 0.309570 0.353999 0.617649 -0.630366 368.291565 -1183.754277 56.817836
slice23/query/img_07831_c0_1285950347685396us.jpg 0.309319 0.353783 0.618623 -0.629655 367.180214 -1183.544327 56.760467
slice23/query/img_07832_c0_1285950347752009us.jpg 0.309761 0.353724 0.618832 -0.629265 366.070695 -1183.340111 56.703994
slice23/query/img_07833_c0_1285950347885359us.jpg 0.311070 0.353149 0.618446 -0.629322 363.848426 -1182.922903 56.588498
slice23/query/img_07834_c0_1285950347951972us.jpg 0.311373 0.352836 0.618925 -0.628877 362.736966 -1182.713038 56.536576
slice23/query/img_07835_c0_1285950348018585us.jpg 0.311464 0.353084 0.619233 -0.628388 361.622631 -1182.505100 56.480613
slice23/query/img_07836_c0_1285950348151939us.jpg 0.310852 0.354520 0.619616 -0.627505 359.396407 -1182.086367 56.377758
slice23/query/img_07837_c0_1285950348218551us.jpg 0.310682 0.355094 0.619503 -0.627377 358.280229 -1181.877818 56.324598
slice23/query/img_07838_c0_1285950348285288us.jpg 0.310643 0.355521 0.619076 -0.627575 357.165035 -1181.663344 56.270653
slice23/query/img_07839_c0_1285950348351903us.jpg 0.310385 0.356061 0.618843 -0.627626 356.055244 -1181.449154 56.218706
slice23/query/img_07840_c0_1285950348485256us.jpg 0.310021 0.356780 0.618246 -0.627987 353.820268 -1181.011749 56.104399
slice23/query/img_07841_c0_1285950348551874us.jpg 0.310227 0.356857 0.618012 -0.628072 352.709123 -1180.794350 56.049168
slice23/query/img_07842_c0_1285950348618480us.jpg 0.310247 0.356938 0.617870 -0.628155 351.597503 -1180.578554 55.990891
slice23/query/img_07843_c0_1285950348751835us.jpg 0.310016 0.357346 0.618454 -0.627463 349.369168 -1180.148867 55.877345
slice23/query/img_07844_c0_1285950348818447us.jpg 0.309834 0.357499 0.618603 -0.627318 348.255607 -1179.934249 55.817322
slice23/query/img_07845_c0_1285950348885186us.jpg 0.309872 0.357675 0.618568 -0.627233 347.143388 -1179.717726 55.761804
slice23/query/img_07846_c0_1285950348951799us.jpg 0.310210 0.357572 0.618041 -0.627645 346.036474 -1179.496931 55.700574
slice23/query/img_07847_c0_1285950349085153us.jpg 0.310464 0.357712 0.616726 -0.628732 343.829964 -1179.058880 55.579854
slice23/query/img_07848_c0_1285950349151763us.jpg 0.310572 0.357744 0.616040 -0.629332 342.732657 -1178.838189 55.523792
slice23/query/img_07849_c0_1285950349218376us.jpg 0.310529 0.357779 0.615861 -0.629508 341.635855 -1178.619054 55.467078
slice23/query/img_07850_c0_1285950349351754us.jpg 0.310833 0.357394 0.616469 -0.628982 339.445832 -1178.186498 55.359318
slice23/query/img_07851_c0_1285950349418342us.jpg 0.310904 0.357630 0.617153 -0.628142 338.348572 -1177.971404 55.305282
slice23/query/img_07852_c0_1285950349485079us.jpg 0.310836 0.357778 0.617738 -0.627516 337.254034 -1177.759211 55.248772
slice23/query/img_07853_c0_1285950349551694us.jpg 0.310780 0.357924 0.618363 -0.626845 336.162199 -1177.549379 55.189714
slice23/query/img_07854_c0_1285950349685067us.jpg 0.310976 0.357782 0.619223 -0.625979 333.970615 -1177.116493 55.071685
slice23/query/img_07855_c0_1285950349751660us.jpg 0.310711 0.357760 0.619388 -0.625959 332.877998 -1176.892184 55.009196
slice23/query/img_07856_c0_1285950349818271us.jpg 0.310260 0.357912 0.619517 -0.625968 331.795505 -1176.670747 54.948111
slice23/query/img_07857_c0_1285950349951624us.jpg 0.309282 0.358275 0.619890 -0.625876 329.627626 -1176.239687 54.837975
slice23/query/img_07858_c0_1285950350018257us.jpg 0.309344 0.358256 0.620469 -0.625282 328.545134 -1176.030602 54.779404
slice23/query/img_07859_c0_1285950350084976us.jpg 0.308995 0.358298 0.621060 -0.624844 327.461821 -1175.820922 54.718093
slice23/query/img_07860_c0_1285950350218201us.jpg 0.308234 0.358548 0.622239 -0.623902 325.294518 -1175.404858 54.582707
slice23/query/img_07861_c0_1285950350284938us.jpg 0.307398 0.359037 0.622575 -0.623698 324.215239 -1175.193955 54.515035
slice23/query/img_07862_c0_1285950350418166us.jpg 0.306485 0.359398 0.622888 -0.623627 322.066330 -1174.775567 54.386673
slice23/query/img_07863_c0_1285950350484905us.jpg 0.306183 0.359237 0.623086 -0.623670 320.984306 -1174.563016 54.316269
slice23/query/img_07864_c0_1285950350551518us.jpg 0.305857 0.359145 0.622977 -0.623992 319.901060 -1174.350705 54.243658
slice23/query/img_07865_c0_1285950350618130us.jpg 0.305982 0.358809 0.623248 -0.623853 318.825298 -1174.145285 54.172718
slice23/query/img_07866_c0_1285950350751505us.jpg 0.305974 0.358477 0.623949 -0.623347 316.674471 -1173.738221 54.034863
slice23/query/img_07867_c0_1285950350818096us.jpg 0.305328 0.358602 0.624228 -0.623312 315.598192 -1173.535424 53.961248
slice23/query/img_07868_c0_1285950350951467us.jpg 0.304416 0.358832 0.624993 -0.622859 313.458586 -1173.131251 53.821762
slice23/query/img_07869_c0_1285950351018060us.jpg 0.303932 0.358748 0.625326 -0.622810 312.381147 -1172.928994 53.751246
slice23/query/img_07870_c0_1285950351084797us.jpg 0.303298 0.358701 0.625563 -0.622908 311.307118 -1172.730630 53.678300
slice23/query/img_07871_c0_1285950351151411us.jpg 0.302361 0.358513 0.626119 -0.622914 310.240259 -1172.530086 53.606780
slice23/query/img_07872_c0_1285950351284768us.jpg 0.300367 0.358068 0.626608 -0.623642 308.085728 -1172.125711 53.452258
slice23/query/img_07873_c0_1285950351351377us.jpg 0.299412 0.357754 0.626828 -0.624060 306.999676 -1171.931670 53.368327
slice23/query/img_07874_c0_1285950351417990us.jpg 0.298290 0.357544 0.627057 -0.624488 305.912611 -1171.737475 53.285870
slice23/query/img_07875_c0_1285950351484727us.jpg 0.296997 0.357670 0.627077 -0.625011 304.824079 -1171.548486 53.200571
slice23/query/img_07876_c0_1285950351617977us.jpg 0.294691 0.357072 0.627532 -0.625987 302.647909 -1171.176877 53.026288
slice23/query/img_07877_c0_1285950351684695us.jpg 0.293555 0.356262 0.628027 -0.626487 301.563264 -1170.989767 52.937030
slice23/query/img_07878_c0_1285950351751308us.jpg 0.292453 0.355764 0.628509 -0.626801 300.475788 -1170.808139 52.846091
slice23/query/img_07879_c0_1285950351817920us.jpg 0.291166 0.355210 0.629090 -0.627131 299.386810 -1170.628610 52.754786
slice23/query/img_07880_c0_1285950351951273us.jpg 0.289411 0.353906 0.630105 -0.627662 297.192753 -1170.287656 52.567416
slice23/query/img_07881_c0_1285950352017889us.jpg 0.288195 0.353409 0.630534 -0.628070 296.096107 -1170.114549 52.473678
slice23/query/img_07882_c0_1285950352084624us.jpg 0.286917 0.352832 0.630826 -0.628686 295.002136 -1169.942857 52.380066
slice23/query/img_07883_c0_1285950352151237us.jpg 0.285557 0.352378 0.630808 -0.629578 293.900761 -1169.769988 52.284529
slice23/query/img_07884_c0_1285950352284623us.jpg 0.283395 0.350853 0.630460 -0.631751 291.696388 -1169.429782 52.084094
slice23/query/img_07885_c0_1285950352351225us.jpg 0.282566 0.349886 0.630559 -0.632559 290.586910 -1169.269053 51.987387
slice23/query/img_07886_c0_1285950352417815us.jpg 0.281940 0.349017 0.631040 -0.632839 289.477242 -1169.118140 51.892001
slice23/query/img_07887_c0_1285950352484553us.jpg 0.280923 0.348262 0.631831 -0.632918 288.367192 -1168.967457 51.796605
slice23/query/img_07888_c0_1285950352551167us.jpg 0.279773 0.347967 0.632850 -0.632572 287.263010 -1168.817096 51.705449
slice23/query/img_07889_c0_1285950352684651us.jpg 0.277391 0.347746 0.635230 -0.631356 285.036501 -1168.539877 51.520987
slice23/query/img_07890_c0_1285950352751160us.jpg 0.276688 0.347013 0.636187 -0.631103 283.921432 -1168.403413 51.415410
slice23/query/img_07891_c0_1285950352817745us.jpg 0.276481 0.346039 0.637148 -0.630759 282.809140 -1168.272069 51.312264
slice23/query/img_07892_c0_1285950352884481us.jpg 0.276419 0.344977 0.637975 -0.630533 281.695185 -1168.140375 51.208665
slice23/query/img_07893_c0_1285950353017731us.jpg 0.275668 0.343303 0.638740 -0.631000 279.435817 -1167.881392 50.990127
slice23/query/img_07894_c0_1285950353084447us.jpg 0.275035 0.342727 0.639057 -0.631268 278.306616 -1167.750283 50.885166
slice23/query/img_07895_c0_1285950353151142us.jpg 0.273795 0.342463 0.639496 -0.631506 277.179424 -1167.622911 50.780283
slice23/query/img_07896_c0_1285950353217677us.jpg 0.272531 0.342163 0.640076 -0.631629 276.049646 -1167.495830 50.676629
slice23/query/img_07897_c0_1285950353284415us.jpg 0.271521 0.341710 0.640575 -0.631803 274.919255 -1167.371301 50.573121
slice23/query/img_07898_c0_1285950353417665us.jpg 0.269438 0.340359 0.641540 -0.632444 272.681466 -1167.125213 50.364530
slice23/query/img_07899_c0_1285950353484376us.jpg 0.269460 0.339224 0.641590 -0.632993 271.558444 -1167.008878 50.258213
slice23/query/img_07900_c0_1285950353550988us.jpg 0.268800 0.338725 0.641247 -0.633888 270.431878 -1166.898335 50.152257
slice23/query/img_07901_c0_1285950353684360us.jpg 0.265331 0.338485 0.641304 -0.635418 268.180865 -1166.662925 49.955020
slice23/query/img_07902_c0_1285950353750955us.jpg 0.263079 0.338349 0.641252 -0.636479 267.054576 -1166.545453 49.853612
slice23/query/img_07903_c0_1285950353817569us.jpg 0.261626 0.337693 0.641599 -0.637076 265.939346 -1166.442135 49.749787
slice23/query/img_07904_c0_1285950353950922us.jpg 0.259177 0.335971 0.643211 -0.637362 263.662154 -1166.260120 49.505782
slice23/query/img_07905_c0_1285950354017533us.jpg 0.258579 0.335018 0.644707 -0.636594 262.541591 -1166.175813 49.396024
slice23/query/img_07906_c0_1285950354084272us.jpg 0.258223 0.333708 0.646582 -0.635525 261.423102 -1166.097732 49.286496
slice23/query/img_07907_c0_1285950354150886us.jpg 0.258593 0.331894 0.648128 -0.634749 260.297451 -1166.018347 49.171918
slice23/query/img_07908_c0_1285950354217499us.jpg 0.257846 0.331097 0.648810 -0.634772 259.170642 -1165.938829 49.056812
slice23/query/img_07909_c0_1285950354350854us.jpg 0.255637 0.329324 0.648253 -0.637153 256.889715 -1165.769045 48.829041
slice23/query/img_07910_c0_1285950354417464us.jpg 0.254399 0.328671 0.647466 -0.638784 255.747906 -1165.686161 48.721105
slice23/query/img_07911_c0_1285950354484203us.jpg 0.253208 0.328237 0.646624 -0.640331 254.604361 -1165.608823 48.613402
slice23/query/img_07912_c0_1285950354550816us.jpg 0.252363 0.327624 0.645913 -0.641694 253.463286 -1165.535820 48.500202
slice23/query/img_07913_c0_1285950354684184us.jpg 0.251184 0.325876 0.646359 -0.642598 251.162745 -1165.412773 48.270612
slice23/query/img_07914_c0_1285950354750802us.jpg 0.250751 0.325298 0.647441 -0.641970 250.014639 -1165.355526 48.162365
slice23/query/img_07915_c0_1285950354817394us.jpg 0.250631 0.324537 0.648809 -0.641020 248.863004 -1165.302377 48.052290
slice23/query/img_07916_c0_1285950354884133us.jpg 0.250235 0.323956 0.649940 -0.640323 247.718446 -1165.246958 47.938643
slice23/query/img_07917_c0_1285950355017358us.jpg 0.249238 0.322754 0.651497 -0.639736 245.420994 -1165.137095 47.721750
slice23/query/img_07918_c0_1285950355084116us.jpg 0.249158 0.322186 0.651568 -0.639981 244.272640 -1165.091630 47.612511
slice23/query/img_07919_c0_1285950355150710us.jpg 0.249000 0.321870 0.651132 -0.640645 243.121632 -1165.048503 47.499740
slice23/query/img_07920_c0_1285950355284062us.jpg 0.248823 0.320738 0.650562 -0.641860 240.823841 -1164.952316 47.283635
slice23/query/img_07921_c0_1285950355350676us.jpg 0.248318 0.319977 0.650748 -0.642246 239.666459 -1164.903305 47.174947
slice23/query/img_07922_c0_1285950355417288us.jpg 0.247689 0.319534 0.651021 -0.642432 238.503171 -1164.859907 47.064146
slice23/query/img_07923_c0_1285950355484025us.jpg 0.246952 0.319212 0.651360 -0.642532 237.337224 -1164.821434 46.954468
slice23/query/img_07924_c0_1285950355617253us.jpg 0.245598 0.317984 0.652681 -0.642320 234.984356 -1164.726293 46.718032
slice23/query/img_07925_c0_1285950355683992us.jpg 0.245925 0.316679 0.653790 -0.641711 233.813482 -1164.686154 46.600222
slice23/query/img_07926_c0_1285950355750605us.jpg 0.246229 0.315643 0.654369 -0.641516 232.644941 -1164.653487 46.481415
slice23/query/img_07927_c0_1285950355883956us.jpg 0.244295 0.315103 0.657584 -0.639229 230.301075 -1164.592308 46.255586
slice23/query/img_07928_c0_1285950355950589us.jpg 0.243686 0.314757 0.658196 -0.639002 229.134537 -1164.569116 46.136230
slice23/query/img_07929_c0_1285950356017183us.jpg 0.243166 0.314733 0.657709 -0.639713 227.968033 -1164.551566 46.018216
slice23/query/img_07930_c0_1285950356083920us.jpg 0.242894 0.314328 0.657074 -0.640667 226.803729 -1164.524132 45.901701
slice23/query/img_07931_c0_1285950356217160us.jpg 0.243225 0.311731 0.656057 -0.642849 224.483454 -1164.461224 45.653860
slice23/query/img_07932_c0_1285950356283885us.jpg 0.242257 0.311314 0.655515 -0.643969 223.325470 -1164.432620 45.533580
slice23/query/img_07933_c0_1285950356350499us.jpg 0.241051 0.311534 0.655228 -0.644606 222.180335 -1164.413876 45.421964
slice23/query/img_07934_c0_1285950356483850us.jpg 0.239806 0.311367 0.656016 -0.644350 219.875000 -1164.354752 45.227476
slice23/query/img_07935_c0_1285950356550462us.jpg 0.240315 0.310881 0.656264 -0.644142 218.718106 -1164.350248 45.114041
slice23/query/img_07936_c0_1285950356617076us.jpg 0.241350 0.310343 0.656636 -0.643635 217.566056 -1164.345114 44.999338
slice23/query/img_07937_c0_1285950356683814us.jpg 0.242251 0.310083 0.656999 -0.643051 216.422257 -1164.344135 44.893573
slice23/query/img_07938_c0_1285950356817042us.jpg 0.242553 0.311023 0.657686 -0.641780 214.114323 -1164.293647 44.659120
slice23/query/img_07939_c0_1285950356883779us.jpg 0.242273 0.312384 0.656921 -0.642009 212.989921 -1164.281750 44.548685
slice23/query/img_07940_c0_1285950356950393us.jpg 0.241638 0.313880 0.655583 -0.642886 211.854581 -1164.256748 44.427115
slice23/query/img_07941_c0_1285950357017007us.jpg 0.241507 0.314914 0.654283 -0.643752 210.728040 -1164.232509 44.315595
slice23/query/img_07942_c0_1285950357150359us.jpg 0.243009 0.315499 0.653159 -0.644042 208.476073 -1164.200531 44.106035
slice23/query/img_07943_c0_1285950357216971us.jpg 0.244174 0.316068 0.652931 -0.643554 207.360520 -1164.201372 44.004561
slice23/query/img_07944_c0_1285950357283711us.jpg 0.245721 0.316241 0.652953 -0.642857 206.239603 -1164.188512 43.896704
slice23/query/img_07945_c0_1285950357416963us.jpg 0.249299 0.316060 0.654783 -0.639700 203.995848 -1164.176159 43.678491
slice23/query/img_07946_c0_1285950357483675us.jpg 0.250612 0.316485 0.655288 -0.638457 202.867263 -1164.147328 43.567637
slice23/query/img_07947_c0_1285950357550289us.jpg 0.251954 0.317592 0.655338 -0.637328 201.747976 -1164.120671 43.459435
slice23/query/img_07948_c0_1285950357616902us.jpg 0.252680 0.319310 0.655006 -0.636522 200.630721 -1164.094836 43.350420
slice23/query/img_07949_c0_1285950357750278us.jpg 0.254123 0.322810 0.653880 -0.635339 198.408975 -1163.999277 43.146024
slice23/query/img_07950_c0_1285950357816894us.jpg 0.255104 0.324445 0.652928 -0.635092 197.305764 -1163.951264 43.034691
slice23/query/img_07951_c0_1285950357883603us.jpg 0.256593 0.325698 0.651983 -0.634822 196.203845 -1163.899917 42.929683
slice23/query/img_07952_c0_1285950358016851us.jpg 0.259671 0.327911 0.650970 -0.633469 194.041734 -1163.778491 42.715641
slice23/query/img_07953_c0_1285950358083569us.jpg 0.261972 0.328489 0.650699 -0.632500 192.959946 -1163.709536 42.576859
