slice23/query/img_05973_c0_1287504349341267us.jpg 0.327533 0.338114 0.610924 -0.636532 488.820566 -1206.423534 60.674028
slice23/query/img_05974_c0_1287504349407984us.jpg 0.326881 0.338167 0.610617 -0.637133 487.696153 -1206.200056 60.675185
slice23/query/img_05975_c0_1287504349541217us.jpg 0.326164 0.338464 0.610193 -0.637750 485.438589 -1205.757933 60.677155
slice23/query/img_05976_c0_1287504349607950us.jpg 0.325836 0.338563 0.610052 -0.637998 484.303946 -1205.537761 60.674707
slice23/query/img_05977_c0_1287504349674561us.jpg 0.325326 0.338784 0.610027 -0.638166 483.168790 -1205.320185 60.669713
slice23/query/img_05978_c0_1287504349807931us.jpg 0.323438 0.339673 0.610079 -0.638603 480.891568 -1204.877461 60.673336
slice23/query/img_05979_c0_1287504349874526us.jpg 0.322274 0.339841 0.610228 -0.638960 479.756633 -1204.644814 60.671416
slice23/query/img_05980_c0_1287504350007897us.jpg 0.319346 0.341984 0.610866 -0.638676 477.473921 -1204.208917 60.671439
slice23/query/img_05981_c0_1287504350074491us.jpg 0.318933 0.342557 0.611003 -0.638445 476.339265 -1204.004162 60.655407
slice23/query/img_05982_c0_1287504350141103us.jpg 0.319110 0.342831 0.610860 -0.638345 475.207486 -1203.795499 60.639086
slice23/query/img_05983_c0_1287504350274452us.jpg 0.318679 0.344366 0.611099 -0.637505 472.958058 -1203.371744 60.646599
slice23/query/img_05984_c0_1287504350341067us.jpg 0.318061 0.344857 0.610734 -0.637899 471.831339 -1203.140696 60.637519
slice23/query/img_05985_c0_1287504350474418us.jpg 0.317097 0.345644 0.608949 -0.639657 469.566155 -1202.696412 60.597534
slice23/query/img_05986_c0_1287504350541031us.jpg 0.316852 0.345927 0.608145 -0.640389 468.434691 -1202.480905 60.567634
slice23/query/img_05987_c0_1287504350674381us.jpg 0.316994 0.346513 0.608389 -0.639771 466.155210 -1202.061635 60.508323
slice23/query/img_05988_c0_1287504350740993us.jpg 0.317011 0.347049 0.609038 -0.638854 465.018306 -1201.853711 60.482952
slice23/query/img_05989_c0_1287504350807732us.jpg 0.317008 0.347744 0.609712 -0.637834 463.880547 -1201.647726 60.458106
slice23/query/img_05990_c0_1287504350940978us.jpg 0.315838 0.349688 0.609870 -0.637199 461.595753 -1201.212106 60.406603
slice23/query/img_05991_c0_1287504351007696us.jpg 0.315849 0.349322 0.609002 -0.638224 460.457189 -1200.982931 60.372655
slice23/query/img_05992_c0_1287504351140945us.jpg 0.316100 0.348644 0.607839 -0.639578 458.166844 -1200.547403 60.334463
slice23/query/img_05993_c0_1287504351207661us.jpg 0.315655 0.348614 0.607443 -0.640190 457.028241 -1200.332976 60.303856
slice23/query/img_05994_c0_1287504351274273us.jpg 0.315265 0.348937 0.607617 -0.640041 455.889948 -1200.121154 60.272816
slice23/query/img_05995_c0_1287504351407646us.jpg 0.313801 0.349552 0.609615 -0.638523 453.586607 -1199.682406 60.222823
slice23/query/img_05996_c0_1287504351474237us.jpg 0.313863 0.349356 0.610959 -0.637314 452.437241 -1199.465273 60.195117
slice23/query/img_05997_c0_1287504351607589us.jpg 0.313698 0.349653 0.612584 -0.635671 450.143599 -1199.038386 60.127473
slice23/query/img_05998_c0_1287504351674206us.jpg 0.313560 0.349377 0.612990 -0.635499 448.995428 -1198.817486 60.086946
slice23/query/img_05999_c0_1287504351740813us.jpg 0.313507 0.349429 0.612634 -0.635840 447.838485 -1198.598122 60.044472
slice23/query/img_06000_c0_1287504351874165us.jpg 0.312905 0.350221 0.610646 -0.637611 445.528735 -1198.159142 59.955827
slice23/query/img_06001_c0_1287504351940778us.jpg 0.312361 0.350838 0.610036 -0.638121 444.370827 -1197.946539 59.914185
slice23/query/img_06002_c0_1287504352007515us.jpg 0.311733 0.350865 0.609909 -0.638535 443.212334 -1197.734706 59.863874
slice23/query/img_06003_c0_1287504352140761us.jpg 0.311298 0.350422 0.610931 -0.638014 440.902099 -1197.313593 59.770116
slice23/query/img_06004_c0_1287504352207479us.jpg 0.311653 0.349576 0.611951 -0.637327 439.750658 -1197.099049 59.726986
slice23/query/img_06005_c0_1287504352340705us.jpg 0.312779 0.348497 0.615390 -0.634047 437.487509 -1196.669848 59.693238
slice23/query/img_06006_c0_1287504352407441us.jpg 0.312662 0.349080 0.616410 -0.632791 436.340458 -1196.459389 59.664666
slice23/query/img_06007_c0_1287504352540671us.jpg 0.310877 0.351489 0.616759 -0.631996 434.036392 -1196.021959 59.600788
slice23/query/img_06008_c0_1287504352607406us.jpg 0.309563 0.352521 0.616267 -0.632546 432.887194 -1195.796006 59.563718
slice23/query/img_06009_c0_1287504352740635us.jpg 0.308561 0.353721 0.613873 -0.634690 430.580125 -1195.351339 59.473480
slice23/query/img_06010_c0_1287504352807390us.jpg 0.309128 0.353169 0.613206 -0.635366 429.426977 -1195.133173 59.424580
slice23/query/img_06011_c0_1287504352873982us.jpg 0.310281 0.352416 0.613198 -0.635230 428.281027 -1194.921967 59.370069
slice23/query/img_06012_c0_1287504353007353us.jpg 0.311281 0.351948 0.614896 -0.633356 425.975351 -1194.509468 59.270134
slice23/query/img_06013_c0_1287504353073946us.jpg 0.311199 0.351842 0.616195 -0.632191 424.825853 -1194.297778 59.224429
slice23/query/img_06014_c0_1287504353207319us.jpg 0.310931 0.351932 0.617308 -0.631186 422.533174 -1193.861487 59.130254
slice23/query/img_06015_c0_1287504353273910us.jpg 0.311123 0.351645 0.617153 -0.631404 421.392582 -1193.642407 59.081289
slice23/query/img_06016_c0_1287504353407261us.jpg 0.311078 0.351115 0.616503 -0.632356 419.118226 -1193.193922 58.991232
slice23/query/img_06017_c0_1287504353473876us.jpg 0.310628 0.351420 0.616232 -0.632671 417.976529 -1192.978673 58.951094
slice23/query/img_06018_c0_1287504353607250us.jpg 0.309192 0.353449 0.614978 -0.633464 415.694328 -1192.550298 58.868205
slice23/query/img_06019_c0_1287504353673840us.jpg 0.308393 0.354123 0.614387 -0.634050 414.552976 -1192.331615 58.823222
slice23/query/img_06020_c0_1287504353740457us.jpg 0.308202 0.354425 0.613744 -0.634597 413.414090 -1192.113031 58.774346
slice23/query/img_06021_c0_1287504353873802us.jpg 0.308313 0.353992 0.612240 -0.636235 411.135914 -1191.674460 58.666032
slice23/query/img_06022_c0_1287504353940415us.jpg 0.308660 0.353292 0.611919 -0.636764 410.002079 -1191.453008 58.616374
slice23/query/img_06023_c0_1287504354073767us.jpg 0.310223 0.351454 0.611587 -0.637341 407.727582 -1191.026251 58.510007
slice23/query/img_06024_c0_1287504354140379us.jpg 0.311191 0.350610 0.611674 -0.637250 406.588903 -1190.817622 58.461253
slice23/query/img_06025_c0_1287504354207118us.jpg 0.311365 0.350174 0.612095 -0.637001 405.447928 -1190.608428 58.411027
slice23/query/img_06026_c0_1287504354340344us.jpg 0.309672 0.351811 0.612931 -0.636119 403.166177 -1190.197257 58.328347
slice23/query/img_06027_c0_1287504354407080us.jpg 0.308751 0.352698 0.612562 -0.636431 402.023493 -1189.985454 58.279621
slice23/query/img_06028_c0_1287504354540331us.jpg 0.308475 0.352450 0.611889 -0.637349 399.759156 -1189.565490 58.186820
slice23/query/img_06029_c0_1287504354607045us.jpg 0.308881 0.351989 0.611988 -0.637312 398.625290 -1189.356001 58.145699
slice23/query/img_06030_c0_1287504354741584us.jpg 0.309082 0.352077 0.612464 -0.636709 396.320403 -1188.952880 58.041212
slice23/query/img_06031_c0_1287504354807010us.jpg 0.308949 0.352092 0.612907 -0.636339 395.169101 -1188.745763 57.987308
slice23/query/img_06032_c0_1287504354940233us.jpg 0.309458 0.351594 0.613392 -0.635899 392.887354 -1188.339685 57.875158
slice23/query/img_06033_c0_1287504355006973us.jpg 0.309736 0.351005 0.613896 -0.635603 391.750085 -1188.130900 57.822993
slice23/query/img_06034_c0_1287504355140221us.jpg 0.309930 0.351605 0.613766 -0.635302 389.473909 -1187.717335 57.726832
slice23/query/img_06035_c0_1287504355273549us.jpg 0.309148 0.353309 0.613360 -0.635129 387.215098 -1187.315580 57.608438
slice23/query/img_06036_c0_1287504355406919us.jpg 0.309171 0.353597 0.613151 -0.635161 384.953434 -1186.907217 57.507552
slice23/query/img_06037_c0_1287504355540127us.jpg 0.309765 0.354021 0.612474 -0.635287 382.721098 -1186.498204 57.401320
slice23/query/img_06038_c0_1287504355606863us.jpg 0.309804 0.353997 0.612081 -0.635661 381.598129 -1186.284708 57.348769
slice23/query/img_06039_c0_1287504355806828us.jpg 0.309761 0.354848 0.613708 -0.633635 378.211504 -1185.665068 57.254054
slice23/query/img_06040_c0_1287504355940076us.jpg 0.309454 0.355028 0.614247 -0.633162 375.930170 -1185.229552 57.155221
slice23/query/img_06041_c0_1287504356073402us.jpg 0.310124 0.354657 0.614032 -0.633251 373.663111 -1184.801987 57.039725
slice23/query/img_06042_c0_1287504356140017us.jpg 0.310154 0.354517 0.614562 -0.632800 372.533566 -1184.586467 56.989727
slice23/query/img_06043_c0_1287504356273374us.jpg 0.309386 0.354513 0.615693 -0.632078 370.271805 -1184.154199 56.892763
slice23/query/img_06044_c0_1287504356406737us.jpg 0.307962 0.354711 0.617026 -0.631363 367.993357 -1183.736843 56.792226
slice23/query/img_06045_c0_1287504356539947us.jpg 0.307764 0.353850 0.617135 -0.631835 365.692540 -1183.324003 56.659554
slice23/query/img_06046_c0_1287504356673296us.jpg 0.308712 0.351737 0.618179 -0.631532 363.404652 -1182.914003 56.540242
slice23/query/img_06047_c0_1287504356739909us.jpg 0.308940 0.351077 0.619076 -0.630909 362.265582 -1182.706956 56.484881
slice23/query/img_06048_c0_1287504356873288us.jpg 0.308459 0.351310 0.620033 -0.630075 359.985273 -1182.293258 56.371963
slice23/query/img_06049_c0_1287504357006612us.jpg 0.307611 0.351962 0.620234 -0.629927 357.704796 -1181.883656 56.252515
slice23/query/img_06050_c0_1287504357073225us.jpg 0.307331 0.352079 0.619982 -0.630246 356.569868 -1181.677042 56.190136
slice23/query/img_06051_c0_1287504357206587us.jpg 0.307255 0.352930 0.619341 -0.630438 354.305929 -1181.263290 56.082718
slice23/query/img_06052_c0_1287504357339822us.jpg 0.308341 0.353738 0.618312 -0.630465 352.034303 -1180.867663 55.965000
slice23/query/img_06053_c0_1287504357473152us.jpg 0.309070 0.354992 0.618152 -0.629559 349.764625 -1180.459126 55.846415
slice23/query/img_06054_c0_1287504357539765us.jpg 0.309423 0.355420 0.618197 -0.629100 348.636287 -1180.248065 55.785363
slice23/query/img_06055_c0_1287504357673120us.jpg 0.310437 0.356606 0.617490 -0.628623 346.390107 -1179.822153 55.673759
slice23/query/img_06056_c0_1287504357739728us.jpg 0.310814 0.357071 0.616550 -0.629095 345.267173 -1179.608400 55.612114
slice23/query/img_06057_c0_1287504357806466us.jpg 0.311222 0.357506 0.615486 -0.629688 344.149208 -1179.391341 55.554968
slice23/query/img_06058_c0_1287504357939692us.jpg 0.311683 0.357707 0.614137 -0.630662 341.919032 -1178.952753 55.444309
slice23/query/img_06059_c0_1287504358006430us.jpg 0.311463 0.357509 0.613917 -0.631098 340.806891 -1178.732367 55.388609
slice23/query/img_06060_c0_1287504358139657us.jpg 0.311283 0.357626 0.614697 -0.630360 338.577810 -1178.297692 55.291399
slice23/query/img_06061_c0_1287504358273005us.jpg 0.311201 0.357818 0.615946 -0.629071 336.358557 -1177.872221 55.181780
slice23/query/img_06062_c0_1287504358339622us.jpg 0.311368 0.357526 0.616642 -0.628473 335.252218 -1177.661730 55.120929
slice23/query/img_06063_c0_1287504358472992us.jpg 0.311740 0.356959 0.617982 -0.627293 333.030973 -1177.242460 55.009362
slice23/query/img_06064_c0_1287504358539586us.jpg 0.311219 0.357055 0.618248 -0.627235 331.918605 -1177.024031 54.948925
slice23/query/img_06065_c0_1287504358672959us.jpg 0.309930 0.357715 0.618657 -0.627093 329.703091 -1176.584450 54.832398
slice23/query/img_06066_c0_1287504358739550us.jpg 0.309917 0.357555 0.619359 -0.626499 328.594884 -1176.369511 54.774487
slice23/query/img_06067_c0_1287504358872927us.jpg 0.309568 0.357617 0.620573 -0.625433 326.378020 -1175.942339 54.650706
slice23/query/img_06068_c0_1287504358939514us.jpg 0.308974 0.357883 0.621060 -0.625091 325.263633 -1175.721569 54.580041
slice23/query/img_06069_c0_1287504359006251us.jpg 0.308209 0.358274 0.621322 -0.624985 324.157483 -1175.510398 54.514862
slice23/query/img_06070_c0_1287504359139496us.jpg 0.306889 0.358734 0.621645 -0.625049 321.947079 -1175.073410 54.380280
slice23/query/img_06071_c0_1287504359206214us.jpg 0.306317 0.358658 0.621838 -0.625182 320.842968 -1174.857548 54.307244
slice23/query/img_06072_c0_1287504359339439us.jpg 0.306387 0.358346 0.622270 -0.624896 318.634575 -1174.446329 54.168743
slice23/query/img_06073_c0_1287504359406178us.jpg 0.306594 0.357838 0.622678 -0.624679 317.528944 -1174.236291 54.102904
slice23/query/img_06074_c0_1287504359539409us.jpg 0.305853 0.357305 0.623605 -0.624422 315.310460 -1173.805843 53.952323
slice23/query/img_06075_c0_1287504359672755us.jpg 0.302987 0.359233 0.622202 -0.626111 313.092180 -1173.379635 53.804265
slice23/query/img_06076_c0_1287504359739367us.jpg 0.302874 0.359294 0.622784 -0.625552 311.981451 -1173.176680 53.734313
slice23/query/img_06077_c0_1287504359872741us.jpg 0.301862 0.358936 0.624393 -0.624643 309.759823 -1172.771124 53.587337
slice23/query/img_06078_c0_1287504359939333us.jpg 0.300951 0.358981 0.624678 -0.624771 308.641389 -1172.563646 53.506923
slice23/query/img_06079_c0_1287504360072684us.jpg 0.298731 0.358842 0.626540 -0.624051 306.414586 -1172.170567 53.346950
slice23/query/img_06080_c0_1287504360206035us.jpg 0.296797 0.358877 0.627200 -0.624290 304.184468 -1171.772318 53.179565
slice23/query/img_06081_c0_1287504360272647us.jpg 0.295818 0.358974 0.627385 -0.624514 303.067588 -1171.577465 53.098437
slice23/query/img_06082_c0_1287504360405998us.jpg 0.293720 0.358406 0.627994 -0.625218 300.823786 -1171.192664 52.928194
slice23/query/img_06083_c0_1287504360472610us.jpg 0.292468 0.357921 0.628568 -0.625506 299.700607 -1170.997234 52.837602
slice23/query/img_06084_c0_1287504360605986us.jpg 0.289897 0.357557 0.628543 -0.626934 297.454722 -1170.612337 52.636991
slice23/query/img_06085_c0_1287504360739191us.jpg 0.287674 0.356444 0.629179 -0.627953 295.203033 -1170.238495 52.443011
slice23/query/img_06086_c0_1287504360805924us.jpg 0.286472 0.355999 0.629355 -0.628579 294.068168 -1170.055531 52.344104
slice23/query/img_06087_c0_1287504360872539us.jpg 0.285250 0.355264 0.629461 -0.629443 292.940739 -1169.874498 52.244675
slice23/query/img_06088_c0_1287504361072515us.jpg 0.282932 0.352536 0.630296 -0.631185 289.537242 -1169.384266 51.938530
slice23/query/img_06089_c0_1287504361139136us.jpg 0.281802 0.351812 0.631038 -0.631354 288.413327 -1169.221346 51.840640
slice23/query/img_06090_c0_1287504361272465us.jpg 0.279028 0.351126 0.633201 -0.630801 286.139769 -1168.914390 51.643335
slice23/query/img_06091_c0_1287504361405829us.jpg 0.276715 0.349828 0.635528 -0.630201 283.868633 -1168.618958 51.433281
slice23/query/img_06092_c0_1287504361539042us.jpg 0.276050 0.347216 0.637417 -0.630029 281.604316 -1168.344797 51.217684
slice23/query/img_06093_c0_1287504361605781us.jpg 0.275600 0.346290 0.637945 -0.630201 280.475747 -1168.206284 51.114670
slice23/query/img_06094_c0_1287504361739030us.jpg 0.274571 0.344445 0.639227 -0.630363 278.208355 -1167.935338 50.903164
slice23/query/img_06095_c0_1287504361805745us.jpg 0.273506 0.343963 0.640100 -0.630203 277.070518 -1167.804892 50.798017
slice23/query/img_06096_c0_1287504361872358us.jpg 0.272286 0.343480 0.640864 -0.630218 275.933136 -1167.672662 50.693817
slice23/query/img_06097_c0_1287504362005731us.jpg 0.270630 0.342383 0.642365 -0.630000 273.665631 -1167.437117 50.479464
slice23/query/img_06098_c0_1287504362072322us.jpg 0.270330 0.341185 0.643221 -0.629906 272.530936 -1167.315933 50.374396
slice23/query/img_06099_c0_1287504362205675us.jpg 0.270640 0.339625 0.643025 -0.630815 270.256254 -1167.087768 50.164253
slice23/query/img_06100_c0_1287504362272286us.jpg 0.269662 0.339589 0.642863 -0.631418 269.115606 -1166.972336 50.061227
slice23/query/img_06101_c0_1287504362338898us.jpg 0.267917 0.339783 0.642900 -0.632019 267.975374 -1166.855609 49.958086
slice23/query/img_06102_c0_1287504362472270us.jpg 0.265355 0.339062 0.643007 -0.633377 265.689612 -1166.626519 49.743282
slice23/query/img_06103_c0_1287504362538863us.jpg 0.264328 0.338842 0.643333 -0.633593 264.547030 -1166.512525 49.633873
slice23/query/img_06104_c0_1287504362672216us.jpg 0.262779 0.338001 0.645480 -0.632502 262.276189 -1166.296096 49.412732
slice23/query/img_06105_c0_1287504362738826us.jpg 0.262864 0.336671 0.647064 -0.631557 261.140541 -1166.206738 49.294970
slice23/query/img_06106_c0_1287504362872181us.jpg 0.262604 0.334707 0.648888 -0.630837 258.852240 -1166.031099 49.063325
slice23/query/img_06107_c0_1287504362938790us.jpg 0.261914 0.334095 0.648900 -0.631435 257.712175 -1165.945327 48.948984
slice23/query/img_06108_c0_1287504363072163us.jpg 0.259859 0.333259 0.647436 -0.634223 255.415694 -1165.767027 48.715237
slice23/query/img_06109_c0_1287504363205492us.jpg 0.257261 0.332876 0.645675 -0.637271 253.103724 -1165.596057 48.494456
slice23/query/img_06110_c0_1287504363272105us.jpg 0.256135 0.332191 0.645638 -0.638119 251.956570 -1165.506309 48.384760
slice23/query/img_06111_c0_1287504363405461us.jpg 0.254363 0.330633 0.646871 -0.638388 249.668403 -1165.364704 48.168555
slice23/query/img_06112_c0_1287504363472074us.jpg 0.253381 0.329841 0.647821 -0.638225 248.525918 -1165.297911 48.060851
slice23/query/img_06113_c0_1287504363605422us.jpg 0.251560 0.327858 0.649699 -0.638058 246.250177 -1165.170360 47.839912
slice23/query/img_06114_c0_1287504363672053us.jpg 0.250655 0.326842 0.650493 -0.638126 245.119550 -1165.107733 47.732026
slice23/query/img_06115_c0_1287504363805389us.jpg 0.248770 0.324522 0.650995 -0.639534 242.842441 -1164.972853 47.514534
slice23/query/img_06116_c0_1287504363938631us.jpg 0.246789 0.321730 0.651452 -0.641244 240.547459 -1164.852685 47.281116
slice23/query/img_06117_c0_1287504364005349us.jpg 0.245824 0.320470 0.651943 -0.641748 239.408624 -1164.807868 47.165844
slice23/query/img_06118_c0_1287504364138575us.jpg 0.244123 0.318321 0.653051 -0.642339 237.134956 -1164.717000 46.935809
slice23/query/img_06119_c0_1287504364205312us.jpg 0.243561 0.317264 0.653965 -0.642146 236.009587 -1164.684934 46.824155
slice23/query/img_06120_c0_1287504364338578us.jpg 0.243872 0.314522 0.655959 -0.641342 233.755309 -1164.642146 46.591953
slice23/query/img_06121_c0_1287504364471914us.jpg 0.243424 0.313075 0.658406 -0.639711 231.502484 -1164.599276 46.363232
slice23/query/img_06122_c0_1287504364538522us.jpg 0.242549 0.312759 0.660264 -0.638282 230.379830 -1164.584175 46.259109
slice23/query/img_06123_c0_1287504364671853us.jpg 0.242954 0.312356 0.660758 -0.637813 228.129360 -1164.556072 46.039054
slice23/query/img_06124_c0_1287504364738465us.jpg 0.243552 0.311944 0.660321 -0.638240 227.008578 -1164.531720 45.924842
slice23/query/img_06125_c0_1287504364871840us.jpg 0.243881 0.311843 0.658659 -0.639879 224.763667 -1164.484075 45.692281
slice23/query/img_06126_c0_1287504365005166us.jpg 0.243284 0.313176 0.657079 -0.641078 222.499936 -1164.451141 45.466395
slice23/query/img_06127_c0_1287504365071781us.jpg 0.242734 0.314158 0.656601 -0.641296 221.366798 -1164.433797 45.358244
slice23/query/img_06128_c0_1287504365205135us.jpg 0.243049 0.314441 0.656074 -0.641577 219.104983 -1164.397016 45.139997
slice23/query/img_06129_c0_1287504365338358us.jpg 0.244932 0.313492 0.656166 -0.641231 216.854741 -1164.362224 44.923795
slice23/query/img_06130_c0_1287504365405096us.jpg 0.245144 0.313682 0.656362 -0.640856 215.724902 -1164.343766 44.820327
slice23/query/img_06131_c0_1287504365538352us.jpg 0.244172 0.315461 0.655975 -0.640750 213.475262 -1164.273316 44.629421
slice23/query/img_06132_c0_1287504365671677us.jpg 0.242569 0.317657 0.653531 -0.642769 211.228372 -1164.207074 44.415756
slice23/query/img_06133_c0_1287504365738284us.jpg 0.242377 0.317828 0.652503 -0.643800 210.115877 -1164.179384 44.308671
slice23/query/img_06134_c0_1287504365871660us.jpg 0.243070 0.317400 0.651853 -0.644408 207.899251 -1164.134288 44.089225
slice23/query/img_06135_c0_1287504365938249us.jpg 0.243860 0.317363 0.651942 -0.644038 206.796770 -1164.123462 43.976599
slice23/query/img_06136_c0_1287504366004984us.jpg 0.244613 0.317115 0.652437 -0.643373 205.696347 -1164.108397 43.867527
slice23/query/img_06137_c0_1287504366138237us.jpg 0.246075 0.316300 0.654036 -0.641590 203.516589 -1164.072902 43.654132
slice23/query/img_06138_c0_1287504366204951us.jpg 0.246675 0.316245 0.654295 -0.641123 202.435849 -1164.056612 43.550442
slice23/query/img_06139_c0_1287504366338176us.jpg 0.246774 0.317780 0.653963 -0.640664 200.274683 -1164.020368 43.346837
slice23/query/img_06140_c0_1287504366404917us.jpg 0.247043 0.319068 0.653542 -0.640350 199.203244 -1163.999914 43.242537
slice23/query/img_06141_c0_1287504366538142us.jpg 0.249565 0.321501 0.653251 -0.638449 197.081172 -1163.946838 43.035625
slice23/query/img_06142_c0_1287504366604878us.jpg 0.251771 0.322481 0.653123 -0.637219 196.030270 -1163.918803 42.929430
slice23/query/img_06143_c0_1287504366738124us.jpg 0.256525 0.324334 0.654177 -0.633289 193.936570 -1163.870243 42.709331
