slice23/query/img_07677_c0_1288106916635876us.jpg 0.325954 0.335681 0.611225 -0.638338 488.688780 -1206.446179 60.654842
slice23/query/img_07678_c0_1288106916702637us.jpg 0.325342 0.335858 0.611009 -0.638765 487.567553 -1206.233498 60.653694
slice23/query/img_07679_c0_1288106916769230us.jpg 0.325160 0.336193 0.610873 -0.638811 486.452185 -1206.025639 60.652429
slice23/query/img_07680_c0_1288106916835845us.jpg 0.325042 0.336617 0.610859 -0.638661 485.342097 -1205.818050 60.657029
slice23/query/img_07681_c0_1288106916969202us.jpg 0.324588 0.337219 0.610769 -0.638661 483.112229 -1205.395421 60.650816
slice23/query/img_07682_c0_1288106917035815us.jpg 0.324096 0.337807 0.610767 -0.638602 481.998692 -1205.186031 60.649318
slice23/query/img_07683_c0_1288106917102554us.jpg 0.323795 0.338119 0.610612 -0.638738 480.884197 -1204.975088 60.646554
slice23/query/img_07684_c0_1288106917169169us.jpg 0.323470 0.338420 0.610607 -0.638748 479.772048 -1204.761328 60.645469
slice23/query/img_07685_c0_1288106917235785us.jpg 0.322761 0.339052 0.610784 -0.638601 478.655886 -1204.548397 60.643944
slice23/query/img_07686_c0_1288106917369141us.jpg 0.321252 0.340947 0.611382 -0.637781 476.412120 -1204.130700 60.636385
slice23/query/img_07687_c0_1288106917435755us.jpg 0.321165 0.341345 0.611351 -0.637641 475.290590 -1203.915954 60.624313
slice23/query/img_07688_c0_1288106917502494us.jpg 0.321108 0.341632 0.611282 -0.637583 474.178663 -1203.703951 60.608089
slice23/query/img_07689_c0_1288106917569112us.jpg 0.320953 0.342125 0.610937 -0.637727 473.062801 -1203.493107 60.593278
slice23/query/img_07690_c0_1288106917702466us.jpg 0.319320 0.343520 0.609435 -0.639232 470.832183 -1203.054933 60.565887
slice23/query/img_07691_c0_1288106917769081us.jpg 0.319029 0.344015 0.608362 -0.640133 469.720964 -1202.841828 60.548132
slice23/query/img_07692_c0_1288106917835695us.jpg 0.319024 0.344206 0.607695 -0.640666 468.611396 -1202.628109 60.529159
slice23/query/img_07693_c0_1288106917902435us.jpg 0.319147 0.344383 0.607591 -0.640608 467.502498 -1202.418291 60.508433
slice23/query/img_07694_c0_1288106918035665us.jpg 0.318887 0.345387 0.608688 -0.639154 465.273482 -1202.001138 60.469519
slice23/query/img_07695_c0_1288106918102424us.jpg 0.318809 0.345998 0.609363 -0.638218 464.159349 -1201.795186 60.445989
slice23/query/img_07696_c0_1288106918169019us.jpg 0.318276 0.346663 0.610033 -0.637483 463.044485 -1201.583770 60.423295
slice23/query/img_07697_c0_1288106918302376us.jpg 0.317722 0.347779 0.609811 -0.637364 460.814381 -1201.163967 60.373031
slice23/query/img_07698_c0_1288106918435613us.jpg 0.318484 0.347317 0.608811 -0.638190 458.608793 -1200.733124 60.320166
slice23/query/img_07699_c0_1288106918569072us.jpg 0.318645 0.348223 0.608753 -0.637672 456.391341 -1200.315722 60.277425
slice23/query/img_07700_c0_1288106918635575us.jpg 0.318367 0.349087 0.609323 -0.636794 455.278130 -1200.103940 60.254405
slice23/query/img_07701_c0_1288106918702313us.jpg 0.318219 0.349476 0.610106 -0.635904 454.165881 -1199.894455 60.222663
slice23/query/img_07702_c0_1288106918768930us.jpg 0.317985 0.349949 0.611106 -0.634800 453.059443 -1199.681190 60.197887
slice23/query/img_07703_c0_1288106918902304us.jpg 0.317570 0.350714 0.611804 -0.633912 450.846010 -1199.245421 60.140976
slice23/query/img_07704_c0_1288106919035533us.jpg 0.316332 0.351337 0.611880 -0.634113 448.637421 -1198.795358 60.086174
slice23/query/img_07705_c0_1288106919102252us.jpg 0.316261 0.351512 0.611358 -0.634555 447.541082 -1198.573722 60.051579
slice23/query/img_07706_c0_1288106919168868us.jpg 0.316139 0.351958 0.610771 -0.634933 446.447759 -1198.351792 60.020293
slice23/query/img_07707_c0_1288106919302225us.jpg 0.315063 0.352987 0.610260 -0.635388 444.249305 -1197.903277 59.957206
slice23/query/img_07708_c0_1288106919368839us.jpg 0.314565 0.353014 0.610684 -0.635212 443.152462 -1197.683109 59.921729
slice23/query/img_07709_c0_1288106919435453us.jpg 0.314225 0.352946 0.611413 -0.634717 442.056014 -1197.462584 59.885903
slice23/query/img_07710_c0_1288106919502192us.jpg 0.314071 0.352658 0.611926 -0.634459 440.958727 -1197.242527 59.843243
slice23/query/img_07711_c0_1288106919635536us.jpg 0.315356 0.350780 0.614817 -0.632063 438.775714 -1196.821948 59.778272
slice23/query/img_07712_c0_1288106919702165us.jpg 0.315615 0.350230 0.615834 -0.631249 437.672924 -1196.614780 59.732118
slice23/query/img_07713_c0_1288106919768779us.jpg 0.315227 0.350350 0.616397 -0.630827 436.573153 -1196.401559 59.691773
slice23/query/img_07714_c0_1288106919835395us.jpg 0.314683 0.350938 0.616353 -0.630814 435.481190 -1196.184806 59.658351
slice23/query/img_07715_c0_1288106919968777us.jpg 0.311904 0.352298 0.615112 -0.632644 433.286244 -1195.753357 59.581551
slice23/query/img_07716_c0_1288106920035366us.jpg 0.310970 0.352531 0.614053 -0.634001 432.198057 -1195.538676 59.540614
slice23/query/img_07717_c0_1288106920102105us.jpg 0.310295 0.352432 0.612756 -0.635640 431.105516 -1195.322958 59.495894
slice23/query/img_07718_c0_1288106920168720us.jpg 0.310186 0.351692 0.611913 -0.636914 430.022314 -1195.105567 59.453500
slice23/query/img_07719_c0_1288106920302077us.jpg 0.311205 0.349475 0.612709 -0.636872 427.844207 -1194.706862 59.359005
slice23/query/img_07720_c0_1288106920368690us.jpg 0.311241 0.349086 0.614005 -0.635819 426.752003 -1194.512426 59.311984
slice23/query/img_07721_c0_1288106920435305us.jpg 0.310953 0.348979 0.615579 -0.634495 425.662515 -1194.318972 59.268812
slice23/query/img_07722_c0_1288106920502046us.jpg 0.310361 0.348870 0.617001 -0.633463 424.570781 -1194.121501 59.225649
slice23/query/img_07723_c0_1288106920635803us.jpg 0.309281 0.349035 0.618131 -0.632798 422.402182 -1193.722813 59.136063
slice23/query/img_07724_c0_1288106920702016us.jpg 0.309204 0.348971 0.617671 -0.633321 421.316654 -1193.530709 59.089394
slice23/query/img_07725_c0_1288106920768631us.jpg 0.309409 0.348556 0.617226 -0.633883 420.235143 -1193.337585 59.043616
slice23/query/img_07726_c0_1288106920835247us.jpg 0.309390 0.348219 0.616877 -0.634416 419.158484 -1193.141316 59.000894
slice23/query/img_07727_c0_1288106920968623us.jpg 0.308000 0.349410 0.616011 -0.635279 416.985594 -1192.755763 58.912720
slice23/query/img_07728_c0_1288106921035216us.jpg 0.306988 0.350543 0.615365 -0.635770 415.898345 -1192.560448 58.866050
slice23/query/img_07729_c0_1288106921101956us.jpg 0.306042 0.351342 0.614850 -0.636284 414.820783 -1192.366945 58.819474
slice23/query/img_07730_c0_1288106921235735us.jpg 0.305907 0.352130 0.613699 -0.637023 412.662676 -1191.984836 58.722130
slice23/query/img_07731_c0_1288106921301927us.jpg 0.306387 0.352004 0.613171 -0.637371 411.585151 -1191.794779 58.669849
slice23/query/img_07732_c0_1288106921368542us.jpg 0.307086 0.351939 0.612747 -0.637478 410.512537 -1191.604906 58.617759
slice23/query/img_07733_c0_1288106921435157us.jpg 0.308011 0.351752 0.612473 -0.637398 409.440687 -1191.413293 58.562833
slice23/query/img_07734_c0_1288106921568534us.jpg 0.310649 0.350431 0.612685 -0.636642 407.301455 -1191.029716 58.461045
slice23/query/img_07735_c0_1288106921635127us.jpg 0.311744 0.350226 0.612839 -0.636071 406.231897 -1190.842148 58.416215
slice23/query/img_07736_c0_1288106921701867us.jpg 0.312020 0.350737 0.612928 -0.635567 405.167741 -1190.648633 58.373156
slice23/query/img_07737_c0_1288106921768482us.jpg 0.311499 0.351905 0.612934 -0.635172 404.104333 -1190.454219 58.333621
slice23/query/img_07738_c0_1288106921901840us.jpg 0.310270 0.354624 0.611836 -0.635320 401.981281 -1190.052035 58.257231
slice23/query/img_07739_c0_1288106921968473us.jpg 0.310114 0.355126 0.611024 -0.635897 400.928007 -1189.849231 58.210373
slice23/query/img_07740_c0_1288106922035068us.jpg 0.310555 0.354885 0.610608 -0.636216 399.881079 -1189.647126 58.162262
slice23/query/img_07741_c0_1288106922101808us.jpg 0.310976 0.354618 0.610490 -0.636272 398.832042 -1189.443672 58.116383
slice23/query/img_07742_c0_1288106922235039us.jpg 0.311325 0.354890 0.610998 -0.635462 396.726894 -1189.047927 58.026396
slice23/query/img_07743_c0_1288106922301800us.jpg 0.311019 0.355055 0.611673 -0.634870 395.673762 -1188.846476 57.981585
slice23/query/img_07744_c0_1288106922368394us.jpg 0.310980 0.355066 0.611973 -0.634593 394.624208 -1188.644334 57.934588
slice23/query/img_07745_c0_1288106922435007us.jpg 0.311393 0.354880 0.612127 -0.634346 393.583443 -1188.444579 57.889453
slice23/query/img_07746_c0_1288106922568390us.jpg 0.311573 0.354306 0.612585 -0.634136 391.494780 -1188.041324 57.802047
slice23/query/img_07747_c0_1288106922634979us.jpg 0.311427 0.354357 0.612297 -0.634458 390.441735 -1187.839383 57.754563
slice23/query/img_07748_c0_1288106922701719us.jpg 0.311009 0.354616 0.612170 -0.634640 389.387882 -1187.636756 57.708080
slice23/query/img_07749_c0_1288106922768334us.jpg 0.310501 0.354874 0.612163 -0.634752 388.338564 -1187.435353 57.660914
slice23/query/img_07750_c0_1288106922834949us.jpg 0.309801 0.354924 0.612458 -0.634781 387.290534 -1187.232491 57.615515
slice23/query/img_07751_c0_1288106922968326us.jpg 0.309631 0.354310 0.612482 -0.635184 385.210842 -1186.834508 57.522956
slice23/query/img_07752_c0_1288106923101661us.jpg 0.309510 0.353715 0.612288 -0.635761 383.129068 -1186.442467 57.428010
slice23/query/img_07753_c0_1288106923168275us.jpg 0.309421 0.353337 0.612176 -0.636123 382.090412 -1186.244591 57.379432
slice23/query/img_07754_c0_1288106923234890us.jpg 0.309399 0.352977 0.612346 -0.636170 381.052343 -1186.052138 57.330370
slice23/query/img_07755_c0_1288106923368245us.jpg 0.308751 0.352711 0.613457 -0.635561 378.958887 -1185.669546 57.243724
slice23/query/img_07756_c0_1288106923434866us.jpg 0.308562 0.352426 0.613753 -0.635526 377.911948 -1185.477187 57.195354
slice23/query/img_07757_c0_1288106923501600us.jpg 0.308418 0.352140 0.614094 -0.635424 376.867100 -1185.289089 57.145608
slice23/query/img_07758_c0_1288106923568215us.jpg 0.308379 0.351964 0.614391 -0.635254 375.823800 -1185.100819 57.100003
slice23/query/img_07759_c0_1288106923701575us.jpg 0.308668 0.351280 0.614512 -0.635375 373.731916 -1184.727049 56.999866
slice23/query/img_07760_c0_1288106923768186us.jpg 0.308455 0.351112 0.614988 -0.635110 372.688174 -1184.542413 56.951202
slice23/query/img_07761_c0_1288106923834800us.jpg 0.308550 0.350844 0.615580 -0.634639 371.649216 -1184.359022 56.902151
slice23/query/img_07762_c0_1288106923901540us.jpg 0.308193 0.351406 0.615916 -0.634176 370.607235 -1184.174562 56.856105
slice23/query/img_07763_c0_1288106924034775us.jpg 0.307907 0.352492 0.617433 -0.632233 368.522560 -1183.807748 56.760349
slice23/query/img_07764_c0_1288106924101510us.jpg 0.307972 0.352512 0.618542 -0.631105 367.483662 -1183.624815 56.707150
slice23/query/img_07765_c0_1288106924168125us.jpg 0.308552 0.352419 0.618925 -0.630498 366.451202 -1183.439724 56.654751
slice23/query/img_07766_c0_1288106924301483us.jpg 0.310401 0.351896 0.618257 -0.630539 364.369318 -1183.065266 56.544401
slice23/query/img_07767_c0_1288106924368098us.jpg 0.311017 0.351546 0.618379 -0.630310 363.329677 -1182.878473 56.489677
slice23/query/img_07768_c0_1288106924434713us.jpg 0.311347 0.351650 0.618640 -0.629833 362.291541 -1182.691998 56.437340
slice23/query/img_07769_c0_1288106924501453us.jpg 0.311523 0.352127 0.618861 -0.629263 361.254971 -1182.505596 56.386155
slice23/query/img_07770_c0_1288106924634707us.jpg 0.311187 0.353647 0.618682 -0.628752 359.176444 -1182.124872 56.288028
slice23/query/img_07771_c0_1288106924701424us.jpg 0.311095 0.354180 0.618294 -0.628879 358.139444 -1181.929607 56.237124
slice23/query/img_07772_c0_1288106924768039us.jpg 0.311057 0.354333 0.617603 -0.629491 357.106331 -1181.731570 56.184478
slice23/query/img_07773_c0_1288106924834654us.jpg 0.311179 0.354366 0.617017 -0.629987 356.075701 -1181.534258 56.132698
slice23/query/img_07774_c0_1288106924968011us.jpg 0.311649 0.354345 0.615747 -0.631007 354.009034 -1181.139971 56.023645
slice23/query/img_07775_c0_1288106925034647us.jpg 0.312097 0.354340 0.615288 -0.631236 352.980551 -1180.946495 55.971720
slice23/query/img_07776_c0_1288106925101366us.jpg 0.312277 0.354476 0.615244 -0.631114 351.948780 -1180.751247 55.920050
slice23/query/img_07777_c0_1288106925167980us.jpg 0.312161 0.354700 0.615331 -0.630961 350.913507 -1180.556300 55.866558
slice23/query/img_07778_c0_1288106925301337us.jpg 0.311398 0.355472 0.615679 -0.630563 348.845321 -1180.168573 55.761337
slice23/query/img_07779_c0_1288106925367951us.jpg 0.311285 0.355492 0.615543 -0.630740 347.811743 -1179.970543 55.706640
slice23/query/img_07780_c0_1288106925434566us.jpg 0.311368 0.355518 0.614931 -0.631283 346.780843 -1179.771029 55.654086
slice23/query/img_07781_c0_1288106925501306us.jpg 0.311181 0.355315 0.614333 -0.632070 345.751811 -1179.568485 55.600977
slice23/query/img_07782_c0_1288106925634539us.jpg 0.310556 0.355242 0.613243 -0.633476 343.689184 -1179.167890 55.497539
slice23/query/img_07783_c0_1288106925701276us.jpg 0.310366 0.355183 0.612724 -0.634104 342.661119 -1178.970879 55.446861
slice23/query/img_07784_c0_1288106925767892us.jpg 0.310085 0.354883 0.612802 -0.634334 341.631888 -1178.774935 55.393243
slice23/query/img_07785_c0_1288106925834507us.jpg 0.310032 0.354579 0.613432 -0.633920 340.604126 -1178.582025 55.343604
slice23/query/img_07786_c0_1288106925967864us.jpg 0.310205 0.354263 0.614903 -0.632585 338.541489 -1178.200904 55.238151
slice23/query/img_07787_c0_1288106926034499us.jpg 0.310245 0.354413 0.615774 -0.631634 337.513342 -1178.013710 55.188310
slice23/query/img_07788_c0_1288106926101218us.jpg 0.310290 0.354506 0.616493 -0.630858 336.484795 -1177.822599 55.136969
slice23/query/img_07789_c0_1288106926167835us.jpg 0.310338 0.354466 0.616955 -0.630405 335.458695 -1177.628974 55.084929
slice23/query/img_07790_c0_1288106926301189us.jpg 0.310579 0.354561 0.617266 -0.629929 333.417991 -1177.243608 54.984794
slice23/query/img_07791_c0_1288106926367825us.jpg 0.310141 0.354837 0.617224 -0.630030 332.401192 -1177.046329 54.932948
slice23/query/img_07792_c0_1288106926434421us.jpg 0.309468 0.355399 0.617065 -0.630200 331.382817 -1176.846948 54.880689
slice23/query/img_07793_c0_1288106926501159us.jpg 0.309082 0.355820 0.617083 -0.630135 330.369048 -1176.647026 54.825936
slice23/query/img_07794_c0_1288106926634393us.jpg 0.308749 0.356282 0.618125 -0.629015 328.312856 -1176.257035 54.712156
slice23/query/img_07795_c0_1288106926701151us.jpg 0.308875 0.356677 0.618696 -0.628166 327.292620 -1176.062068 54.655420
slice23/query/img_07796_c0_1288106926767748us.jpg 0.308721 0.356922 0.619197 -0.627609 326.272106 -1175.865926 54.597119
slice23/query/img_07797_c0_1288106926834360us.jpg 0.308469 0.357277 0.619826 -0.626910 325.255536 -1175.673778 54.541415
slice23/query/img_07798_c0_1288106926967718us.jpg 0.307372 0.358245 0.620118 -0.626607 323.223433 -1175.275301 54.425353
slice23/query/img_07799_c0_1288106927034331us.jpg 0.306814 0.358547 0.620146 -0.626681 322.207627 -1175.078584 54.363654
slice23/query/img_07800_c0_1288106927101072us.jpg 0.306579 0.358636 0.620288 -0.626604 321.192999 -1174.884838 54.300455
slice23/query/img_07801_c0_1288106927167687us.jpg 0.306307 0.358750 0.620285 -0.626675 320.178287 -1174.686620 54.236148
slice23/query/img_07802_c0_1288106927234302us.jpg 0.306447 0.358660 0.620258 -0.626685 319.166381 -1174.492146 54.168568
slice23/query/img_07803_c0_1288106927367683us.jpg 0.306670 0.358508 0.620730 -0.626195 317.132615 -1174.108108 54.034748
slice23/query/img_07804_c0_1288106927434274us.jpg 0.306262 0.358624 0.621125 -0.625936 316.115569 -1173.913962 53.970082
slice23/query/img_07805_c0_1288106927501013us.jpg 0.305675 0.358840 0.621582 -0.625646 315.096437 -1173.719520 53.905944
slice23/query/img_07806_c0_1288106927634265us.jpg 0.304800 0.359222 0.622028 -0.625410 313.052355 -1173.330468 53.782286
slice23/query/img_07807_c0_1288106927700989us.jpg 0.304299 0.359278 0.622327 -0.625324 312.023803 -1173.134336 53.713650
slice23/query/img_07808_c0_1288106927767598us.jpg 0.303473 0.359259 0.622865 -0.625201 310.994073 -1172.938838 53.642325
slice23/query/img_07809_c0_1288106927834215us.jpg 0.302718 0.359169 0.623506 -0.624980 309.970258 -1172.743111 53.571316
slice23/query/img_07810_c0_1288106927967594us.jpg 0.301125 0.358956 0.624921 -0.624458 307.921100 -1172.364983 53.426912
slice23/query/img_07811_c0_1288106928034185us.jpg 0.300344 0.358729 0.625486 -0.624399 306.894776 -1172.176351 53.351957
slice23/query/img_07812_c0_1288106928100926us.jpg 0.299355 0.358714 0.626033 -0.624334 305.868972 -1171.989525 53.277171
slice23/query/img_07813_c0_1288106928167538us.jpg 0.298212 0.358885 0.626261 -0.624555 304.844566 -1171.804058 53.202354
slice23/query/img_07814_c0_1288106928300890us.jpg 0.296209 0.358529 0.626850 -0.625120 302.779542 -1171.435415 53.046972
slice23/query/img_07815_c0_1288106928367500us.jpg 0.295108 0.358143 0.627051 -0.625660 301.748973 -1171.249738 52.968296
slice23/query/img_07816_c0_1288106928500847us.jpg 0.293395 0.357373 0.628133 -0.625822 299.667475 -1170.887105 52.799120
slice23/query/img_07817_c0_1288106928567476us.jpg 0.292396 0.357181 0.628587 -0.625942 298.624565 -1170.710635 52.712728
slice23/query/img_07818_c0_1288106928634064us.jpg 0.291659 0.356748 0.629116 -0.626002 297.585994 -1170.535664 52.625672
slice23/query/img_07819_c0_1288106928700801us.jpg 0.290977 0.356393 0.629628 -0.626008 296.548532 -1170.366222 52.538863
slice23/query/img_07820_c0_1288106928834042us.jpg 0.289080 0.355778 0.630077 -0.626783 294.458555 -1170.019941 52.359167
slice23/query/img_07821_c0_1288106928900756us.jpg 0.288291 0.355322 0.630051 -0.627432 293.413605 -1169.851218 52.270473
slice23/query/img_07822_c0_1288106928967366us.jpg 0.287806 0.354869 0.630111 -0.627850 292.373555 -1169.687419 52.184126
slice23/query/img_07823_c0_1288106929033977us.jpg 0.287341 0.354066 0.630110 -0.628518 291.332092 -1169.522641 52.095187
slice23/query/img_07824_c0_1288106929167323us.jpg 0.286532 0.352665 0.631077 -0.628704 289.249762 -1169.210493 51.916387
slice23/query/img_07825_c0_1288106929233933us.jpg 0.285574 0.352229 0.631785 -0.628674 288.199661 -1169.056485 51.824478
slice23/query/img_07826_c0_1288106929367301us.jpg 0.283183 0.351768 0.633759 -0.628026 286.100865 -1168.750379 51.638346
slice23/query/img_07827_c0_1288106929433891us.jpg 0.282091 0.351500 0.634572 -0.627847 285.051503 -1168.601700 51.543799
slice23/query/img_07828_c0_1288106929567235us.jpg 0.280880 0.349713 0.635898 -0.628046 282.954577 -1168.315105 51.345446
slice23/query/img_07829_c0_1288106929633844us.jpg 0.280479 0.348511 0.636370 -0.628414 281.906193 -1168.174467 51.245050
slice23/query/img_07830_c0_1288106929700579us.jpg 0.280134 0.347394 0.636791 -0.628760 280.860358 -1168.034846 51.146537
slice23/query/img_07831_c0_1288106929833824us.jpg 0.278731 0.345474 0.637824 -0.629395 278.757555 -1167.760760 50.951926
slice23/query/img_07832_c0_1288106929900539us.jpg 0.277696 0.344635 0.638540 -0.629586 277.707596 -1167.625227 50.857316
slice23/query/img_07833_c0_1288106930033763us.jpg 0.275076 0.343504 0.640136 -0.629734 275.586603 -1167.371199 50.666994
slice23/query/img_07834_c0_1288106930100493us.jpg 0.273707 0.342811 0.640704 -0.630130 274.524258 -1167.245666 50.564239
slice23/query/img_07835_c0_1288106930167101us.jpg 0.272674 0.341736 0.641501 -0.630350 273.461172 -1167.128316 50.460143
slice23/query/img_07836_c0_1288106930233713us.jpg 0.272226 0.340292 0.642249 -0.630563 272.404777 -1167.013190 50.357853
slice23/query/img_07837_c0_1288106930367071us.jpg 0.271243 0.338767 0.642102 -0.631956 270.262879 -1166.779720 50.155596
slice23/query/img_07838_c0_1288106930433669us.jpg 0.269824 0.338516 0.642213 -0.632585 269.189461 -1166.670509 50.058148
slice23/query/img_07839_c0_1288106930500404us.jpg 0.267721 0.338415 0.642450 -0.633293 268.117336 -1166.560814 49.959383
slice23/query/img_07840_c0_1288106930567013us.jpg 0.265953 0.338008 0.642327 -0.634379 267.050456 -1166.452835 49.855622
slice23/query/img_07841_c0_1288106930700361us.jpg 0.264256 0.336539 0.643516 -0.634663 264.891731 -1166.267999 49.642615
slice23/query/img_07842_c0_1288106930766972us.jpg 0.263610 0.335635 0.644918 -0.633987 263.809076 -1166.182508 49.531669
slice23/query/img_07843_c0_1288106930833582us.jpg 0.263317 0.334422 0.646527 -0.633111 262.729931 -1166.098484 49.416869
slice23/query/img_07844_c0_1288106930900317us.jpg 0.263190 0.332844 0.648597 -0.631876 261.658852 -1166.016643 49.304540
slice23/query/img_07845_c0_1288106931033537us.jpg 0.262671 0.330587 0.650550 -0.631269 259.501898 -1165.860535 49.082650
slice23/query/img_07846_c0_1288106931100272us.jpg 0.261769 0.330267 0.650350 -0.632017 258.422299 -1165.780374 48.978028
slice23/query/img_07847_c0_1288106931166883us.jpg 0.260621 0.329818 0.649608 -0.633487 257.342299 -1165.697771 48.873795
slice23/query/img_07848_c0_1288106931300328us.jpg 0.258736 0.329009 0.647631 -0.636696 255.175238 -1165.539134 48.662531
slice23/query/img_07849_c0_1288106931366838us.jpg 0.257787 0.328643 0.646854 -0.638060 254.088921 -1165.464571 48.559441
slice23/query/img_07850_c0_1288106931433449us.jpg 0.257336 0.327871 0.646437 -0.639060 253.004677 -1165.392465 48.454732
slice23/query/img_07851_c0_1288106931500185us.jpg 0.256719 0.326992 0.646532 -0.639663 251.919171 -1165.318756 48.344296
slice23/query/img_07852_c0_1288106931633407us.jpg 0.255471 0.325255 0.648450 -0.639106 249.725650 -1165.199797 48.132894
slice23/query/img_07853_c0_1288106931700161us.jpg 0.254479 0.324655 0.649369 -0.638874 248.624968 -1165.141470 48.025473
slice23/query/img_07854_c0_1288106931766752us.jpg 0.253677 0.324170 0.650001 -0.638797 247.528926 -1165.090552 47.918874
slice23/query/img_07855_c0_1288106931833361us.jpg 0.252991 0.323385 0.650575 -0.638881 246.434159 -1165.037658 47.812386
slice23/query/img_07856_c0_1288106931966731us.jpg 0.251707 0.321349 0.651287 -0.639690 244.237139 -1164.924957 47.594532
slice23/query/img_07857_c0_1288106932033314us.jpg 0.251115 0.320490 0.651057 -0.640587 243.127155 -1164.875792 47.484293
slice23/query/img_07858_c0_1288106932100052us.jpg 0.250415 0.319701 0.651069 -0.641243 242.017394 -1164.832014 47.376736
slice23/query/img_07859_c0_1288106932166663us.jpg 0.249735 0.318972 0.650996 -0.641945 240.907723 -1164.787037 47.268839
slice23/query/img_07860_c0_1288106932300033us.jpg 0.248258 0.317102 0.651668 -0.642761 238.683056 -1164.700355 47.049958
slice23/query/img_07861_c0_1288106932366621us.jpg 0.247669 0.316381 0.652179 -0.642826 237.575140 -1164.674094 46.939333
slice23/query/img_07862_c0_1288106932433229us.jpg 0.246926 0.315681 0.652964 -0.642659 236.462318 -1164.649956 46.829262
slice23/query/img_07863_c0_1288106932499963us.jpg 0.246500 0.314569 0.653912 -0.642404 235.349380 -1164.626740 46.719383
slice23/query/img_07864_c0_1288106932566574us.jpg 0.246400 0.313306 0.654864 -0.642090 234.239216 -1164.607698 46.607334
slice23/query/img_07865_c0_1288106932699918us.jpg 0.246528 0.311790 0.656517 -0.641090 232.021937 -1164.582684 46.390975
slice23/query/img_07866_c0_1288106932766532us.jpg 0.245453 0.311826 0.658032 -0.639930 230.911078 -1164.569332 46.286724
slice23/query/img_07867_c0_1288106932833141us.jpg 0.244691 0.311823 0.659139 -0.639084 229.799125 -1164.554670 46.180557
slice23/query/img_07868_c0_1288106932966510us.jpg 0.245152 0.311491 0.659360 -0.638841 227.574651 -1164.517922 45.969165
slice23/query/img_07869_c0_1288106933033097us.jpg 0.245603 0.310899 0.658942 -0.639388 226.463694 -1164.498729 45.859896
slice23/query/img_07870_c0_1288106933099833us.jpg 0.245736 0.310346 0.658437 -0.640124 225.345852 -1164.484400 45.747197
slice23/query/img_07871_c0_1288106933233076us.jpg 0.245211 0.309892 0.657345 -0.641667 223.116316 -1164.424740 45.521664
slice23/query/img_07872_c0_1288106933299811us.jpg 0.244623 0.310408 0.657001 -0.641994 222.007767 -1164.390310 45.416928
slice23/query/img_07873_c0_1288106933433322us.jpg 0.243713 0.310711 0.657061 -0.642132 219.810400 -1164.305534 45.191049
slice23/query/img_07874_c0_1288106933499750us.jpg 0.244083 0.310134 0.657002 -0.642331 218.696741 -1164.287491 45.076409
slice23/query/img_07875_c0_1288106933632976us.jpg 0.245267 0.309063 0.656932 -0.642467 216.479602 -1164.263604 44.854360
slice23/query/img_07876_c0_1288106933699701us.jpg 0.245033 0.309364 0.656909 -0.642435 215.369965 -1164.248462 44.746834
slice23/query/img_07877_c0_1288106933766311us.jpg 0.244200 0.310219 0.656799 -0.642453 214.253795 -1164.224190 44.643186
slice23/query/img_07878_c0_1288106933899658us.jpg 0.243060 0.312486 0.655469 -0.643144 212.047133 -1164.140949 44.446316
slice23/query/img_07879_c0_1288106933966268us.jpg 0.242647 0.313517 0.654288 -0.644000 210.945596 -1164.116423 44.339387
slice23/query/img_07880_c0_1288106934032878us.jpg 0.242929 0.313670 0.653565 -0.644554 209.852821 -1164.096592 44.234367
slice23/query/img_07881_c0_1288106934166227us.jpg 0.244457 0.314001 0.652395 -0.645000 207.657899 -1164.109469 43.986422
slice23/query/img_07882_c0_1288106934232836us.jpg 0.245720 0.314200 0.652473 -0.644344 206.565598 -1164.098537 43.877268
slice23/query/img_07883_c0_1288106934299571us.jpg 0.246987 0.314320 0.652950 -0.643317 205.481047 -1164.084367 43.769226
slice23/query/img_07884_c0_1288106934432816us.jpg 0.250009 0.314258 0.654536 -0.640562 203.322463 -1164.051864 43.564716
slice23/query/img_07885_c0_1288106934499528us.jpg 0.251178 0.314978 0.654531 -0.639756 202.245883 -1164.030249 43.461788
slice23/query/img_07886_c0_1288106934566138us.jpg 0.251983 0.316369 0.654180 -0.639112 201.176548 -1164.005748 43.360657
slice23/query/img_07887_c0_1288106934632748us.jpg 0.252687 0.318028 0.653667 -0.638535 200.109004 -1163.979394 43.262610
slice23/query/img_07888_c0_1288106934766094us.jpg 0.254522 0.321562 0.652423 -0.637307 197.977234 -1163.918451 43.058203
slice23/query/img_07889_c0_1288106934832705us.jpg 0.255788 0.323061 0.651771 -0.636709 196.922839 -1163.875081 42.958628
slice23/query/img_07890_c0_1288106934899441us.jpg 0.257501 0.324169 0.650967 -0.636277 195.869674 -1163.831192 42.854542
slice23/query/img_07891_c0_1288106935032684us.jpg 0.261192 0.325775 0.650797 -0.634123 193.773229 -1163.748206 42.639670
