slice23/query/img_08472_c0_1288793069381809us.jpg 0.327796 0.336498 0.607369 -0.640642 487.873839 -1206.119544 60.642724
slice23/query/img_08473_c0_1288793069448402us.jpg 0.326954 0.336911 0.607553 -0.640681 486.983239 -1205.940124 60.648967
slice23/query/img_08474_c0_1288793069581756us.jpg 0.325734 0.337611 0.607454 -0.641027 485.206020 -1205.588645 60.641623
slice23/query/img_08475_c0_1288793069648365us.jpg 0.324891 0.337785 0.607414 -0.641401 484.316043 -1205.416025 60.638369
slice23/query/img_08476_c0_1288793069782177us.jpg 0.323583 0.338231 0.607050 -0.642172 482.514527 -1205.074556 60.639938
slice23/query/img_08477_c0_1288793069848350us.jpg 0.323152 0.338380 0.606608 -0.642727 481.613315 -1204.903798 60.636223
slice23/query/img_08478_c0_1288793069914940us.jpg 0.322741 0.338580 0.606045 -0.643359 480.710654 -1204.733268 60.629046
slice23/query/img_08479_c0_1288793069981679us.jpg 0.322221 0.338584 0.606259 -0.643416 479.808751 -1204.566910 60.628740
slice23/query/img_08480_c0_1288793070114929us.jpg 0.320609 0.339948 0.607387 -0.642437 477.975738 -1204.252238 60.628721
slice23/query/img_08481_c0_1288793070181645us.jpg 0.320020 0.340636 0.608107 -0.641685 477.058148 -1204.089861 60.628394
slice23/query/img_08482_c0_1288793070248257us.jpg 0.319969 0.340923 0.608352 -0.641326 476.146812 -1203.938445 60.620839
slice23/query/img_08483_c0_1288793070381608us.jpg 0.319953 0.341072 0.608632 -0.640989 474.319852 -1203.593962 60.614395
slice23/query/img_08484_c0_1288793070448222us.jpg 0.319523 0.341501 0.608223 -0.641363 473.398014 -1203.431422 60.601296
slice23/query/img_08485_c0_1288793070514833us.jpg 0.318668 0.342192 0.607548 -0.642059 472.480413 -1203.259322 60.586962
slice23/query/img_08486_c0_1288793070648187us.jpg 0.317514 0.343235 0.606064 -0.643476 470.642693 -1202.921841 60.578064
slice23/query/img_08487_c0_1288793070714819us.jpg 0.317576 0.343421 0.605392 -0.643978 469.713600 -1202.754787 60.563378
slice23/query/img_08488_c0_1288793070781535us.jpg 0.317797 0.343189 0.605457 -0.643932 468.787396 -1202.585318 60.543336
slice23/query/img_08489_c0_1288793070848150us.jpg 0.317916 0.343156 0.605790 -0.643577 467.855109 -1202.414356 60.515434
slice23/query/img_08490_c0_1288793070981521us.jpg 0.318820 0.343692 0.607961 -0.640791 465.997921 -1202.107580 60.496462
slice23/query/img_08491_c0_1288793071048112us.jpg 0.318731 0.344248 0.608296 -0.640219 465.068946 -1201.935319 60.466387
slice23/query/img_08492_c0_1288793071181485us.jpg 0.318204 0.345272 0.608350 -0.639878 463.212302 -1201.590418 60.411449
slice23/query/img_08493_c0_1288793071248076us.jpg 0.317712 0.345969 0.607803 -0.640265 462.284232 -1201.415688 60.389075
slice23/query/img_08494_c0_1288793071314688us.jpg 0.317935 0.346687 0.606882 -0.640640 461.359486 -1201.245682 60.366952
slice23/query/img_08495_c0_1288793071448421us.jpg 0.319418 0.346788 0.605177 -0.641460 459.504427 -1200.887116 60.313055
slice23/query/img_08496_c0_1288793071514651us.jpg 0.319915 0.346831 0.604981 -0.641374 458.568620 -1200.712262 60.286932
slice23/query/img_08497_c0_1288793071581390us.jpg 0.320175 0.347002 0.605451 -0.640708 457.626749 -1200.532770 60.266513
slice23/query/img_08498_c0_1288793071648002us.jpg 0.320344 0.347732 0.605890 -0.639812 456.683338 -1200.369540 60.241728
slice23/query/img_08499_c0_1288793071781355us.jpg 0.319576 0.348980 0.608721 -0.636823 454.803957 -1199.996327 60.265346
slice23/query/img_08500_c0_1288793071847966us.jpg 0.319757 0.348871 0.609701 -0.635852 453.851988 -1199.818858 60.238670
slice23/query/img_08501_c0_1288793071914581us.jpg 0.319692 0.348756 0.609898 -0.635761 452.904254 -1199.632676 60.210522
slice23/query/img_08502_c0_1288793071981317us.jpg 0.319430 0.349202 0.609365 -0.636157 451.969194 -1199.449427 60.185997
slice23/query/img_08503_c0_1288793072114544us.jpg 0.318647 0.349795 0.608288 -0.637255 450.075008 -1199.078752 60.134495
slice23/query/img_08504_c0_1288793072181280us.jpg 0.317896 0.349826 0.608164 -0.637731 449.128800 -1198.888868 60.106812
slice23/query/img_08505_c0_1288793072247892us.jpg 0.317426 0.349827 0.608052 -0.638071 448.183763 -1198.689889 60.083857
slice23/query/img_08506_c0_1288793072381268us.jpg 0.316574 0.350040 0.607705 -0.638707 446.281428 -1198.301473 60.021994
slice23/query/img_08507_c0_1288793072447878us.jpg 0.316088 0.350233 0.607872 -0.638683 445.321977 -1198.114696 60.000925
slice23/query/img_08508_c0_1288793072514471us.jpg 0.315265 0.350339 0.608183 -0.638736 444.381547 -1197.923043 59.963321
slice23/query/img_08509_c0_1288793072647843us.jpg 0.314865 0.349242 0.609979 -0.637821 442.457506 -1197.546358 59.903065
slice23/query/img_08510_c0_1288793072714454us.jpg 0.314875 0.348866 0.610291 -0.637723 441.499976 -1197.370018 59.860952
slice23/query/img_08511_c0_1288793072781172us.jpg 0.315076 0.348208 0.611018 -0.637288 440.539006 -1197.189196 59.824914
slice23/query/img_08512_c0_1288793072847782us.jpg 0.315436 0.347297 0.612038 -0.636628 439.576228 -1197.011827 59.787006
slice23/query/img_08513_c0_1288793072981150us.jpg 0.315980 0.346322 0.614054 -0.634945 437.649096 -1196.660592 59.716035
slice23/query/img_08514_c0_1288793073047747us.jpg 0.315750 0.346720 0.614314 -0.634591 436.672005 -1196.484938 59.682823
slice23/query/img_08515_c0_1288793073114359us.jpg 0.315151 0.347277 0.614083 -0.634807 435.700930 -1196.303059 59.650990
slice23/query/img_08516_c0_1288793073247712us.jpg 0.313146 0.348579 0.613282 -0.635860 433.761004 -1195.940424 59.588436
slice23/query/img_08517_c0_1288793073314324us.jpg 0.312115 0.348995 0.612563 -0.636831 432.780674 -1195.751496 59.558823
slice23/query/img_08518_c0_1288793073381060us.jpg 0.311495 0.349240 0.611130 -0.638375 431.807576 -1195.568674 59.517025
slice23/query/img_08519_c0_1288793073447677us.jpg 0.311649 0.349242 0.610327 -0.639067 430.834870 -1195.385674 59.483056
slice23/query/img_08520_c0_1288793073581025us.jpg 0.313145 0.347860 0.610795 -0.638642 428.877743 -1195.032194 59.405536
slice23/query/img_08521_c0_1288793073647640us.jpg 0.313848 0.347492 0.611947 -0.637393 427.900545 -1194.860185 59.365497
slice23/query/img_08522_c0_1288793073714252us.jpg 0.313956 0.347678 0.613304 -0.635933 426.923492 -1194.690647 59.328519
slice23/query/img_08523_c0_1288793073847628us.jpg 0.313328 0.348445 0.615498 -0.633699 424.956155 -1194.342101 59.259931
slice23/query/img_08524_c0_1288793073914216us.jpg 0.313172 0.348595 0.615772 -0.633427 423.974009 -1194.169689 59.223589
slice23/query/img_08525_c0_1288793073980953us.jpg 0.313022 0.348737 0.615429 -0.633757 422.991075 -1193.990185 59.180889
slice23/query/img_08526_c0_1288793074047565us.jpg 0.313181 0.348929 0.614694 -0.634285 422.015834 -1193.813955 59.140249
slice23/query/img_08527_c0_1288793074180937us.jpg 0.313894 0.348380 0.614044 -0.634863 420.062578 -1193.454349 59.082291
slice23/query/img_08528_c0_1288793074247529us.jpg 0.313772 0.348376 0.613934 -0.635032 419.078550 -1193.268925 59.040308
slice23/query/img_08529_c0_1288793074314139us.jpg 0.313269 0.348749 0.614060 -0.634955 418.095670 -1193.088166 59.003040
slice23/query/img_08530_c0_1288793074447495us.jpg 0.311966 0.350471 0.613449 -0.635239 416.103107 -1192.724331 58.923258
slice23/query/img_08531_c0_1288793074514106us.jpg 0.311343 0.351332 0.613042 -0.635461 415.122019 -1192.536403 58.885604
slice23/query/img_08532_c0_1288793074580843us.jpg 0.310932 0.351722 0.612408 -0.636058 414.141930 -1192.356045 58.839952
slice23/query/img_08533_c0_1288793074714090us.jpg 0.311269 0.351817 0.610913 -0.637277 412.191367 -1191.975672 58.763293
slice23/query/img_08534_c0_1288793074780804us.jpg 0.311544 0.351906 0.610090 -0.637881 411.194678 -1191.800624 58.716800
slice23/query/img_08535_c0_1288793074847424us.jpg 0.311826 0.351801 0.609509 -0.638356 410.201476 -1191.619335 58.668744
slice23/query/img_08536_c0_1288793074980794us.jpg 0.313379 0.350899 0.609521 -0.638081 408.209585 -1191.270765 58.581270
slice23/query/img_08537_c0_1288793075047382us.jpg 0.314427 0.350440 0.609763 -0.637587 407.226868 -1191.097698 58.541455
slice23/query/img_08538_c0_1288793075113996us.jpg 0.315226 0.350168 0.610018 -0.637097 406.234862 -1190.922000 58.497634
slice23/query/img_08539_c0_1288793075247810us.jpg 0.314792 0.351295 0.610618 -0.636116 404.260687 -1190.544967 58.418705
slice23/query/img_08540_c0_1288793075313959us.jpg 0.313862 0.352362 0.610369 -0.636224 403.265949 -1190.353248 58.376014
slice23/query/img_08541_c0_1288793075380696us.jpg 0.313395 0.353178 0.609856 -0.636493 402.270569 -1190.157322 58.334883
slice23/query/img_08542_c0_1288793075514507us.jpg 0.313482 0.353030 0.608166 -0.638148 400.255210 -1189.786172 58.239144
slice23/query/img_08543_c0_1288793075580690us.jpg 0.313934 0.352800 0.607793 -0.638409 399.251648 -1189.609450 58.196521
slice23/query/img_08544_c0_1288793075647275us.jpg 0.314071 0.352737 0.607957 -0.638219 398.247568 -1189.421005 58.152560
slice23/query/img_08545_c0_1288793075713887us.jpg 0.314131 0.353089 0.608581 -0.637400 397.247022 -1189.234778 58.110044
slice23/query/img_08546_c0_1288793075847240us.jpg 0.313760 0.353580 0.610697 -0.635283 395.242747 -1188.853646 58.022522
slice23/query/img_08547_c0_1288793075913848us.jpg 0.313768 0.353667 0.610799 -0.635133 394.245424 -1188.677123 57.974280
slice23/query/img_08548_c0_1288793075980589us.jpg 0.313646 0.353406 0.610825 -0.635314 393.255880 -1188.486784 57.923959
slice23/query/img_08549_c0_1288793076113816us.jpg 0.313218 0.352698 0.610347 -0.636377 391.218374 -1188.090124 57.816710
slice23/query/img_08550_c0_1288793076180552us.jpg 0.313169 0.353023 0.609978 -0.636574 390.228858 -1187.902529 57.772502
slice23/query/img_08551_c0_1288793076247166us.jpg 0.312688 0.353576 0.609869 -0.636608 389.236633 -1187.711097 57.730680
slice23/query/img_08552_c0_1288793076313779us.jpg 0.311751 0.354090 0.610154 -0.636509 388.244887 -1187.515118 57.689570
slice23/query/img_08553_c0_1288793076447129us.jpg 0.311113 0.354191 0.610513 -0.636421 386.246976 -1187.143248 57.605779
slice23/query/img_08554_c0_1288793076513741us.jpg 0.311118 0.353520 0.610609 -0.636699 385.254998 -1186.948150 57.561516
slice23/query/img_08555_c0_1288793076580479us.jpg 0.311146 0.353140 0.610372 -0.637123 384.261531 -1186.755112 57.513787
slice23/query/img_08556_c0_1288793076713726us.jpg 0.311134 0.352434 0.610365 -0.637527 382.254308 -1186.367054 57.433560
slice23/query/img_08557_c0_1288793076780442us.jpg 0.310966 0.352305 0.610263 -0.637778 381.260135 -1186.185468 57.389431
slice23/query/img_08558_c0_1288793076847056us.jpg 0.310235 0.352311 0.610423 -0.637977 380.254183 -1185.998485 57.345761
slice23/query/img_08559_c0_1288793076980550us.jpg 0.310036 0.351841 0.611593 -0.637212 378.247330 -1185.637616 57.270155
slice23/query/img_08560_c0_1288793077047040us.jpg 0.309761 0.351570 0.611956 -0.637146 377.231894 -1185.448824 57.225218
slice23/query/img_08561_c0_1288793077113633us.jpg 0.309675 0.351428 0.612213 -0.637021 376.223999 -1185.268252 57.179290
slice23/query/img_08562_c0_1288793077180369us.jpg 0.310377 0.350739 0.612713 -0.636577 375.215670 -1185.091739 57.136300
slice23/query/img_08563_c0_1288793077313598us.jpg 0.311068 0.350424 0.613556 -0.635601 373.191144 -1184.745816 57.057582
slice23/query/img_08564_c0_1288793077380334us.jpg 0.310982 0.350142 0.614298 -0.635082 372.173526 -1184.565070 57.008669
slice23/query/img_08565_c0_1288793077446948us.jpg 0.310771 0.350275 0.614797 -0.634629 371.158132 -1184.384545 56.964326
slice23/query/img_08566_c0_1288793077580319us.jpg 0.310178 0.350994 0.616035 -0.633319 369.131754 -1184.038431 56.870318
slice23/query/img_08567_c0_1288793077646911us.jpg 0.309775 0.351237 0.616626 -0.632806 368.119170 -1183.855843 56.818612
slice23/query/img_08568_c0_1288793077713523us.jpg 0.309647 0.351401 0.617133 -0.632283 367.104367 -1183.673960 56.771638
slice23/query/img_08569_c0_1288793077846894us.jpg 0.311113 0.350772 0.617266 -0.631783 365.086017 -1183.313991 56.667206
slice23/query/img_08570_c0_1288793077913487us.jpg 0.312010 0.350269 0.617496 -0.631395 364.077242 -1183.135107 56.614488
slice23/query/img_08571_c0_1288793077980226us.jpg 0.312422 0.349814 0.618143 -0.630810 363.058647 -1182.954484 56.559880
slice23/query/img_08572_c0_1288793078113473us.jpg 0.312249 0.350773 0.618376 -0.630135 361.024783 -1182.578942 56.460291
slice23/query/img_08573_c0_1288793078180187us.jpg 0.312219 0.351589 0.618139 -0.629927 360.003255 -1182.391941 56.412283
slice23/query/img_08574_c0_1288793078246801us.jpg 0.311937 0.352095 0.617890 -0.630029 358.982512 -1182.194276 56.358776
slice23/query/img_08575_c0_1288793078380177us.jpg 0.312323 0.352810 0.616982 -0.630328 356.943433 -1181.829352 56.247000
slice23/query/img_08576_c0_1288793078446764us.jpg 0.312317 0.353069 0.616515 -0.630642 355.928223 -1181.637235 56.195558
slice23/query/img_08577_c0_1288793078513376us.jpg 0.312522 0.352984 0.615956 -0.631134 354.917035 -1181.436348 56.143113
slice23/query/img_08578_c0_1288793078646751us.jpg 0.312977 0.353533 0.615166 -0.631372 352.869705 -1181.050151 56.029005
slice23/query/img_08579_c0_1288793078713341us.jpg 0.313410 0.353740 0.614932 -0.631270 351.851971 -1180.857152 55.973816
slice23/query/img_08580_c0_1288793078846691us.jpg 0.313052 0.354711 0.615083 -0.630755 349.808390 -1180.468655 55.871557
slice23/query/img_08581_c0_1288793078913327us.jpg 0.312662 0.355176 0.615156 -0.630616 348.780051 -1180.270073 55.825639
slice23/query/img_08582_c0_1288793079046681us.jpg 0.312707 0.356030 0.614478 -0.630773 346.750959 -1179.870648 55.718544
slice23/query/img_08583_c0_1288793079113268us.jpg 0.312975 0.356235 0.614105 -0.630886 345.729911 -1179.670006 55.671666
slice23/query/img_08584_c0_1288793079246641us.jpg 0.313417 0.356551 0.613133 -0.631434 343.696367 -1179.267233 55.563427
slice23/query/img_08585_c0_1288793079313233us.jpg 0.313867 0.356559 0.612835 -0.631496 342.690148 -1179.071679 55.510309
slice23/query/img_08586_c0_1288793079446609us.jpg 0.314004 0.356460 0.613030 -0.631294 340.671163 -1178.671112 55.408272
slice23/query/img_08587_c0_1288793079513193us.jpg 0.314419 0.356454 0.613325 -0.630804 339.672054 -1178.470716 55.359095
slice23/query/img_08588_c0_1288793079646568us.jpg 0.314485 0.357319 0.613763 -0.629856 337.659902 -1178.080237 55.255251
slice23/query/img_08589_c0_1288793079713157us.jpg 0.314724 0.357492 0.614307 -0.629107 336.652281 -1177.887605 55.203446
slice23/query/img_08590_c0_1288793079779897us.jpg 0.314782 0.357710 0.614469 -0.628796 335.641632 -1177.689149 55.148410
slice23/query/img_08591_c0_1288793079913128us.jpg 0.314790 0.357696 0.614414 -0.628853 333.622319 -1177.280025 55.024343
slice23/query/img_08592_c0_1288793079979879us.jpg 0.314404 0.357733 0.614520 -0.628921 332.612937 -1177.073853 54.971031
slice23/query/img_08593_c0_1288793080046473us.jpg 0.313932 0.358141 0.614563 -0.628883 331.609194 -1176.869715 54.920662
slice23/query/img_08594_c0_1288793080179844us.jpg 0.313028 0.358796 0.615011 -0.628522 329.599602 -1176.461230 54.798195
slice23/query/img_08595_c0_1288793080246436us.jpg 0.312981 0.358994 0.615493 -0.627961 328.595874 -1176.263649 54.741121
slice23/query/img_08596_c0_1288793080313052us.jpg 0.312814 0.359019 0.616150 -0.627385 327.597143 -1176.066607 54.684284
slice23/query/img_08597_c0_1288793080379788us.jpg 0.312789 0.359076 0.616479 -0.627041 326.601109 -1175.867119 54.627059
slice23/query/img_08598_c0_1288793080513036us.jpg 0.311154 0.359131 0.617158 -0.627156 324.594040 -1175.469780 54.503378
slice23/query/img_08599_c0_1288793080579753us.jpg 0.309910 0.359153 0.617165 -0.627752 323.588722 -1175.261684 54.441250
slice23/query/img_08600_c0_1288793080646365us.jpg 0.308711 0.359267 0.616991 -0.628448 322.594240 -1175.064273 54.382684
slice23/query/img_08601_c0_1288793080779716us.jpg 0.307176 0.358708 0.617216 -0.629298 320.608582 -1174.671522 54.255998
slice23/query/img_08602_c0_1288793080846329us.jpg 0.306906 0.358159 0.617568 -0.629397 319.613455 -1174.480053 54.191092
slice23/query/img_08603_c0_1288793080912942us.jpg 0.306452 0.357677 0.618144 -0.629327 318.622847 -1174.285669 54.125095
slice23/query/img_08604_c0_1288793080979679us.jpg 0.305908 0.357186 0.618635 -0.629388 317.636130 -1174.100648 54.060027
slice23/query/img_08605_c0_1288793081112926us.jpg 0.304345 0.356242 0.620024 -0.629314 315.649719 -1173.737200 53.930263
slice23/query/img_08606_c0_1288793081179643us.jpg 0.303231 0.355869 0.620560 -0.629534 314.647720 -1173.547810 53.865295
slice23/query/img_08607_c0_1288793081246255us.jpg 0.302344 0.355894 0.620441 -0.630064 313.652303 -1173.368333 53.801302
slice23/query/img_08608_c0_1288793081379629us.jpg 0.300879 0.355327 0.620964 -0.630570 311.661500 -1173.011203 53.667247
slice23/query/img_08609_c0_1288793081446219us.jpg 0.300062 0.354863 0.621844 -0.630353 310.658236 -1172.836159 53.597125
slice23/query/img_08610_c0_1288793081512832us.jpg 0.299327 0.354494 0.622739 -0.630026 309.657757 -1172.662208 53.527439
slice23/query/img_08611_c0_1288793081646200us.jpg 0.297957 0.353952 0.624393 -0.629343 307.653242 -1172.317454 53.381033
slice23/query/img_08612_c0_1288793081779535us.jpg 0.296241 0.353792 0.625717 -0.628928 305.638950 -1171.977957 53.228944
slice23/query/img_08613_c0_1288793081846147us.jpg 0.295221 0.354024 0.625689 -0.629305 304.631054 -1171.799450 53.152707
slice23/query/img_08614_c0_1288793081912758us.jpg 0.294337 0.354074 0.625643 -0.629737 303.630925 -1171.630612 53.079013
slice23/query/img_08615_c0_1288793081979496us.jpg 0.293502 0.354186 0.625526 -0.630180 302.627787 -1171.465424 53.002965
slice23/query/img_08616_c0_1288793082112743us.jpg 0.292252 0.353753 0.626031 -0.630501 300.615751 -1171.137084 52.837942
slice23/query/img_08617_c0_1288793082179461us.jpg 0.291402 0.353763 0.626552 -0.630373 299.604274 -1170.979036 52.757418
slice23/query/img_08618_c0_1288793082246073us.jpg 0.290696 0.353914 0.626767 -0.630400 298.589999 -1170.815751 52.673829
slice23/query/img_08619_c0_1288793082379427us.jpg 0.289880 0.353569 0.627633 -0.630107 296.557774 -1170.497088 52.505978
slice23/query/img_08620_c0_1288793082446037us.jpg 0.289206 0.353454 0.627820 -0.630295 295.538294 -1170.338289 52.420816
slice23/query/img_08621_c0_1288793082512651us.jpg 0.288293 0.353659 0.627643 -0.630775 294.518862 -1170.180556 52.342068
slice23/query/img_08622_c0_1288793082646005us.jpg 0.286983 0.353556 0.626922 -0.632145 292.479190 -1169.866936 52.173317
slice23/query/img_08623_c0_1288793082712614us.jpg 0.286436 0.353144 0.626541 -0.633001 291.460639 -1169.707202 52.087601
slice23/query/img_08624_c0_1288793082779350us.jpg 0.285695 0.352477 0.626621 -0.633628 290.440669 -1169.552483 52.001280
slice23/query/img_08625_c0_1288793082912579us.jpg 0.284359 0.351114 0.627808 -0.633811 288.393848 -1169.250431 51.819108
slice23/query/img_08626_c0_1288793082979316us.jpg 0.283190 0.350774 0.628589 -0.633749 287.368237 -1169.103454 51.730690
slice23/query/img_08627_c0_1288793083045928us.jpg 0.281664 0.350536 0.629747 -0.633410 286.338639 -1168.955051 51.642293
slice23/query/img_08628_c0_1288793083180131us.jpg 0.279425 0.349367 0.631861 -0.632942 284.276555 -1168.679358 51.456388
slice23/query/img_08629_c0_1288793083245892us.jpg 0.278517 0.348397 0.632699 -0.633040 283.240330 -1168.544013 51.360782
slice23/query/img_08630_c0_1288793083312502us.jpg 0.278102 0.347213 0.633206 -0.633366 282.206236 -1168.410496 51.263587
slice23/query/img_08631_c0_1288793083379243us.jpg 0.277467 0.346074 0.633888 -0.633586 281.168621 -1168.279026 51.167683
slice23/query/img_08632_c0_1288793083512467us.jpg 0.276187 0.344098 0.635083 -0.634025 279.092408 -1168.026021 50.973090
slice23/query/img_08633_c0_1288793083579205us.jpg 0.275574 0.343409 0.635709 -0.634038 278.047716 -1167.904222 50.875724
slice23/query/img_08634_c0_1288793083645820us.jpg 0.274288 0.343070 0.636601 -0.633883 277.005110 -1167.781759 50.780359
slice23/query/img_08635_c0_1288793083779192us.jpg 0.272076 0.342234 0.638403 -0.633476 274.896114 -1167.555435 50.579710
slice23/query/img_08636_c0_1288793083845779us.jpg 0.271346 0.341825 0.639035 -0.633373 273.846496 -1167.444526 50.479429
slice23/query/img_08637_c0_1288793083912396us.jpg 0.270687 0.340876 0.639959 -0.633233 272.792924 -1167.330764 50.378440
slice23/query/img_08638_c0_1288793084045769us.jpg 0.271244 0.338994 0.640243 -0.633718 270.681153 -1167.126459 50.179677
slice23/query/img_08639_c0_1288793084112357us.jpg 0.270462 0.338872 0.640015 -0.634348 269.622445 -1167.016708 50.082204
slice23/query/img_08640_c0_1288793084179097us.jpg 0.269133 0.338867 0.640199 -0.634729 268.563440 -1166.909686 49.984733
slice23/query/img_08641_c0_1288793084312324us.jpg 0.266660 0.338734 0.640277 -0.635765 266.460467 -1166.691871 49.782624
slice23/query/img_08642_c0_1288793084379080us.jpg 0.266166 0.338026 0.640591 -0.636033 265.403505 -1166.588026 49.680923
slice23/query/img_08643_c0_1288793084445675us.jpg 0.265212 0.337593 0.641084 -0.636164 264.345601 -1166.486178 49.574754
slice23/query/img_08644_c0_1288793084512286us.jpg 0.264883 0.336819 0.642313 -0.635472 263.292509 -1166.396238 49.469400
slice23/query/img_08645_c0_1288793084645635us.jpg 0.265134 0.333990 0.645562 -0.633565 261.179720 -1166.233848 49.244733
slice23/query/img_08646_c0_1288793084712249us.jpg 0.266267 0.332332 0.646822 -0.632676 260.134837 -1166.154776 49.134676
slice23/query/img_08647_c0_1288793084845621us.jpg 0.265891 0.330518 0.647101 -0.633498 258.016200 -1166.000675 48.922721
slice23/query/img_08648_c0_1288793084912211us.jpg 0.264706 0.330140 0.646444 -0.634861 256.952166 -1165.913002 48.822282
slice23/query/img_08649_c0_1288793084978950us.jpg 0.263308 0.330030 0.645642 -0.636314 255.894860 -1165.830685 48.723945
slice23/query/img_08650_c0_1288793085112198us.jpg 0.261260 0.329045 0.644234 -0.639090 253.752252 -1165.675848 48.514946
slice23/query/img_08651_c0_1288793085178913us.jpg 0.260320 0.327892 0.644428 -0.639869 252.682107 -1165.600013 48.411956
slice23/query/img_08652_c0_1288793085245527us.jpg 0.259681 0.326795 0.644847 -0.640268 251.616694 -1165.538169 48.307995
slice23/query/img_08653_c0_1288793085312140us.jpg 0.258846 0.325714 0.645601 -0.640398 250.541793 -1165.469550 48.202951
slice23/query/img_08654_c0_1288793085445515us.jpg 0.257031 0.323883 0.647159 -0.640484 248.410608 -1165.350047 47.995048
slice23/query/img_08655_c0_1288793085512125us.jpg 0.255973 0.322949 0.648015 -0.640514 247.343130 -1165.293982 47.894206
slice23/query/img_08656_c0_1288793085578843us.jpg 0.254724 0.321881 0.648756 -0.640799 246.279488 -1165.241131 47.789375
slice23/query/img_08657_c0_1288793085645455us.jpg 0.253581 0.320950 0.649129 -0.641342 245.222237 -1165.190407 47.689318
slice23/query/img_08658_c0_1288793085778807us.jpg 0.252026 0.318649 0.649106 -0.643122 243.089457 -1165.102699 47.491367
slice23/query/img_08659_c0_1288793085845425us.jpg 0.251345 0.317601 0.649041 -0.643973 242.017195 -1165.069669 47.393542
slice23/query/img_08660_c0_1288793085912031us.jpg 0.250411 0.316498 0.649279 -0.644640 240.949618 -1165.033420 47.292196
slice23/query/img_08661_c0_1288793085978770us.jpg 0.249648 0.315112 0.650156 -0.644731 239.887263 -1164.997847 47.197424
slice23/query/img_08662_c0_1288793086111996us.jpg 0.248044 0.313463 0.651624 -0.644671 237.723117 -1164.932781 47.000540
slice23/query/img_08663_c0_1288793086178732us.jpg 0.247343 0.312977 0.652410 -0.644382 236.644672 -1164.913241 46.891260
slice23/query/img_08664_c0_1288793086245345us.jpg 0.247091 0.312327 0.653480 -0.643710 235.575221 -1164.895531 46.789215
slice23/query/img_08665_c0_1288793086311959us.jpg 0.247332 0.311571 0.654742 -0.642700 234.507029 -1164.879757 46.685664
slice23/query/img_08666_c0_1288793086445310us.jpg 0.249126 0.310445 0.656510 -0.640745 232.358996 -1164.860365 46.481049
slice23/query/img_08667_c0_1288793086511921us.jpg 0.248281 0.310791 0.658167 -0.639204 231.288565 -1164.844261 46.378916
slice23/query/img_08668_c0_1288793086578665us.jpg 0.247483 0.310992 0.659575 -0.637963 230.221755 -1164.829473 46.279198
slice23/query/img_08669_c0_1288793086711901us.jpg 0.248213 0.311500 0.659054 -0.637970 228.083081 -1164.789727 46.066587
slice23/query/img_08670_c0_1288793086778624us.jpg 0.248735 0.311597 0.658174 -0.638628 227.013340 -1164.764398 45.959349
slice23/query/img_08671_c0_1288793086845235us.jpg 0.249357 0.311550 0.657532 -0.639069 225.953212 -1164.749221 45.857749
slice23/query/img_08672_c0_1288793086911849us.jpg 0.249664 0.311494 0.656873 -0.639654 224.891979 -1164.719688 45.755404
slice23/query/img_08673_c0_1288793086978587us.jpg 0.249630 0.311933 0.656237 -0.640106 223.831503 -1164.690657 45.655269
slice23/query/img_08674_c0_1288793087111814us.jpg 0.249064 0.313794 0.655617 -0.640053 221.702406 -1164.640498 45.464852
slice23/query/img_08675_c0_1288793087178551us.jpg 0.248791 0.314626 0.655353 -0.640020 220.631410 -1164.619685 45.360158
slice23/query/img_08676_c0_1288793087245164us.jpg 0.249174 0.314816 0.655149 -0.639987 219.573069 -1164.592586 45.256194
slice23/query/img_08677_c0_1288793087311776us.jpg 0.250046 0.314717 0.654926 -0.639924 218.519618 -1164.572321 45.152235
slice23/query/img_08678_c0_1288793087445129us.jpg 0.250678 0.314957 0.654469 -0.640026 216.408426 -1164.505819 44.956216
slice23/query/img_08679_c0_1288793087511740us.jpg 0.249920 0.315993 0.654213 -0.640073 215.356623 -1164.470184 44.852989
slice23/query/img_08680_c0_1288793087578476us.jpg 0.248600 0.317507 0.653538 -0.640527 214.328396 -1164.431858 44.756538
slice23/query/img_08681_c0_1288793087711727us.jpg 0.245774 0.319680 0.650899 -0.643219 212.263566 -1164.306819 44.538111
slice23/query/img_08682_c0_1288793087778442us.jpg 0.244361 0.320290 0.649432 -0.644934 211.225994 -1164.260842 44.430212
slice23/query/img_08683_c0_1288793087845054us.jpg 0.243478 0.319762 0.648533 -0.646433 210.198392 -1164.221066 44.327505
slice23/query/img_08684_c0_1288793087911672us.jpg 0.243073 0.318867 0.647913 -0.647648 209.165109 -1164.189933 44.211060
slice23/query/img_08685_c0_1288793088045040us.jpg 0.242893 0.317282 0.648127 -0.648280 207.096243 -1164.156576 43.974132
slice23/query/img_08686_c0_1288793088111631us.jpg 0.243384 0.316503 0.649102 -0.647501 206.066572 -1164.142578 43.869519
slice23/query/img_08687_c0_1288793088178367us.jpg 0.244307 0.315786 0.650328 -0.646272 205.048095 -1164.124340 43.759694
slice23/query/img_08688_c0_1288793088311595us.jpg 0.247332 0.314868 0.652847 -0.643022 203.005935 -1164.124256 43.547993
slice23/query/img_08689_c0_1288793088378337us.jpg 0.248759 0.315521 0.653159 -0.641832 201.996879 -1164.117583 43.444134
slice23/query/img_08690_c0_1288793088444944us.jpg 0.249918 0.316763 0.653199 -0.640729 200.997914 -1164.104133 43.345896
slice23/query/img_08691_c0_1288793088511556us.jpg 0.250783 0.318404 0.653005 -0.639774 199.998489 -1164.087410 43.252868
slice23/query/img_08692_c0_1288793088644930us.jpg 0.253235 0.321541 0.651795 -0.638473 198.026482 -1164.033259 43.066337
slice23/query/img_08693_c0_1288793088711521us.jpg 0.254740 0.323191 0.650631 -0.638228 197.058901 -1164.002516 42.973948
slice23/query/img_08694_c0_1288793088778260us.jpg 0.256759 0.324535 0.649386 -0.638004 196.092996 -1163.965998 42.882428
slice23/query/img_08695_c0_1288793088911491us.jpg 0.260660 0.327220 0.648473 -0.635976 194.183609 -1163.885730 42.690523
slice23/query/img_08696_c0_1288793088978222us.jpg 0.263444 0.328207 0.648372 -0.634422 193.229592 -1163.855129 42.593747
