slice23/query/img_07885_c0_1289590326822574us.jpg 0.327620 0.336617 0.609575 -0.638571 489.491029 -1206.556979 60.711138
slice23/query/img_07886_c0_1289590326955802us.jpg 0.325899 0.338239 0.608737 -0.639393 487.285980 -1206.145359 60.753451
slice23/query/img_07887_c0_1289590327022540us.jpg 0.325418 0.338868 0.608629 -0.639408 486.150797 -1205.936028 60.746332
slice23/query/img_07888_c0_1289590327089153us.jpg 0.325276 0.339415 0.608692 -0.639130 485.028283 -1205.729362 60.743248
slice23/query/img_07889_c0_1289590327222505us.jpg 0.324667 0.339608 0.609152 -0.638899 482.788018 -1205.295191 60.721508
slice23/query/img_07890_c0_1289590327289118us.jpg 0.324662 0.339690 0.609354 -0.638665 481.677519 -1205.077763 60.715850
slice23/query/img_07891_c0_1289590327355732us.jpg 0.323956 0.340198 0.609084 -0.639010 480.560203 -1204.866814 60.706479
slice23/query/img_07892_c0_1289590327489105us.jpg 0.322022 0.341730 0.609002 -0.639249 478.337958 -1204.464390 60.698376
slice23/query/img_07893_c0_1289590327555716us.jpg 0.320921 0.342801 0.608966 -0.639263 477.213185 -1204.257440 60.686513
slice23/query/img_07894_c0_1289590327622434us.jpg 0.320671 0.343150 0.608998 -0.639171 476.089938 -1204.050260 60.671199
slice23/query/img_07895_c0_1289590327689047us.jpg 0.320868 0.343436 0.608570 -0.639326 474.976679 -1203.853609 60.650553
slice23/query/img_07896_c0_1289590327822411us.jpg 0.320104 0.344584 0.607360 -0.640241 472.754951 -1203.455836 60.621211
slice23/query/img_07897_c0_1289590327955654us.jpg 0.319245 0.345024 0.606663 -0.641094 470.533768 -1203.033966 60.598332
slice23/query/img_07898_c0_1289590328022368us.jpg 0.318811 0.344950 0.605943 -0.642029 469.420048 -1202.822684 60.574962
slice23/query/img_07899_c0_1289590328088975us.jpg 0.318623 0.344876 0.605358 -0.642715 468.313326 -1202.616499 60.544617
slice23/query/img_07900_c0_1289590328222350us.jpg 0.318443 0.344895 0.606003 -0.642186 466.091000 -1202.216755 60.499507
slice23/query/img_07901_c0_1289590328288939us.jpg 0.318307 0.345055 0.606815 -0.641400 464.998209 -1202.015299 60.472171
slice23/query/img_07902_c0_1289590328355557us.jpg 0.318192 0.345303 0.607616 -0.640564 463.905676 -1201.815215 60.441796
slice23/query/img_07903_c0_1289590328488930us.jpg 0.317574 0.346247 0.608359 -0.639655 461.710317 -1201.412547 60.388464
slice23/query/img_07904_c0_1289590328555520us.jpg 0.317758 0.345909 0.607956 -0.640130 460.596290 -1201.202393 60.353562
slice23/query/img_07905_c0_1289590328622258us.jpg 0.318217 0.345313 0.607407 -0.640745 459.483271 -1200.988748 60.318011
slice23/query/img_07906_c0_1289590328688871us.jpg 0.318233 0.345060 0.607095 -0.641169 458.373255 -1200.781207 60.289005
slice23/query/img_07907_c0_1289590328822246us.jpg 0.318229 0.346098 0.606957 -0.640741 456.158303 -1200.417105 60.241864
slice23/query/img_07908_c0_1289590328888857us.jpg 0.317974 0.346447 0.607733 -0.639943 455.035646 -1200.202946 60.212048
slice23/query/img_07909_c0_1289590328955450us.jpg 0.317825 0.346652 0.608653 -0.639032 453.922449 -1199.996285 60.174813
slice23/query/img_07910_c0_1289590329022186us.jpg 0.317794 0.346690 0.609499 -0.638219 452.807139 -1199.783927 60.137106
slice23/query/img_07911_c0_1289590329155417us.jpg 0.317939 0.347375 0.609996 -0.637299 450.608853 -1199.374819 60.078225
slice23/query/img_07912_c0_1289590329222151us.jpg 0.317228 0.347430 0.609863 -0.637750 449.490726 -1199.158722 60.043240
slice23/query/img_07913_c0_1289590329288765us.jpg 0.316794 0.347811 0.609198 -0.638394 448.381669 -1198.945459 60.011421
slice23/query/img_07914_c0_1289590329422848us.jpg 0.316241 0.348583 0.608014 -0.639375 446.186812 -1198.531641 59.957205
slice23/query/img_07915_c0_1289590329488752us.jpg 0.316030 0.348986 0.607527 -0.639723 445.068845 -1198.312424 59.925575
slice23/query/img_07916_c0_1289590329555344us.jpg 0.315641 0.349428 0.607430 -0.639765 443.955995 -1198.103355 59.894582
slice23/query/img_07917_c0_1289590329622081us.jpg 0.315448 0.349575 0.608441 -0.638818 442.883661 -1197.893680 59.880342
slice23/query/img_07918_c0_1289590329755333us.jpg 0.315407 0.350457 0.610027 -0.636840 440.726984 -1197.504761 59.814960
slice23/query/img_07919_c0_1289590329822046us.jpg 0.315349 0.350570 0.611012 -0.635861 439.634754 -1197.303903 59.789356
slice23/query/img_07920_c0_1289590329888659us.jpg 0.315544 0.349970 0.612211 -0.634942 438.508795 -1197.093850 59.739563
slice23/query/img_07921_c0_1289590329955274us.jpg 0.316096 0.349654 0.613373 -0.633719 437.389706 -1196.890801 59.700269
slice23/query/img_07922_c0_1289590330088628us.jpg 0.316144 0.350392 0.613492 -0.633172 435.175146 -1196.494017 59.628341
slice23/query/img_07923_c0_1289590330155239us.jpg 0.314789 0.351129 0.613056 -0.633860 434.051226 -1196.271768 59.591351
slice23/query/img_07924_c0_1289590330221977us.jpg 0.313258 0.352017 0.611845 -0.635295 432.940574 -1196.055540 59.552003
slice23/query/img_07925_c0_1289590330355227us.jpg 0.311791 0.353019 0.609131 -0.638063 430.724203 -1195.629141 59.465590
slice23/query/img_07926_c0_1289590330421963us.jpg 0.312057 0.352522 0.608251 -0.639046 429.616543 -1195.419261 59.410536
slice23/query/img_07927_c0_1289590330488555us.jpg 0.313219 0.351629 0.608635 -0.638604 428.519385 -1195.217402 59.364507
slice23/query/img_07928_c0_1289590330555168us.jpg 0.313905 0.350844 0.609902 -0.637489 427.411811 -1195.007844 59.321918
slice23/query/img_07929_c0_1289590330688521us.jpg 0.314611 0.350772 0.613736 -0.633488 425.210388 -1194.605833 59.257118
slice23/query/img_07930_c0_1289590330755133us.jpg 0.314488 0.350546 0.615106 -0.632344 424.096797 -1194.399090 59.212192
slice23/query/img_07931_c0_1289590330821872us.jpg 0.314405 0.350558 0.615806 -0.631697 422.989624 -1194.199157 59.168667
slice23/query/img_07932_c0_1289590330888486us.jpg 0.314462 0.350516 0.615591 -0.631902 421.888424 -1193.991684 59.127427
slice23/query/img_07933_c0_1289590331021839us.jpg 0.314569 0.349923 0.614555 -0.633184 419.675224 -1193.567348 59.046028
slice23/query/img_07934_c0_1289590331088449us.jpg 0.314174 0.350230 0.613803 -0.633939 418.568977 -1193.359726 59.000953
slice23/query/img_07935_c0_1289590331155063us.jpg 0.313628 0.350900 0.613131 -0.634489 417.469440 -1193.149372 58.958009
slice23/query/img_07936_c0_1289590331221800us.jpg 0.312910 0.351726 0.612760 -0.634745 416.373002 -1192.940703 58.916043
slice23/query/img_07937_c0_1289590331355051us.jpg 0.312165 0.352745 0.612933 -0.634379 414.161825 -1192.515921 58.830662
slice23/query/img_07938_c0_1289590331421765us.jpg 0.312206 0.352767 0.612684 -0.634587 413.053990 -1192.302269 58.785037
slice23/query/img_07939_c0_1289590331488378us.jpg 0.312425 0.352725 0.612253 -0.634918 411.950405 -1192.098445 58.734785
slice23/query/img_07940_c0_1289590331621751us.jpg 0.313735 0.352016 0.612098 -0.634816 409.728662 -1191.679124 58.636750
slice23/query/img_07941_c0_1289590331688365us.jpg 0.314373 0.351411 0.611793 -0.635129 408.623493 -1191.474533 58.592290
slice23/query/img_07942_c0_1289590331754956us.jpg 0.315233 0.350753 0.611600 -0.635253 407.507994 -1191.268216 58.540468
slice23/query/img_07943_c0_1289590331889154us.jpg 0.316341 0.349809 0.611678 -0.635147 405.269060 -1190.849093 58.437350
slice23/query/img_07944_c0_1289590331954922us.jpg 0.315480 0.350549 0.612026 -0.634832 404.165021 -1190.636109 58.397822
slice23/query/img_07945_c0_1289590332021660us.jpg 0.314146 0.351694 0.612082 -0.634806 403.057682 -1190.428443 58.357862
slice23/query/img_07946_c0_1289590332154909us.jpg 0.313689 0.352994 0.611617 -0.634759 400.847572 -1190.042921 58.281688
slice23/query/img_07947_c0_1289590332221624us.jpg 0.313962 0.352379 0.611202 -0.635366 399.718531 -1189.829726 58.229174
slice23/query/img_07948_c0_1289590332288237us.jpg 0.314347 0.351928 0.611381 -0.635252 398.603674 -1189.619295 58.185892
slice23/query/img_07949_c0_1289590332421615us.jpg 0.314630 0.352448 0.612044 -0.634186 396.400020 -1189.224005 58.103312
slice23/query/img_07950_c0_1289590332488202us.jpg 0.314626 0.352547 0.612512 -0.633679 395.284937 -1189.014672 58.050654
slice23/query/img_07951_c0_1289590332554815us.jpg 0.314684 0.352646 0.612588 -0.633523 394.165996 -1188.804046 57.996552
slice23/query/img_07952_c0_1289590332689300us.jpg 0.315362 0.351702 0.612937 -0.633372 391.908762 -1188.401318 57.887357
slice23/query/img_07953_c0_1289590332754799us.jpg 0.315338 0.351540 0.612719 -0.633685 390.791060 -1188.191830 57.836295
slice23/query/img_07954_c0_1289590332821519us.jpg 0.315020 0.351875 0.612315 -0.634048 389.670189 -1187.985409 57.788098
slice23/query/img_07955_c0_1289590332888131us.jpg 0.314408 0.352425 0.612162 -0.634194 388.549217 -1187.774553 57.736889
slice23/query/img_07956_c0_1289590333021506us.jpg 0.313507 0.353172 0.612507 -0.633891 386.341645 -1187.365967 57.661487
slice23/query/img_07957_c0_1289590333088097us.jpg 0.313568 0.353159 0.612618 -0.633761 385.245565 -1187.170025 57.618165
slice23/query/img_07958_c0_1289590333154707us.jpg 0.313715 0.353025 0.612547 -0.633831 384.144703 -1186.964093 57.575513
slice23/query/img_07959_c0_1289590333288061us.jpg 0.314786 0.352877 0.612750 -0.633186 381.955032 -1186.563805 57.485582
slice23/query/img_07960_c0_1289590333354674us.jpg 0.315033 0.352696 0.613098 -0.632828 380.845676 -1186.357970 57.446178
slice23/query/img_07961_c0_1289590333488220us.jpg 0.314883 0.353137 0.613582 -0.632186 378.602290 -1185.955716 57.343559
slice23/query/img_07962_c0_1289590333554643us.jpg 0.314976 0.353183 0.613952 -0.631755 377.492783 -1185.754802 57.294329
slice23/query/img_07963_c0_1289590333621376us.jpg 0.314700 0.353284 0.614111 -0.631682 376.373744 -1185.550245 57.245632
slice23/query/img_07964_c0_1289590333754628us.jpg 0.314971 0.352889 0.614026 -0.631850 374.148711 -1185.126667 57.148890
slice23/query/img_07965_c0_1289590333821342us.jpg 0.314954 0.352838 0.614246 -0.631673 373.032846 -1184.918710 57.094894
slice23/query/img_07966_c0_1289590333887957us.jpg 0.314503 0.352964 0.614546 -0.631536 371.921880 -1184.703731 57.042685
slice23/query/img_07967_c0_1289590334021331us.jpg 0.313797 0.353358 0.615536 -0.630702 369.689501 -1184.279053 56.934750
slice23/query/img_07968_c0_1289590334087920us.jpg 0.313231 0.353773 0.616167 -0.630135 368.574113 -1184.066613 56.879042
slice23/query/img_07969_c0_1289590334154535us.jpg 0.313089 0.354151 0.616833 -0.629341 367.465762 -1183.860460 56.824878
slice23/query/img_07970_c0_1289590334287907us.jpg 0.314009 0.353772 0.617406 -0.628533 365.228782 -1183.456130 56.710582
slice23/query/img_07971_c0_1289590334354522us.jpg 0.314911 0.352886 0.617848 -0.628145 364.118090 -1183.249410 56.652251
slice23/query/img_07972_c0_1289590334421239us.jpg 0.315154 0.352381 0.618095 -0.628064 362.997196 -1183.037550 56.589452
slice23/query/img_07973_c0_1289590334487851us.jpg 0.315373 0.352238 0.618120 -0.628009 361.877704 -1182.824598 56.528833
slice23/query/img_07974_c0_1289590334621204us.jpg 0.314978 0.353073 0.617634 -0.628217 359.650118 -1182.391387 56.417652
slice23/query/img_07975_c0_1289590334687816us.jpg 0.314601 0.353483 0.617433 -0.628372 358.538058 -1182.172962 56.358026
slice23/query/img_07976_c0_1289590334754430us.jpg 0.313895 0.353833 0.617168 -0.628789 357.420339 -1181.955500 56.297193
slice23/query/img_07977_c0_1289590334887806us.jpg 0.313914 0.354098 0.616102 -0.629675 355.171006 -1181.528632 56.169122
slice23/query/img_07978_c0_1289590334954400us.jpg 0.313814 0.354254 0.615689 -0.630041 354.056205 -1181.311447 56.109610
slice23/query/img_07979_c0_1289590335021132us.jpg 0.314058 0.354182 0.615279 -0.630361 352.935195 -1181.093087 56.050177
slice23/query/img_07980_c0_1289590335087746us.jpg 0.314172 0.354464 0.615070 -0.630349 351.826416 -1180.879777 55.999430
slice23/query/img_07981_c0_1289590335221118us.jpg 0.313899 0.355102 0.614816 -0.630374 349.575844 -1180.444957 55.869490
slice23/query/img_07982_c0_1289590335287710us.jpg 0.313568 0.355322 0.614795 -0.630435 348.460658 -1180.222916 55.812887
slice23/query/img_07983_c0_1289590335354325us.jpg 0.313574 0.355513 0.614528 -0.630585 347.347835 -1180.007941 55.758606
slice23/query/img_07984_c0_1289590335487676us.jpg 0.313727 0.355589 0.613283 -0.631677 345.142024 -1179.574969 55.652545
slice23/query/img_07985_c0_1289590335554288us.jpg 0.313721 0.355529 0.612653 -0.632325 344.031965 -1179.353982 55.595343
slice23/query/img_07986_c0_1289590335621026us.jpg 0.313668 0.355546 0.612074 -0.632902 342.928352 -1179.132557 55.540650
slice23/query/img_07987_c0_1289590335754255us.jpg 0.313257 0.355461 0.611757 -0.633459 340.723059 -1178.693492 55.422880
slice23/query/img_07988_c0_1289590335820992us.jpg 0.313264 0.355190 0.612333 -0.633051 339.619771 -1178.473733 55.370083
slice23/query/img_07989_c0_1289590335887604us.jpg 0.312652 0.355658 0.612663 -0.632772 338.517634 -1178.258694 55.316174
slice23/query/img_07990_c0_1289590336020979us.jpg 0.312748 0.355629 0.614385 -0.631068 336.294383 -1177.821539 55.195013
slice23/query/img_07991_c0_1289590336087590us.jpg 0.312867 0.355370 0.614924 -0.630630 335.187863 -1177.600190 55.132385
slice23/query/img_07992_c0_1289590336154183us.jpg 0.312523 0.355466 0.614948 -0.630723 334.087522 -1177.386672 55.072612
slice23/query/img_07993_c0_1289590336287555us.jpg 0.312090 0.355272 0.615849 -0.630168 331.861923 -1176.942742 54.952653
slice23/query/img_07994_c0_1289590336354148us.jpg 0.311569 0.355490 0.616143 -0.630015 330.749120 -1176.721973 54.893615
slice23/query/img_07995_c0_1289590336420886us.jpg 0.311184 0.355806 0.616211 -0.629961 329.635852 -1176.503279 54.828855
slice23/query/img_07996_c0_1289590336554136us.jpg 0.310761 0.356023 0.617104 -0.629172 327.419106 -1176.065921 54.704469
slice23/query/img_07997_c0_1289590336620849us.jpg 0.310495 0.356206 0.617421 -0.628890 326.318424 -1175.859788 54.639436
slice23/query/img_07998_c0_1289590336687464us.jpg 0.310036 0.356490 0.617968 -0.628418 325.220266 -1175.646440 54.577540
slice23/query/img_07999_c0_1289590336820838us.jpg 0.308756 0.357271 0.618797 -0.627788 323.003952 -1175.227979 54.448859
slice23/query/img_08000_c0_1289590336887429us.jpg 0.308144 0.357477 0.618986 -0.627785 321.891723 -1175.009465 54.376867
slice23/query/img_08001_c0_1289590336954041us.jpg 0.307444 0.357627 0.619052 -0.627977 320.791669 -1174.795167 54.309000
slice23/query/img_08002_c0_1289590337087395us.jpg 0.307807 0.357321 0.619298 -0.627731 318.575928 -1174.374570 54.154786
slice23/query/img_08003_c0_1289590337154006us.jpg 0.307728 0.357275 0.619320 -0.627774 317.479746 -1174.164778 54.082187
slice23/query/img_08004_c0_1289590337220745us.jpg 0.307487 0.357268 0.619761 -0.627462 316.377944 -1173.951499 54.006742
slice23/query/img_08005_c0_1289590337353996us.jpg 0.306411 0.357640 0.620563 -0.626983 314.147721 -1173.536497 53.857011
slice23/query/img_08006_c0_1289590337420710us.jpg 0.306069 0.357768 0.620965 -0.626679 313.031352 -1173.326521 53.782952
slice23/query/img_08007_c0_1289590337487323us.jpg 0.305445 0.358110 0.620909 -0.626843 311.911473 -1173.119522 53.706584
slice23/query/img_08008_c0_1289590337620696us.jpg 0.303973 0.358209 0.621722 -0.626697 309.656564 -1172.694360 53.542827
slice23/query/img_08009_c0_1289590337687287us.jpg 0.303204 0.358239 0.622209 -0.626569 308.539335 -1172.487823 53.465182
slice23/query/img_08010_c0_1289590337753901us.jpg 0.302365 0.358229 0.622710 -0.626482 307.416628 -1172.281747 53.383799
slice23/query/img_08011_c0_1289590337887254us.jpg 0.300253 0.358494 0.623340 -0.626720 305.164149 -1171.884718 53.216183
slice23/query/img_08012_c0_1289590337953865us.jpg 0.298810 0.358533 0.623382 -0.627344 304.047386 -1171.685112 53.132933
slice23/query/img_08013_c0_1289590338020604us.jpg 0.297547 0.358462 0.623601 -0.627768 302.923620 -1171.476985 53.047031
slice23/query/img_08014_c0_1289590338153851us.jpg 0.294777 0.357562 0.623739 -0.629449 300.648828 -1171.064997 52.851610
slice23/query/img_08015_c0_1289590338220567us.jpg 0.293194 0.357061 0.624087 -0.630127 299.511721 -1170.858696 52.758272
slice23/query/img_08016_c0_1289590338287181us.jpg 0.291720 0.356588 0.624347 -0.630821 298.377568 -1170.663200 52.662181
slice23/query/img_08017_c0_1289590338420560us.jpg 0.289490 0.355091 0.625242 -0.631805 296.118293 -1170.295742 52.475547
slice23/query/img_08018_c0_1289590338487145us.jpg 0.288098 0.354375 0.625507 -0.632581 294.980334 -1170.107549 52.374437
slice23/query/img_08019_c0_1289590338553758us.jpg 0.286562 0.353862 0.625603 -0.633470 293.849778 -1169.926791 52.279409
slice23/query/img_08020_c0_1289590338687112us.jpg 0.283978 0.352301 0.625402 -0.635698 291.617420 -1169.596217 52.086641
slice23/query/img_08021_c0_1289590338753724us.jpg 0.283185 0.351281 0.625733 -0.636291 290.495846 -1169.430531 51.990679
slice23/query/img_08022_c0_1289590338820464us.jpg 0.282493 0.350374 0.626249 -0.636591 289.371328 -1169.271511 51.891855
slice23/query/img_08023_c0_1289590338953716us.jpg 0.280452 0.349419 0.628130 -0.636165 287.097760 -1168.970376 51.691860
slice23/query/img_08024_c0_1289590339020449us.jpg 0.279411 0.349263 0.629593 -0.635262 285.959702 -1168.826851 51.595813
slice23/query/img_08025_c0_1289590339087041us.jpg 0.278274 0.348952 0.630820 -0.634714 284.820458 -1168.682438 51.494516
slice23/query/img_08026_c0_1289590339153654us.jpg 0.277608 0.348323 0.632015 -0.634163 283.674455 -1168.541524 51.392623
slice23/query/img_08027_c0_1289590339287028us.jpg 0.277059 0.346105 0.633710 -0.633926 281.359236 -1168.258880 51.166652
slice23/query/img_08028_c0_1289590339353619us.jpg 0.276737 0.345234 0.634134 -0.634117 280.209451 -1168.125301 51.059221
slice23/query/img_08029_c0_1289590339420358us.jpg 0.276364 0.344305 0.634491 -0.634428 279.057316 -1167.989431 50.952352
slice23/query/img_08030_c0_1289590339553586us.jpg 0.274883 0.343077 0.635661 -0.634565 276.726466 -1167.709317 50.732419
slice23/query/img_08031_c0_1289590339620323us.jpg 0.273694 0.342815 0.636246 -0.634634 275.566678 -1167.577354 50.628598
slice23/query/img_08032_c0_1289590339686935us.jpg 0.272748 0.342487 0.636889 -0.634573 274.406154 -1167.449977 50.518410
slice23/query/img_08033_c0_1289590339821267us.jpg 0.272126 0.340603 0.638556 -0.634179 272.082751 -1167.206367 50.303597
slice23/query/img_08034_c0_1289590339886900us.jpg 0.272192 0.340002 0.638595 -0.634434 270.921584 -1167.088637 50.195822
slice23/query/img_08035_c0_1289590339953514us.jpg 0.271735 0.339805 0.638331 -0.635002 269.753067 -1166.970210 50.086525
slice23/query/img_08036_c0_1289590340020252us.jpg 0.270235 0.340103 0.638098 -0.635715 268.583674 -1166.853700 49.978543
slice23/query/img_08037_c0_1289590340153478us.jpg 0.267395 0.340162 0.638155 -0.636826 266.233902 -1166.633657 49.763559
slice23/query/img_08038_c0_1289590340220217us.jpg 0.266468 0.339609 0.638402 -0.637263 265.059127 -1166.518341 49.649703
slice23/query/img_08039_c0_1289590340286830us.jpg 0.265281 0.339670 0.638806 -0.637321 263.890377 -1166.409671 49.531523
slice23/query/img_08040_c0_1289590340420206us.jpg 0.264331 0.338349 0.641420 -0.635790 261.539712 -1166.232418 49.310987
slice23/query/img_08041_c0_1289590340486794us.jpg 0.264622 0.336625 0.643145 -0.634841 260.356467 -1166.132872 49.189708
slice23/query/img_08042_c0_1289590340553408us.jpg 0.264197 0.335769 0.644122 -0.634481 259.168840 -1166.035819 49.070490
slice23/query/img_08043_c0_1289590340686784us.jpg 0.263338 0.334107 0.644225 -0.635610 256.814651 -1165.852602 48.854028
slice23/query/img_08044_c0_1289590340753374us.jpg 0.262638 0.333340 0.643589 -0.636945 255.619182 -1165.747134 48.736943
slice23/query/img_08045_c0_1289590340820111us.jpg 0.261406 0.333100 0.642422 -0.638753 254.435610 -1165.650537 48.621527
slice23/query/img_08046_c0_1289590340886726us.jpg 0.259971 0.332528 0.641436 -0.640624 253.248224 -1165.552582 48.503306
slice23/query/img_08047_c0_1289590341020076us.jpg 0.257789 0.330677 0.641401 -0.642497 250.889549 -1165.378808 48.291384
slice23/query/img_08048_c0_1289590341086690us.jpg 0.256889 0.329802 0.642186 -0.642522 249.696967 -1165.302225 48.176002
slice23/query/img_08049_c0_1289590341153302us.jpg 0.255574 0.329171 0.642975 -0.642582 248.513273 -1165.235906 48.064919
slice23/query/img_08050_c0_1289590341286653us.jpg 0.254003 0.326707 0.645590 -0.641840 246.089773 -1165.098351 47.829202
slice23/query/img_08051_c0_1289590341353267us.jpg 0.253329 0.324916 0.646789 -0.641809 244.869663 -1165.030891 47.698720
slice23/query/img_08052_c0_1289590341420005us.jpg 0.252534 0.323816 0.647403 -0.642059 243.664276 -1164.970651 47.582814
slice23/query/img_08053_c0_1289590341553232us.jpg 0.254051 0.318469 0.650383 -0.641123 241.260931 -1164.880860 47.358090
slice23/query/img_08054_c0_1289590341619970us.jpg 0.252763 0.317190 0.650278 -0.642370 240.051420 -1164.830745 47.242402
slice23/query/img_08055_c0_1289590341686584us.jpg 0.251372 0.316081 0.650612 -0.643124 238.844318 -1164.792438 47.127081
slice23/query/img_08056_c0_1289590341819935us.jpg 0.248695 0.314426 0.651736 -0.643838 236.434972 -1164.743762 46.910021
slice23/query/img_08057_c0_1289590341886552us.jpg 0.247794 0.313132 0.652894 -0.643643 235.212994 -1164.721107 46.791750
slice23/query/img_08058_c0_1289590341953161us.jpg 0.247542 0.311637 0.654096 -0.643245 233.991997 -1164.699902 46.667904
slice23/query/img_08059_c0_1289590342086541us.jpg 0.247306 0.309637 0.657414 -0.640914 231.548704 -1164.670197 46.424707
slice23/query/img_08060_c0_1289590342153126us.jpg 0.246304 0.309419 0.659403 -0.639360 230.327819 -1164.657304 46.307250
slice23/query/img_08061_c0_1289590342219864us.jpg 0.246234 0.309153 0.660555 -0.638326 229.112673 -1164.647748 46.186166
slice23/query/img_08062_c0_1289590342286478us.jpg 0.246511 0.309130 0.660688 -0.638093 227.900928 -1164.634233 46.062872
slice23/query/img_08063_c0_1289590342419832us.jpg 0.247211 0.308759 0.659442 -0.639290 225.483701 -1164.587420 45.816657
slice23/query/img_08064_c0_1289590342486443us.jpg 0.247423 0.308647 0.658407 -0.640328 224.284889 -1164.570831 45.696606
slice23/query/img_08065_c0_1289590342553056us.jpg 0.247336 0.309086 0.657508 -0.641072 223.091667 -1164.545723 45.587382
slice23/query/img_08066_c0_1289590342686432us.jpg 0.245944 0.311160 0.655722 -0.642433 220.679248 -1164.507307 45.357700
slice23/query/img_08067_c0_1289590342753020us.jpg 0.246052 0.311456 0.655324 -0.642654 219.481827 -1164.490021 45.238077
slice23/query/img_08068_c0_1289590342819758us.jpg 0.246644 0.311335 0.654927 -0.642890 218.288959 -1164.473715 45.123934
slice23/query/img_08069_c0_1289590342886373us.jpg 0.247522 0.310904 0.655226 -0.642456 217.096891 -1164.455157 45.008148
slice23/query/img_08070_c0_1289590343019746us.jpg 0.248112 0.311278 0.655654 -0.641611 214.705913 -1164.400236 44.748141
slice23/query/img_08071_c0_1289590343086336us.jpg 0.247888 0.312130 0.655045 -0.641905 213.499098 -1164.371639 44.614752
slice23/query/img_08072_c0_1289590343219714us.jpg 0.246759 0.314340 0.652651 -0.643698 211.109026 -1164.302913 44.382646
slice23/query/img_08073_c0_1289590343286300us.jpg 0.246577 0.314871 0.651485 -0.644689 209.921225 -1164.264142 44.277327
slice23/query/img_08074_c0_1289590343352913us.jpg 0.246574 0.315157 0.650411 -0.645633 208.730878 -1164.238553 44.165504
slice23/query/img_08075_c0_1289590343419651us.jpg 0.246677 0.315473 0.649857 -0.645998 207.537680 -1164.206724 44.046426
slice23/query/img_08076_c0_1289590343552884us.jpg 0.247792 0.315594 0.650014 -0.645354 205.145099 -1164.152000 43.818252
slice23/query/img_08077_c0_1289590343619616us.jpg 0.248871 0.315133 0.650654 -0.644519 203.961258 -1164.128661 43.695127
slice23/query/img_08078_c0_1289590343686229us.jpg 0.250268 0.315009 0.651536 -0.643145 202.774967 -1164.120725 43.573528
slice23/query/img_08079_c0_1289590343752843us.jpg 0.251290 0.315486 0.652095 -0.641945 201.594639 -1164.101190 43.461344
slice23/query/img_08080_c0_1289590343886194us.jpg 0.252625 0.318104 0.652722 -0.639488 199.265598 -1164.044297 43.252246
slice23/query/img_08081_c0_1289590343952809us.jpg 0.253404 0.319782 0.652327 -0.638745 198.106105 -1164.010578 43.139335
slice23/query/img_08082_c0_1289590344086185us.jpg 0.255950 0.323000 0.650653 -0.637817 195.825170 -1163.920160 42.919205
slice23/query/img_08083_c0_1289590344152794us.jpg 0.257193 0.324353 0.650019 -0.637277 194.702650 -1163.872290 42.801344
slice23/query/img_08084_c0_1289590344219513us.jpg 0.258711 0.325657 0.649615 -0.636409 193.580065 -1163.821453 42.683599
