slice23/query/img_07551_c0_1290445334808919us.jpg 0.326194 0.335319 0.608843 -0.640679 488.911711 -1206.486680 60.682707
slice23/query/img_07552_c0_1290445334875532us.jpg 0.326039 0.335400 0.608950 -0.640613 487.732750 -1206.278206 60.703620
slice23/query/img_07553_c0_1290445335008906us.jpg 0.325109 0.335667 0.609456 -0.640465 485.403110 -1205.789860 60.725805
slice23/query/img_07554_c0_1290445335075518us.jpg 0.324850 0.335821 0.609089 -0.640865 484.235550 -1205.562104 60.712973
slice23/query/img_07555_c0_1290445335142106us.jpg 0.324479 0.336224 0.608768 -0.641146 483.073559 -1205.350433 60.700828
slice23/query/img_07556_c0_1290445335208844us.jpg 0.323986 0.336727 0.608826 -0.641076 481.889545 -1205.147890 60.698156
slice23/query/img_07557_c0_1290445335275457us.jpg 0.323718 0.337092 0.609312 -0.640558 480.724884 -1204.919206 60.718992
slice23/query/img_07558_c0_1290445335408808us.jpg 0.322256 0.338224 0.609540 -0.640481 478.359847 -1204.481485 60.703586
slice23/query/img_07559_c0_1290445335475440us.jpg 0.321542 0.339290 0.610015 -0.639824 477.176525 -1204.267447 60.705239
slice23/query/img_07560_c0_1290445335542033us.jpg 0.321383 0.339815 0.610220 -0.639429 475.983805 -1204.056202 60.692382
slice23/query/img_07561_c0_1290445335608770us.jpg 0.321170 0.340038 0.609727 -0.639889 474.794016 -1203.824120 60.663358
slice23/query/img_07562_c0_1290445335675381us.jpg 0.321171 0.340571 0.609407 -0.639909 473.604224 -1203.619026 60.647340
slice23/query/img_07563_c0_1290445335808749us.jpg 0.320184 0.341837 0.609042 -0.640076 471.259829 -1203.143821 60.640517
slice23/query/img_07564_c0_1290445335875342us.jpg 0.319840 0.342363 0.608773 -0.640223 470.097817 -1202.901860 60.644562
slice23/query/img_07565_c0_1290445336008719us.jpg 0.319703 0.343256 0.607642 -0.640888 467.760405 -1202.477306 60.604259
slice23/query/img_07566_c0_1290445336075306us.jpg 0.319620 0.343951 0.607335 -0.640847 466.557541 -1202.285371 60.569541
slice23/query/img_07567_c0_1290445336141917us.jpg 0.319458 0.344565 0.607403 -0.640533 465.367604 -1202.087040 60.529741
slice23/query/img_07568_c0_1290445336208656us.jpg 0.319480 0.345069 0.608152 -0.639539 464.181654 -1201.860683 60.509783
slice23/query/img_07569_c0_1290445336341881us.jpg 0.318705 0.346051 0.610087 -0.637550 461.818988 -1201.352644 60.489491
slice23/query/img_07570_c0_1290445336408617us.jpg 0.318643 0.346230 0.609476 -0.638067 460.596110 -1201.144467 60.437259
slice23/query/img_07571_c0_1290445336475230us.jpg 0.319138 0.345980 0.608667 -0.638727 459.375734 -1200.932348 60.381886
slice23/query/img_07572_c0_1290445336541843us.jpg 0.319610 0.345701 0.608646 -0.638663 458.170320 -1200.708624 60.358657
slice23/query/img_07573_c0_1290445336608583us.jpg 0.319835 0.346116 0.608079 -0.638865 456.956317 -1200.506167 60.319841
slice23/query/img_07574_c0_1290445336741812us.jpg 0.319069 0.347566 0.608615 -0.637950 454.565443 -1200.035512 60.259844
slice23/query/img_07575_c0_1290445336808543us.jpg 0.318840 0.348456 0.608808 -0.637395 453.341664 -1199.839492 60.210007
slice23/query/img_07576_c0_1290445336875157us.jpg 0.318659 0.348650 0.609663 -0.636561 452.149165 -1199.589229 60.183446
slice23/query/img_07577_c0_1290445337075148us.jpg 0.318455 0.349447 0.611139 -0.634809 448.563292 -1198.847581 60.097614
slice23/query/img_07578_c0_1290445337275114us.jpg 0.317892 0.351170 0.610458 -0.634795 445.032294 -1198.120318 60.058134
slice23/query/img_07579_c0_1290445337341694us.jpg 0.317382 0.351427 0.609704 -0.635633 443.819768 -1197.883460 60.001114
slice23/query/img_07580_c0_1290445337408431us.jpg 0.316852 0.351398 0.609849 -0.635774 442.612940 -1197.643447 59.955688
slice23/query/img_07581_c0_1290445337475042us.jpg 0.315892 0.351189 0.609713 -0.636498 441.402054 -1197.392466 59.889813
slice23/query/img_07582_c0_1290445337608394us.jpg 0.316759 0.349881 0.612332 -0.634269 439.016124 -1196.909994 59.820619
slice23/query/img_07583_c0_1290445337675005us.jpg 0.316686 0.349290 0.613791 -0.633219 437.793700 -1196.680792 59.776689
slice23/query/img_07584_c0_1290445337741619us.jpg 0.316949 0.349363 0.614352 -0.632504 436.581816 -1196.461367 59.727882
slice23/query/img_07585_c0_1290445337874990us.jpg 0.315714 0.350329 0.613943 -0.632984 434.141557 -1195.997616 59.625040
slice23/query/img_07586_c0_1290445337941580us.jpg 0.314241 0.350752 0.613304 -0.634100 432.930848 -1195.755357 59.574827
slice23/query/img_07587_c0_1290445338008318us.jpg 0.312626 0.351563 0.612251 -0.635466 431.724265 -1195.514991 59.529381
slice23/query/img_07588_c0_1290445338074930us.jpg 0.311963 0.351993 0.610805 -0.636943 430.514287 -1195.296049 59.476064
slice23/query/img_07589_c0_1290445338208282us.jpg 0.311834 0.350939 0.610002 -0.638357 428.106241 -1194.835932 59.371376
slice23/query/img_07590_c0_1290445338274894us.jpg 0.312176 0.350402 0.610754 -0.637765 426.905029 -1194.609161 59.320155
slice23/query/img_07591_c0_1290445338341506us.jpg 0.312256 0.350289 0.612035 -0.636559 425.703322 -1194.395107 59.268545
slice23/query/img_07592_c0_1290445338408244us.jpg 0.312088 0.349961 0.613491 -0.635419 424.495818 -1194.180134 59.212117
slice23/query/img_07593_c0_1290445338541511us.jpg 0.311935 0.349641 0.615271 -0.633948 422.097225 -1193.753687 59.112202
slice23/query/img_07594_c0_1290445338608206us.jpg 0.312266 0.349128 0.615600 -0.633748 420.906268 -1193.543119 59.068745
slice23/query/img_07595_c0_1290445338674815us.jpg 0.312100 0.348678 0.615291 -0.634377 419.715436 -1193.321674 59.015890
slice23/query/img_07596_c0_1290445338741431us.jpg 0.311875 0.348706 0.615157 -0.634603 418.539097 -1193.100963 58.978693
slice23/query/img_07597_c0_1290445338874806us.jpg 0.309899 0.350409 0.613126 -0.636594 416.166394 -1192.674464 58.875548
slice23/query/img_07598_c0_1290445338941393us.jpg 0.308935 0.351357 0.612167 -0.637463 414.995073 -1192.458783 58.830462
slice23/query/img_07599_c0_1290445339008128us.jpg 0.308400 0.352064 0.611368 -0.638099 413.824045 -1192.246284 58.781747
slice23/query/img_07600_c0_1290445339074744us.jpg 0.308458 0.352369 0.610465 -0.638766 412.657921 -1192.034765 58.730678
slice23/query/img_07601_c0_1290445339208118us.jpg 0.309473 0.352346 0.611405 -0.637387 410.306420 -1191.615123 58.643872
slice23/query/img_07602_c0_1290445339274706us.jpg 0.310059 0.351876 0.611501 -0.637270 409.121402 -1191.397380 58.593613
slice23/query/img_07603_c0_1290445339341319us.jpg 0.310790 0.350827 0.611596 -0.637402 407.934862 -1191.174446 58.537899
slice23/query/img_07604_c0_1290445339475542us.jpg 0.312812 0.350307 0.612639 -0.635694 405.536243 -1190.781644 58.491856
slice23/query/img_07605_c0_1290445339541282us.jpg 0.312630 0.351098 0.613062 -0.634939 404.376249 -1190.577194 58.446245
slice23/query/img_07606_c0_1290445339608020us.jpg 0.311385 0.352391 0.613347 -0.634560 403.212235 -1190.358227 58.409974
slice23/query/img_07607_c0_1290445339674632us.jpg 0.311182 0.353361 0.613252 -0.634211 402.051405 -1190.144569 58.371824
slice23/query/img_07608_c0_1290445339807983us.jpg 0.311135 0.353443 0.612433 -0.634980 399.679218 -1189.704391 58.270391
slice23/query/img_07609_c0_1290445339874594us.jpg 0.311347 0.353361 0.612277 -0.635072 398.507431 -1189.489065 58.219339
slice23/query/img_07610_c0_1290445339941206us.jpg 0.311665 0.353530 0.612274 -0.634825 397.336000 -1189.276024 58.172262
slice23/query/img_07611_c0_1290445340074558us.jpg 0.311742 0.353664 0.612794 -0.634210 394.960657 -1188.810854 58.054774
slice23/query/img_07612_c0_1290445340141188us.jpg 0.311791 0.353412 0.613072 -0.634058 393.783276 -1188.575557 57.998869
slice23/query/img_07613_c0_1290445340207906us.jpg 0.311722 0.352803 0.613494 -0.634023 392.620417 -1188.350904 57.941245
slice23/query/img_07614_c0_1290445340274518us.jpg 0.311877 0.352676 0.613812 -0.633709 391.464428 -1188.143289 57.891382
slice23/query/img_07615_c0_1290445340407871us.jpg 0.312461 0.353251 0.613687 -0.633222 389.145614 -1187.697315 57.792243
slice23/query/img_07616_c0_1290445340474482us.jpg 0.311759 0.353971 0.613351 -0.633491 387.999661 -1187.475222 57.740697
slice23/query/img_07617_c0_1290445340541094us.jpg 0.311020 0.354517 0.613095 -0.633797 386.842146 -1187.247416 57.684620
slice23/query/img_07618_c0_1290445340607832us.jpg 0.310990 0.354458 0.613058 -0.633881 385.689568 -1187.030269 57.629731
slice23/query/img_07619_c0_1290445340741061us.jpg 0.311506 0.353959 0.612920 -0.634040 383.387479 -1186.605479 57.518035
slice23/query/img_07620_c0_1290445340807797us.jpg 0.311636 0.353985 0.612550 -0.634319 382.246066 -1186.389507 57.463919
slice23/query/img_07621_c0_1290445340941021us.jpg 0.311605 0.353628 0.612619 -0.634467 379.955597 -1185.954453 57.347205
slice23/query/img_07622_c0_1290445341007754us.jpg 0.311186 0.353781 0.613108 -0.634114 378.814666 -1185.738461 57.295638
slice23/query/img_07623_c0_1290445341074367us.jpg 0.310996 0.353757 0.613423 -0.633917 377.667768 -1185.516862 57.240959
slice23/query/img_07624_c0_1290445341207798us.jpg 0.311381 0.353161 0.613966 -0.633534 375.369542 -1185.065278 57.130925
slice23/query/img_07625_c0_1290445341274330us.jpg 0.311724 0.352989 0.613832 -0.633591 374.238517 -1184.854080 57.080751
slice23/query/img_07626_c0_1290445341340942us.jpg 0.311947 0.352706 0.614203 -0.633279 373.104711 -1184.643144 57.028695
slice23/query/img_07627_c0_1290445341407681us.jpg 0.311682 0.352465 0.614711 -0.633051 371.985191 -1184.437901 56.981041
slice23/query/img_07628_c0_1290445341540928us.jpg 0.311851 0.353123 0.616202 -0.631148 369.754648 -1184.031986 56.909529
slice23/query/img_07629_c0_1290445341607643us.jpg 0.311381 0.353153 0.617049 -0.630536 368.628624 -1183.821415 56.856337
slice23/query/img_07630_c0_1290445341674257us.jpg 0.310969 0.353318 0.617950 -0.629763 367.504715 -1183.619024 56.800351
slice23/query/img_07631_c0_1290445341740869us.jpg 0.310975 0.353099 0.618313 -0.629527 366.375148 -1183.416120 56.739010
slice23/query/img_07632_c0_1290445341874241us.jpg 0.312040 0.351821 0.618303 -0.629726 364.147019 -1182.989713 56.625173
slice23/query/img_07633_c0_1290445341940831us.jpg 0.312050 0.351347 0.618632 -0.629662 363.030008 -1182.769870 56.578342
slice23/query/img_07634_c0_1290445342074890us.jpg 0.311765 0.351630 0.618925 -0.629357 360.780859 -1182.360223 56.461295
slice23/query/img_07635_c0_1290445342140794us.jpg 0.311313 0.351983 0.619010 -0.629300 359.659138 -1182.149915 56.406981
slice23/query/img_07636_c0_1290445342207531us.jpg 0.311039 0.352461 0.618804 -0.629371 358.537694 -1181.941991 56.347219
slice23/query/img_07637_c0_1290445342274143us.jpg 0.310698 0.352662 0.618705 -0.629524 357.424147 -1181.736505 56.290276
slice23/query/img_07638_c0_1290445342407496us.jpg 0.310911 0.352371 0.617824 -0.630447 355.190783 -1181.334960 56.171895
slice23/query/img_07639_c0_1290445342474106us.jpg 0.310733 0.352371 0.617563 -0.630790 354.071153 -1181.131112 56.115991
slice23/query/img_07640_c0_1290445342540719us.jpg 0.310661 0.352359 0.617145 -0.631240 352.969052 -1180.930111 56.063908
slice23/query/img_07641_c0_1290445342607456us.jpg 0.310459 0.352539 0.616752 -0.631623 351.855895 -1180.724087 56.007488
slice23/query/img_07642_c0_1290445342740704us.jpg 0.309811 0.352989 0.616577 -0.631862 349.589509 -1180.307328 55.889497
slice23/query/img_07643_c0_1290445342807440us.jpg 0.309570 0.353120 0.616896 -0.631595 348.474974 -1180.102567 55.841400
slice23/query/img_07644_c0_1290445342874034us.jpg 0.309547 0.353244 0.616878 -0.631554 347.367835 -1179.898214 55.790444
slice23/query/img_07645_c0_1290445343007405us.jpg 0.309827 0.353471 0.615817 -0.632325 345.137734 -1179.537274 55.686504
slice23/query/img_07646_c0_1290445343073994us.jpg 0.310100 0.353193 0.615361 -0.632791 344.027021 -1179.317415 55.625486
slice23/query/img_07647_c0_1290445343140606us.jpg 0.309958 0.353372 0.614742 -0.633361 342.920617 -1179.108149 55.567986
slice23/query/img_07648_c0_1290445343207345us.jpg 0.310103 0.353095 0.614686 -0.633499 341.815611 -1178.898646 55.512165
slice23/query/img_07649_c0_1290445343340570us.jpg 0.310178 0.352909 0.615633 -0.632646 339.651547 -1178.486382 55.412819
slice23/query/img_07650_c0_1290445343407326us.jpg 0.310125 0.353103 0.615879 -0.632324 338.552634 -1178.282285 55.347050
slice23/query/img_07651_c0_1290445343473920us.jpg 0.310212 0.353231 0.616498 -0.631606 337.462811 -1178.074208 55.288314
slice23/query/img_07652_c0_1290445343540531us.jpg 0.310281 0.353438 0.617176 -0.630793 336.378240 -1177.870807 55.236586
slice23/query/img_07653_c0_1290445343673884us.jpg 0.310854 0.353428 0.617634 -0.630069 334.183679 -1177.470062 55.105102
slice23/query/img_07654_c0_1290445343740494us.jpg 0.310978 0.353421 0.617888 -0.629763 333.094349 -1177.270623 55.045394
slice23/query/img_07655_c0_1290445343807232us.jpg 0.310758 0.353826 0.618074 -0.629460 332.004241 -1177.069468 54.988004
slice23/query/img_07656_c0_1290445343873844us.jpg 0.310523 0.354147 0.618247 -0.629227 330.920301 -1176.871840 54.935426
slice23/query/img_07657_c0_1290445344007218us.jpg 0.309706 0.355218 0.618228 -0.629044 328.719255 -1176.441118 54.795782
slice23/query/img_07658_c0_1290445344073806us.jpg 0.309505 0.355656 0.618373 -0.628753 327.624213 -1176.236913 54.733313
slice23/query/img_07659_c0_1290445344140421us.jpg 0.309546 0.355944 0.618679 -0.628269 326.534420 -1176.031253 54.673558
slice23/query/img_07660_c0_1290445344273776us.jpg 0.309360 0.356365 0.619912 -0.626905 324.360252 -1175.611775 54.549029
slice23/query/img_07661_c0_1290445344340381us.jpg 0.308823 0.356986 0.619876 -0.626852 323.280440 -1175.400578 54.480927
slice23/query/img_07662_c0_1290445344407120us.jpg 0.308173 0.357610 0.619708 -0.626982 322.208760 -1175.194687 54.416725
slice23/query/img_07663_c0_1290445344473741us.jpg 0.307979 0.357774 0.619916 -0.626778 321.143310 -1174.993305 54.348335
slice23/query/img_07664_c0_1290445344607107us.jpg 0.307959 0.358244 0.619319 -0.627109 319.020832 -1174.593798 54.210526
slice23/query/img_07665_c0_1290445344673714us.jpg 0.307818 0.358511 0.619000 -0.627341 317.956878 -1174.390265 54.139215
slice23/query/img_07666_c0_1290445344740308us.jpg 0.307512 0.358730 0.619068 -0.627299 316.891270 -1174.182014 54.063775
slice23/query/img_07667_c0_1290445344807045us.jpg 0.307306 0.358835 0.619472 -0.626941 315.830056 -1173.979294 53.990982
slice23/query/img_07668_c0_1290445344940292us.jpg 0.306309 0.359527 0.619988 -0.626522 313.666446 -1173.560532 53.839779
slice23/query/img_07669_c0_1290445345007005us.jpg 0.305888 0.359607 0.620195 -0.626477 312.573475 -1173.350431 53.759252
slice23/query/img_07670_c0_1290445345073620us.jpg 0.305426 0.359733 0.620538 -0.626291 311.483855 -1173.137499 53.678533
slice23/query/img_07671_c0_1290445345206995us.jpg 0.303962 0.359963 0.621334 -0.626081 309.304075 -1172.721233 53.512017
slice23/query/img_07672_c0_1290445345273582us.jpg 0.303230 0.360295 0.621573 -0.626009 308.255044 -1172.528423 53.443083
slice23/query/img_07673_c0_1290445345340194us.jpg 0.302845 0.360008 0.621970 -0.625965 307.172686 -1172.313910 53.357516
slice23/query/img_07674_c0_1290445345406933us.jpg 0.301769 0.360227 0.622228 -0.626103 306.103379 -1172.114482 53.279357
slice23/query/img_07675_c0_1290445345540182us.jpg 0.299676 0.360166 0.622252 -0.627119 303.929743 -1171.693186 53.101535
slice23/query/img_07676_c0_1290445345606894us.jpg 0.298426 0.360029 0.622403 -0.627643 302.857914 -1171.482324 53.012808
slice23/query/img_07677_c0_1290445345673507us.jpg 0.297240 0.359680 0.622597 -0.628213 301.795771 -1171.289320 52.930754
slice23/query/img_07678_c0_1290445345740119us.jpg 0.296196 0.359156 0.622881 -0.628724 300.730304 -1171.096608 52.843532
slice23/query/img_07679_c0_1290445345873472us.jpg 0.293800 0.358221 0.624139 -0.629134 298.591466 -1170.670654 52.650907
slice23/query/img_07680_c0_1290445345940081us.jpg 0.292748 0.357975 0.624660 -0.629247 297.563917 -1170.497501 52.568499
slice23/query/img_07681_c0_1290445346073455us.jpg 0.290796 0.356560 0.625971 -0.629653 295.393586 -1170.138777 52.409943
slice23/query/img_07682_c0_1290445346140042us.jpg 0.289715 0.356076 0.626325 -0.630073 294.312856 -1169.967440 52.322804
slice23/query/img_07683_c0_1290445346206782us.jpg 0.288608 0.355522 0.626263 -0.630955 293.232158 -1169.797528 52.231142
slice23/query/img_07684_c0_1290445346340009us.jpg 0.286363 0.353563 0.626229 -0.633108 291.046061 -1169.434490 52.035223
slice23/query/img_07685_c0_1290445346406744us.jpg 0.285288 0.352687 0.626475 -0.633838 289.957947 -1169.270499 51.940868
slice23/query/img_07686_c0_1290445346473355us.jpg 0.284204 0.351892 0.626999 -0.634250 288.870086 -1169.111406 51.846280
slice23/query/img_07687_c0_1290445346606731us.jpg 0.281736 0.351140 0.629168 -0.633619 286.703977 -1168.815475 51.670223
slice23/query/img_07688_c0_1290445346673319us.jpg 0.280030 0.350719 0.630311 -0.633473 285.601615 -1168.657395 51.566390
slice23/query/img_07689_c0_1290445346739932us.jpg 0.278870 0.349791 0.631545 -0.633268 284.503772 -1168.506061 51.462080
slice23/query/img_07690_c0_1290445346806669us.jpg 0.277617 0.348726 0.632587 -0.633366 283.412744 -1168.352834 51.358356
slice23/query/img_07691_c0_1290445346939895us.jpg 0.275629 0.345431 0.634147 -0.634479 281.222073 -1168.044721 51.149704
slice23/query/img_07692_c0_1290445347073268us.jpg 0.273656 0.343261 0.635054 -0.635603 279.052183 -1167.802834 50.936519
slice23/query/img_07693_c0_1290445347139857us.jpg 0.272575 0.342357 0.635654 -0.635955 277.974627 -1167.680043 50.834358
slice23/query/img_07694_c0_1290445347206594us.jpg 0.270797 0.341838 0.636399 -0.636248 276.889958 -1167.548623 50.731792
slice23/query/img_07695_c0_1290445347339845us.jpg 0.267762 0.340998 0.637409 -0.636973 274.710576 -1167.346328 50.527038
slice23/query/img_07696_c0_1290445347539795us.jpg 0.270339 0.336733 0.641589 -0.633949 271.458309 -1167.074191 50.238494
slice23/query/img_07697_c0_1290445347739807us.jpg 0.270978 0.335981 0.641625 -0.634039 268.184563 -1166.819275 49.932526
slice23/query/img_07698_c0_1290445347806503us.jpg 0.269296 0.335212 0.641551 -0.635236 267.057030 -1166.706085 49.829164
slice23/query/img_07699_c0_1290445347873094us.jpg 0.268068 0.334267 0.641795 -0.636007 265.929581 -1166.596921 49.716899
slice23/query/img_07700_c0_1290445347939708us.jpg 0.266698 0.333809 0.641897 -0.636720 264.814753 -1166.496952 49.608590
slice23/query/img_07701_c0_1290445348006444us.jpg 0.265223 0.333550 0.642586 -0.636776 263.699028 -1166.410655 49.497136
slice23/query/img_07702_c0_1290445348139693us.jpg 0.263654 0.331624 0.645023 -0.635970 261.483136 -1166.238933 49.286604
slice23/query/img_07703_c0_1290445348206408us.jpg 0.263959 0.330042 0.646555 -0.635109 260.370042 -1166.171274 49.174258
slice23/query/img_07704_c0_1290445348273019us.jpg 0.263514 0.329323 0.647352 -0.634855 259.257690 -1166.102915 49.059705
slice23/query/img_07705_c0_1290445348406393us.jpg 0.261885 0.327863 0.646846 -0.636799 257.017122 -1165.974852 48.834153
slice23/query/img_07706_c0_1290445348472982us.jpg 0.261273 0.327279 0.646231 -0.637973 255.906243 -1165.908374 48.733345
slice23/query/img_07707_c0_1290445348539595us.jpg 0.260143 0.327059 0.645104 -0.639686 254.790683 -1165.839696 48.633336
slice23/query/img_07708_c0_1290445348606332us.jpg 0.259052 0.326776 0.644059 -0.641325 253.668421 -1165.772288 48.526789
slice23/query/img_07709_c0_1290445348739560us.jpg 0.257662 0.325037 0.644415 -0.642409 251.426760 -1165.647542 48.332398
slice23/query/img_07710_c0_1290445348806295us.jpg 0.257121 0.324423 0.644872 -0.642479 250.289876 -1165.600875 48.216041
slice23/query/img_07711_c0_1290445348872907us.jpg 0.256763 0.323671 0.645732 -0.642138 249.158976 -1165.548733 48.107097
slice23/query/img_07712_c0_1290445348939518us.jpg 0.255860 0.323269 0.646266 -0.642163 248.035085 -1165.501975 47.993980
slice23/query/img_07713_c0_1290445349072892us.jpg 0.253792 0.321612 0.648249 -0.641817 245.790234 -1165.373923 47.793954
slice23/query/img_07714_c0_1290445349139482us.jpg 0.252921 0.320977 0.648632 -0.642091 244.670238 -1165.332216 47.686158
slice23/query/img_07715_c0_1290445349206220us.jpg 0.252491 0.320437 0.648420 -0.642744 243.557399 -1165.298520 47.575706
slice23/query/img_07716_c0_1290445349272833us.jpg 0.252012 0.319938 0.647916 -0.643688 242.443516 -1165.254357 47.473916
slice23/query/img_07717_c0_1290445349406189us.jpg 0.251372 0.318338 0.648767 -0.643874 240.217698 -1165.182918 47.272097
slice23/query/img_07718_c0_1290445349472795us.jpg 0.251046 0.317672 0.649673 -0.643417 239.104270 -1165.154544 47.166112
slice23/query/img_07719_c0_1290445349539409us.jpg 0.250667 0.317500 0.650323 -0.642992 237.991686 -1165.130131 47.062424
slice23/query/img_07720_c0_1290445349672760us.jpg 0.249875 0.316780 0.652160 -0.641794 235.740270 -1165.054994 46.838726
slice23/query/img_07721_c0_1290445349739392us.jpg 0.249772 0.316192 0.653282 -0.640983 234.613990 -1165.030985 46.729884
slice23/query/img_07722_c0_1290445349806108us.jpg 0.250620 0.315262 0.653744 -0.640639 233.492691 -1165.007961 46.617436
slice23/query/img_07723_c0_1290445349872720us.jpg 0.250671 0.315121 0.654376 -0.640043 232.364440 -1164.985393 46.505315
slice23/query/img_07724_c0_1290445350006073us.jpg 0.248958 0.315359 0.656993 -0.637910 230.115715 -1164.925913 46.298156
slice23/query/img_07725_c0_1290445350072704us.jpg 0.249078 0.315382 0.656779 -0.638072 228.988164 -1164.898726 46.190497
slice23/query/img_07726_c0_1290445350139296us.jpg 0.249079 0.315458 0.655991 -0.638844 227.856140 -1164.873848 46.078271
slice23/query/img_07727_c0_1290445350206036us.jpg 0.248986 0.315114 0.655213 -0.639847 226.735237 -1164.847095 45.971320
slice23/query/img_07728_c0_1290445350339294us.jpg 0.249430 0.314330 0.654433 -0.640858 224.502184 -1164.797783 45.759556
slice23/query/img_07729_c0_1290445350405996us.jpg 0.248913 0.314743 0.653998 -0.641300 223.362960 -1164.778290 45.649652
slice23/query/img_07730_c0_1290445350472608us.jpg 0.248115 0.315367 0.653681 -0.641625 222.221992 -1164.741032 45.542649
slice23/query/img_07731_c0_1290445350539221us.jpg 0.247131 0.316028 0.653562 -0.641802 221.092070 -1164.714635 45.439403
slice23/query/img_07732_c0_1290445350672592us.jpg 0.247036 0.314936 0.653702 -0.642232 218.770816 -1164.638437 45.179763
slice23/query/img_07733_c0_1290445350739184us.jpg 0.248210 0.314274 0.653906 -0.641897 217.615223 -1164.617860 45.085107
slice23/query/img_07734_c0_1290445350872532us.jpg 0.248320 0.314565 0.654189 -0.641422 215.320313 -1164.577964 44.862958
slice23/query/img_07735_c0_1290445350939145us.jpg 0.247543 0.315503 0.653710 -0.641750 214.178099 -1164.543717 44.746853
slice23/query/img_07736_c0_1290445351005881us.jpg 0.247399 0.316547 0.653042 -0.641972 213.042600 -1164.517113 44.636090
slice23/query/img_07737_c0_1290445351139111us.jpg 0.247089 0.318317 0.650004 -0.644295 210.724353 -1164.425518 44.369077
slice23/query/img_07738_c0_1290445351205844us.jpg 0.247396 0.318702 0.649097 -0.644901 209.586615 -1164.382873 44.244375
slice23/query/img_07739_c0_1290445351272455us.jpg 0.247937 0.318971 0.648553 -0.645108 208.449228 -1164.353895 44.125558
slice23/query/img_07740_c0_1290445351339071us.jpg 0.248801 0.319321 0.648430 -0.644726 207.319924 -1164.324928 44.011896
slice23/query/img_07741_c0_1290445351472421us.jpg 0.250836 0.319688 0.648604 -0.643578 205.096393 -1164.261614 43.790011
slice23/query/img_07742_c0_1290445351539032us.jpg 0.252464 0.319261 0.649378 -0.642373 203.987169 -1164.231180 43.680161
slice23/query/img_07743_c0_1290445351605778us.jpg 0.253542 0.319241 0.649990 -0.641338 202.896230 -1164.188729 43.575292
slice23/query/img_07744_c0_1290445351739017us.jpg 0.254690 0.320856 0.649599 -0.640472 200.696561 -1164.125270 43.373550
slice23/query/img_07745_c0_1290445351805733us.jpg 0.254505 0.322262 0.648855 -0.640595 199.601432 -1164.075741 43.274283
slice23/query/img_07746_c0_1290445351872346us.jpg 0.254431 0.323586 0.648056 -0.640766 198.515858 -1164.028255 43.169940
slice23/query/img_07747_c0_1290445351938960us.jpg 0.254682 0.324779 0.647383 -0.640743 197.432920 -1163.983103 43.072918
slice23/query/img_07748_c0_1290445352072309us.jpg 0.256602 0.326135 0.646623 -0.640055 195.298940 -1163.881060 42.864113
slice23/query/img_07749_c0_1290445352138922us.jpg 0.257303 0.326911 0.647025 -0.638970 194.233907 -1163.831096 42.757296
slice23/query/img_07750_c0_1290445352205659us.jpg 0.258687 0.327641 0.647360 -0.637697 193.174738 -1163.785427 42.656320
