slice23/query/img_07983_c0_1292959632398420us.jpg 0.325321 0.338240 0.605945 -0.642332 488.646072 -1206.477392 60.619870
slice23/query/img_07984_c0_1292959632465166us.jpg 0.324910 0.338683 0.606368 -0.641908 487.522158 -1206.258165 60.654268
slice23/query/img_07985_c0_1292959632598424us.jpg 0.324214 0.339597 0.605933 -0.642187 485.222632 -1205.816063 60.658303
slice23/query/img_07986_c0_1292959632665172us.jpg 0.324144 0.339706 0.605828 -0.642264 484.071369 -1205.593961 60.657151
slice23/query/img_07987_c0_1292959632731794us.jpg 0.323862 0.339678 0.606054 -0.642208 482.915835 -1205.369748 60.653900
slice23/query/img_07988_c0_1292959632798424us.jpg 0.323253 0.340039 0.606301 -0.642090 481.755571 -1205.144760 60.653969
slice23/query/img_07989_c0_1292959632931820us.jpg 0.322538 0.340974 0.606732 -0.641547 479.444018 -1204.713063 60.664920
slice23/query/img_07990_c0_1292959632998427us.jpg 0.321262 0.341611 0.607322 -0.641290 478.279682 -1204.478515 60.661887
slice23/query/img_07991_c0_1292959633065172us.jpg 0.320569 0.342643 0.607581 -0.640841 477.110487 -1204.254097 60.653852
slice23/query/img_07992_c0_1292959633131798us.jpg 0.320026 0.343362 0.607947 -0.640380 475.938455 -1204.032036 60.645667
slice23/query/img_07993_c0_1292959633265173us.jpg 0.320423 0.343554 0.607921 -0.640103 473.606006 -1203.579449 60.614302
slice23/query/img_07994_c0_1292959633331800us.jpg 0.319777 0.343902 0.607695 -0.640454 472.429916 -1203.350295 60.591161
slice23/query/img_07995_c0_1292959633398429us.jpg 0.319163 0.344367 0.607336 -0.640850 471.254226 -1203.124614 60.574870
slice23/query/img_07996_c0_1292959633531824us.jpg 0.318653 0.344827 0.605867 -0.642246 468.905496 -1202.664370 60.532611
slice23/query/img_07997_c0_1292959633598452us.jpg 0.318334 0.345150 0.605267 -0.642796 467.725714 -1202.428495 60.505292
slice23/query/img_07998_c0_1292959633665177us.jpg 0.318237 0.345626 0.605259 -0.642596 466.542073 -1202.202453 60.480243
slice23/query/img_07999_c0_1292959633731803us.jpg 0.318236 0.346043 0.605843 -0.641822 465.360192 -1201.979982 60.458307
slice23/query/img_08000_c0_1292959633865181us.jpg 0.318675 0.346191 0.607539 -0.639917 462.994522 -1201.535413 60.412638
slice23/query/img_08001_c0_1292959633931805us.jpg 0.318545 0.346735 0.607988 -0.639260 461.811066 -1201.312215 60.386350
slice23/query/img_08002_c0_1292959633998432us.jpg 0.318646 0.346875 0.607863 -0.639253 460.625575 -1201.089660 60.354151
slice23/query/img_08003_c0_1292959634131807us.jpg 0.318876 0.346012 0.607470 -0.639980 458.240259 -1200.640510 60.281946
slice23/query/img_08004_c0_1292959634198455us.jpg 0.319100 0.345835 0.607353 -0.640075 457.051406 -1200.414331 60.249503
slice23/query/img_08005_c0_1292959634265184us.jpg 0.318808 0.346316 0.607586 -0.639739 455.852918 -1200.195358 60.221163
slice23/query/img_08006_c0_1292959634331810us.jpg 0.318217 0.346902 0.607953 -0.639367 454.652212 -1199.967352 60.184824
slice23/query/img_08007_c0_1292959634465206us.jpg 0.317428 0.347442 0.609413 -0.638074 452.275464 -1199.495709 60.138287
slice23/query/img_08008_c0_1292959634531812us.jpg 0.316883 0.348047 0.609526 -0.637908 451.069157 -1199.273593 60.103579
slice23/query/img_08009_c0_1292959634598441us.jpg 0.316259 0.348726 0.609380 -0.637986 449.874510 -1199.054822 60.068960
slice23/query/img_08010_c0_1292959634731835us.jpg 0.315701 0.349428 0.608604 -0.638619 447.478554 -1198.617251 60.007836
slice23/query/img_08011_c0_1292959634798462us.jpg 0.316077 0.349334 0.607778 -0.639271 446.286944 -1198.384529 59.967973
slice23/query/img_08012_c0_1292959634865188us.jpg 0.315990 0.349626 0.607390 -0.639522 445.090590 -1198.155809 59.930674
slice23/query/img_08013_c0_1292959634931814us.jpg 0.315772 0.349851 0.607573 -0.639333 443.893052 -1197.926465 59.895500
slice23/query/img_08014_c0_1292959635065213us.jpg 0.316018 0.349520 0.609923 -0.637152 441.501315 -1197.485787 59.824037
slice23/query/img_08015_c0_1292959635131815us.jpg 0.316088 0.349802 0.611015 -0.635915 440.288384 -1197.267946 59.777860
slice23/query/img_08016_c0_1292959635198446us.jpg 0.316646 0.349009 0.612654 -0.634495 439.079309 -1197.050264 59.732814
slice23/query/img_08017_c0_1292959635265192us.jpg 0.317285 0.348582 0.614230 -0.632884 437.881746 -1196.828374 59.693704
slice23/query/img_08018_c0_1292959635398450us.jpg 0.317882 0.349565 0.614134 -0.632135 435.468271 -1196.386211 59.608101
slice23/query/img_08019_c0_1292959635465196us.jpg 0.316769 0.350404 0.613282 -0.633055 434.259053 -1196.153344 59.568138
slice23/query/img_08020_c0_1292959635531819us.jpg 0.315465 0.351177 0.612012 -0.634506 433.049400 -1195.908164 59.531180
slice23/query/img_08021_c0_1292959635598451us.jpg 0.313685 0.352389 0.610311 -0.636352 431.847059 -1195.661386 59.491553
slice23/query/img_08022_c0_1292959635731823us.jpg 0.313240 0.352709 0.607331 -0.639239 429.441541 -1195.196518 59.413961
slice23/query/img_08023_c0_1292959635798473us.jpg 0.314418 0.351062 0.607815 -0.639108 428.237638 -1194.968632 59.362688
slice23/query/img_08024_c0_1292959635865197us.jpg 0.314973 0.350503 0.609266 -0.637757 427.022576 -1194.747679 59.312099
slice23/query/img_08025_c0_1292959635931823us.jpg 0.315046 0.351068 0.611444 -0.635322 425.809436 -1194.527179 59.270807
slice23/query/img_08026_c0_1292959635998453us.jpg 0.315071 0.351107 0.613560 -0.633244 424.596943 -1194.303015 59.219554
slice23/query/img_08027_c0_1292959636131852us.jpg 0.314676 0.351426 0.615850 -0.631037 422.179360 -1193.869454 59.129120
slice23/query/img_08028_c0_1292959636198455us.jpg 0.314527 0.351410 0.615179 -0.631775 420.969563 -1193.637370 59.081270
slice23/query/img_08029_c0_1292959636265201us.jpg 0.314238 0.351173 0.613824 -0.633366 419.760094 -1193.398418 59.032984
slice23/query/img_08030_c0_1292959636331827us.jpg 0.313386 0.351590 0.612213 -0.635113 418.560973 -1193.159416 58.983512
slice23/query/img_08031_c0_1292959636465207us.jpg 0.312167 0.353893 0.609713 -0.636837 416.161952 -1192.716283 58.907943
slice23/query/img_08032_c0_1292959636531829us.jpg 0.311156 0.354900 0.608972 -0.637479 414.948711 -1192.484315 58.855937
slice23/query/img_08033_c0_1292959636598460us.jpg 0.310456 0.355687 0.608623 -0.637716 413.741800 -1192.256193 58.805536
slice23/query/img_08034_c0_1292959636665205us.jpg 0.310053 0.356036 0.608394 -0.637936 412.532682 -1192.024080 58.752607
slice23/query/img_08035_c0_1292959636798483us.jpg 0.310763 0.355413 0.608038 -0.638277 410.126010 -1191.574324 58.649286
slice23/query/img_08036_c0_1292959636865207us.jpg 0.311201 0.354611 0.608007 -0.638539 408.924406 -1191.344521 58.596346
slice23/query/img_08037_c0_1292959636931831us.jpg 0.311983 0.353891 0.608096 -0.638473 407.741902 -1191.118847 58.549117
slice23/query/img_08038_c0_1292959636998462us.jpg 0.312755 0.353462 0.607829 -0.638587 406.550824 -1190.898062 58.504370
slice23/query/img_08039_c0_1292959637131856us.jpg 0.313249 0.353948 0.608063 -0.637852 404.126496 -1190.495970 58.391432
slice23/query/img_08040_c0_1292959637198483us.jpg 0.312711 0.354597 0.608243 -0.637583 402.913798 -1190.275907 58.332953
slice23/query/img_08041_c0_1292959637265210us.jpg 0.312222 0.355226 0.608273 -0.637444 401.706661 -1190.045530 58.278326
slice23/query/img_08042_c0_1292959637331836us.jpg 0.311716 0.355137 0.608011 -0.637992 400.501344 -1189.815814 58.214893
slice23/query/img_08043_c0_1292959637465212us.jpg 0.312017 0.354993 0.608477 -0.637481 398.138468 -1189.352387 58.133299
slice23/query/img_08044_c0_1292959637598487us.jpg 0.312598 0.354944 0.609794 -0.635962 395.739438 -1188.921806 58.043137
slice23/query/img_08045_c0_1292959637665215us.jpg 0.313313 0.354525 0.610683 -0.634990 394.527822 -1188.684565 57.988653
slice23/query/img_08046_c0_1292959637731840us.jpg 0.313848 0.354084 0.611855 -0.633844 393.321703 -1188.446149 57.935772
slice23/query/img_08047_c0_1292959637865247us.jpg 0.313688 0.353175 0.612748 -0.633567 390.911671 -1187.971671 57.811429
slice23/query/img_08048_c0_1292959637931862us.jpg 0.313185 0.353631 0.612597 -0.633708 389.703487 -1187.734131 57.758540
slice23/query/img_08049_c0_1292959637998472us.jpg 0.312485 0.354282 0.611658 -0.634596 388.500131 -1187.495103 57.705834
slice23/query/img_08050_c0_1292959638065218us.jpg 0.311603 0.354504 0.610997 -0.635542 387.292555 -1187.254289 57.656044
slice23/query/img_08051_c0_1292959638198496us.jpg 0.311961 0.353737 0.610442 -0.636326 384.880130 -1186.794968 57.542736
slice23/query/img_08052_c0_1292959638265219us.jpg 0.311894 0.353521 0.610641 -0.636288 383.674897 -1186.566184 57.489982
slice23/query/img_08053_c0_1292959638331844us.jpg 0.311966 0.353572 0.610685 -0.636182 382.463724 -1186.339952 57.429981
slice23/query/img_08054_c0_1292959638398476us.jpg 0.311987 0.353482 0.611045 -0.635876 381.260232 -1186.108963 57.380299
slice23/query/img_08055_c0_1292959638465221us.jpg 0.312011 0.353433 0.611525 -0.635430 380.062455 -1185.880975 57.341121
slice23/query/img_08056_c0_1292959638598498us.jpg 0.312620 0.352985 0.612365 -0.634570 377.656330 -1185.434153 57.252749
slice23/query/img_08057_c0_1292959638665223us.jpg 0.311960 0.353216 0.612302 -0.634827 376.446493 -1185.204013 57.193468
slice23/query/img_08058_c0_1292959638731848us.jpg 0.311782 0.353214 0.612013 -0.635195 375.245101 -1184.974641 57.134135
slice23/query/img_08059_c0_1292959638798478us.jpg 0.312078 0.353042 0.611913 -0.635240 374.044506 -1184.745438 57.079607
slice23/query/img_08060_c0_1292959638931871us.jpg 0.312235 0.352058 0.613318 -0.634354 371.657920 -1184.310641 56.990412
slice23/query/img_08061_c0_1292959638998481us.jpg 0.312246 0.352376 0.614316 -0.633206 370.457292 -1184.091230 56.934990
slice23/query/img_08062_c0_1292959639065227us.jpg 0.312005 0.352672 0.615568 -0.631943 369.249637 -1183.868494 56.876810
slice23/query/img_08063_c0_1292959639198484us.jpg 0.311169 0.352852 0.618266 -0.629616 366.862575 -1183.442653 56.753375
slice23/query/img_08064_c0_1292959639265228us.jpg 0.310715 0.353148 0.618304 -0.629637 365.664908 -1183.216232 56.690799
slice23/query/img_08065_c0_1292959639331854us.jpg 0.310796 0.352699 0.617953 -0.630193 364.469729 -1182.986663 56.628300
slice23/query/img_08066_c0_1292959639398484us.jpg 0.311131 0.351912 0.617630 -0.630784 363.283353 -1182.763647 56.566327
slice23/query/img_08067_c0_1292959639531880us.jpg 0.310804 0.351341 0.616966 -0.631912 360.879165 -1182.313305 56.440479
slice23/query/img_08068_c0_1292959639598486us.jpg 0.310463 0.351712 0.616688 -0.632145 359.688552 -1182.091087 56.382078
slice23/query/img_08069_c0_1292959639665238us.jpg 0.309977 0.352113 0.616620 -0.632226 358.492511 -1181.867013 56.323105
slice23/query/img_08070_c0_1292959639731856us.jpg 0.309994 0.352265 0.616886 -0.631873 357.312305 -1181.648159 56.270165
slice23/query/img_08071_c0_1292959639865234us.jpg 0.310072 0.352552 0.617602 -0.630975 354.932252 -1181.238356 56.149108
slice23/query/img_08072_c0_1292959639931859us.jpg 0.309894 0.352921 0.617669 -0.630791 353.738156 -1181.018646 56.087020
slice23/query/img_08073_c0_1292959639998489us.jpg 0.309926 0.353188 0.617469 -0.630821 352.550040 -1180.796801 56.025769
slice23/query/img_08074_c0_1292959640065241us.jpg 0.309912 0.353461 0.617001 -0.631134 351.350113 -1180.572357 55.964207
slice23/query/img_08075_c0_1292959640198514us.jpg 0.309952 0.354049 0.616641 -0.631136 348.966852 -1180.134001 55.835900
slice23/query/img_08076_c0_1292959640265242us.jpg 0.310130 0.354093 0.616783 -0.630885 347.780152 -1179.908561 55.773651
slice23/query/img_08077_c0_1292959640331863us.jpg 0.310331 0.354642 0.616536 -0.630719 346.598129 -1179.682598 55.716380
slice23/query/img_08078_c0_1292959640398492us.jpg 0.310210 0.355343 0.616046 -0.630863 345.417788 -1179.454565 55.655881
slice23/query/img_08079_c0_1292959640531865us.jpg 0.310986 0.356146 0.615002 -0.631048 343.047432 -1179.019063 55.533902
slice23/query/img_08080_c0_1292959640598495us.jpg 0.311304 0.356210 0.614683 -0.631165 341.874073 -1178.794413 55.470869
slice23/query/img_08081_c0_1292959640665247us.jpg 0.311887 0.356067 0.614641 -0.630999 340.706412 -1178.571232 55.415238
slice23/query/img_08082_c0_1292959640798498us.jpg 0.312394 0.356870 0.614644 -0.630290 338.350163 -1178.125698 55.293062
slice23/query/img_08083_c0_1292959640865247us.jpg 0.312328 0.357489 0.615111 -0.629516 337.177075 -1177.898475 55.240011
slice23/query/img_08084_c0_1292959640931867us.jpg 0.312269 0.357690 0.615560 -0.628993 336.002273 -1177.663874 55.177797
slice23/query/img_08085_c0_1292959640998498us.jpg 0.312332 0.358004 0.615713 -0.628633 334.832037 -1177.439766 55.112345
slice23/query/img_08086_c0_1292959641131893us.jpg 0.311925 0.358441 0.615814 -0.628487 332.487247 -1176.969382 54.972788
slice23/query/img_08087_c0_1292959641198500us.jpg 0.311535 0.358556 0.615778 -0.628650 331.318035 -1176.733772 54.907393
slice23/query/img_08088_c0_1292959641265249us.jpg 0.310837 0.358876 0.615770 -0.628821 330.151224 -1176.497593 54.840044
slice23/query/img_08089_c0_1292959641331872us.jpg 0.309957 0.359123 0.615555 -0.629325 328.983900 -1176.257620 54.768281
slice23/query/img_08090_c0_1292959641465247us.jpg 0.309413 0.358700 0.616026 -0.629373 326.661895 -1175.804022 54.633283
slice23/query/img_08091_c0_1292959641531874us.jpg 0.308775 0.358420 0.616352 -0.629526 325.497867 -1175.571276 54.557832
slice23/query/img_08092_c0_1292959641598505us.jpg 0.307496 0.358457 0.616669 -0.629821 324.342641 -1175.341933 54.483418
slice23/query/img_08093_c0_1292959641665251us.jpg 0.306485 0.358538 0.617180 -0.629766 323.194669 -1175.116355 54.413590
slice23/query/img_08094_c0_1292959641798506us.jpg 0.305360 0.357709 0.618392 -0.629595 320.901385 -1174.699180 54.268117
slice23/query/img_08095_c0_1292959641865250us.jpg 0.304605 0.357621 0.618611 -0.629797 319.749626 -1174.490845 54.193796
slice23/query/img_08096_c0_1292959641931877us.jpg 0.304278 0.357058 0.618939 -0.629952 318.598761 -1174.281801 54.115743
slice23/query/img_08097_c0_1292959642065260us.jpg 0.303140 0.356002 0.620452 -0.629609 316.302175 -1173.864139 53.972030
slice23/query/img_08098_c0_1292959642131899us.jpg 0.302239 0.355742 0.621055 -0.629595 315.157586 -1173.660232 53.896801
slice23/query/img_08099_c0_1292959642198510us.jpg 0.301260 0.355434 0.621495 -0.629804 314.008497 -1173.455791 53.817910
slice23/query/img_08100_c0_1292959642265254us.jpg 0.300357 0.355247 0.621745 -0.630094 312.862060 -1173.251236 53.736463
slice23/query/img_08101_c0_1292959642398512us.jpg 0.298631 0.355084 0.622804 -0.629960 310.587198 -1172.859416 53.583282
slice23/query/img_08102_c0_1292959642465258us.jpg 0.297703 0.355025 0.623474 -0.629770 309.447335 -1172.659976 53.504071
slice23/query/img_08103_c0_1292959642531881us.jpg 0.297035 0.354997 0.624199 -0.629383 308.306448 -1172.469014 53.424083
slice23/query/img_08104_c0_1292959642598513us.jpg 0.296145 0.354862 0.624950 -0.629134 307.168397 -1172.277280 53.340539
slice23/query/img_08105_c0_1292959642731885us.jpg 0.294193 0.355067 0.626065 -0.628824 304.899393 -1171.893382 53.164576
slice23/query/img_08106_c0_1292959642798514us.jpg 0.293357 0.355025 0.626237 -0.629068 303.764052 -1171.702276 53.075688
slice23/query/img_08107_c0_1292959642865260us.jpg 0.292479 0.355123 0.626357 -0.629302 302.631781 -1171.514529 52.989598
slice23/query/img_08108_c0_1292959642931886us.jpg 0.291790 0.354950 0.626415 -0.629662 301.496482 -1171.326825 52.899579
slice23/query/img_08109_c0_1292959643065264us.jpg 0.290365 0.354464 0.626999 -0.630013 299.203300 -1170.963271 52.704413
slice23/query/img_08110_c0_1292959643131887us.jpg 0.289535 0.354501 0.627146 -0.630227 298.054120 -1170.780869 52.610838
slice23/query/img_08111_c0_1292959643198516us.jpg 0.288616 0.354544 0.627344 -0.630428 296.907386 -1170.598395 52.514116
slice23/query/img_08112_c0_1292959643265264us.jpg 0.287707 0.354599 0.627528 -0.630629 295.761492 -1170.423808 52.419305
slice23/query/img_08113_c0_1292959643398542us.jpg 0.286322 0.354343 0.627301 -0.631628 293.467390 -1170.078804 52.224840
slice23/query/img_08114_c0_1292959643465266us.jpg 0.285625 0.354127 0.627098 -0.632266 292.324328 -1169.902894 52.125751
slice23/query/img_08115_c0_1292959643531890us.jpg 0.285111 0.353542 0.627230 -0.632694 291.182002 -1169.728805 52.028928
slice23/query/img_08116_c0_1292959643598521us.jpg 0.284452 0.353029 0.627430 -0.633079 290.040717 -1169.559419 51.928652
slice23/query/img_08117_c0_1292959643731897us.jpg 0.282394 0.352082 0.628388 -0.633578 287.746315 -1169.217252 51.722702
slice23/query/img_08118_c0_1292959643798522us.jpg 0.280976 0.352009 0.629215 -0.633427 286.596136 -1169.054999 51.623256
slice23/query/img_08119_c0_1292959643865270us.jpg 0.279628 0.351692 0.630110 -0.633311 285.450731 -1168.896916 51.521602
slice23/query/img_08120_c0_1292959644065290us.jpg 0.278516 0.348971 0.632534 -0.632889 282.020578 -1168.467235 51.186114
slice23/query/img_08121_c0_1292959644198546us.jpg 0.277711 0.346166 0.634046 -0.633271 279.694545 -1168.177621 50.953200
slice23/query/img_08122_c0_1292959644265272us.jpg 0.277440 0.344847 0.634679 -0.633475 278.538571 -1168.034848 50.847214
slice23/query/img_08123_c0_1292959644331899us.jpg 0.276185 0.344465 0.635553 -0.633355 277.379550 -1167.894474 50.746978
slice23/query/img_08124_c0_1292959644465276us.jpg 0.272925 0.343946 0.637156 -0.633439 275.038763 -1167.619514 50.531543
slice23/query/img_08125_c0_1292959644531900us.jpg 0.271996 0.343111 0.637582 -0.633862 273.877311 -1167.487433 50.427148
slice23/query/img_08126_c0_1292959644598528us.jpg 0.271262 0.341916 0.637902 -0.634501 272.716873 -1167.357776 50.319813
slice23/query/img_08127_c0_1292959644665275us.jpg 0.271434 0.340850 0.637472 -0.635433 271.564129 -1167.233540 50.211487
slice23/query/img_08128_c0_1292959644798534us.jpg 0.269600 0.340178 0.637203 -0.636842 269.234353 -1166.991766 50.012321
slice23/query/img_08129_c0_1292959644865298us.jpg 0.267785 0.340001 0.637571 -0.637333 268.074923 -1166.871266 49.910702
slice23/query/img_08130_c0_1292959644931903us.jpg 0.267329 0.338538 0.638026 -0.637848 266.923833 -1166.758141 49.807806
slice23/query/img_08131_c0_1292959645065279us.jpg 0.264448 0.338681 0.639807 -0.637189 264.593539 -1166.542348 49.583400
slice23/query/img_08132_c0_1292959645131904us.jpg 0.263539 0.338668 0.641034 -0.636338 263.434894 -1166.447773 49.477893
slice23/query/img_08133_c0_1292959645265301us.jpg 0.264352 0.335491 0.644093 -0.634593 261.126920 -1166.266544 49.249772
slice23/query/img_08134_c0_1292959645331907us.jpg 0.264337 0.334335 0.644935 -0.634353 259.952625 -1166.171263 49.130156
slice23/query/img_08135_c0_1292959645398537us.jpg 0.263540 0.334169 0.644697 -0.635015 258.778117 -1166.078593 49.015365
slice23/query/img_08136_c0_1292959645465283us.jpg 0.262403 0.333692 0.644301 -0.636138 257.608242 -1165.983102 48.902316
slice23/query/img_08137_c0_1292959645598539us.jpg 0.260546 0.331975 0.642589 -0.639522 255.255774 -1165.797609 48.664167
slice23/query/img_08138_c0_1292959645665284us.jpg 0.259472 0.331443 0.641513 -0.641312 254.078171 -1165.707306 48.554206
slice23/query/img_08139_c0_1292959645731910us.jpg 0.258536 0.330648 0.640998 -0.642613 252.905581 -1165.630331 48.443400
slice23/query/img_08140_c0_1292959645798540us.jpg 0.257692 0.329852 0.641213 -0.643147 251.730576 -1165.557266 48.332947
slice23/query/img_08141_c0_1292959645931913us.jpg 0.255975 0.328408 0.643104 -0.642684 249.370227 -1165.414365 48.108551
slice23/query/img_08142_c0_1292959645998543us.jpg 0.255236 0.327601 0.644374 -0.642117 248.198998 -1165.349993 47.997404
slice23/query/img_08143_c0_1292959646065289us.jpg 0.254379 0.326599 0.645409 -0.641928 247.029810 -1165.278267 47.882634
slice23/query/img_08144_c0_1292959646198547us.jpg 0.252374 0.324107 0.646528 -0.642856 244.658839 -1165.143395 47.636629
slice23/query/img_08145_c0_1292959646265293us.jpg 0.251452 0.323396 0.646292 -0.643812 243.480457 -1165.088344 47.522187
slice23/query/img_08146_c0_1292959646331915us.jpg 0.250508 0.322740 0.645846 -0.644956 242.301627 -1165.026757 47.409900
slice23/query/img_08147_c0_1292959646398546us.jpg 0.249542 0.321896 0.645739 -0.645858 241.131259 -1164.971551 47.298449
slice23/query/img_08148_c0_1292959646531940us.jpg 0.247596 0.319578 0.646541 -0.646955 238.756145 -1164.870144 47.069162
slice23/query/img_08149_c0_1292959646598547us.jpg 0.246363 0.318874 0.647178 -0.647136 237.570255 -1164.835393 46.953040
slice23/query/img_08150_c0_1292959646665293us.jpg 0.245319 0.317968 0.648100 -0.647056 236.389915 -1164.799478 46.837043
slice23/query/img_08151_c0_1292959646731918us.jpg 0.244650 0.316716 0.649330 -0.646690 235.212485 -1164.763488 46.723735
slice23/query/img_08152_c0_1292959646865296us.jpg 0.245140 0.313461 0.651338 -0.646071 232.857061 -1164.711154 46.490825
slice23/query/img_08153_c0_1292959646931921us.jpg 0.244054 0.312407 0.652765 -0.645552 231.671059 -1164.683026 46.368649
slice23/query/img_08154_c0_1292959646998551us.jpg 0.242597 0.312584 0.654529 -0.644228 230.495332 -1164.666913 46.255726
slice23/query/img_08155_c0_1292959647132325us.jpg 0.242213 0.312447 0.655593 -0.643356 228.125463 -1164.638896 46.019218
slice23/query/img_08156_c0_1292959647198552us.jpg 0.242524 0.312241 0.655156 -0.643784 226.936511 -1164.621963 45.891648
slice23/query/img_08157_c0_1292959647265298us.jpg 0.243183 0.311797 0.654827 -0.644086 225.759124 -1164.605450 45.773469
slice23/query/img_08158_c0_1292959647398553us.jpg 0.244060 0.311555 0.653827 -0.644887 223.388719 -1164.579363 45.546844
slice23/query/img_08159_c0_1292959647465299us.jpg 0.243477 0.312205 0.653186 -0.645442 222.195364 -1164.555400 45.433295
slice23/query/img_08160_c0_1292959647531926us.jpg 0.242442 0.313190 0.652779 -0.645766 221.005349 -1164.533678 45.320554
slice23/query/img_08161_c0_1292959647598555us.jpg 0.241999 0.313671 0.652228 -0.646255 219.819951 -1164.512291 45.202312
slice23/query/img_08162_c0_1292959647731949us.jpg 0.243020 0.313452 0.651529 -0.646683 217.451261 -1164.497214 44.965821
slice23/query/img_08163_c0_1292959647798556us.jpg 0.243481 0.313359 0.651556 -0.646527 216.270300 -1164.476172 44.850889
slice23/query/img_08164_c0_1292959647865302us.jpg 0.243101 0.314045 0.651606 -0.646287 215.089657 -1164.453433 44.735995
slice23/query/img_08165_c0_1292959647998561us.jpg 0.242793 0.315516 0.651137 -0.646159 212.740034 -1164.406084 44.524406
slice23/query/img_08166_c0_1292959648065305us.jpg 0.242203 0.316680 0.650048 -0.646907 211.563772 -1164.377461 44.415867
slice23/query/img_08167_c0_1292959648131930us.jpg 0.242015 0.317357 0.648922 -0.647776 210.397815 -1164.355107 44.310045
slice23/query/img_08168_c0_1292959648265329us.jpg 0.242680 0.317620 0.648100 -0.648221 208.055179 -1164.306856 44.083597
slice23/query/img_08169_c0_1292959648331954us.jpg 0.243880 0.317743 0.648121 -0.647689 206.882413 -1164.295095 43.967009
slice23/query/img_08170_c0_1292959648398563us.jpg 0.245182 0.317978 0.648300 -0.646903 205.720110 -1164.275652 43.841995
slice23/query/img_08171_c0_1292959648465308us.jpg 0.246809 0.318159 0.648759 -0.645733 204.561455 -1164.245712 43.715221
slice23/query/img_08172_c0_1292959648598564us.jpg 0.250312 0.318712 0.650506 -0.642346 202.246973 -1164.217587 43.501035
slice23/query/img_08173_c0_1292959648731957us.jpg 0.251498 0.321342 0.650004 -0.641079 199.946307 -1164.140652 43.277763
slice23/query/img_08174_c0_1292959648865312us.jpg 0.252903 0.324716 0.648400 -0.640450 197.693572 -1164.058124 43.056607
slice23/query/img_08175_c0_1292959648931939us.jpg 0.254299 0.325840 0.647521 -0.640216 196.573103 -1164.011332 42.950586
slice23/query/img_08176_c0_1292959648998566us.jpg 0.255947 0.327062 0.646720 -0.639746 195.467309 -1163.962954 42.842678
slice23/query/img_08177_c0_1292959649131943us.jpg 0.259217 0.328941 0.647440 -0.636731 193.306373 -1163.849989 42.653098
