slice23/query/img_07963_c0_1299251234381768us.jpg 0.328974 0.332878 0.611082 -0.638394 487.719788 -1209.396014 60.829961
slice23/query/img_07964_c0_1299251234515044us.jpg 0.328067 0.333770 0.610965 -0.638507 485.662239 -1209.011478 60.825509
slice23/query/img_07965_c0_1299251234581769us.jpg 0.327507 0.333879 0.611490 -0.638235 484.624136 -1208.821528 60.820548
slice23/query/img_07966_c0_1299251234648396us.jpg 0.327285 0.334158 0.612150 -0.637570 483.594780 -1208.630079 60.823502
slice23/query/img_07967_c0_1299251234781772us.jpg 0.327749 0.334673 0.612354 -0.636865 481.534036 -1208.241131 60.826776
slice23/query/img_07968_c0_1299251234848396us.jpg 0.328069 0.334536 0.612282 -0.636842 480.493610 -1208.044385 60.825050
slice23/query/img_07969_c0_1299251234915022us.jpg 0.327854 0.334624 0.612268 -0.636919 479.440658 -1207.843847 60.826377
slice23/query/img_07970_c0_1299251235048397us.jpg 0.327143 0.335554 0.611424 -0.637606 477.342145 -1207.449217 60.816875
slice23/query/img_07971_c0_1299251235115022us.jpg 0.326203 0.336457 0.610759 -0.638249 476.268051 -1207.252878 60.812206
slice23/query/img_07972_c0_1299251235181772us.jpg 0.325170 0.337490 0.610205 -0.638760 475.207818 -1207.049604 60.800779
slice23/query/img_07973_c0_1299251235248399us.jpg 0.324114 0.338446 0.610460 -0.638548 474.143575 -1206.850925 60.788817
slice23/query/img_07974_c0_1299251235381799us.jpg 0.324206 0.339193 0.612209 -0.636426 471.997762 -1206.444965 60.776560
slice23/query/img_07975_c0_1299251235448399us.jpg 0.324285 0.339250 0.612618 -0.635962 470.904847 -1206.246955 60.747281
slice23/query/img_07976_c0_1299251235515024us.jpg 0.324553 0.339345 0.613184 -0.635229 469.809559 -1206.048013 60.722473
slice23/query/img_07977_c0_1299251235648401us.jpg 0.324749 0.339762 0.613806 -0.634304 467.617345 -1205.638316 60.688530
slice23/query/img_07978_c0_1299251235715048us.jpg 0.324740 0.340123 0.612907 -0.634984 466.518119 -1205.429856 60.659119
slice23/query/img_07979_c0_1299251235781775us.jpg 0.323892 0.340927 0.611770 -0.636082 465.409147 -1205.212983 60.632122
slice23/query/img_07980_c0_1299251235848401us.jpg 0.323226 0.342003 0.610982 -0.636600 464.302075 -1205.001340 60.617166
slice23/query/img_07981_c0_1299251235981779us.jpg 0.322132 0.343805 0.610756 -0.636401 462.062928 -1204.572116 60.597128
slice23/query/img_07982_c0_1299251236048402us.jpg 0.322010 0.343784 0.611035 -0.636206 460.922963 -1204.365702 60.564976
slice23/query/img_07983_c0_1299251236115027us.jpg 0.322307 0.343478 0.611158 -0.636103 459.791321 -1204.142179 60.531194
slice23/query/img_07984_c0_1299251236248482us.jpg 0.322743 0.343551 0.611687 -0.635333 457.502786 -1203.734451 60.465445
slice23/query/img_07985_c0_1299251236315028us.jpg 0.322726 0.343587 0.612448 -0.634589 456.361471 -1203.518875 60.440609
slice23/query/img_07986_c0_1299251236381776us.jpg 0.321670 0.344267 0.612308 -0.634891 455.213139 -1203.297899 60.402269
slice23/query/img_07987_c0_1299251236515055us.jpg 0.320462 0.345284 0.611870 -0.635372 452.913159 -1202.871538 60.344187
slice23/query/img_07988_c0_1299251236581778us.jpg 0.320306 0.345480 0.611388 -0.635808 451.762068 -1202.652517 60.309846
slice23/query/img_07989_c0_1299251236648404us.jpg 0.319878 0.345810 0.610752 -0.636455 450.605842 -1202.434932 60.273640
slice23/query/img_07990_c0_1299251236781778us.jpg 0.319621 0.345642 0.610468 -0.636948 448.264341 -1201.993237 60.202599
slice23/query/img_07991_c0_1299251236848406us.jpg 0.318996 0.346005 0.610560 -0.636976 447.091747 -1201.772628 60.171713
slice23/query/img_07992_c0_1299251236981801us.jpg 0.317450 0.346339 0.611390 -0.636770 444.723437 -1201.327228 60.095856
slice23/query/img_07993_c0_1299251237115032us.jpg 0.317225 0.346766 0.612849 -0.635247 442.363944 -1200.906243 60.023294
slice23/query/img_07994_c0_1299251237181782us.jpg 0.317261 0.346473 0.613349 -0.634906 441.146024 -1200.678407 59.967306
slice23/query/img_07995_c0_1299251237248409us.jpg 0.316793 0.346534 0.614018 -0.634459 439.936575 -1200.449422 59.925460
slice23/query/img_07996_c0_1299251237382003us.jpg 0.317371 0.346039 0.614946 -0.633541 437.501421 -1200.023529 59.831203
slice23/query/img_07997_c0_1299251237448409us.jpg 0.317224 0.345550 0.614776 -0.634047 436.277499 -1199.793738 59.784231
slice23/query/img_07998_c0_1299251237515033us.jpg 0.316645 0.345403 0.614103 -0.635068 435.052984 -1199.563617 59.737988
slice23/query/img_07999_c0_1299251237648412us.jpg 0.314728 0.345743 0.612172 -0.637694 432.579942 -1199.097678 59.639644
slice23/query/img_08000_c0_1299251237715036us.jpg 0.313674 0.346082 0.611777 -0.638408 431.351071 -1198.862178 59.596459
slice23/query/img_08001_c0_1299251237781786us.jpg 0.312903 0.345941 0.612301 -0.638360 430.121552 -1198.634916 59.549288
slice23/query/img_08002_c0_1299251237915064us.jpg 0.311916 0.346658 0.613563 -0.637241 427.655863 -1198.191825 59.441104
slice23/query/img_08003_c0_1299251237981787us.jpg 0.312075 0.346660 0.614512 -0.636247 426.419679 -1197.968944 59.391030
slice23/query/img_08004_c0_1299251238048413us.jpg 0.312140 0.346364 0.615182 -0.635730 425.178829 -1197.741590 59.330379
slice23/query/img_08005_c0_1299251238181814us.jpg 0.312931 0.346352 0.616499 -0.634069 422.681773 -1197.308489 59.222765
slice23/query/img_08006_c0_1299251238248440us.jpg 0.312612 0.346690 0.616814 -0.633736 421.432705 -1197.079893 59.170535
slice23/query/img_08007_c0_1299251238315039us.jpg 0.312191 0.347074 0.616648 -0.633894 420.167957 -1196.853466 59.118817
slice23/query/img_08008_c0_1299251238381790us.jpg 0.311758 0.347497 0.616345 -0.634170 418.915506 -1196.620258 59.064456
slice23/query/img_08009_c0_1299251238515066us.jpg 0.311488 0.348975 0.616723 -0.633122 416.403480 -1196.175208 58.991682
slice23/query/img_08010_c0_1299251238581792us.jpg 0.311819 0.349119 0.616397 -0.633198 415.138121 -1195.943804 58.942125
slice23/query/img_08011_c0_1299251238648416us.jpg 0.312372 0.349136 0.615938 -0.633363 413.866015 -1195.713587 58.887727
slice23/query/img_08012_c0_1299251238781788us.jpg 0.312920 0.349037 0.616697 -0.632408 411.330980 -1195.243032 58.786852
slice23/query/img_08013_c0_1299251238915040us.jpg 0.315352 0.348861 0.618969 -0.629067 408.809694 -1194.828157 58.738374
slice23/query/img_08014_c0_1299251238981793us.jpg 0.316099 0.348744 0.618513 -0.629206 407.545930 -1194.606555 58.684634
slice23/query/img_08015_c0_1299251239115070us.jpg 0.317248 0.348955 0.618320 -0.628701 405.030407 -1194.151408 58.584284
slice23/query/img_08016_c0_1299251239181816us.jpg 0.316736 0.348986 0.618816 -0.628454 403.773306 -1193.899593 58.531755
slice23/query/img_08017_c0_1299251239248419us.jpg 0.316393 0.349148 0.618673 -0.628678 402.510665 -1193.653584 58.470807
slice23/query/img_08018_c0_1299251239315044us.jpg 0.316315 0.349423 0.618637 -0.628599 401.255772 -1193.418575 58.417256
slice23/query/img_08019_c0_1299251239448460us.jpg 0.316453 0.350278 0.618451 -0.628237 398.738430 -1192.958024 58.303448
slice23/query/img_08020_c0_1299251239515045us.jpg 0.316336 0.350487 0.618511 -0.628120 397.483572 -1192.719196 58.245206
slice23/query/img_08021_c0_1299251239581796us.jpg 0.315995 0.350616 0.618428 -0.628301 396.235925 -1192.466150 58.187942
slice23/query/img_08022_c0_1299251239715072us.jpg 0.316303 0.350958 0.618743 -0.627644 393.736562 -1191.987919 58.085916
slice23/query/img_08023_c0_1299251239781820us.jpg 0.316004 0.351201 0.618720 -0.627683 392.482765 -1191.740422 58.028156
slice23/query/img_08024_c0_1299251239848418us.jpg 0.315741 0.351361 0.618678 -0.627766 391.227827 -1191.497465 57.962354
slice23/query/img_08025_c0_1299251239915048us.jpg 0.315605 0.351485 0.618998 -0.627449 389.976950 -1191.258251 57.902321
slice23/query/img_08026_c0_1299251240048465us.jpg 0.316009 0.351479 0.620438 -0.625826 387.458513 -1190.790617 57.785693
slice23/query/img_08027_c0_1299251240115048us.jpg 0.315917 0.351369 0.621080 -0.625297 386.206085 -1190.554108 57.727023
slice23/query/img_08028_c0_1299251240181800us.jpg 0.316290 0.351182 0.621053 -0.625240 384.957020 -1190.316417 57.665385
slice23/query/img_08029_c0_1299251240315051us.jpg 0.316353 0.351831 0.620198 -0.625691 382.476540 -1189.841388 57.552562
slice23/query/img_08030_c0_1299251240381800us.jpg 0.315825 0.352210 0.619732 -0.626206 381.229745 -1189.599303 57.495273
slice23/query/img_08031_c0_1299251240448427us.jpg 0.315033 0.352610 0.619297 -0.626811 379.977787 -1189.358645 57.434268
slice23/query/img_08032_c0_1299251240515050us.jpg 0.314748 0.353020 0.618961 -0.627055 378.733320 -1189.119446 57.382384
slice23/query/img_08033_c0_1299251240648468us.jpg 0.315264 0.353024 0.618851 -0.626902 376.228514 -1188.639325 57.278270
slice23/query/img_08034_c0_1299251240715050us.jpg 0.315237 0.353456 0.619007 -0.626518 374.974231 -1188.394107 57.223502
slice23/query/img_08035_c0_1299251240781803us.jpg 0.315495 0.353358 0.619369 -0.626085 373.712841 -1188.153028 57.164591
slice23/query/img_08036_c0_1299251240915055us.jpg 0.316291 0.352694 0.620304 -0.625132 371.196579 -1187.668714 57.043105
slice23/query/img_08037_c0_1299251240981824us.jpg 0.316916 0.352242 0.620320 -0.625054 369.932773 -1187.431410 56.977724
slice23/query/img_08038_c0_1299251241048439us.jpg 0.316352 0.352517 0.620628 -0.624879 368.668736 -1187.195844 56.912932
slice23/query/img_08039_c0_1299251241181830us.jpg 0.315017 0.353235 0.620522 -0.625253 366.148563 -1186.717126 56.796328
slice23/query/img_08040_c0_1299251241248437us.jpg 0.314656 0.353303 0.620253 -0.625663 364.894132 -1186.480648 56.733682
slice23/query/img_08041_c0_1299251241315053us.jpg 0.313715 0.353330 0.620101 -0.626272 363.635176 -1186.238583 56.667233
slice23/query/img_08042_c0_1299251241448431us.jpg 0.313406 0.352573 0.620908 -0.626053 361.144963 -1185.763932 56.542562
slice23/query/img_08043_c0_1299251241515054us.jpg 0.313585 0.351905 0.621501 -0.625751 359.883960 -1185.528572 56.475212
slice23/query/img_08044_c0_1299251241581804us.jpg 0.313843 0.351125 0.622022 -0.625542 358.632316 -1185.289873 56.410009
slice23/query/img_08045_c0_1299251241715082us.jpg 0.313907 0.350254 0.622323 -0.625699 356.128712 -1184.826761 56.281165
slice23/query/img_08046_c0_1299251241781805us.jpg 0.313365 0.350144 0.622202 -0.626152 354.877673 -1184.598573 56.219701
slice23/query/img_08047_c0_1299251241848440us.jpg 0.312434 0.350385 0.622035 -0.626647 353.628315 -1184.370062 56.150486
slice23/query/img_08048_c0_1299251241981965us.jpg 0.311692 0.350773 0.622286 -0.626551 351.148736 -1183.904835 56.036609
slice23/query/img_08049_c0_1299251242048451us.jpg 0.311928 0.350856 0.622496 -0.626178 349.908815 -1183.679330 55.971634
slice23/query/img_08050_c0_1299251242115058us.jpg 0.312394 0.350889 0.623059 -0.625367 348.673960 -1183.463383 55.906059
slice23/query/img_08051_c0_1299251242181808us.jpg 0.312887 0.350886 0.623725 -0.624458 347.443859 -1183.245519 55.839217
slice23/query/img_08052_c0_1299251242315083us.jpg 0.313584 0.350800 0.625254 -0.622625 345.010606 -1182.817386 55.705853
slice23/query/img_08053_c0_1299251242448452us.jpg 0.314044 0.351690 0.624965 -0.622181 342.588334 -1182.393578 55.575113
slice23/query/img_08054_c0_1299251242515060us.jpg 0.314326 0.352106 0.624263 -0.622509 341.400607 -1182.159890 55.511727
slice23/query/img_08055_c0_1299251242581810us.jpg 0.314919 0.352230 0.623419 -0.622983 340.221564 -1181.928510 55.447519
slice23/query/img_08056_c0_1299251242715061us.jpg 0.316338 0.352121 0.623606 -0.622139 337.828332 -1181.461534 55.340940
slice23/query/img_08057_c0_1299251242848455us.jpg 0.315250 0.353783 0.623794 -0.621560 335.435875 -1180.944287 55.251004
slice23/query/img_08058_c0_1299251242915068us.jpg 0.315355 0.354380 0.623791 -0.621169 334.235005 -1180.700485 55.193352
slice23/query/img_08059_c0_1299251243115060us.jpg 0.316188 0.355921 0.625138 -0.618504 330.668008 -1180.034345 54.997851
slice23/query/img_08060_c0_1299251243248443us.jpg 0.317025 0.356781 0.624802 -0.617919 328.309077 -1179.553036 54.857576
slice23/query/img_08061_c0_1299251243315067us.jpg 0.317126 0.357444 0.624424 -0.617867 327.123781 -1179.311447 54.787941
slice23/query/img_08062_c0_1299251243381815us.jpg 0.317772 0.357849 0.624767 -0.616953 325.956631 -1179.073819 54.735382
slice23/query/img_08063_c0_1299251243515067us.jpg 0.316531 0.359870 0.623702 -0.617493 323.557426 -1178.578540 54.592059
slice23/query/img_08064_c0_1299251243581816us.jpg 0.315878 0.360710 0.623283 -0.617760 322.342565 -1178.338677 54.516150
slice23/query/img_08065_c0_1299251243648442us.jpg 0.315648 0.361128 0.622876 -0.618044 321.148510 -1178.096603 54.439757
slice23/query/img_08066_c0_1299251243715068us.jpg 0.315430 0.361368 0.622484 -0.618410 319.968974 -1177.844530 54.365018
slice23/query/img_08067_c0_1299251243848446us.jpg 0.314479 0.361287 0.622626 -0.618799 317.552530 -1177.340432 54.212330
slice23/query/img_08068_c0_1299251243915070us.jpg 0.313411 0.361300 0.622664 -0.619295 316.351402 -1177.087071 54.132516
slice23/query/img_08069_c0_1299251243981820us.jpg 0.312694 0.361099 0.623018 -0.619418 315.140798 -1176.856902 54.052553
slice23/query/img_08070_c0_1299251244116065us.jpg 0.310136 0.361131 0.623039 -0.620663 312.721888 -1176.399321 53.868673
slice23/query/img_08071_c0_1299251244181821us.jpg 0.308594 0.360608 0.623441 -0.621331 311.525989 -1176.155824 53.781228
slice23/query/img_08072_c0_1299251244248447us.jpg 0.307386 0.359812 0.623864 -0.621967 310.328001 -1175.928385 53.694808
slice23/query/img_08073_c0_1299251244315071us.jpg 0.305929 0.358690 0.624510 -0.622684 309.142292 -1175.695319 53.606694
slice23/query/img_08074_c0_1299251244448480us.jpg 0.302968 0.356469 0.625836 -0.624075 306.738887 -1175.266595 53.422399
slice23/query/img_08075_c0_1299251244515072us.jpg 0.301523 0.355649 0.626568 -0.624508 305.545695 -1175.053937 53.336888
slice23/query/img_08076_c0_1299251244581823us.jpg 0.299816 0.355093 0.627334 -0.624878 304.349402 -1174.841615 53.250954
slice23/query/img_08077_c0_1299251244648447us.jpg 0.298269 0.354586 0.628019 -0.625217 303.152364 -1174.640159 53.157402
slice23/query/img_08078_c0_1299251244781823us.jpg 0.295093 0.352822 0.630330 -0.625396 300.746487 -1174.250255 52.955752
slice23/query/img_08079_c0_1299251244848448us.jpg 0.294192 0.352066 0.631321 -0.625247 299.551110 -1174.061122 52.854081
slice23/query/img_08080_c0_1299251244915074us.jpg 0.293020 0.351445 0.632146 -0.625313 298.363124 -1173.863449 52.749914
slice23/query/img_08081_c0_1299251245048453us.jpg 0.291783 0.350029 0.634253 -0.624553 295.949844 -1173.512421 52.546149
slice23/query/img_08082_c0_1299251245115075us.jpg 0.291132 0.349385 0.635018 -0.624439 294.744157 -1173.336212 52.438607
slice23/query/img_08083_c0_1299251245181826us.jpg 0.290355 0.348908 0.635806 -0.624266 293.539717 -1173.163876 52.331724
slice23/query/img_08084_c0_1299251245315079us.jpg 0.289283 0.347969 0.637339 -0.623724 291.120163 -1172.824778 52.122844
slice23/query/img_08085_c0_1299251245381849us.jpg 0.288533 0.347997 0.638091 -0.623288 289.904935 -1172.663799 52.018635
slice23/query/img_08086_c0_1299251245448452us.jpg 0.287674 0.347958 0.638369 -0.623422 288.691842 -1172.492114 51.907452
slice23/query/img_08087_c0_1299251245515078us.jpg 0.287061 0.347993 0.638500 -0.623550 287.481078 -1172.329929 51.796182
slice23/query/img_08088_c0_1299251245648459us.jpg 0.285932 0.348071 0.638241 -0.624290 285.055748 -1172.004858 51.562166
slice23/query/img_08089_c0_1299251245715080us.jpg 0.285591 0.347517 0.638425 -0.624566 283.850463 -1171.830171 51.455828
slice23/query/img_08090_c0_1299251245781826us.jpg 0.284758 0.347715 0.638367 -0.624896 282.639309 -1171.679234 51.341266
slice23/query/img_08091_c0_1299251245915105us.jpg 0.283377 0.347727 0.638227 -0.625659 280.219117 -1171.367588 51.109867
slice23/query/img_08092_c0_1299251245981830us.jpg 0.282762 0.347095 0.638671 -0.625836 279.011674 -1171.206799 50.998063
slice23/query/img_08093_c0_1299251246048457us.jpg 0.281925 0.346695 0.639104 -0.625993 277.799926 -1171.050711 50.882884
slice23/query/img_08094_c0_1299251246181863us.jpg 0.280468 0.346237 0.639333 -0.626666 275.376509 -1170.766686 50.642929
slice23/query/img_08095_c0_1299251246248455us.jpg 0.279478 0.345933 0.639680 -0.626923 274.167735 -1170.615041 50.535352
slice23/query/img_08096_c0_1299251246315079us.jpg 0.278714 0.344951 0.640155 -0.627319 272.960581 -1170.461470 50.420271
slice23/query/img_08097_c0_1299251246448467us.jpg 0.277393 0.341784 0.640432 -0.629352 270.544690 -1170.174895 50.179316
slice23/query/img_08098_c0_1299251246515081us.jpg 0.276944 0.340264 0.640848 -0.629949 269.337649 -1170.040963 50.065211
slice23/query/img_08099_c0_1299251246581830us.jpg 0.275405 0.340040 0.641221 -0.630365 268.138124 -1169.911796 49.952390
slice23/query/img_08100_c0_1299251246715083us.jpg 0.271824 0.339715 0.641967 -0.631335 265.732333 -1169.650647 49.726769
slice23/query/img_08101_c0_1299251246781832us.jpg 0.270648 0.338961 0.642211 -0.631997 264.528650 -1169.538046 49.610608
slice23/query/img_08102_c0_1299251246915103us.jpg 0.268158 0.337459 0.642113 -0.633959 262.077087 -1169.316127 49.370814
slice23/query/img_08103_c0_1299251246981836us.jpg 0.267639 0.336378 0.642164 -0.634700 260.855825 -1169.216597 49.251549
slice23/query/img_08104_c0_1299251247115111us.jpg 0.265289 0.334428 0.641900 -0.636981 258.373476 -1168.999276 49.013218
slice23/query/img_08105_c0_1299251247181836us.jpg 0.264158 0.333573 0.642093 -0.637704 257.134821 -1168.893391 48.895860
slice23/query/img_08106_c0_1299251247248460us.jpg 0.262619 0.332968 0.642946 -0.637796 255.899933 -1168.798243 48.776722
slice23/query/img_08107_c0_1299251247381866us.jpg 0.260082 0.331148 0.645415 -0.637289 253.426768 -1168.610241 48.532077
slice23/query/img_08108_c0_1299251247448463us.jpg 0.259400 0.329950 0.646645 -0.636942 252.187445 -1168.533519 48.404756
slice23/query/img_08109_c0_1299251247515087us.jpg 0.259390 0.328257 0.647526 -0.636925 250.958507 -1168.450150 48.279576
slice23/query/img_08110_c0_1299251247648464us.jpg 0.259592 0.324740 0.649652 -0.636482 248.501629 -1168.295449 48.044410
slice23/query/img_08111_c0_1299251247715109us.jpg 0.258900 0.324060 0.650399 -0.636347 247.269979 -1168.227540 47.932422
slice23/query/img_08112_c0_1299251247781838us.jpg 0.257453 0.323907 0.650814 -0.636588 246.037227 -1168.155192 47.816084
slice23/query/img_08113_c0_1299251247915246us.jpg 0.255068 0.323017 0.651944 -0.636843 243.567011 -1168.025993 47.585255
slice23/query/img_08114_c0_1299251247981840us.jpg 0.254676 0.321977 0.652391 -0.637069 242.334538 -1167.968320 47.464453
slice23/query/img_08115_c0_1299251248048467us.jpg 0.254381 0.320633 0.653154 -0.637083 241.109247 -1167.910148 47.344072
slice23/query/img_08116_c0_1299251248115091us.jpg 0.254397 0.319314 0.653850 -0.637024 239.872025 -1167.874468 47.222196
slice23/query/img_08117_c0_1299251248248494us.jpg 0.253340 0.317203 0.656450 -0.635826 237.412983 -1167.792707 46.985210
slice23/query/img_08118_c0_1299251248315094us.jpg 0.252330 0.316563 0.657125 -0.635849 236.174183 -1167.748772 46.863100
slice23/query/img_08119_c0_1299251248381842us.jpg 0.252042 0.315728 0.657027 -0.636479 234.940421 -1167.714191 46.740108
slice23/query/img_08120_c0_1299251248516385us.jpg 0.251751 0.313371 0.656821 -0.637970 232.486863 -1167.635131 46.511809
slice23/query/img_08121_c0_1299251248581866us.jpg 0.250757 0.313051 0.656712 -0.638631 231.248009 -1167.599056 46.400042
slice23/query/img_08122_c0_1299251248648469us.jpg 0.249245 0.313244 0.656249 -0.639603 230.015769 -1167.552536 46.285925
slice23/query/img_08123_c0_1299251248715095us.jpg 0.247812 0.313428 0.656406 -0.639909 228.787372 -1167.527815 46.176817
slice23/query/img_08124_c0_1299251248848500us.jpg 0.246209 0.312124 0.658006 -0.639522 226.331183 -1167.464730 45.939491
slice23/query/img_08125_c0_1299251248915097us.jpg 0.246627 0.311087 0.659238 -0.638596 225.103681 -1167.449852 45.821945
slice23/query/img_08126_c0_1299251248981846us.jpg 0.247151 0.309832 0.660184 -0.638027 223.866845 -1167.439021 45.691160
slice23/query/img_08127_c0_1299251249115098us.jpg 0.247181 0.308033 0.662370 -0.636619 221.389686 -1167.380396 45.454444
slice23/query/img_08128_c0_1299251249181848us.jpg 0.247045 0.307424 0.663162 -0.636141 220.147227 -1167.344550 45.332849
slice23/query/img_08129_c0_1299251249248472us.jpg 0.247081 0.307523 0.663276 -0.635960 218.894667 -1167.340478 45.208343
slice23/query/img_08130_c0_1299251249381871us.jpg 0.247296 0.308503 0.663271 -0.635407 216.409629 -1167.323643 44.973259
slice23/query/img_08131_c0_1299251249448474us.jpg 0.247770 0.308747 0.663271 -0.635104 215.158996 -1167.313608 44.857867
slice23/query/img_08132_c0_1299251249581874us.jpg 0.249865 0.308796 0.662671 -0.634885 212.696691 -1167.310594 44.593925
slice23/query/img_08133_c0_1299251249648475us.jpg 0.250421 0.309320 0.662259 -0.634841 211.475592 -1167.288356 44.479692
slice23/query/img_08134_c0_1299251249715101us.jpg 0.250993 0.309726 0.661862 -0.634832 210.256351 -1167.272807 44.362604
slice23/query/img_08135_c0_1299251249781850us.jpg 0.250953 0.310809 0.661550 -0.634643 209.047511 -1167.243110 44.252134
slice23/query/img_08136_c0_1299251249915101us.jpg 0.251996 0.312500 0.660161 -0.634846 206.609489 -1167.188615 44.018755
slice23/query/img_08137_c0_1299251249981851us.jpg 0.252481 0.313431 0.659693 -0.634681 205.400192 -1167.157925 43.905294
slice23/query/img_08138_c0_1299251250048477us.jpg 0.253152 0.314149 0.659246 -0.634522 204.196619 -1167.116677 43.794032
slice23/query/img_08139_c0_1299251250181854us.jpg 0.255719 0.315342 0.659534 -0.632600 201.785843 -1167.058637 43.569710
slice23/query/img_08140_c0_1299251250248477us.jpg 0.256952 0.316064 0.659688 -0.631578 200.582900 -1167.026536 43.454540
slice23/query/img_08141_c0_1299251250315104us.jpg 0.258434 0.316728 0.659914 -0.630404 199.388600 -1166.987538 43.342561
slice23/query/img_08142_c0_1299251250448504us.jpg 0.260640 0.318966 0.659561 -0.628734 197.002244 -1166.883439 43.112048
slice23/query/img_08143_c0_1299251250515103us.jpg 0.261906 0.320342 0.659101 -0.627991 195.813778 -1166.826429 43.002319
slice23/query/img_08144_c0_1299251250581855us.jpg 0.263039 0.322045 0.658223 -0.627567 194.627605 -1166.765560 42.889849
slice23/query/img_08145_c0_1299251250648481us.jpg 0.264840 0.323347 0.657156 -0.627257 193.450432 -1166.696550 42.783188
