slice23/database/img_07307_c0_1303399123116208us.jpg 0.326077 0.339088 0.608130 -0.639430 488.944788 -1206.521109 60.970703
slice23/database/img_07308_c0_1303399123249575us.jpg 0.325172 0.339375 0.607878 -0.639979 486.765236 -1206.128034 60.934456
slice23/database/img_07309_c0_1303399123316189us.jpg 0.324757 0.339498 0.608482 -0.639549 485.682218 -1205.925367 60.925676
slice23/database/img_07310_c0_1303399123382941us.jpg 0.324471 0.339720 0.608751 -0.639321 484.605906 -1205.722790 60.904545
slice23/database/img_07311_c0_1303399123449558us.jpg 0.323837 0.339991 0.609026 -0.639237 483.513686 -1205.520905 60.882034
slice23/database/img_07312_c0_1303399123582945us.jpg 0.322982 0.340090 0.609485 -0.639178 481.329092 -1205.094654 60.867465
slice23/database/img_07313_c0_1303399123716220us.jpg 0.321928 0.340731 0.609106 -0.639730 479.130431 -1204.675461 60.838476
slice23/database/img_07314_c0_1303399123916213us.jpg 0.320824 0.342268 0.609611 -0.638983 475.793392 -1204.071066 60.772685
slice23/database/img_07315_c0_1303399124049569us.jpg 0.320958 0.342897 0.608893 -0.639263 473.554153 -1203.676756 60.710359
slice23/database/img_07316_c0_1303399124116195us.jpg 0.320359 0.343475 0.608518 -0.639610 472.436815 -1203.469476 60.683643
slice23/database/img_07317_c0_1303399124182945us.jpg 0.319736 0.344252 0.607658 -0.640321 471.317629 -1203.260556 60.653278
slice23/database/img_07318_c0_1303399124316915us.jpg 0.319527 0.345205 0.606159 -0.641333 469.075360 -1202.856886 60.604918
slice23/database/img_07319_c0_1303399124382938us.jpg 0.319522 0.345530 0.605774 -0.641524 467.957914 -1202.644937 60.577190
slice23/database/img_07320_c0_1303399124449564us.jpg 0.319562 0.345852 0.605707 -0.641393 466.833682 -1202.435341 60.545406
slice23/database/img_07321_c0_1303399124516197us.jpg 0.319387 0.346183 0.606083 -0.640947 465.711181 -1202.231660 60.514375
slice23/database/img_07322_c0_1303399124649574us.jpg 0.318526 0.346581 0.607264 -0.640042 463.457230 -1201.814072 60.455055
slice23/database/img_07323_c0_1303399124716191us.jpg 0.317897 0.346659 0.607382 -0.640201 462.331993 -1201.607227 60.422029
slice23/database/img_07324_c0_1303399124782950us.jpg 0.316834 0.346627 0.606985 -0.641120 461.210632 -1201.393543 60.391811
slice23/database/img_07325_c0_1303399124916215us.jpg 0.315446 0.344664 0.605825 -0.643955 458.969425 -1200.959377 60.340423
slice23/database/img_07326_c0_1303399124982951us.jpg 0.314489 0.343255 0.605807 -0.645190 457.846936 -1200.747741 60.317718
slice23/database/img_07327_c0_1303399125117149us.jpg 0.311437 0.342006 0.606295 -0.646874 455.590764 -1200.340394 60.251512
slice23/database/img_07328_c0_1303399125182958us.jpg 0.310086 0.341248 0.607455 -0.646835 454.454123 -1200.142658 60.224446
slice23/database/img_07329_c0_1303399125249569us.jpg 0.309077 0.340418 0.608742 -0.646545 453.321784 -1199.953700 60.190837
slice23/database/img_07330_c0_1303399125316205us.jpg 0.308137 0.339665 0.610124 -0.646087 452.186755 -1199.764237 60.162984
slice23/database/img_07331_c0_1303399125449594us.jpg 0.306635 0.337531 0.612256 -0.645903 449.894563 -1199.411980 60.101322
slice23/database/img_07332_c0_1303399125516198us.jpg 0.305331 0.336507 0.612846 -0.646495 448.749839 -1199.233097 60.064800
slice23/database/img_07333_c0_1303399125582956us.jpg 0.303836 0.335759 0.612779 -0.647650 447.604281 -1199.054628 60.028734
slice23/database/img_07334_c0_1303399125716205us.jpg 0.301202 0.334437 0.611388 -0.650872 445.304228 -1198.696905 59.966509
slice23/database/img_07335_c0_1303399125782955us.jpg 0.300054 0.333791 0.611040 -0.652059 444.151066 -1198.527154 59.935081
slice23/database/img_07336_c0_1303399125917268us.jpg 0.297640 0.332704 0.613011 -0.651871 441.828383 -1198.213399 59.869783
slice23/database/img_07337_c0_1303399125982979us.jpg 0.297304 0.332155 0.614354 -0.651040 440.668433 -1198.064426 59.833926
slice23/database/img_07338_c0_1303399126049572us.jpg 0.297109 0.331662 0.615741 -0.650069 439.512224 -1197.910884 59.796925
slice23/database/img_07339_c0_1303399126182952us.jpg 0.297463 0.329995 0.619058 -0.647600 437.183212 -1197.622921 59.718189
slice23/database/img_07340_c0_1303399126249595us.jpg 0.297789 0.329368 0.620183 -0.646693 436.014443 -1197.483766 59.673109
slice23/database/img_07341_c0_1303399126316201us.jpg 0.298088 0.329112 0.620981 -0.645919 434.846455 -1197.344864 59.632355
slice23/database/img_07342_c0_1303399126449575us.jpg 0.298005 0.330115 0.621715 -0.644739 432.504232 -1197.061229 59.560044
slice23/database/img_07343_c0_1303399126516224us.jpg 0.298284 0.330558 0.621722 -0.644375 431.332796 -1196.915272 59.523668
slice23/database/img_07344_c0_1303399126582956us.jpg 0.298439 0.330894 0.621894 -0.643965 430.159937 -1196.765070 59.481636
slice23/database/img_07345_c0_1303399126716228us.jpg 0.299864 0.331396 0.622754 -0.642211 427.812922 -1196.473729 59.403454
slice23/database/img_07346_c0_1303399126782954us.jpg 0.300627 0.331523 0.623418 -0.641145 426.638887 -1196.319519 59.361119
slice23/database/img_07347_c0_1303399126849578us.jpg 0.301487 0.332139 0.623890 -0.639961 425.464435 -1196.172136 59.320530
slice23/database/img_07348_c0_1303399126982995us.jpg 0.302867 0.333365 0.624083 -0.638483 423.105430 -1195.865144 59.236867
slice23/database/img_07349_c0_1303399127049577us.jpg 0.303079 0.333746 0.624113 -0.638154 421.924831 -1195.706578 59.194461
slice23/database/img_07350_c0_1303399127116203us.jpg 0.303860 0.334158 0.623805 -0.637867 420.750029 -1195.547513 59.152101
slice23/database/img_07351_c0_1303399127249581us.jpg 0.304863 0.335277 0.623224 -0.637369 418.389680 -1195.215424 59.071275
slice23/database/img_07352_c0_1303399127316204us.jpg 0.305292 0.336057 0.623281 -0.636697 417.212769 -1195.043474 59.032122
slice23/database/img_07353_c0_1303399127382954us.jpg 0.306184 0.336822 0.623385 -0.635762 416.035371 -1194.874844 58.994457
slice23/database/img_07354_c0_1303399127516228us.jpg 0.307467 0.338011 0.623876 -0.634028 413.660843 -1194.533576 58.915993
slice23/database/img_07355_c0_1303399127582955us.jpg 0.307868 0.338452 0.624124 -0.633353 412.481113 -1194.349603 58.872638
slice23/database/img_07356_c0_1303399127716244us.jpg 0.308854 0.339398 0.623951 -0.632537 410.113159 -1193.974419 58.800523
slice23/database/img_07357_c0_1303399127849591us.jpg 0.310182 0.340424 0.622368 -0.632895 407.722852 -1193.602020 58.708209
slice23/database/img_07358_c0_1303399127916208us.jpg 0.310653 0.340744 0.622017 -0.632838 406.523529 -1193.414578 58.656042
slice23/database/img_07359_c0_1303399127982957us.jpg 0.310860 0.341329 0.622071 -0.632367 405.329067 -1193.219792 58.607366
slice23/database/img_07360_c0_1303399128116233us.jpg 0.311034 0.342985 0.622175 -0.631283 402.932633 -1192.835165 58.516095
slice23/database/img_07361_c0_1303399128182959us.jpg 0.311134 0.343704 0.622118 -0.630898 401.732141 -1192.638391 58.466824
slice23/database/img_07362_c0_1303399128249586us.jpg 0.311337 0.343966 0.622077 -0.630696 400.533972 -1192.440326 58.413362
slice23/database/img_07363_c0_1303399128382989us.jpg 0.310945 0.344348 0.622074 -0.630684 398.129990 -1192.046016 58.310938
slice23/database/img_07364_c0_1303399128449587us.jpg 0.310738 0.344698 0.621822 -0.630842 396.936689 -1191.845475 58.262514
slice23/database/img_07365_c0_1303399128584379us.jpg 0.310911 0.344782 0.621384 -0.631143 394.534967 -1191.444976 58.156689
slice23/database/img_07366_c0_1303399128649588us.jpg 0.311322 0.344601 0.621331 -0.631092 393.333544 -1191.246481 58.099806
slice23/database/img_07367_c0_1303399128716214us.jpg 0.311428 0.344667 0.621636 -0.630703 392.134585 -1191.042456 58.046590
slice23/database/img_07368_c0_1303399128850922us.jpg 0.311508 0.344730 0.622708 -0.629570 389.723430 -1190.638013 57.935258
slice23/database/img_07369_c0_1303399128916215us.jpg 0.311329 0.344784 0.623217 -0.629126 388.510646 -1190.437527 57.875410
slice23/database/img_07370_c0_1303399128982966us.jpg 0.311450 0.344896 0.623554 -0.628670 387.299459 -1190.237747 57.814978
slice23/database/img_07371_c0_1303399129116220us.jpg 0.311814 0.344912 0.623426 -0.628608 384.857268 -1189.834257 57.693385
slice23/database/img_07372_c0_1303399129182989us.jpg 0.311977 0.345126 0.623189 -0.628644 383.630161 -1189.629913 57.640857
slice23/database/img_07373_c0_1303399129249593us.jpg 0.312025 0.345077 0.622984 -0.628851 382.399907 -1189.421538 57.585036
slice23/database/img_07374_c0_1303399129382994us.jpg 0.311338 0.345493 0.622430 -0.629511 379.944164 -1188.996537 57.482203
slice23/database/img_07375_c0_1303399129449615us.jpg 0.310997 0.345898 0.622208 -0.629677 378.704204 -1188.783996 57.425925
slice23/database/img_07376_c0_1303399129516219us.jpg 0.311009 0.346029 0.621990 -0.629815 377.470393 -1188.571769 57.366923
slice23/database/img_07377_c0_1303399129649623us.jpg 0.310889 0.346424 0.622544 -0.629109 374.994904 -1188.146908 57.252166
slice23/database/img_07378_c0_1303399129716219us.jpg 0.311109 0.346274 0.623132 -0.628500 373.756571 -1187.935345 57.192504
slice23/database/img_07379_c0_1303399129782969us.jpg 0.311330 0.346171 0.623673 -0.627910 372.522131 -1187.725083 57.129912
slice23/database/img_07380_c0_1303399129916244us.jpg 0.312483 0.345908 0.624178 -0.626980 370.041878 -1187.314020 57.005483
slice23/database/img_07381_c0_1303399129982969us.jpg 0.312517 0.346381 0.624479 -0.626402 368.802206 -1187.106175 56.945284
slice23/database/img_07382_c0_1303399130049595us.jpg 0.312150 0.347180 0.624658 -0.625963 367.567970 -1186.891611 56.893505
slice23/database/img_07383_c0_1303399130182992us.jpg 0.311884 0.348338 0.624000 -0.626109 365.087982 -1186.455880 56.778903
slice23/database/img_07384_c0_1303399130249596us.jpg 0.311928 0.348640 0.623900 -0.626019 363.843789 -1186.238451 56.718833
slice23/database/img_07385_c0_1303399130316222us.jpg 0.312067 0.348839 0.624125 -0.625615 362.601033 -1186.022003 56.653600
slice23/database/img_07386_c0_1303399130449600us.jpg 0.313276 0.349022 0.624634 -0.624399 360.111408 -1185.583011 56.520251
slice23/database/img_07387_c0_1303399130516222us.jpg 0.314170 0.349236 0.624823 -0.623640 358.869071 -1185.363907 56.455298
slice23/database/img_07388_c0_1303399130582972us.jpg 0.315241 0.349236 0.624759 -0.623164 357.630724 -1185.144722 56.388137
slice23/database/img_07389_c0_1303399130716223us.jpg 0.315883 0.349915 0.623965 -0.623253 355.148673 -1184.687073 56.261258
slice23/database/img_07390_c0_1303399130782975us.jpg 0.315461 0.350651 0.623543 -0.623476 353.904870 -1184.455877 56.200426
slice23/database/img_07391_c0_1303399130916228us.jpg 0.314985 0.352115 0.622837 -0.623597 351.415785 -1183.990726 56.070466
slice23/database/img_07392_c0_1303399130982977us.jpg 0.315237 0.352721 0.622710 -0.623254 350.179622 -1183.754922 56.004720
slice23/database/img_07393_c0_1303399131049604us.jpg 0.315771 0.353116 0.623039 -0.622431 348.945653 -1183.520556 55.941930
slice23/database/img_07394_c0_1303399131182986us.jpg 0.316914 0.353636 0.624122 -0.620467 346.469366 -1183.055340 55.806394
slice23/database/img_07395_c0_1303399131249603us.jpg 0.317367 0.353852 0.624830 -0.619398 345.235732 -1182.828410 55.736012
slice23/database/img_07396_c0_1303399131316229us.jpg 0.317561 0.354279 0.625059 -0.618824 344.006415 -1182.591923 55.668488
slice23/database/img_07397_c0_1303399131449603us.jpg 0.318334 0.355293 0.624619 -0.618289 341.540786 -1182.119053 55.541091
slice23/database/img_07398_c0_1303399131516226us.jpg 0.319212 0.355391 0.624160 -0.618244 340.317623 -1181.874374 55.482293
slice23/database/img_07399_c0_1303399131649625us.jpg 0.320209 0.355840 0.623287 -0.618351 337.867181 -1181.387113 55.351414
slice23/database/img_07400_c0_1303399131716229us.jpg 0.319850 0.356651 0.623304 -0.618052 336.645793 -1181.138763 55.291052
slice23/database/img_07401_c0_1303399131782979us.jpg 0.319439 0.357424 0.623286 -0.617836 335.430212 -1180.889508 55.231507
slice23/database/img_07402_c0_1303399131916256us.jpg 0.318972 0.358941 0.622919 -0.617568 333.001513 -1180.396776 55.108231
slice23/database/img_07403_c0_1303399131982992us.jpg 0.318556 0.359178 0.623194 -0.617367 331.786248 -1180.145438 55.041399
slice23/database/img_07404_c0_1303399132049607us.jpg 0.318390 0.359125 0.623393 -0.617283 330.573318 -1179.895559 54.974556
slice23/database/img_07405_c0_1303399132182993us.jpg 0.318183 0.359088 0.622851 -0.617958 328.161704 -1179.396673 54.830044
slice23/database/img_07406_c0_1303399132249608us.jpg 0.317830 0.359093 0.622779 -0.618209 326.959170 -1179.149467 54.759948
slice23/database/img_07407_c0_1303399132316233us.jpg 0.317274 0.359270 0.622920 -0.618249 325.759691 -1178.903370 54.693098
slice23/database/img_07408_c0_1303399132449610us.jpg 0.315620 0.359915 0.622909 -0.618732 323.368855 -1178.409077 54.549444
slice23/database/img_07409_c0_1303399132516234us.jpg 0.314760 0.360175 0.622998 -0.618930 322.171565 -1178.165200 54.477404
slice23/database/img_07410_c0_1303399132582985us.jpg 0.314034 0.360223 0.622954 -0.619314 320.979820 -1177.920115 54.406636
slice23/database/img_07411_c0_1303399132716258us.jpg 0.312498 0.359952 0.622518 -0.620686 318.594247 -1177.438157 54.255712
slice23/database/img_07412_c0_1303399132782985us.jpg 0.311381 0.359876 0.622658 -0.621151 317.405105 -1177.199341 54.179472
slice23/database/img_07413_c0_1303399132916254us.jpg 0.309405 0.359473 0.623625 -0.621402 315.028827 -1176.732331 54.025933
slice23/database/img_07414_c0_1303399133049633us.jpg 0.307884 0.359117 0.625345 -0.620634 312.647342 -1176.278847 53.865655
slice23/database/img_07415_c0_1303399133116238us.jpg 0.306936 0.358887 0.626274 -0.620299 311.449740 -1176.050376 53.781784
slice23/database/img_07416_c0_1303399133249639us.jpg 0.305857 0.357751 0.627836 -0.619910 309.046584 -1175.612716 53.599745
slice23/database/img_07417_c0_1303399133316239us.jpg 0.305097 0.356997 0.628477 -0.620069 307.848988 -1175.391643 53.506751
slice23/database/img_07418_c0_1303399133382988us.jpg 0.304302 0.356514 0.629068 -0.620138 306.650083 -1175.173331 53.418794
slice23/database/img_07419_c0_1303399133516265us.jpg 0.301811 0.356383 0.629748 -0.620741 304.238304 -1174.746479 53.233437
slice23/database/img_07420_c0_1303399133582991us.jpg 0.300671 0.356394 0.630026 -0.621006 303.034719 -1174.537751 53.142240
slice23/database/img_07421_c0_1303399133649615us.jpg 0.299404 0.356049 0.630576 -0.621257 301.834805 -1174.326016 53.045276
slice23/database/img_07422_c0_1303399133783031us.jpg 0.297440 0.355325 0.631929 -0.621239 299.430551 -1173.921862 52.845035
slice23/database/img_07423_c0_1303399133849617us.jpg 0.296798 0.354976 0.632482 -0.621185 298.233408 -1173.728343 52.741200
slice23/database/img_07424_c0_1303399133983000us.jpg 0.295658 0.354023 0.634035 -0.620688 295.834569 -1173.342746 52.536496
slice23/database/img_07425_c0_1303399134049617us.jpg 0.295053 0.353206 0.634764 -0.620696 294.636045 -1173.151152 52.426585
slice23/database/img_07426_c0_1303399134116240us.jpg 0.294374 0.352667 0.635527 -0.620545 293.443221 -1172.960072 52.322783
slice23/database/img_07427_c0_1303399134249641us.jpg 0.293017 0.351569 0.636758 -0.620548 291.049616 -1172.594758 52.108574
slice23/database/img_07428_c0_1303399134316240us.jpg 0.292116 0.351258 0.637213 -0.620682 289.848346 -1172.413172 51.999708
slice23/database/img_07429_c0_1303399134382995us.jpg 0.291186 0.351224 0.637412 -0.620933 288.651134 -1172.231638 51.891854
slice23/database/img_07430_c0_1303399134516246us.jpg 0.288886 0.350789 0.637828 -0.621826 286.247791 -1171.882377 51.670388
slice23/database/img_07431_c0_1303399134582996us.jpg 0.287891 0.350308 0.638033 -0.622348 285.050084 -1171.709565 51.564002
slice23/database/img_07432_c0_1303399134649622us.jpg 0.287124 0.349467 0.638138 -0.623067 283.858736 -1171.535704 51.454773
slice23/database/img_07433_c0_1303399134783000us.jpg 0.284584 0.349132 0.638466 -0.624083 281.460768 -1171.216723 51.235807
slice23/database/img_07434_c0_1303399134916365us.jpg 0.282506 0.347580 0.639595 -0.624737 279.065816 -1170.896466 51.006283
slice23/database/img_07435_c0_1303399134982996us.jpg 0.281588 0.346709 0.640436 -0.624774 277.869726 -1170.744184 50.890252
slice23/database/img_07436_c0_1303399135116734us.jpg 0.278976 0.345436 0.641464 -0.625596 275.448215 -1170.447964 50.651856
slice23/database/img_07437_c0_1303399135183001us.jpg 0.277859 0.344219 0.641851 -0.626367 274.239953 -1170.304238 50.530396
slice23/database/img_07438_c0_1303399135249624us.jpg 0.276997 0.342989 0.642349 -0.626912 273.035457 -1170.163731 50.410488
slice23/database/img_07439_c0_1303399135316250us.jpg 0.276306 0.341670 0.642511 -0.627771 271.835755 -1170.026317 50.292684
slice23/database/img_07440_c0_1303399135449626us.jpg 0.275407 0.338370 0.642320 -0.630144 269.425072 -1169.777786 50.052445
slice23/database/img_07441_c0_1303399135516251us.jpg 0.273708 0.338182 0.642533 -0.630768 268.221516 -1169.653755 49.943431
slice23/database/img_07442_c0_1303399135583002us.jpg 0.271658 0.338648 0.642683 -0.631251 267.024953 -1169.536577 49.834711
slice23/database/img_07443_c0_1303399135716254us.jpg 0.268953 0.337511 0.644011 -0.631664 264.591557 -1169.324717 49.605969
slice23/database/img_07444_c0_1303399135783003us.jpg 0.268076 0.336801 0.644113 -0.632312 263.377355 -1169.213650 49.485757
slice23/database/img_07445_c0_1303399135849627us.jpg 0.267036 0.336210 0.644071 -0.633110 262.161810 -1169.106120 49.364662
slice23/database/img_07446_c0_1303399135983007us.jpg 0.265813 0.334157 0.643870 -0.634913 259.733167 -1168.899614 49.120825
slice23/database/img_07447_c0_1303399136049628us.jpg 0.265379 0.333263 0.643789 -0.635645 258.519701 -1168.802462 49.004448
slice23/database/img_07448_c0_1303399136116255us.jpg 0.264614 0.332567 0.643796 -0.636321 257.309610 -1168.701921 48.887112
slice23/database/img_07449_c0_1303399136183006us.jpg 0.262923 0.332431 0.644021 -0.636866 256.089958 -1168.605308 48.763265
slice23/database/img_07450_c0_1303399136316255us.jpg 0.260775 0.331132 0.646161 -0.636258 253.654567 -1168.421961 48.536103
slice23/database/img_07451_c0_1303399136383005us.jpg 0.259987 0.330128 0.647179 -0.636068 252.443440 -1168.325466 48.412836
slice23/database/img_07452_c0_1303399136516595us.jpg 0.260563 0.326759 0.648972 -0.635744 250.004996 -1168.153793 48.169975
slice23/database/img_07453_c0_1303399136583005us.jpg 0.260599 0.325184 0.650065 -0.635420 248.784533 -1168.071341 48.055372
slice23/database/img_07454_c0_1303399136649631us.jpg 0.260162 0.324114 0.650813 -0.635381 247.561577 -1167.990258 47.941424
slice23/database/img_07455_c0_1303399136783032us.jpg 0.256750 0.324050 0.651696 -0.635896 245.091522 -1167.840393 47.711930
slice23/database/img_07456_c0_1303399136849631us.jpg 0.255342 0.323512 0.651927 -0.636499 243.857960 -1167.766612 47.597902
slice23/database/img_07457_c0_1303399136916258us.jpg 0.254501 0.322496 0.651980 -0.637297 242.628971 -1167.690899 47.476688
slice23/database/img_07458_c0_1303399137049659us.jpg 0.253736 0.320185 0.652946 -0.637779 240.159899 -1167.578267 47.234653
slice23/database/img_07459_c0_1303399137116258us.jpg 0.253322 0.318865 0.653932 -0.637594 238.916364 -1167.529750 47.110543
slice23/database/img_07460_c0_1303399137183010us.jpg 0.252528 0.317722 0.655172 -0.637207 237.677468 -1167.484088 46.984924
slice23/database/img_07461_c0_1303399137316689us.jpg 0.251026 0.315796 0.656683 -0.637202 235.186146 -1167.397010 46.744009
slice23/database/img_07462_c0_1303399137383047us.jpg 0.250726 0.314645 0.656584 -0.637991 233.950046 -1167.359160 46.625229
slice23/database/img_07463_c0_1303399137516262us.jpg 0.249594 0.312454 0.656595 -0.639498 231.475576 -1167.307970 46.393368
slice23/database/img_07464_c0_1303399137583011us.jpg 0.247790 0.312429 0.656305 -0.640509 230.236638 -1167.279318 46.276779
slice23/database/img_07465_c0_1303399137649636us.jpg 0.246160 0.312494 0.656449 -0.640959 229.005399 -1167.259564 46.167640
slice23/database/img_07466_c0_1303399137783346us.jpg 0.244346 0.310979 0.658366 -0.640423 226.553270 -1167.246725 45.943436
slice23/database/img_07467_c0_1303399137849638us.jpg 0.244146 0.309857 0.659402 -0.639976 225.337883 -1167.237298 45.822445
slice23/database/img_07468_c0_1303399137916264us.jpg 0.244633 0.308512 0.660478 -0.639331 224.130635 -1167.232322 45.699596
slice23/database/img_07469_c0_1303399137983013us.jpg 0.245631 0.307121 0.661798 -0.638251 222.928896 -1167.223293 45.583081
slice23/database/img_07470_c0_1303399138116289us.jpg 0.247548 0.305872 0.664859 -0.634921 220.501744 -1167.221427 45.359857
slice23/database/img_07471_c0_1303399138183014us.jpg 0.248205 0.305905 0.665643 -0.633826 219.280817 -1167.217840 45.241885
slice23/database/img_07472_c0_1303399138249639us.jpg 0.249029 0.306461 0.666002 -0.632856 218.052852 -1167.213801 45.125971
slice23/database/img_07473_c0_1303399138383041us.jpg 0.249842 0.307996 0.665826 -0.631976 215.599873 -1167.196263 44.891498
slice23/database/img_07474_c0_1303399138449640us.jpg 0.250617 0.308362 0.665298 -0.632046 214.376908 -1167.190579 44.771766
slice23/database/img_07475_c0_1303399138516265us.jpg 0.251484 0.308916 0.664594 -0.632172 213.160304 -1167.179787 44.652169
slice23/database/img_07476_c0_1303399138649669us.jpg 0.252717 0.310427 0.662778 -0.632846 210.738290 -1167.129760 44.410279
slice23/database/img_07477_c0_1303399138716266us.jpg 0.252908 0.311607 0.662113 -0.632887 209.533228 -1167.108842 44.296551
slice23/database/img_07478_c0_1303399138783016us.jpg 0.252914 0.313076 0.661441 -0.632862 208.340073 -1167.083409 44.185958
slice23/database/img_07479_c0_1303399138916665us.jpg 0.254692 0.314390 0.660556 -0.632422 205.959520 -1167.028083 43.969890
slice23/database/img_07480_c0_1303399138983019us.jpg 0.255230 0.315291 0.660123 -0.632207 204.770775 -1166.988512 43.860400
slice23/database/img_07481_c0_1303399139049644us.jpg 0.255978 0.315838 0.659770 -0.632001 203.584507 -1166.950057 43.747017
slice23/database/img_07482_c0_1303399139116270us.jpg 0.256518 0.316500 0.659544 -0.631687 202.393143 -1166.910656 43.632049
slice23/database/img_07483_c0_1303399139249669us.jpg 0.258100 0.317595 0.659536 -0.630500 200.025507 -1166.829833 43.402349
slice23/database/img_07484_c0_1303399139316271us.jpg 0.258950 0.318239 0.659410 -0.629958 198.842268 -1166.788752 43.287490
slice23/database/img_07485_c0_1303399139383022us.jpg 0.259529 0.319378 0.659139 -0.629427 197.663371 -1166.743100 43.174387
slice23/database/img_07486_c0_1303399139516274us.jpg 0.261247 0.321530 0.658273 -0.628526 195.311960 -1166.634171 42.946737
slice23/database/img_07487_c0_1303399139583022us.jpg 0.262465 0.322921 0.657492 -0.628123 194.139543 -1166.581462 42.831054
slice23/database/img_07488_c0_1303399139649648us.jpg 0.264391 0.323809 0.656600 -0.627790 192.970793 -1166.521805 42.715608
