slice23/query/img_10159_c1_1283348657395762us.jpg 0.654699 0.691047 0.197669 -0.233986 488.505448 -1204.362982 60.723839
slice23/query/img_10160_c1_1283348657529136us.jpg 0.652917 0.691772 0.200033 -0.234813 486.824768 -1203.999129 60.741494
slice23/query/img_10161_c1_1283348657595727us.jpg 0.652790 0.691937 0.200386 -0.234380 486.071348 -1203.862079 60.743608
slice23/query/img_10162_c1_1283348657729086us.jpg 0.652898 0.691659 0.201409 -0.234020 484.416182 -1203.546735 60.734325
slice23/query/img_10163_c1_1283348657795692us.jpg 0.652282 0.692237 0.201772 -0.233718 483.592416 -1203.393624 60.733716
slice23/query/img_10164_c1_1283348657862432us.jpg 0.651435 0.692741 0.201972 -0.234411 482.773887 -1203.234685 60.726906
slice23/query/img_10165_c1_1283348657995687us.jpg 0.649011 0.694350 0.205097 -0.233663 481.048809 -1202.892042 60.737971
slice23/query/img_10166_c1_1283348658062397us.jpg 0.649072 0.694015 0.206049 -0.233650 480.178139 -1202.732545 60.728452
slice23/query/img_10167_c1_1283348658195685us.jpg 0.649753 0.693535 0.207835 -0.231590 478.337873 -1202.395617 60.694225
slice23/query/img_10168_c1_1283348658262364us.jpg 0.649830 0.693466 0.208579 -0.230913 477.443587 -1202.233931 60.682204
slice23/query/img_10169_c1_1283348658328974us.jpg 0.650124 0.693238 0.208898 -0.230481 476.553043 -1202.074300 60.664263
slice23/query/img_10170_c1_1283348658395588us.jpg 0.650173 0.693126 0.209025 -0.230564 475.665199 -1201.908648 60.643742
slice23/query/img_10171_c1_1283348658528943us.jpg 0.649760 0.693653 0.209414 -0.229790 473.880532 -1201.581592 60.597815
slice23/query/img_10172_c1_1283348658595551us.jpg 0.648598 0.694646 0.209257 -0.230214 472.999630 -1201.413469 60.575142
slice23/query/img_10173_c1_1283348658662291us.jpg 0.647586 0.695485 0.209146 -0.230631 472.123696 -1201.248616 60.552097
slice23/query/img_10174_c1_1283348658796167us.jpg 0.646499 0.696324 0.208598 -0.231645 470.372362 -1200.924303 60.507018
slice23/query/img_10175_c1_1283348658862257us.jpg 0.646841 0.695991 0.208462 -0.231813 469.494541 -1200.764579 60.485898
slice23/query/img_10176_c1_1283348658928868us.jpg 0.647569 0.695334 0.208624 -0.231604 468.619936 -1200.612208 60.465922
slice23/query/img_10177_c1_1283348658995482us.jpg 0.648321 0.694630 0.209184 -0.231108 467.747146 -1200.458023 60.447823
slice23/query/img_10178_c1_1283348659128835us.jpg 0.649085 0.693890 0.210535 -0.229957 465.999864 -1200.150565 60.416018
slice23/query/img_10179_c1_1283348659195448us.jpg 0.649337 0.693716 0.210832 -0.229496 465.123390 -1199.997286 60.394780
slice23/query/img_10180_c1_1283348659262185us.jpg 0.649171 0.693889 0.211048 -0.229245 464.247337 -1199.843128 60.373508
slice23/query/img_10181_c1_1283348659328799us.jpg 0.648616 0.694518 0.211082 -0.228881 463.371244 -1199.683732 60.351320
slice23/query/img_10182_c1_1283348659462152us.jpg 0.647431 0.695506 0.210549 -0.229724 461.615042 -1199.361185 60.295885
slice23/query/img_10183_c1_1283348659528764us.jpg 0.647666 0.695322 0.209633 -0.230454 460.744178 -1199.208383 60.267013
slice23/query/img_10184_c1_1283348659595377us.jpg 0.648330 0.694744 0.209102 -0.230813 459.869045 -1199.053989 60.236824
slice23/query/img_10185_c1_1283348659662115us.jpg 0.648992 0.694137 0.209139 -0.230748 458.989474 -1198.897619 60.215841
slice23/query/img_10186_c1_1283348659795364us.jpg 0.649959 0.693716 0.209774 -0.228708 457.218292 -1198.595420 60.184290
slice23/query/img_10187_c1_1283348659862080us.jpg 0.650589 0.693412 0.210488 -0.227175 456.332233 -1198.445802 60.166339
slice23/query/img_10188_c1_1283348659928693us.jpg 0.651442 0.692828 0.211329 -0.225729 455.447505 -1198.293282 60.145325
slice23/query/img_10189_c1_1283348659995307us.jpg 0.651999 0.692225 0.212085 -0.225259 454.566999 -1198.130893 60.122805
slice23/query/img_10190_c1_1283348660128660us.jpg 0.652521 0.692001 0.211692 -0.224808 452.805540 -1197.816509 60.065520
slice23/query/img_10191_c1_1283348660195271us.jpg 0.652220 0.692453 0.211210 -0.224740 451.925747 -1197.653588 60.031305
slice23/query/img_10192_c1_1283348660262009us.jpg 0.652008 0.692811 0.210732 -0.224702 451.048949 -1197.491321 59.995390
slice23/query/img_10193_c1_1283348660395260us.jpg 0.652588 0.692974 0.209807 -0.223375 449.265178 -1197.170085 59.935515
slice23/query/img_10194_c1_1283348660461974us.jpg 0.653020 0.692778 0.209457 -0.223049 448.379039 -1197.006649 59.907302
slice23/query/img_10195_c1_1283348660528588us.jpg 0.653247 0.692742 0.209373 -0.222577 447.495753 -1196.840596 59.880083
slice23/query/img_10196_c1_1283348660595201us.jpg 0.653345 0.692649 0.209590 -0.222374 446.616305 -1196.669818 59.851154
slice23/query/img_10197_c1_1283348660728557us.jpg 0.652683 0.692896 0.210684 -0.222515 444.862742 -1196.322641 59.804658
slice23/query/img_10198_c1_1283348660795166us.jpg 0.652768 0.692701 0.211165 -0.222413 443.981879 -1196.156259 59.778032
slice23/query/img_10199_c1_1283348660861904us.jpg 0.652618 0.692454 0.211924 -0.222902 443.104158 -1195.983108 59.752125
slice23/query/img_10200_c1_1283348660995155us.jpg 0.651052 0.693810 0.213057 -0.222185 441.346682 -1195.659414 59.734901
slice23/query/img_10201_c1_1283348661061890us.jpg 0.651542 0.693353 0.213193 -0.222043 440.463125 -1195.498403 59.706648
slice23/query/img_10202_c1_1283348661128482us.jpg 0.652690 0.692134 0.213630 -0.222056 439.577719 -1195.338202 59.674729
slice23/query/img_10203_c1_1283348661195096us.jpg 0.653767 0.691038 0.214213 -0.221740 438.692204 -1195.178522 59.646102
slice23/query/img_10204_c1_1283348661328469us.jpg 0.654351 0.690727 0.214994 -0.220226 436.894655 -1194.846395 59.589166
slice23/query/img_10205_c1_1283348661395060us.jpg 0.653899 0.691374 0.214766 -0.219758 435.999243 -1194.681798 59.555044
slice23/query/img_10206_c1_1283348661461800us.jpg 0.653095 0.692209 0.214936 -0.219355 435.101406 -1194.513030 59.521386
slice23/query/img_10207_c1_1283348661595047us.jpg 0.651402 0.693713 0.215332 -0.219248 433.311174 -1194.170432 59.442043
slice23/query/img_10208_c1_1283348661661764us.jpg 0.650742 0.694332 0.214935 -0.219638 432.412785 -1193.998022 59.396881
slice23/query/img_10209_c1_1283348661728378us.jpg 0.650078 0.694963 0.214012 -0.220510 431.520342 -1193.824860 59.354063
slice23/query/img_10210_c1_1283348661794991us.jpg 0.650249 0.694805 0.213270 -0.221219 430.631151 -1193.656502 59.312591
slice23/query/img_10211_c1_1283348661928346us.jpg 0.652199 0.692869 0.212961 -0.221849 428.866235 -1193.337079 59.243138
slice23/query/img_10212_c1_1283348661994956us.jpg 0.653231 0.691888 0.213578 -0.221279 427.974890 -1193.175844 59.213536
slice23/query/img_10213_c1_1283348662061694us.jpg 0.653689 0.691533 0.214279 -0.220356 427.085193 -1193.017175 59.185833
slice23/query/img_10214_c1_1283348662194942us.jpg 0.653491 0.691566 0.215947 -0.219212 425.297931 -1192.688603 59.136200
slice23/query/img_10215_c1_1283348662261660us.jpg 0.653494 0.691527 0.216199 -0.219077 424.397321 -1192.522981 59.103854
slice23/query/img_10216_c1_1283348662328273us.jpg 0.653358 0.691615 0.216098 -0.219303 423.497705 -1192.355438 59.066720
slice23/query/img_10217_c1_1283348662461627us.jpg 0.652814 0.692032 0.215352 -0.220339 421.710932 -1192.025894 58.994324
slice23/query/img_10218_c1_1283348662528244us.jpg 0.653065 0.691831 0.214982 -0.220586 420.802990 -1191.856905 58.954569
slice23/query/img_10219_c1_1283348662594850us.jpg 0.653284 0.691607 0.215008 -0.220615 419.897087 -1191.688769 58.917648
slice23/query/img_10220_c1_1283348662728204us.jpg 0.652973 0.692068 0.215830 -0.219284 418.086461 -1191.355451 58.852308
slice23/query/img_10221_c1_1283348662794817us.jpg 0.652245 0.692827 0.216380 -0.218509 417.178222 -1191.183573 58.817625
slice23/query/img_10222_c1_1283348662861555us.jpg 0.651527 0.693629 0.216706 -0.217784 416.269068 -1191.010193 58.778750
slice23/query/img_10223_c1_1283348662928167us.jpg 0.650694 0.694423 0.216763 -0.217689 415.367793 -1190.839166 58.738709
slice23/query/img_10224_c1_1283348663061542us.jpg 0.649391 0.695724 0.215602 -0.218578 413.559045 -1190.489508 58.650835
slice23/query/img_10225_c1_1283348663128132us.jpg 0.648672 0.696353 0.214731 -0.219562 412.663439 -1190.316838 58.607346
slice23/query/img_10226_c1_1283348663194746us.jpg 0.648257 0.696765 0.214011 -0.220183 411.760792 -1190.142959 58.561870
slice23/query/img_10227_c1_1283348663328124us.jpg 0.648441 0.696674 0.213214 -0.220701 409.947596 -1189.801655 58.483637
slice23/query/img_10228_c1_1283348663394713us.jpg 0.649275 0.695970 0.212875 -0.220801 409.040591 -1189.632907 58.444670
slice23/query/img_10229_c1_1283348663461449us.jpg 0.649995 0.695339 0.212471 -0.221056 408.135412 -1189.463260 58.406742
slice23/query/img_10230_c1_1283348663528062us.jpg 0.650647 0.694857 0.211960 -0.221145 407.231484 -1189.295604 58.371179
slice23/query/img_10231_c1_1283348663661427us.jpg 0.651099 0.694603 0.212687 -0.219910 405.413312 -1188.962781 58.310910
slice23/query/img_10232_c1_1283348663728027us.jpg 0.650469 0.695235 0.213194 -0.219286 404.506872 -1188.788340 58.279222
slice23/query/img_10233_c1_1283348663794641us.jpg 0.649508 0.696152 0.213688 -0.218744 403.601324 -1188.611272 58.245429
slice23/query/img_10234_c1_1283348663928016us.jpg 0.648136 0.697626 0.213079 -0.218711 401.785893 -1188.267929 58.169921
slice23/query/img_10235_c1_1283348663994609us.jpg 0.648086 0.697487 0.212710 -0.219662 400.877938 -1188.085773 58.130663
slice23/query/img_10236_c1_1283348664061343us.jpg 0.648584 0.696740 0.212685 -0.220585 399.985445 -1187.909999 58.084772
slice23/query/img_10237_c1_1283348664194593us.jpg 0.648913 0.696648 0.212793 -0.219802 398.168709 -1187.567827 58.019157
slice23/query/img_10238_c1_1283348664261312us.jpg 0.649309 0.696264 0.213688 -0.218980 397.264640 -1187.397782 57.980769
slice23/query/img_10239_c1_1283348664327923us.jpg 0.649567 0.696034 0.214586 -0.218063 396.356591 -1187.226655 57.943785
slice23/query/img_10240_c1_1283348664394536us.jpg 0.649462 0.696143 0.214828 -0.217791 395.453090 -1187.054627 57.908342
slice23/query/img_10241_c1_1283348664527915us.jpg 0.649756 0.695840 0.214272 -0.218428 393.646594 -1186.717244 57.823264
slice23/query/img_10242_c1_1283348664594501us.jpg 0.649962 0.695430 0.214224 -0.219169 392.741193 -1186.545743 57.781334
slice23/query/img_10243_c1_1283348664661239us.jpg 0.649841 0.695488 0.213992 -0.219569 391.836827 -1186.374694 57.741548
slice23/query/img_10244_c1_1283348664727852us.jpg 0.649731 0.695653 0.213618 -0.219737 390.929358 -1186.203872 57.700904
slice23/query/img_10245_c1_1283348664861228us.jpg 0.649684 0.695888 0.213837 -0.218918 389.109814 -1185.863759 57.628290
slice23/query/img_10246_c1_1283348664927816us.jpg 0.649955 0.695574 0.214719 -0.218246 388.196393 -1185.691524 57.591951
slice23/query/img_10247_c1_1283348664994430us.jpg 0.649887 0.695612 0.214976 -0.218073 387.287901 -1185.519857 57.552316
slice23/query/img_10248_c1_1283348665127808us.jpg 0.649790 0.695571 0.215313 -0.218160 385.473283 -1185.179082 57.469621
slice23/query/img_10249_c1_1283348665194417us.jpg 0.649611 0.695768 0.214951 -0.218424 384.566333 -1185.011427 57.429019
slice23/query/img_10250_c1_1283348665261134us.jpg 0.649543 0.695911 0.214444 -0.218668 383.658218 -1184.840885 57.387053
slice23/query/img_10251_c1_1283348665327746us.jpg 0.649714 0.695738 0.214037 -0.219110 382.749943 -1184.664044 57.339239
slice23/query/img_10252_c1_1283348665461124us.jpg 0.650091 0.695425 0.213552 -0.219459 380.930140 -1184.334942 57.259225
slice23/query/img_10253_c1_1283348665527718us.jpg 0.650018 0.695564 0.213682 -0.219106 380.021859 -1184.172859 57.224255
slice23/query/img_10254_c1_1283348665594325us.jpg 0.649740 0.695775 0.213808 -0.219138 379.108870 -1183.997227 57.187362
slice23/query/img_10255_c1_1283348665661088us.jpg 0.649693 0.695875 0.213859 -0.218908 378.199527 -1183.829781 57.150348
slice23/query/img_10256_c1_1283348665794314us.jpg 0.649627 0.695894 0.214324 -0.218588 376.372445 -1183.488969 57.073102
slice23/query/img_10257_c1_1283348665861028us.jpg 0.649639 0.695786 0.214137 -0.219080 375.459956 -1183.318555 57.036223
slice23/query/img_10258_c1_1283348665927641us.jpg 0.649847 0.695647 0.213893 -0.219144 374.542519 -1183.147040 56.994577
slice23/query/img_10259_c1_1283348665994255us.jpg 0.649967 0.695484 0.214028 -0.219173 373.623959 -1182.973184 56.954521
slice23/query/img_10260_c1_1283348666127608us.jpg 0.649953 0.695325 0.214938 -0.218829 371.783960 -1182.621947 56.875547
slice23/query/img_10261_c1_1283348666194220us.jpg 0.649931 0.695347 0.215672 -0.218100 370.861787 -1182.448531 56.835975
slice23/query/img_10262_c1_1283348666260957us.jpg 0.649815 0.695466 0.216365 -0.217379 369.945590 -1182.274871 56.798089
slice23/query/img_10263_c1_1283348666394301us.jpg 0.650005 0.695191 0.217885 -0.216170 368.104121 -1181.936803 56.721223
slice23/query/img_10264_c1_1283348666460945us.jpg 0.650256 0.694966 0.217799 -0.216225 367.184843 -1181.766076 56.676313
slice23/query/img_10265_c1_1283348666527537us.jpg 0.650793 0.694506 0.217543 -0.216343 366.267774 -1181.599828 56.626842
slice23/query/img_10266_c1_1283348666594150us.jpg 0.651436 0.693990 0.217011 -0.216597 365.348609 -1181.429191 56.576592
slice23/query/img_10267_c1_1283348666727504us.jpg 0.652255 0.692990 0.217170 -0.217175 363.518511 -1181.096745 56.492727
slice23/query/img_10268_c1_1283348666794114us.jpg 0.652484 0.692804 0.217407 -0.216844 362.599339 -1180.926687 56.449125
slice23/query/img_10269_c1_1283348666860853us.jpg 0.652522 0.692820 0.217938 -0.216146 361.678915 -1180.755656 56.406218
slice23/query/img_10270_c1_1283348666927467us.jpg 0.652247 0.693168 0.218154 -0.215640 360.764007 -1180.589109 56.367514
slice23/query/img_10271_c1_1283348667060842us.jpg 0.652317 0.693221 0.218255 -0.215154 358.929640 -1180.249058 56.278464
slice23/query/img_10272_c1_1283348667127433us.jpg 0.651834 0.693633 0.218132 -0.215416 358.014437 -1180.073216 56.237435
slice23/query/img_10273_c1_1283348667260787us.jpg 0.650622 0.694647 0.217699 -0.216251 356.182086 -1179.720525 56.146207
slice23/query/img_10274_c1_1283348667327397us.jpg 0.649937 0.695145 0.217814 -0.216591 355.268129 -1179.546369 56.104712
slice23/query/img_10275_c1_1283348667394010us.jpg 0.649717 0.695390 0.217649 -0.216633 354.354296 -1179.375445 56.057789
slice23/query/img_10276_c1_1283348667527363us.jpg 0.649663 0.695477 0.217236 -0.216927 352.520404 -1179.028535 55.970384
slice23/query/img_10277_c1_1283348667593975us.jpg 0.649871 0.695312 0.217369 -0.216702 351.601427 -1178.857006 55.926191
slice23/query/img_10278_c1_1283348667660712us.jpg 0.649886 0.695212 0.217759 -0.216585 350.685148 -1178.684696 55.881981
slice23/query/img_10279_c1_1283348667793942us.jpg 0.649461 0.695628 0.218172 -0.216111 348.849829 -1178.341044 55.795236
slice23/query/img_10280_c1_1283348667860678us.jpg 0.649100 0.695924 0.218140 -0.216273 347.937717 -1178.167788 55.747341
slice23/query/img_10281_c1_1283348667993906us.jpg 0.648796 0.696449 0.216835 -0.216807 346.113977 -1177.833987 55.645409
slice23/query/img_10282_c1_1283348668060642us.jpg 0.648690 0.696641 0.216371 -0.216969 345.202033 -1177.659676 55.595919
slice23/query/img_10283_c1_1283348668127256us.jpg 0.648593 0.696798 0.216095 -0.217033 344.290367 -1177.487584 55.547409
slice23/query/img_10284_c1_1283348668193870us.jpg 0.648279 0.697134 0.215722 -0.217262 343.381972 -1177.317764 55.502809
slice23/query/img_10285_c1_1283348668328230us.jpg 0.648355 0.697151 0.215541 -0.217158 341.562107 -1176.978130 55.416646
slice23/query/img_10286_c1_1283348668393857us.jpg 0.648455 0.697016 0.215874 -0.216966 340.658879 -1176.811570 55.376573
slice23/query/img_10287_c1_1283348668460574us.jpg 0.648394 0.696972 0.216163 -0.217000 339.754624 -1176.639444 55.339022
slice23/query/img_10288_c1_1283348668527187us.jpg 0.648569 0.696869 0.216136 -0.216835 338.852384 -1176.471431 55.297523
slice23/query/img_10289_c1_1283348668660560us.jpg 0.649072 0.696381 0.216510 -0.216524 337.053958 -1176.140159 55.213576
slice23/query/img_10290_c1_1283348668727151us.jpg 0.649365 0.696113 0.216455 -0.216561 336.152887 -1175.970203 55.168907
slice23/query/img_10291_c1_1283348668793764us.jpg 0.649603 0.695895 0.216512 -0.216494 335.252806 -1175.802472 55.121433
slice23/query/img_10292_c1_1283348668860503us.jpg 0.649465 0.696080 0.216325 -0.216497 334.351623 -1175.631732 55.076349
slice23/query/img_10293_c1_1283348668993754us.jpg 0.648691 0.696776 0.216808 -0.216093 332.550923 -1175.313634 55.006543
slice23/query/img_10294_c1_1283348669060467us.jpg 0.648646 0.696818 0.217321 -0.215579 331.642072 -1175.144298 54.960403
slice23/query/img_10295_c1_1283348669127081us.jpg 0.648754 0.696731 0.217754 -0.215100 330.733576 -1174.970637 54.912577
slice23/query/img_10296_c1_1283348669260652us.jpg 0.649830 0.695594 0.218939 -0.214325 328.948680 -1174.633450 54.820816
slice23/query/img_10297_c1_1283348669327068us.jpg 0.650607 0.695006 0.219235 -0.213572 328.048396 -1174.470420 54.767509
slice23/query/img_10298_c1_1283348669393659us.jpg 0.650709 0.694968 0.219778 -0.212826 327.150970 -1174.303564 54.717463
slice23/query/img_10299_c1_1283348669460397us.jpg 0.650504 0.695138 0.220782 -0.211858 326.253377 -1174.135493 54.668687
slice23/query/img_10300_c1_1283348669593648us.jpg 0.648866 0.696418 0.222647 -0.210722 324.502869 -1173.829814 54.605039
slice23/query/img_10301_c1_1283348669660363us.jpg 0.648724 0.696640 0.222795 -0.210269 323.584275 -1173.658648 54.543952
slice23/query/img_10302_c1_1283348669726975us.jpg 0.648692 0.696634 0.223047 -0.210118 322.667811 -1173.484216 54.482879
slice23/query/img_10303_c1_1283348669793589us.jpg 0.649007 0.696276 0.223363 -0.209998 321.755927 -1173.312611 54.420600
slice23/query/img_10304_c1_1283348669926963us.jpg 0.650065 0.695237 0.223794 -0.209709 319.929555 -1172.960511 54.290667
slice23/query/img_10305_c1_1283348669993555us.jpg 0.650547 0.694887 0.223890 -0.209270 319.020082 -1172.787667 54.225362
slice23/query/img_10306_c1_1283348670060291us.jpg 0.650733 0.694626 0.224177 -0.209249 318.117601 -1172.613875 54.162828
slice23/query/img_10307_c1_1283348670126905us.jpg 0.650491 0.694736 0.224721 -0.209054 317.212663 -1172.439380 54.101010
slice23/query/img_10308_c1_1283348670193519us.jpg 0.650105 0.694950 0.225361 -0.208854 316.313164 -1172.272345 54.042944
slice23/query/img_10309_c1_1283348670326894us.jpg 0.649036 0.695673 0.226290 -0.208767 314.498509 -1171.930524 53.931330
slice23/query/img_10310_c1_1283348670393483us.jpg 0.649319 0.695443 0.226447 -0.208487 313.573029 -1171.759729 53.861003
slice23/query/img_10311_c1_1283348670460222us.jpg 0.649588 0.695237 0.226565 -0.208205 312.648852 -1171.585442 53.787786
slice23/query/img_10312_c1_1283348670526835us.jpg 0.649770 0.694964 0.227224 -0.207829 311.731560 -1171.413040 53.719608
slice23/query/img_10313_c1_1283348670660188us.jpg 0.650121 0.694471 0.229127 -0.206284 309.902436 -1171.103780 53.603717
slice23/query/img_10314_c1_1283348670726800us.jpg 0.650063 0.694287 0.229693 -0.206460 308.990793 -1170.936034 53.536878
slice23/query/img_10315_c1_1283348670793419us.jpg 0.649905 0.694320 0.230126 -0.206365 308.076834 -1170.771992 53.470947
slice23/query/img_10316_c1_1283348670926768us.jpg 0.648962 0.694764 0.231369 -0.206443 306.250001 -1170.432576 53.334274
slice23/query/img_10317_c1_1283348670993379us.jpg 0.648437 0.695147 0.231765 -0.206361 305.332089 -1170.265893 53.260657
slice23/query/img_10318_c1_1283348671060116us.jpg 0.647880 0.695385 0.232334 -0.206668 304.419756 -1170.099634 53.186438
slice23/query/img_10319_c1_1283348671126730us.jpg 0.647269 0.695668 0.233267 -0.206581 303.516715 -1169.944948 53.117068
slice23/query/img_10320_c1_1283348671260104us.jpg 0.646545 0.695541 0.234299 -0.208100 301.703297 -1169.642958 52.951751
slice23/query/img_10321_c1_1283348671326696us.jpg 0.646356 0.695488 0.234859 -0.208235 300.764157 -1169.479627 52.870979
slice23/query/img_10322_c1_1283348671393309us.jpg 0.646250 0.695463 0.235352 -0.208091 299.826151 -1169.317543 52.790313
slice23/query/img_10323_c1_1283348671460047us.jpg 0.646121 0.695481 0.235714 -0.208021 298.894438 -1169.155042 52.707665
slice23/query/img_10324_c1_1283348671593294us.jpg 0.645278 0.695758 0.235951 -0.209437 297.034093 -1168.830394 52.551081
slice23/query/img_10325_c1_1283348671660013us.jpg 0.644804 0.695808 0.236692 -0.209897 296.098463 -1168.666159 52.471180
slice23/query/img_10326_c1_1283348671726624us.jpg 0.644109 0.696070 0.237315 -0.210458 295.163259 -1168.501019 52.387625
slice23/query/img_10327_c1_1283348671860000us.jpg 0.642576 0.696700 0.238154 -0.212106 293.287167 -1168.177111 52.217797
slice23/query/img_10328_c1_1283348671926589us.jpg 0.642126 0.696679 0.238514 -0.213129 292.345787 -1168.019558 52.132592
slice23/query/img_10329_c1_1283348671993203us.jpg 0.641904 0.696400 0.239054 -0.214103 291.405013 -1167.864007 52.047669
slice23/query/img_10330_c1_1283348672126560us.jpg 0.641611 0.695744 0.240665 -0.215303 289.521039 -1167.565173 51.884420
slice23/query/img_10331_c1_1283348672193170us.jpg 0.641432 0.695334 0.242081 -0.215575 288.578554 -1167.420509 51.806042
slice23/query/img_10332_c1_1283348672259906us.jpg 0.641181 0.695003 0.243606 -0.215671 287.633360 -1167.280492 51.727344
slice23/query/img_10333_c1_1283348672393139us.jpg 0.640224 0.694708 0.246735 -0.215904 285.738418 -1167.001539 51.565728
slice23/query/img_10334_c1_1283348672459892us.jpg 0.639976 0.694245 0.248238 -0.216409 284.790157 -1166.864073 51.480870
slice23/query/img_10335_c1_1283348672526486us.jpg 0.639861 0.693689 0.249330 -0.217273 283.844359 -1166.730894 51.393451
slice23/query/img_10336_c1_1283348672593097us.jpg 0.639861 0.692976 0.250216 -0.218529 282.897992 -1166.601642 51.306136
slice23/query/img_10337_c1_1283348672726471us.jpg 0.639769 0.691838 0.251605 -0.220798 280.994917 -1166.352091 51.125202
slice23/query/img_10338_c1_1283348672793063us.jpg 0.639490 0.691353 0.252862 -0.221687 280.043621 -1166.228666 51.039347
slice23/query/img_10339_c1_1283348672859803us.jpg 0.639167 0.690970 0.254028 -0.222477 279.094430 -1166.109239 50.955403
slice23/query/img_10340_c1_1283348672993051us.jpg 0.638396 0.690145 0.257041 -0.223786 277.179671 -1165.881385 50.782444
slice23/query/img_10341_c1_1283348673059770us.jpg 0.638006 0.689738 0.258462 -0.224517 276.220846 -1165.768913 50.695584
slice23/query/img_10342_c1_1283348673126381us.jpg 0.637599 0.689365 0.259896 -0.225164 275.260190 -1165.660918 50.608773
slice23/query/img_10343_c1_1283348673192995us.jpg 0.637551 0.688783 0.260998 -0.225804 274.301734 -1165.557546 50.519952
slice23/query/img_10344_c1_1283348673326347us.jpg 0.637820 0.686967 0.263033 -0.228201 272.380979 -1165.359381 50.332160
slice23/query/img_10345_c1_1283348673392959us.jpg 0.637395 0.686773 0.263528 -0.229398 271.423449 -1165.258141 50.238469
slice23/query/img_10346_c1_1283348673459696us.jpg 0.636646 0.687034 0.263861 -0.230312 270.466293 -1165.160533 50.144208
slice23/query/img_10347_c1_1283348673592925us.jpg 0.634124 0.688045 0.266835 -0.230822 268.533846 -1164.975195 49.972185
slice23/query/img_10348_c1_1283348673659687us.jpg 0.633133 0.688361 0.268249 -0.230963 267.567873 -1164.885536 49.882398
slice23/query/img_10349_c1_1283348673726274us.jpg 0.632471 0.688355 0.269590 -0.231234 266.602337 -1164.800388 49.791263
slice23/query/img_10350_c1_1283348673792887us.jpg 0.632280 0.687928 0.270708 -0.231719 265.641751 -1164.721379 49.698020
slice23/query/img_10351_c1_1283348673859627us.jpg 0.632220 0.687413 0.272093 -0.231791 264.680778 -1164.642931 49.605836
slice23/query/img_10352_c1_1283348673992874us.jpg 0.632900 0.685771 0.274589 -0.231854 262.752202 -1164.506583 49.429385
slice23/query/img_10353_c1_1283348674059590us.jpg 0.633535 0.684644 0.275749 -0.232074 261.786488 -1164.440657 49.336302
slice23/query/img_10354_c1_1283348674126204us.jpg 0.634210 0.683557 0.275990 -0.233147 260.825656 -1164.374088 49.240168
slice23/query/img_10355_c1_1283348674260394us.jpg 0.633350 0.683445 0.276980 -0.234633 258.907193 -1164.237100 49.045936
slice23/query/img_10356_c1_1283348674326171us.jpg 0.632336 0.683961 0.277062 -0.235764 257.942229 -1164.167644 48.949904
slice23/query/img_10357_c1_1283348674392782us.jpg 0.631581 0.684177 0.277150 -0.237058 256.977873 -1164.100540 48.851623
slice23/query/img_10358_c1_1283348674459520us.jpg 0.631138 0.684192 0.276865 -0.238521 256.013028 -1164.036178 48.752725
slice23/query/img_10359_c1_1283348674526135us.jpg 0.630549 0.684370 0.276867 -0.239562 255.044800 -1163.973968 48.653750
slice23/query/img_10360_c1_1283348674659509us.jpg 0.630301 0.683679 0.277222 -0.241767 253.105114 -1163.853396 48.471700
slice23/query/img_10361_c1_1283348674726099us.jpg 0.630630 0.682868 0.277893 -0.242431 252.131092 -1163.796875 48.380128
slice23/query/img_10362_c1_1283348674792713us.jpg 0.630928 0.682208 0.278620 -0.242680 251.154504 -1163.743416 48.286781
slice23/query/img_10363_c1_1283348674859450us.jpg 0.630878 0.681951 0.279305 -0.242743 250.178725 -1163.692205 48.196012
slice23/query/img_10364_c1_1283348674992677us.jpg 0.630593 0.681665 0.280216 -0.243238 248.215671 -1163.601699 48.000807
slice23/query/img_10365_c1_1283348675059421us.jpg 0.630233 0.681550 0.280951 -0.243644 247.237635 -1163.551352 47.909740
slice23/query/img_10366_c1_1283348675126029us.jpg 0.629904 0.681294 0.281866 -0.244153 246.259604 -1163.501033 47.816313
slice23/query/img_10367_c1_1283348675192642us.jpg 0.629550 0.681210 0.282402 -0.244680 245.281156 -1163.453245 47.723670
slice23/query/img_10368_c1_1283348675326016us.jpg 0.629698 0.680670 0.282729 -0.245426 243.329207 -1163.375920 47.528122
slice23/query/img_10369_c1_1283348675392607us.jpg 0.629962 0.680303 0.282953 -0.245505 242.356335 -1163.336487 47.435421
slice23/query/img_10370_c1_1283348675459346us.jpg 0.630240 0.679823 0.283492 -0.245501 241.387074 -1163.297536 47.346417
slice23/query/img_10371_c1_1283348675592596us.jpg 0.630739 0.678717 0.284855 -0.245703 239.457169 -1163.224803 47.173500
slice23/query/img_10372_c1_1283348675659332us.jpg 0.631002 0.678417 0.285274 -0.245368 238.485131 -1163.186618 47.080085
slice23/query/img_10373_c1_1283348675725924us.jpg 0.630862 0.678462 0.285631 -0.245188 237.515982 -1163.149928 46.989862
slice23/query/img_10374_c1_1283348675859304us.jpg 0.630968 0.677691 0.286893 -0.245574 235.590669 -1163.077852 46.813164
slice23/query/img_10375_c1_1283348675925890us.jpg 0.630952 0.677385 0.287143 -0.246166 234.632999 -1163.050291 46.731043
slice23/query/img_10376_c1_1283348676125855us.jpg 0.630996 0.676853 0.288764 -0.245620 231.729676 -1162.971277 46.488047
slice23/query/img_10377_c1_1283348676259240us.jpg 0.631492 0.675806 0.291224 -0.244320 229.782304 -1162.921727 46.308788
slice23/query/img_10378_c1_1283348676325819us.jpg 0.631501 0.675750 0.291236 -0.244439 228.814354 -1162.895402 46.212463
slice23/query/img_10379_c1_1283348676392431us.jpg 0.631409 0.675845 0.290804 -0.244927 227.846137 -1162.869890 46.115539
slice23/query/img_10380_c1_1283348676459170us.jpg 0.631142 0.675812 0.290562 -0.245992 226.882356 -1162.837430 46.019615
slice23/query/img_10381_c1_1283348676592399us.jpg 0.629849 0.676613 0.289915 -0.247861 224.956247 -1162.778111 45.834672
slice23/query/img_10382_c1_1283348676659134us.jpg 0.628918 0.677343 0.290002 -0.248127 223.992629 -1162.749044 45.743532
slice23/query/img_10383_c1_1283348676725748us.jpg 0.628053 0.678024 0.290317 -0.248092 223.031162 -1162.722420 45.653779
slice23/query/img_10384_c1_1283348676859124us.jpg 0.626834 0.678847 0.291493 -0.247545 221.105896 -1162.671303 45.482055
slice23/query/img_10385_c1_1283348676925735us.jpg 0.626939 0.678575 0.291874 -0.247574 220.142850 -1162.647689 45.393650
slice23/query/img_10386_c1_1283348676992327us.jpg 0.627217 0.678218 0.291816 -0.247917 219.184508 -1162.625008 45.302068
slice23/query/img_10387_c1_1283348677125680us.jpg 0.627602 0.677488 0.291849 -0.248898 217.262274 -1162.573630 45.122827
slice23/query/img_10388_c1_1283348677192291us.jpg 0.627332 0.677877 0.291755 -0.248627 216.288609 -1162.551708 45.029553
slice23/query/img_10389_c1_1283348677259029us.jpg 0.626640 0.678580 0.292081 -0.248071 215.317835 -1162.527327 44.935590
slice23/query/img_10390_c1_1283348677392443us.jpg 0.624741 0.680679 0.292282 -0.246871 213.383248 -1162.473986 44.749149
slice23/query/img_10391_c1_1283348677459014us.jpg 0.623934 0.681709 0.291785 -0.246659 212.415992 -1162.442919 44.649036
slice23/query/img_10392_c1_1283348677525608us.jpg 0.623549 0.682253 0.291245 -0.246767 211.448883 -1162.411013 44.547550
slice23/query/img_10393_c1_1283348677659282us.jpg 0.623559 0.682488 0.289734 -0.247868 209.514981 -1162.353863 44.341730
slice23/query/img_10394_c1_1283348677725574us.jpg 0.623765 0.682492 0.289331 -0.247809 208.536791 -1162.316507 44.244362
slice23/query/img_10395_c1_1283348677792187us.jpg 0.624648 0.682013 0.289231 -0.247021 207.566646 -1162.286032 44.145103
slice23/query/img_10396_c1_1283348677925561us.jpg 0.626433 0.681131 0.289122 -0.245054 205.607465 -1162.208884 43.962702
slice23/query/img_10397_c1_1283348677992152us.jpg 0.627221 0.680678 0.288888 -0.244571 204.638874 -1162.169532 43.869481
slice23/query/img_10398_c1_1283348678058891us.jpg 0.627217 0.680792 0.288866 -0.244292 203.672654 -1162.120392 43.779532
slice23/query/img_10399_c1_1283348678192122us.jpg 0.625098 0.682798 0.289299 -0.243608 201.777068 -1162.009228 43.614119
slice23/query/img_10400_c1_1283348678258855us.jpg 0.624093 0.684022 0.288989 -0.243122 200.837651 -1161.960441 43.520844
slice23/query/img_10401_c1_1283348678325468us.jpg 0.623091 0.685169 0.288864 -0.242610 199.906154 -1161.909012 43.428700
slice23/query/img_10402_c1_1283348678458842us.jpg 0.622392 0.686705 0.288321 -0.240698 198.091711 -1161.821862 43.245647
slice23/query/img_10403_c1_1283348678525432us.jpg 0.622790 0.687240 0.287281 -0.239381 197.199905 -1161.786159 43.152867
slice23/query/img_10404_c1_1283348678592046us.jpg 0.623135 0.687581 0.286372 -0.238592 196.326293 -1161.744748 43.064888
slice23/query/img_10405_c1_1283348678725434us.jpg 0.623707 0.688247 0.285559 -0.236141 194.634253 -1161.656785 42.908810
slice23/query/img_10406_c1_1283348678792033us.jpg 0.624577 0.688357 0.284564 -0.234716 193.803015 -1161.614926 42.824941
slice23/query/img_10407_c1_1283348678858750us.jpg 0.624821 0.688995 0.283111 -0.233947 192.981808 -1161.557740 42.745271
