slice23/query/img_07623_c1_1284563917386677us.jpg 0.662075 0.684779 0.205971 -0.224300 488.685361 -1207.552379 60.842480
slice23/query/img_07624_c1_1284563917520024us.jpg 0.661231 0.686022 0.205016 -0.223866 486.463280 -1207.116518 60.837823
slice23/query/img_07625_c1_1284563917586654us.jpg 0.660576 0.686595 0.204844 -0.224200 485.355963 -1206.898923 60.831126
slice23/query/img_07626_c1_1284563917653371us.jpg 0.659912 0.687071 0.205028 -0.224528 484.248055 -1206.677798 60.826142
slice23/query/img_07627_c1_1284563917719985us.jpg 0.659415 0.687487 0.204971 -0.224767 483.140857 -1206.457201 60.816110
slice23/query/img_07628_c1_1284563917853341us.jpg 0.658552 0.688438 0.204849 -0.224499 480.927215 -1206.032678 60.801581
slice23/query/img_07629_c1_1284563917919950us.jpg 0.658504 0.688464 0.205483 -0.223980 479.821584 -1205.813749 60.796519
slice23/query/img_07630_c1_1284563918053311us.jpg 0.658167 0.688770 0.206072 -0.223487 477.613166 -1205.388883 60.780414
slice23/query/img_07631_c1_1284563918119915us.jpg 0.657729 0.689184 0.206541 -0.223065 476.506949 -1205.172811 60.770699
slice23/query/img_07632_c1_1284563918186528us.jpg 0.657179 0.689591 0.207261 -0.222762 475.400862 -1204.956926 60.758116
slice23/query/img_07633_c1_1284563918253267us.jpg 0.656593 0.689959 0.208114 -0.222557 474.297552 -1204.743092 60.745622
slice23/query/img_07634_c1_1284563918386497us.jpg 0.656102 0.690164 0.209375 -0.222185 472.092616 -1204.317318 60.727742
slice23/query/img_07635_c1_1284563918453232us.jpg 0.656367 0.689770 0.209798 -0.222228 470.990585 -1204.105987 60.709214
slice23/query/img_07636_c1_1284563918519845us.jpg 0.656796 0.689306 0.210312 -0.221914 469.887630 -1203.899249 60.690195
slice23/query/img_07637_c1_1284563918653219us.jpg 0.656980 0.688860 0.210685 -0.222400 467.688136 -1203.482635 60.650076
slice23/query/img_07638_c1_1284563918719810us.jpg 0.656573 0.689034 0.210950 -0.222808 466.588733 -1203.265739 60.629221
slice23/query/img_07639_c1_1284563918853167us.jpg 0.654162 0.691024 0.211605 -0.223118 464.382911 -1202.842598 60.591181
slice23/query/img_07640_c1_1284563918919774us.jpg 0.653348 0.691620 0.212072 -0.223212 463.279666 -1202.632248 60.563740
slice23/query/img_07641_c1_1284563918986386us.jpg 0.653091 0.691674 0.212627 -0.223270 462.174303 -1202.427189 60.534740
slice23/query/img_07642_c1_1284563919119762us.jpg 0.653375 0.691005 0.213220 -0.223945 459.972210 -1202.011255 60.477892
slice23/query/img_07643_c1_1284563919186357us.jpg 0.653695 0.690636 0.213277 -0.224095 458.873302 -1201.812979 60.453791
slice23/query/img_07644_c1_1284563919253090us.jpg 0.654130 0.690139 0.213812 -0.223844 457.769112 -1201.614640 60.427239
slice23/query/img_07645_c1_1284563919319705us.jpg 0.654131 0.690062 0.214450 -0.223470 456.662876 -1201.414679 60.401106
slice23/query/img_07646_c1_1284563919453078us.jpg 0.653045 0.690553 0.216585 -0.223070 454.445550 -1200.991094 60.358102
slice23/query/img_07647_c1_1284563919519668us.jpg 0.652569 0.690801 0.216740 -0.223543 453.331705 -1200.790441 60.325261
slice23/query/img_07648_c1_1284563919586281us.jpg 0.652169 0.691160 0.216843 -0.223501 452.222849 -1200.589125 60.291805
slice23/query/img_07649_c1_1284563919719645us.jpg 0.651593 0.691621 0.216851 -0.223746 449.991062 -1200.186958 60.233081
slice23/query/img_07650_c1_1284563919786246us.jpg 0.651627 0.691564 0.216878 -0.223798 448.870724 -1199.986852 60.199488
slice23/query/img_07651_c1_1284563919852984us.jpg 0.651431 0.691760 0.217059 -0.223588 447.750300 -1199.784860 60.166703
slice23/query/img_07652_c1_1284563919919597us.jpg 0.651282 0.691831 0.217747 -0.223134 446.630570 -1199.587098 60.132861
slice23/query/img_07653_c1_1284563920052952us.jpg 0.651803 0.691363 0.219101 -0.221731 444.389444 -1199.190909 60.070149
slice23/query/img_07654_c1_1284563920119562us.jpg 0.652394 0.690961 0.219440 -0.220908 443.267569 -1198.996971 60.032500
slice23/query/img_07655_c1_1284563920186177us.jpg 0.653103 0.690455 0.219497 -0.220339 442.145208 -1198.802528 59.994990
slice23/query/img_07656_c1_1284563920319761us.jpg 0.654692 0.689260 0.219515 -0.219346 439.900828 -1198.403367 59.908863
slice23/query/img_07657_c1_1284563920386141us.jpg 0.654910 0.689200 0.219417 -0.218981 438.779704 -1198.202590 59.866829
slice23/query/img_07658_c1_1284563920452879us.jpg 0.654817 0.689522 0.218777 -0.218888 437.658339 -1198.000228 59.822058
slice23/query/img_07659_c1_1284563920519492us.jpg 0.654398 0.690144 0.218001 -0.218950 436.537751 -1197.795817 59.780066
slice23/query/img_07660_c1_1284563920652867us.jpg 0.654049 0.690911 0.216582 -0.218984 434.292027 -1197.387060 59.690593
slice23/query/img_07661_c1_1284563920719457us.jpg 0.653687 0.691509 0.216239 -0.218516 433.170551 -1197.184861 59.654387
slice23/query/img_07662_c1_1284563920786071us.jpg 0.653535 0.691882 0.216139 -0.217888 432.046749 -1196.974084 59.612101
slice23/query/img_07663_c1_1284563920919444us.jpg 0.653989 0.691763 0.217068 -0.215974 429.791757 -1196.560667 59.524331
slice23/query/img_07664_c1_1284563920986036us.jpg 0.654510 0.691502 0.217219 -0.215077 428.671135 -1196.360256 59.480058
slice23/query/img_07665_c1_1284563921052774us.jpg 0.655103 0.691145 0.216968 -0.214670 427.550191 -1196.153086 59.434500
slice23/query/img_07666_c1_1284563921186023us.jpg 0.656742 0.689964 0.216315 -0.214118 425.302587 -1195.739174 59.344841
slice23/query/img_07667_c1_1284563921252739us.jpg 0.657639 0.689284 0.216077 -0.213798 424.176254 -1195.528363 59.296999
slice23/query/img_07668_c1_1284563921319351us.jpg 0.658078 0.689047 0.215781 -0.213512 423.052459 -1195.313994 59.251411
slice23/query/img_07669_c1_1284563921385965us.jpg 0.657983 0.689261 0.215787 -0.213105 421.930272 -1195.094337 59.208245
slice23/query/img_07670_c1_1284563921519339us.jpg 0.657245 0.690136 0.215353 -0.212988 419.670584 -1194.652228 59.124592
slice23/query/img_07671_c1_1284563921585929us.jpg 0.656837 0.690469 0.215350 -0.213172 418.543186 -1194.425991 59.079773
slice23/query/img_07672_c1_1284563921652668us.jpg 0.656521 0.690750 0.215234 -0.213350 417.413475 -1194.205932 59.034838
slice23/query/img_07673_c1_1284563921785900us.jpg 0.655840 0.691463 0.214929 -0.213445 415.148223 -1193.769377 58.942953
slice23/query/img_07674_c1_1284563921852633us.jpg 0.655508 0.691733 0.214859 -0.213661 414.014538 -1193.542160 58.896170
slice23/query/img_07675_c1_1284563921919246us.jpg 0.655071 0.692025 0.215167 -0.213743 412.879810 -1193.316241 58.850226
slice23/query/img_07676_c1_1284563922052626us.jpg 0.654867 0.692064 0.215974 -0.213428 410.600316 -1192.877526 58.757217
slice23/query/img_07677_c1_1284563922119233us.jpg 0.654891 0.692028 0.215633 -0.213816 409.465606 -1192.658943 58.709371
slice23/query/img_07678_c1_1284563922185824us.jpg 0.654948 0.692024 0.215195 -0.214097 408.329927 -1192.440497 58.658416
slice23/query/img_07679_c1_1284563922252562us.jpg 0.655035 0.691919 0.215163 -0.214199 407.191481 -1192.219823 58.612104
slice23/query/img_07680_c1_1284563922385811us.jpg 0.655155 0.691507 0.216165 -0.214155 404.912957 -1191.774951 58.519891
slice23/query/img_07681_c1_1284563922452527us.jpg 0.655042 0.691574 0.216485 -0.213961 403.775517 -1191.555468 58.472594
slice23/query/img_07682_c1_1284563922519140us.jpg 0.654779 0.691822 0.216481 -0.213969 402.636943 -1191.335939 58.428599
slice23/query/img_07683_c1_1284563922652498us.jpg 0.654221 0.692146 0.216845 -0.214261 400.357276 -1190.900123 58.335745
slice23/query/img_07684_c1_1284563922719127us.jpg 0.654293 0.691960 0.217254 -0.214225 399.212021 -1190.681974 58.284172
slice23/query/img_07685_c1_1284563922785720us.jpg 0.654365 0.691832 0.217506 -0.214163 398.064677 -1190.467744 58.233740
slice23/query/img_07686_c1_1284563922852459us.jpg 0.654440 0.691746 0.217664 -0.214052 396.921177 -1190.253454 58.182530
slice23/query/img_07687_c1_1284563922985688us.jpg 0.655137 0.690960 0.218170 -0.213944 394.634005 -1189.831674 58.081412
slice23/query/img_07688_c1_1284563923052423us.jpg 0.655713 0.690396 0.218198 -0.213971 393.487855 -1189.619852 58.028272
slice23/query/img_07689_c1_1284563923119036us.jpg 0.656101 0.689940 0.218513 -0.213930 392.344140 -1189.401945 57.976141
slice23/query/img_07690_c1_1284563923252410us.jpg 0.656494 0.689487 0.219149 -0.213535 390.044177 -1188.978386 57.877192
slice23/query/img_07691_c1_1284563923319001us.jpg 0.656780 0.689139 0.219494 -0.213423 388.895672 -1188.765222 57.824262
slice23/query/img_07692_c1_1284563923385614us.jpg 0.656963 0.688903 0.219669 -0.213443 387.747908 -1188.553500 57.774461
slice23/query/img_07693_c1_1284563923518968us.jpg 0.657081 0.688792 0.219870 -0.213230 385.444150 -1188.129007 57.674818
slice23/query/img_07694_c1_1284563923585580us.jpg 0.656970 0.688978 0.219631 -0.213219 384.284634 -1187.912959 57.621786
slice23/query/img_07695_c1_1284563923652316us.jpg 0.656926 0.688961 0.219728 -0.213308 383.126915 -1187.691131 57.566685
slice23/query/img_07696_c1_1284563923718930us.jpg 0.656712 0.689026 0.219919 -0.213560 381.972870 -1187.467172 57.510495
slice23/query/img_07697_c1_1284563923852284us.jpg 0.656153 0.689514 0.219725 -0.213901 379.659394 -1187.033463 57.403719
slice23/query/img_07698_c1_1284563923918894us.jpg 0.655988 0.689636 0.219735 -0.214008 378.504184 -1186.814755 57.349447
slice23/query/img_07699_c1_1284563923985508us.jpg 0.655978 0.689685 0.219875 -0.213734 377.347290 -1186.597478 57.296349
slice23/query/img_07700_c1_1284563924118863us.jpg 0.656231 0.689383 0.220669 -0.213114 375.028747 -1186.164423 57.192786
slice23/query/img_07701_c1_1284563924185473us.jpg 0.656702 0.688933 0.220788 -0.212996 373.871701 -1185.950804 57.140299
slice23/query/img_07702_c1_1284563924252211us.jpg 0.657239 0.688404 0.220973 -0.212856 372.716702 -1185.742654 57.091427
slice23/query/img_07703_c1_1284563924318823us.jpg 0.657669 0.687916 0.221420 -0.212642 371.561989 -1185.532310 57.040750
slice23/query/img_07704_c1_1284563924452197us.jpg 0.658058 0.687689 0.221600 -0.211982 369.256459 -1185.111926 56.935697
slice23/query/img_07705_c1_1284563924518789us.jpg 0.657652 0.688068 0.222233 -0.211352 368.103641 -1184.895642 56.885327
slice23/query/img_07706_c1_1284563924585402us.jpg 0.657130 0.688630 0.222286 -0.211087 366.956750 -1184.683828 56.833101
slice23/query/img_07707_c1_1284563924718760us.jpg 0.656595 0.689032 0.222460 -0.211256 364.662553 -1184.245465 56.722907
slice23/query/img_07708_c1_1284563924785367us.jpg 0.656746 0.688860 0.222694 -0.211103 363.513477 -1184.038475 56.669104
slice23/query/img_07709_c1_1284563924852105us.jpg 0.656980 0.688640 0.222899 -0.210873 362.370559 -1183.825388 56.617022
slice23/query/img_07710_c1_1284563924918718us.jpg 0.657392 0.688277 0.222785 -0.210897 361.233294 -1183.614208 56.564638
slice23/query/img_07711_c1_1284563925052073us.jpg 0.658633 0.687272 0.222670 -0.210421 358.949094 -1183.197570 56.459069
slice23/query/img_07712_c1_1284563925118683us.jpg 0.658674 0.687259 0.222665 -0.210344 357.810773 -1182.982965 56.406809
slice23/query/img_07713_c1_1284563925185297us.jpg 0.658428 0.687527 0.222532 -0.210376 356.674661 -1182.766887 56.349768
slice23/query/img_07714_c1_1284563925318668us.jpg 0.657169 0.688767 0.222443 -0.210354 354.393910 -1182.334142 56.231873
slice23/query/img_07715_c1_1284563925385261us.jpg 0.656883 0.688986 0.222615 -0.210348 353.256938 -1182.117540 56.172934
slice23/query/img_07716_c1_1284563925451999us.jpg 0.657028 0.688847 0.222640 -0.210321 352.121225 -1181.899624 56.117487
slice23/query/img_07717_c1_1284563925585230us.jpg 0.657626 0.688523 0.222973 -0.209158 349.852773 -1181.484993 56.009262
slice23/query/img_07718_c1_1284563925651986us.jpg 0.658125 0.688080 0.223173 -0.208832 348.720694 -1181.271953 55.951820
slice23/query/img_07719_c1_1284563925785194us.jpg 0.658845 0.687317 0.223827 -0.208377 346.461967 -1180.847791 55.837912
slice23/query/img_07720_c1_1284563925851930us.jpg 0.659067 0.687040 0.224017 -0.208381 345.334826 -1180.634135 55.781060
slice23/query/img_07721_c1_1284563925985158us.jpg 0.659657 0.686449 0.224213 -0.208253 343.087077 -1180.211715 55.662778
slice23/query/img_07722_c1_1284563926051915us.jpg 0.660010 0.686212 0.224130 -0.208002 341.965076 -1180.000562 55.602575
slice23/query/img_07723_c1_1284563926118507us.jpg 0.660397 0.685881 0.223707 -0.208323 340.847105 -1179.786875 55.545517
slice23/query/img_07724_c1_1284563926251862us.jpg 0.660665 0.685700 0.223442 -0.208355 338.610880 -1179.364779 55.433760
slice23/query/img_07725_c1_1284563926318473us.jpg 0.660255 0.686069 0.223751 -0.208106 337.493794 -1179.148340 55.377503
slice23/query/img_07726_c1_1284563926385087us.jpg 0.659627 0.686654 0.224146 -0.207744 336.377362 -1178.937807 55.322005
slice23/query/img_07727_c1_1284563926518440us.jpg 0.658692 0.687662 0.224454 -0.207040 334.143583 -1178.510243 55.211988
slice23/query/img_07728_c1_1284563926585051us.jpg 0.658794 0.687574 0.225013 -0.206400 333.029083 -1178.298105 55.154026
slice23/query/img_07729_c1_1284563926651789us.jpg 0.659151 0.687214 0.225415 -0.206022 331.918362 -1178.090035 55.093880
slice23/query/img_07730_c1_1284563926785021us.jpg 0.659978 0.686617 0.225499 -0.205270 329.700801 -1177.669771 54.970840
slice23/query/img_07731_c1_1284563926851755us.jpg 0.659952 0.686701 0.225794 -0.204750 328.590884 -1177.463576 54.906673
slice23/query/img_07732_c1_1284563926918367us.jpg 0.659743 0.686935 0.226175 -0.204215 327.485102 -1177.256647 54.843712
slice23/query/img_07733_c1_1284563926984982us.jpg 0.659371 0.687321 0.226594 -0.203656 326.384230 -1177.046933 54.781613
slice23/query/img_07734_c1_1284563927118355us.jpg 0.658395 0.688354 0.227347 -0.202479 324.175221 -1176.618324 54.644310
slice23/query/img_07735_c1_1284563927184946us.jpg 0.658034 0.688726 0.227503 -0.202214 323.080888 -1176.403131 54.578134
slice23/query/img_07736_c1_1284563927251683us.jpg 0.657797 0.688992 0.227426 -0.202165 321.993172 -1176.196194 54.509632
slice23/query/img_07737_c1_1284563927384915us.jpg 0.657443 0.689528 0.227119 -0.201833 319.811035 -1175.780161 54.369247
slice23/query/img_07738_c1_1284563927451649us.jpg 0.657348 0.689647 0.227080 -0.201781 318.721912 -1175.566108 54.295025
slice23/query/img_07739_c1_1284563927518262us.jpg 0.657166 0.689825 0.227378 -0.201428 317.628828 -1175.353050 54.219144
slice23/query/img_07740_c1_1284563927584875us.jpg 0.657065 0.689877 0.227794 -0.201109 316.542869 -1175.139835 54.145425
slice23/query/img_07741_c1_1284563927718249us.jpg 0.657154 0.689812 0.228814 -0.199879 314.366457 -1174.718052 54.000695
slice23/query/img_07742_c1_1284563927784840us.jpg 0.657285 0.689729 0.229267 -0.199216 313.278349 -1174.506530 53.926985
slice23/query/img_07743_c1_1284563927918195us.jpg 0.657702 0.689198 0.230424 -0.198341 311.095273 -1174.081769 53.766889
slice23/query/img_07744_c1_1284563927984804us.jpg 0.657826 0.688927 0.230870 -0.198350 309.999593 -1173.869253 53.684853
slice23/query/img_07745_c1_1284563928051543us.jpg 0.657695 0.688731 0.231506 -0.198724 308.905724 -1173.653560 53.599607
slice23/query/img_07746_c1_1284563928184775us.jpg 0.656518 0.689225 0.232576 -0.199653 306.712753 -1173.224583 53.429630
slice23/query/img_07747_c1_1284563928251507us.jpg 0.655665 0.689633 0.233499 -0.199969 305.613336 -1173.015323 53.345262
slice23/query/img_07748_c1_1284563928318121us.jpg 0.654690 0.690061 0.234576 -0.200428 304.514556 -1172.803830 53.257493
slice23/query/img_07749_c1_1284563928451477us.jpg 0.653383 0.690066 0.237033 -0.201779 302.313064 -1172.391520 53.080468
slice23/query/img_07750_c1_1284563928518107us.jpg 0.653208 0.689485 0.238459 -0.202649 301.211168 -1172.189130 52.990830
slice23/query/img_07751_c1_1284563928651437us.jpg 0.652864 0.688377 0.241365 -0.204079 299.007908 -1171.800400 52.807729
slice23/query/img_07752_c1_1284563928718051us.jpg 0.652795 0.687706 0.242829 -0.204827 297.909242 -1171.613452 52.714363
slice23/query/img_07753_c1_1284563928851404us.jpg 0.652136 0.686773 0.245982 -0.206285 295.703598 -1171.247560 52.529480
slice23/query/img_07754_c1_1284563928918016us.jpg 0.651774 0.686280 0.247508 -0.207243 294.600727 -1171.067113 52.432001
slice23/query/img_07755_c1_1284563928984629us.jpg 0.651264 0.685929 0.249033 -0.208179 293.503850 -1170.892852 52.335404
slice23/query/img_07756_c1_1284563929184624us.jpg 0.650083 0.684499 0.253580 -0.211070 290.193704 -1170.383238 52.050842
slice23/query/img_07757_c1_1284563929584553us.jpg 0.646838 0.682734 0.261292 -0.217261 283.567642 -1169.512285 51.469117
slice23/query/img_07758_c1_1284563929651262us.jpg 0.646226 0.682798 0.262537 -0.217378 282.442996 -1169.375587 51.365150
slice23/query/img_07759_c1_1284563929717875us.jpg 0.645801 0.682589 0.263882 -0.217667 281.319838 -1169.237410 51.258015
slice23/query/img_07760_c1_1284563929851232us.jpg 0.645788 0.681254 0.266169 -0.219100 279.080136 -1168.980128 51.042571
slice23/query/img_07761_c1_1284563929917839us.jpg 0.645853 0.680580 0.267311 -0.219614 277.961623 -1168.852124 50.932670
slice23/query/img_07762_c1_1284563929984452us.jpg 0.645498 0.680410 0.268339 -0.219929 276.844966 -1168.730494 50.826637
slice23/query/img_07763_c1_1284563930117827us.jpg 0.644559 0.680203 0.270153 -0.221099 274.605559 -1168.492964 50.615453
slice23/query/img_07764_c1_1284563930184417us.jpg 0.644523 0.679632 0.271047 -0.221864 273.485233 -1168.377290 50.506868
slice23/query/img_07765_c1_1284563930384405us.jpg 0.645264 0.678262 0.270107 -0.225029 270.129746 -1168.065495 50.176739
slice23/query/img_07766_c1_1284563930584378us.jpg 0.644048 0.678917 0.272438 -0.223722 266.761686 -1167.778726 49.855444
slice23/query/img_07767_c1_1284563930717721us.jpg 0.642727 0.679455 0.273559 -0.224518 264.511888 -1167.569444 49.633976
slice23/query/img_07768_c1_1284563930784312us.jpg 0.641816 0.680058 0.273569 -0.225284 263.390858 -1167.464926 49.523227
slice23/query/img_07769_c1_1284563930851050us.jpg 0.641076 0.680488 0.273570 -0.226089 262.264079 -1167.365020 49.407965
slice23/query/img_07770_c1_1284563930984288us.jpg 0.639557 0.681081 0.273748 -0.228379 260.003634 -1167.161095 49.187567
slice23/query/img_07771_c1_1284563931051014us.jpg 0.638959 0.681177 0.274017 -0.229442 258.876191 -1167.064642 49.078752
slice23/query/img_07772_c1_1284563931117628us.jpg 0.638421 0.681207 0.274563 -0.230197 257.747392 -1166.967820 48.971330
slice23/query/img_07773_c1_1284563931250983us.jpg 0.637550 0.680887 0.277226 -0.230366 255.469839 -1166.793542 48.759887
slice23/query/img_07774_c1_1284563931317593us.jpg 0.637466 0.680320 0.278562 -0.230664 254.332947 -1166.712041 48.653259
slice23/query/img_07775_c1_1284563931384206us.jpg 0.637539 0.679556 0.279845 -0.231160 253.198997 -1166.625659 48.543486
slice23/query/img_07776_c1_1284563931584178us.jpg 0.638387 0.676609 0.281583 -0.235313 249.802301 -1166.383661 48.216563
slice23/query/img_07777_c1_1284563931850880us.jpg 0.635752 0.676056 0.286994 -0.237492 245.218591 -1166.095243 47.778906
slice23/query/img_07778_c1_1284563931917488us.jpg 0.635291 0.675729 0.288149 -0.238257 244.068789 -1166.034862 47.666455
slice23/query/img_07779_c1_1284563931984100us.jpg 0.635295 0.675000 0.288908 -0.239390 242.923541 -1165.981935 47.552340
slice23/query/img_07780_c1_1284563932117475us.jpg 0.635683 0.673196 0.290450 -0.241561 240.628443 -1165.881354 47.324705
slice23/query/img_07781_c1_1284563932184066us.jpg 0.635935 0.672239 0.291430 -0.242385 239.485196 -1165.842268 47.213752
slice23/query/img_07782_c1_1284563932250803us.jpg 0.635954 0.671334 0.292847 -0.243133 238.341180 -1165.801942 47.106091
slice23/query/img_07783_c1_1284563932384053us.jpg 0.635535 0.670232 0.295468 -0.244096 236.046733 -1165.733320 46.888493
slice23/query/img_07784_c1_1284563932450769us.jpg 0.635094 0.670085 0.295902 -0.245120 234.904984 -1165.700078 46.777626
slice23/query/img_07785_c1_1284563932517383us.jpg 0.634819 0.669735 0.296133 -0.246507 233.767003 -1165.667558 46.664646
slice23/query/img_07786_c1_1284563932650755us.jpg 0.634185 0.669312 0.297372 -0.247790 231.481563 -1165.627753 46.447853
slice23/query/img_07787_c1_1284563932717347us.jpg 0.633300 0.669668 0.298514 -0.247720 230.339852 -1165.605291 46.345513
slice23/query/img_07788_c1_1284563932783960us.jpg 0.632679 0.669822 0.299598 -0.247582 229.202467 -1165.584779 46.238513
slice23/query/img_07789_c1_1284563932917312us.jpg 0.632712 0.668919 0.301810 -0.247255 226.932165 -1165.562397 46.025256
slice23/query/img_07790_c1_1284563932983925us.jpg 0.633323 0.668020 0.302451 -0.247335 225.801700 -1165.552260 45.916932
slice23/query/img_07791_c1_1284563933050662us.jpg 0.634351 0.666894 0.302655 -0.247490 224.670673 -1165.543940 45.805035
slice23/query/img_07792_c1_1284563933183893us.jpg 0.636192 0.665099 0.302784 -0.247436 222.416317 -1165.533142 45.584713
slice23/query/img_07793_c1_1284563933250628us.jpg 0.636753 0.664436 0.303221 -0.247240 221.289254 -1165.521401 45.476100
slice23/query/img_07794_c1_1284563933317241us.jpg 0.636930 0.664290 0.303549 -0.246774 220.166655 -1165.512007 45.370104
slice23/query/img_07795_c1_1284563933450596us.jpg 0.636612 0.664923 0.303451 -0.246009 217.924908 -1165.488411 45.148588
slice23/query/img_07796_c1_1284563933517206us.jpg 0.636432 0.665265 0.303452 -0.245546 216.809299 -1165.477672 45.039025
slice23/query/img_07797_c1_1284563933650560us.jpg 0.637484 0.665000 0.302523 -0.244680 214.581517 -1165.454996 44.816168
slice23/query/img_07798_c1_1284563933717172us.jpg 0.638288 0.664805 0.301676 -0.244160 213.475006 -1165.444960 44.706723
slice23/query/img_07799_c1_1284563933783786us.jpg 0.639030 0.664832 0.300597 -0.243475 212.369011 -1165.432256 44.597907
slice23/query/img_07800_c1_1284563933917158us.jpg 0.640080 0.665032 0.299263 -0.241809 210.158462 -1165.396296 44.382150
slice23/query/img_07801_c1_1284563934050494us.jpg 0.639735 0.666621 0.297969 -0.239938 207.957646 -1165.330498 44.166424
slice23/query/img_07802_c1_1284563934117100us.jpg 0.639456 0.667629 0.296558 -0.239627 206.867302 -1165.297157 44.055782
slice23/query/img_07803_c1_1284563934183714us.jpg 0.639271 0.668462 0.295578 -0.239009 205.773584 -1165.262863 43.947233
slice23/query/img_07804_c1_1284563934317801us.jpg 0.640039 0.669188 0.293819 -0.237081 203.589379 -1165.192811 43.722712
slice23/query/img_07805_c1_1284563934517060us.jpg 0.643016 0.668355 0.292232 -0.233309 200.334367 -1165.072419 43.392806
