slice23/query/img_05338_c1_1311875305250925us.jpg 0.655565 0.692537 0.200512 -0.224549 488.696806 -1204.712398 61.169432
slice23/query/img_05339_c1_1311875305450917us.jpg 0.656936 0.691452 0.201553 -0.222947 485.141328 -1203.982290 61.077377
slice23/query/img_05340_c1_1311875305717641us.jpg 0.658841 0.691057 0.201761 -0.218316 480.439966 -1203.146856 61.004166
slice23/query/img_05341_c1_1311875306050918us.jpg 0.657905 0.693340 0.203353 -0.212341 474.624794 -1202.036886 60.930308
slice23/query/img_05368_c1_1311875313650970us.jpg 0.663153 0.685582 0.220368 -0.204067 340.775105 -1176.619103 55.423368
slice23/query/img_05369_c1_1311875313917721us.jpg 0.664614 0.683739 0.223308 -0.202293 336.290948 -1175.795637 55.201635
slice23/query/img_05370_c1_1311875314184318us.jpg 0.663692 0.684248 0.223908 -0.202937 331.821264 -1174.923860 54.981681
slice23/query/img_05371_c1_1311875314517724us.jpg 0.662862 0.684964 0.226039 -0.200860 326.160684 -1173.833579 54.653934
slice23/query/img_05372_c1_1311875314784351us.jpg 0.661259 0.686371 0.226147 -0.201219 321.620708 -1172.927082 54.343842
slice23/query/img_05373_c1_1311875315050978us.jpg 0.659301 0.687786 0.227331 -0.201478 317.177378 -1172.069627 54.074542
slice23/query/img_05374_c1_1311875315317728us.jpg 0.660672 0.685769 0.229628 -0.201257 312.674921 -1171.233221 53.767583
slice23/query/img_05375_c1_1311875315584323us.jpg 0.657623 0.687166 0.233349 -0.202195 308.178832 -1170.384128 53.467092
slice23/query/img_05376_c1_1311875315850979us.jpg 0.653839 0.688412 0.237125 -0.205803 303.729805 -1169.616302 53.144900
slice23/query/img_05377_c1_1311875316117698us.jpg 0.652880 0.686273 0.242521 -0.209669 299.302919 -1168.888381 52.781808
slice23/query/img_05378_c1_1311875316317700us.jpg 0.650344 0.686340 0.247120 -0.211947 295.941647 -1168.351646 52.519636
slice23/query/img_05379_c1_1311875316717742us.jpg 0.656071 0.678123 0.253417 -0.213308 289.095016 -1167.707899 51.302468
slice23/query/img_05380_c1_1311875316984335us.jpg 0.649153 0.680679 0.263499 -0.214116 284.567830 -1166.889476 51.554743
slice23/query/img_05381_c1_1311875317250959us.jpg 0.644701 0.683350 0.265134 -0.217021 279.972508 -1166.404550 51.116146
