slice23/query/img_07744_c1_1285950340219999us.jpg 0.659333 0.687771 0.203140 -0.225801 488.664333 -1204.564240 60.643976
slice23/query/img_07745_c1_1285950340286739us.jpg 0.658341 0.688327 0.204253 -0.225995 487.618704 -1204.338494 60.656907
slice23/query/img_07746_c1_1285950340419971us.jpg 0.657436 0.688987 0.204614 -0.226290 485.515529 -1203.922035 60.640197
slice23/query/img_07747_c1_1285950340486703us.jpg 0.656820 0.689527 0.204644 -0.226411 484.471198 -1203.721091 60.637519
slice23/query/img_07748_c1_1285950340553317us.jpg 0.656412 0.689912 0.204367 -0.226668 483.428538 -1203.518533 60.631610
slice23/query/img_07749_c1_1285950340619930us.jpg 0.655768 0.690394 0.204429 -0.227011 482.388163 -1203.317239 60.626188
slice23/query/img_07750_c1_1285950340753285us.jpg 0.653986 0.691546 0.204605 -0.228479 480.321942 -1202.906846 60.626472
slice23/query/img_07751_c1_1285950340819895us.jpg 0.653408 0.691928 0.205015 -0.228610 479.278351 -1202.706053 60.621173
slice23/query/img_07752_c1_1285950340886633us.jpg 0.653086 0.692214 0.205867 -0.227897 478.225550 -1202.508199 60.612736
slice23/query/img_07753_c1_1285950341019861us.jpg 0.653970 0.691514 0.206865 -0.226582 476.113044 -1202.107214 60.581634
slice23/query/img_07754_c1_1285950341086619us.jpg 0.653988 0.691514 0.206952 -0.226450 475.055445 -1201.905698 60.563060
slice23/query/img_07755_c1_1285950341153211us.jpg 0.653686 0.691797 0.207075 -0.226346 473.995882 -1201.702264 60.542438
slice23/query/img_07756_c1_1285950341219824us.jpg 0.652767 0.692630 0.207020 -0.226499 472.939313 -1201.498810 60.523211
slice23/query/img_07757_c1_1285950341353178us.jpg 0.650444 0.694538 0.206970 -0.227383 470.817160 -1201.080638 60.491420
slice23/query/img_07758_c1_1285950341419789us.jpg 0.649982 0.694907 0.206644 -0.227871 469.754192 -1200.878540 60.467868
slice23/query/img_07759_c1_1285950341486527us.jpg 0.650080 0.694841 0.206426 -0.227992 468.692113 -1200.682832 60.447242
slice23/query/img_07760_c1_1285950341619776us.jpg 0.651117 0.693822 0.207574 -0.227093 466.571201 -1200.292778 60.413569
slice23/query/img_07761_c1_1285950341686514us.jpg 0.651551 0.693421 0.208213 -0.226487 465.510560 -1200.097253 60.396870
slice23/query/img_07762_c1_1285950341753106us.jpg 0.652020 0.692976 0.209086 -0.225694 464.453978 -1199.904190 60.381239
slice23/query/img_07763_c1_1285950341886479us.jpg 0.652272 0.692916 0.211192 -0.223176 462.307476 -1199.522095 60.347437
slice23/query/img_07764_c1_1285950341953070us.jpg 0.651965 0.693228 0.210791 -0.223481 461.238096 -1199.319980 60.316993
slice23/query/img_07765_c1_1285950342019684us.jpg 0.651815 0.693374 0.209730 -0.224461 460.175001 -1199.116011 60.287465
slice23/query/img_07766_c1_1285950342153315us.jpg 0.651055 0.694178 0.208045 -0.225747 458.042142 -1198.726772 60.249272
slice23/query/img_07767_c1_1285950342219673us.jpg 0.651186 0.694267 0.207956 -0.225176 456.968805 -1198.529918 60.224400
slice23/query/img_07768_c1_1285950342286387us.jpg 0.651278 0.694204 0.208861 -0.224264 455.895646 -1198.329549 60.204929
slice23/query/img_07769_c1_1285950342353001us.jpg 0.651759 0.693711 0.210018 -0.223312 454.823309 -1198.127085 60.182541
slice23/query/img_07770_c1_1285950342486355us.jpg 0.652070 0.693127 0.211949 -0.222389 452.687202 -1197.717643 60.162394
slice23/query/img_07771_c1_1285950342552966us.jpg 0.652273 0.692996 0.212182 -0.221981 451.616046 -1197.523333 60.131938
slice23/query/img_07772_c1_1285950342619578us.jpg 0.652023 0.693193 0.212453 -0.221840 450.549507 -1197.322846 60.101419
slice23/query/img_07773_c1_1285950342686318us.jpg 0.651900 0.693188 0.212735 -0.221948 449.475041 -1197.117348 60.064862
slice23/query/img_07774_c1_1285950342819547us.jpg 0.650994 0.694076 0.212694 -0.221871 447.328857 -1196.712205 60.004385
slice23/query/img_07775_c1_1285950342886283us.jpg 0.650848 0.694256 0.212753 -0.221682 446.249024 -1196.506613 59.960864
slice23/query/img_07776_c1_1285950342952897us.jpg 0.650781 0.694373 0.213198 -0.221082 445.168409 -1196.301143 59.924141
slice23/query/img_07777_c1_1285950343086249us.jpg 0.651443 0.693396 0.215256 -0.220203 443.020025 -1195.896020 59.857522
slice23/query/img_07778_c1_1285950343152861us.jpg 0.651990 0.692696 0.215985 -0.220073 441.946133 -1195.694161 59.818445
slice23/query/img_07779_c1_1285950343219474us.jpg 0.652623 0.692049 0.216313 -0.219911 440.870532 -1195.497370 59.785992
slice23/query/img_07780_c1_1285950343352832us.jpg 0.654254 0.690401 0.216071 -0.220480 438.722014 -1195.110197 59.724747
slice23/query/img_07781_c1_1285950343419438us.jpg 0.653984 0.690511 0.216559 -0.220460 437.650285 -1194.900550 59.702010
slice23/query/img_07782_c1_1285950343486176us.jpg 0.654079 0.690402 0.216926 -0.220155 436.577967 -1194.697772 59.664030
slice23/query/img_07783_c1_1285950343619407us.jpg 0.652799 0.691741 0.218151 -0.218538 434.398624 -1194.289552 59.583206
slice23/query/img_07784_c1_1285950343686146us.jpg 0.651186 0.693200 0.218092 -0.218785 433.313950 -1194.084341 59.543162
slice23/query/img_07785_c1_1285950343752755us.jpg 0.649360 0.694811 0.217531 -0.219659 432.229605 -1193.877293 59.504618
slice23/query/img_07786_c1_1285950343819368us.jpg 0.647890 0.696160 0.216648 -0.220600 431.148693 -1193.673152 59.464309
slice23/query/img_07787_c1_1285950343952743us.jpg 0.648633 0.695538 0.215069 -0.221918 428.978149 -1193.266627 59.356047
slice23/query/img_07788_c1_1285950344019333us.jpg 0.649948 0.694376 0.215135 -0.221646 427.896742 -1193.074068 59.314671
slice23/query/img_07789_c1_1285950344086071us.jpg 0.651289 0.693248 0.215922 -0.220468 426.806578 -1192.880604 59.273699
slice23/query/img_07790_c1_1285950344219321us.jpg 0.653076 0.691642 0.217812 -0.218360 424.626449 -1192.490855 59.198388
slice23/query/img_07791_c1_1285950344286036us.jpg 0.653525 0.691232 0.218291 -0.217837 423.542487 -1192.296956 59.157624
slice23/query/img_07792_c1_1285950344352649us.jpg 0.653640 0.691206 0.218309 -0.217556 422.453699 -1192.098675 59.110968
slice23/query/img_07793_c1_1285950344419263us.jpg 0.653370 0.691497 0.217734 -0.218017 421.365987 -1191.895461 59.063027
slice23/query/img_07794_c1_1285950344552615us.jpg 0.651909 0.692830 0.216515 -0.219369 419.190421 -1191.476614 58.971392
slice23/query/img_07795_c1_1285950344619228us.jpg 0.651454 0.693380 0.216525 -0.218974 418.099004 -1191.275815 58.924449
slice23/query/img_07796_c1_1285950344685966us.jpg 0.650671 0.694251 0.216630 -0.218437 417.011624 -1191.069669 58.877662
slice23/query/img_07797_c1_1285950344819218us.jpg 0.649650 0.695508 0.216909 -0.217195 414.815015 -1190.653665 58.777688
slice23/query/img_07798_c1_1285950344885931us.jpg 0.649236 0.695928 0.216649 -0.217346 413.718473 -1190.441614 58.724007
slice23/query/img_07799_c1_1285950344952544us.jpg 0.648963 0.696242 0.215966 -0.217835 412.627070 -1190.233344 58.671306
slice23/query/img_07800_c1_1285950345019157us.jpg 0.648596 0.696592 0.215278 -0.218492 411.530070 -1190.022499 58.615140
slice23/query/img_07801_c1_1285950345152532us.jpg 0.648699 0.696693 0.213576 -0.219530 409.337520 -1189.617336 58.514129
slice23/query/img_07802_c1_1285950345219151us.jpg 0.649267 0.696137 0.212804 -0.220366 408.239897 -1189.405321 58.462918
slice23/query/img_07803_c1_1285950345285861us.jpg 0.650056 0.695404 0.212269 -0.220868 407.146634 -1189.199633 58.419502
slice23/query/img_07804_c1_1285950345352474us.jpg 0.650668 0.694842 0.212389 -0.220721 406.054164 -1188.992533 58.380115
slice23/query/img_07805_c1_1285950345485828us.jpg 0.650413 0.695435 0.213714 -0.218311 403.871356 -1188.602995 58.316664
slice23/query/img_07806_c1_1285950345552440us.jpg 0.649797 0.696055 0.214335 -0.217560 402.780776 -1188.395817 58.275413
slice23/query/img_07807_c1_1285950345619052us.jpg 0.649263 0.696561 0.214258 -0.217608 401.691380 -1188.185798 58.225393
slice23/query/img_07808_c1_1285950345685790us.jpg 0.649041 0.696633 0.214026 -0.218270 400.606092 -1187.976108 58.176982
slice23/query/img_07809_c1_1285950345819021us.jpg 0.649327 0.696525 0.213126 -0.218641 398.428940 -1187.569189 58.085364
slice23/query/img_07810_c1_1285950345885798us.jpg 0.649516 0.696389 0.213164 -0.218477 397.342748 -1187.365300 58.039579
slice23/query/img_07811_c1_1285950345952368us.jpg 0.649938 0.696140 0.213831 -0.217362 396.246561 -1187.162217 57.998282
slice23/query/img_07812_c1_1285950346085742us.jpg 0.650310 0.695564 0.215955 -0.215986 394.078130 -1186.755621 57.927510
slice23/query/img_07813_c1_1285950346152333us.jpg 0.650420 0.695252 0.215985 -0.216631 392.979250 -1186.546135 57.880296
slice23/query/img_07814_c1_1285950346218946us.jpg 0.650694 0.694745 0.216442 -0.216976 391.880046 -1186.334989 57.827830
slice23/query/img_07815_c1_1285950346352322us.jpg 0.650219 0.695517 0.215915 -0.216451 389.678936 -1185.938385 57.739976
slice23/query/img_07816_c1_1285950346418917us.jpg 0.649654 0.696076 0.216103 -0.216165 388.574523 -1185.730198 57.697540
slice23/query/img_07817_c1_1285950346485649us.jpg 0.649495 0.696205 0.216660 -0.215669 387.466184 -1185.526557 57.649311
slice23/query/img_07818_c1_1285950346552369us.jpg 0.649423 0.696319 0.216379 -0.215802 386.358228 -1185.317181 57.598566
slice23/query/img_07819_c1_1285950346685614us.jpg 0.649219 0.696311 0.216128 -0.216690 384.149925 -1184.892155 57.497178
slice23/query/img_07820_c1_1285950346752227us.jpg 0.649267 0.696230 0.215937 -0.216999 383.044619 -1184.677272 57.442701
slice23/query/img_07821_c1_1285950346818841us.jpg 0.649338 0.696179 0.215465 -0.217419 381.939378 -1184.464659 57.390705
slice23/query/img_07822_c1_1285950346952194us.jpg 0.648920 0.696435 0.215755 -0.217557 379.734978 -1184.046820 57.296027
slice23/query/img_07823_c1_1285950347018805us.jpg 0.648841 0.696436 0.216118 -0.217428 378.630975 -1183.840754 57.248413
slice23/query/img_07824_c1_1285950347085545us.jpg 0.648850 0.696392 0.216409 -0.217255 377.528845 -1183.632109 57.200849
slice23/query/img_07825_c1_1285950347218794us.jpg 0.649302 0.696171 0.216041 -0.216977 375.303188 -1183.225936 57.100648
slice23/query/img_07826_c1_1285950347285530us.jpg 0.649527 0.695985 0.216019 -0.216924 374.194897 -1183.022120 57.049707
slice23/query/img_07827_c1_1285950347352125us.jpg 0.649730 0.695886 0.216127 -0.216523 373.082173 -1182.815254 57.002323
slice23/query/img_07828_c1_1285950347418736us.jpg 0.649894 0.695573 0.216685 -0.216479 371.970827 -1182.607912 56.953593
slice23/query/img_07829_c1_1285950347552111us.jpg 0.649997 0.695696 0.217693 -0.214758 369.742976 -1182.191870 56.854896
slice23/query/img_07830_c1_1285950347618701us.jpg 0.650401 0.695320 0.218394 -0.214040 368.631352 -1181.986735 56.806499
slice23/query/img_07831_c1_1285950347685439us.jpg 0.650839 0.694750 0.219221 -0.213713 367.518659 -1181.776382 56.752755
slice23/query/img_07832_c1_1285950347752053us.jpg 0.651314 0.694394 0.219042 -0.213604 366.409909 -1181.572414 56.698028
slice23/query/img_07833_c1_1285950347885426us.jpg 0.652107 0.693878 0.217821 -0.214111 364.189727 -1181.155473 56.583260
slice23/query/img_07834_c1_1285950347952018us.jpg 0.652557 0.693458 0.217876 -0.214045 363.078166 -1180.945620 56.533544
slice23/query/img_07835_c1_1285950348018631us.jpg 0.653041 0.693103 0.218096 -0.213491 361.964735 -1180.737884 56.480330
slice23/query/img_07836_c1_1285950348152004us.jpg 0.653084 0.693287 0.218856 -0.211982 359.740222 -1180.319615 56.380100
slice23/query/img_07837_c1_1285950348218596us.jpg 0.652982 0.693532 0.218838 -0.211516 358.625279 -1180.111241 56.326738
slice23/query/img_07838_c1_1285950348285335us.jpg 0.652636 0.693979 0.218554 -0.211407 357.511278 -1179.896882 56.270687
slice23/query/img_07839_c1_1285950348351947us.jpg 0.652079 0.694482 0.218659 -0.211367 356.401205 -1179.682769 56.216549
slice23/query/img_07840_c1_1285950348485321us.jpg 0.651418 0.695230 0.218451 -0.211162 354.167265 -1179.245533 56.099289
slice23/query/img_07841_c1_1285950348551913us.jpg 0.651139 0.695567 0.218051 -0.211323 353.056818 -1179.028203 56.041961
slice23/query/img_07842_c1_1285950348618527us.jpg 0.651106 0.695689 0.217907 -0.211173 351.945910 -1178.812505 55.983260
slice23/query/img_07843_c1_1285950348751901us.jpg 0.651279 0.695614 0.218360 -0.210418 349.718344 -1178.383118 55.871882
slice23/query/img_07844_c1_1285950348818491us.jpg 0.651458 0.695517 0.218446 -0.210096 348.605333 -1178.168531 55.812910
slice23/query/img_07845_c1_1285950348885228us.jpg 0.651256 0.695817 0.218334 -0.209844 347.494072 -1177.952193 55.756457
slice23/query/img_07846_c1_1285950348951842us.jpg 0.651150 0.696007 0.217750 -0.210147 346.387904 -1177.731629 55.693490
slice23/query/img_07847_c1_1285950349085215us.jpg 0.650814 0.696539 0.216510 -0.210705 344.183371 -1177.293889 55.568762
slice23/query/img_07848_c1_1285950349151806us.jpg 0.650475 0.696873 0.216113 -0.211055 343.086161 -1177.073351 55.510335
slice23/query/img_07849_c1_1285950349218420us.jpg 0.650441 0.696933 0.215967 -0.211113 341.989731 -1176.854207 55.453059
slice23/query/img_07850_c1_1285950349351774us.jpg 0.650726 0.696643 0.215942 -0.211219 339.799347 -1176.421646 55.346430
slice23/query/img_07851_c1_1285950349418385us.jpg 0.651012 0.696425 0.216366 -0.210619 338.702588 -1176.206585 55.294743
slice23/query/img_07852_c1_1285950349485125us.jpg 0.651570 0.696012 0.216772 -0.209843 337.608916 -1175.994568 55.241813
slice23/query/img_07853_c1_1285950349551736us.jpg 0.652154 0.695526 0.217311 -0.209082 336.517589 -1175.784777 55.186880
slice23/query/img_07854_c1_1285950349685089us.jpg 0.652880 0.694937 0.217611 -0.208458 334.326798 -1175.352129 55.072942
slice23/query/img_07855_c1_1285950349751701us.jpg 0.653007 0.694749 0.217961 -0.208322 333.233585 -1175.127662 55.011639
slice23/query/img_07856_c1_1285950349818315us.jpg 0.652811 0.694808 0.218428 -0.208253 332.149971 -1174.905962 54.950653
slice23/query/img_07857_c1_1285950349951689us.jpg 0.652243 0.695154 0.219373 -0.207883 329.980486 -1174.474625 54.840092
slice23/query/img_07858_c1_1285950350018280us.jpg 0.652390 0.694968 0.219841 -0.207549 328.897567 -1174.265422 54.783231
slice23/query/img_07859_c1_1285950350085018us.jpg 0.652634 0.694651 0.220570 -0.207071 327.813523 -1174.055623 54.724601
slice23/query/img_07860_c1_1285950350218265us.jpg 0.653219 0.694019 0.222054 -0.205755 325.645501 -1173.639446 54.595391
slice23/query/img_07861_c1_1285950350284983us.jpg 0.653099 0.694035 0.222731 -0.205348 324.565395 -1173.428358 54.528717
slice23/query/img_07862_c1_1285950350418232us.jpg 0.652315 0.694543 0.223694 -0.205076 322.414596 -1173.009650 54.398962
slice23/query/img_07863_c1_1285950350484952us.jpg 0.652194 0.694489 0.224207 -0.205084 321.331114 -1172.796745 54.328984
slice23/query/img_07864_c1_1285950350551562us.jpg 0.652192 0.694423 0.224262 -0.205254 320.247238 -1172.584335 54.256367
slice23/query/img_07865_c1_1285950350618174us.jpg 0.652263 0.694223 0.224589 -0.205345 319.170424 -1172.378697 54.186287
slice23/query/img_07866_c1_1285950350751528us.jpg 0.652310 0.693997 0.225255 -0.205232 317.018076 -1171.971406 54.049939
slice23/query/img_07867_c1_1285950350818139us.jpg 0.652419 0.693830 0.225759 -0.204898 315.941290 -1171.768495 53.977955
slice23/query/img_07868_c1_1285950350951578us.jpg 0.651996 0.693866 0.227022 -0.204725 313.798630 -1171.363820 53.839107
slice23/query/img_07869_c1_1285950351018132us.jpg 0.651674 0.693951 0.227581 -0.204839 312.719390 -1171.161095 53.768156
slice23/query/img_07870_c1_1285950351084842us.jpg 0.651333 0.693987 0.228424 -0.204865 311.642929 -1170.962304 53.695348
slice23/query/img_07871_c1_1285950351151455us.jpg 0.650735 0.694032 0.229559 -0.205346 310.571830 -1170.760981 53.623107
slice23/query/img_07872_c1_1285950351284807us.jpg 0.649490 0.694312 0.231482 -0.206180 308.409917 -1170.355235 53.466178
slice23/query/img_07873_c1_1285950351351441us.jpg 0.648989 0.694351 0.232377 -0.206620 307.320314 -1170.160494 53.381502
slice23/query/img_07874_c1_1285950351418034us.jpg 0.648327 0.694447 0.233424 -0.207192 306.228894 -1169.965510 53.297806
slice23/query/img_07875_c1_1285950351484771us.jpg 0.647541 0.694805 0.234335 -0.207422 305.137333 -1169.775974 53.210711
slice23/query/img_07876_c1_1285950351618000us.jpg 0.646102 0.695082 0.236378 -0.208658 302.952457 -1169.402846 53.033165
slice23/query/img_07877_c1_1285950351684758us.jpg 0.645661 0.694823 0.237612 -0.209485 301.862304 -1169.214820 52.943809
slice23/query/img_07878_c1_1285950351751350us.jpg 0.645354 0.694543 0.238851 -0.209947 300.770265 -1169.032344 52.853619
slice23/query/img_07879_c1_1285950351817963us.jpg 0.645080 0.694268 0.240130 -0.210240 299.677012 -1168.852193 52.763347
slice23/query/img_07880_c1_1285950351951339us.jpg 0.644388 0.693868 0.242190 -0.211315 297.474530 -1168.509856 52.576142
slice23/query/img_07881_c1_1285950352017933us.jpg 0.643950 0.693610 0.243362 -0.212153 296.372568 -1168.335912 52.482107
slice23/query/img_07882_c1_1285950352084667us.jpg 0.643300 0.693538 0.244417 -0.213144 295.273072 -1168.163385 52.387156
slice23/query/img_07883_c1_1285950352151280us.jpg 0.642449 0.693736 0.245223 -0.214138 294.167020 -1167.989788 52.288884
slice23/query/img_07884_c1_1285950352286091us.jpg 0.641041 0.693833 0.246400 -0.216679 291.952924 -1167.648189 52.083063
slice23/query/img_07885_c1_1285950352351246us.jpg 0.640572 0.693638 0.247000 -0.218000 290.838399 -1167.486684 51.984754
slice23/query/img_07886_c1_1285950352417858us.jpg 0.640345 0.693321 0.247988 -0.218556 289.724528 -1167.335127 51.889951
slice23/query/img_07887_c1_1285950352484596us.jpg 0.640270 0.692771 0.249366 -0.218950 288.609685 -1167.183867 51.796493
slice23/query/img_07888_c1_1285950352551210us.jpg 0.640110 0.692378 0.250978 -0.218817 287.501312 -1167.032959 51.707732
slice23/query/img_07889_c1_1285950352684672us.jpg 0.639434 0.691854 0.253789 -0.219211 285.265969 -1166.754617 51.525400
slice23/query/img_07890_c1_1285950352751181us.jpg 0.639707 0.691018 0.255127 -0.219497 284.146439 -1166.617539 51.423358
slice23/query/img_07891_c1_1285950352817787us.jpg 0.640001 0.690179 0.256311 -0.219903 283.029673 -1166.485629 51.323610
slice23/query/img_07892_c1_1285950352884527us.jpg 0.640412 0.689300 0.257052 -0.220594 281.911835 -1166.353507 51.222834
slice23/query/img_07893_c1_1285950353017758us.jpg 0.640851 0.688159 0.258064 -0.221699 279.646847 -1166.093968 51.007432
slice23/query/img_07894_c1_1285950353084512us.jpg 0.640667 0.687925 0.258586 -0.222347 278.514466 -1165.962416 50.902417
slice23/query/img_07895_c1_1285950353151161us.jpg 0.640321 0.687697 0.259647 -0.222813 277.383040 -1165.834522 50.797847
slice23/query/img_07896_c1_1285950353217718us.jpg 0.639797 0.687621 0.260810 -0.223195 276.249043 -1165.706920 50.693950
slice23/query/img_07897_c1_1285950353284457us.jpg 0.639325 0.687464 0.261970 -0.223671 275.114219 -1165.581957 50.590217
slice23/query/img_07898_c1_1285950353417685us.jpg 0.638707 0.686618 0.264143 -0.225474 272.865663 -1165.334744 50.382071
slice23/query/img_07899_c1_1285950353484421us.jpg 0.638766 0.686087 0.264273 -0.226764 271.738967 -1165.218006 50.275694
slice23/query/img_07900_c1_1285950353551035us.jpg 0.638263 0.686189 0.264760 -0.227303 270.609574 -1165.107165 50.168265
slice23/query/img_07901_c1_1285950353684388us.jpg 0.635660 0.687163 0.267192 -0.228802 268.347967 -1164.870703 49.963388
slice23/query/img_07902_c1_1285950353750999us.jpg 0.634404 0.687555 0.268439 -0.229654 267.216018 -1164.752713 49.858494
slice23/query/img_07903_c1_1285950353817612us.jpg 0.633633 0.687278 0.270018 -0.230756 266.093413 -1164.648724 49.753706
slice23/query/img_07904_c1_1285950353950987us.jpg 0.634765 0.685364 0.272571 -0.230336 263.810021 -1164.466274 49.519596
slice23/query/img_07905_c1_1285950354017599us.jpg 0.635443 0.684087 0.274071 -0.230483 262.684679 -1164.381628 49.415706
slice23/query/img_07906_c1_1285950354084316us.jpg 0.636378 0.682380 0.275777 -0.230927 261.560096 -1164.303209 49.313394
slice23/query/img_07907_c1_1285950354150929us.jpg 0.637329 0.680810 0.276895 -0.231599 260.429435 -1164.223478 49.204877
slice23/query/img_07908_c1_1285950354217543us.jpg 0.637360 0.680135 0.278010 -0.232162 259.298015 -1164.143692 49.091823
slice23/query/img_07909_c1_1285950354350903us.jpg 0.635407 0.680477 0.279294 -0.234954 257.006295 -1163.973070 48.856631
slice23/query/img_07910_c1_1285950354417507us.jpg 0.633840 0.681344 0.279462 -0.236470 255.860064 -1163.889756 48.741494
slice23/query/img_07911_c1_1285950354484245us.jpg 0.632322 0.682116 0.279962 -0.237714 254.712004 -1163.812042 48.627470
slice23/query/img_07912_c1_1285950354550858us.jpg 0.631424 0.682457 0.280141 -0.238909 253.567389 -1163.738875 48.510142
slice23/query/img_07913_c1_1285950354684211us.jpg 0.631483 0.681471 0.281234 -0.240278 251.260103 -1163.615480 48.282406
slice23/query/img_07914_c1_1285950354750823us.jpg 0.631941 0.680699 0.282182 -0.240150 250.109481 -1163.558041 48.178080
slice23/query/img_07915_c1_1285950354817436us.jpg 0.632692 0.679714 0.283337 -0.239603 248.956020 -1163.504883 48.073672
slice23/query/img_07916_c1_1285950354884175us.jpg 0.633282 0.678703 0.284467 -0.239573 247.808162 -1163.449372 47.964914
slice23/query/img_07917_c1_1285950355017424us.jpg 0.633430 0.677629 0.286302 -0.240033 245.504262 -1163.339266 47.752023
slice23/query/img_07918_c1_1285950355084140us.jpg 0.633230 0.677543 0.286466 -0.240609 244.353813 -1163.293727 47.642054
slice23/query/img_07919_c1_1285950355150754us.jpg 0.632908 0.677662 0.286400 -0.241199 243.201567 -1163.250489 47.527456
slice23/query/img_07920_c1_1285950355284138us.jpg 0.631621 0.678187 0.286616 -0.242835 240.899024 -1163.154052 47.305457
slice23/query/img_07921_c1_1285950355350718us.jpg 0.631145 0.678029 0.287188 -0.243835 239.737361 -1163.104784 47.195428
slice23/query/img_07922_c1_1285950355417331us.jpg 0.630844 0.677801 0.288038 -0.244247 238.570532 -1163.061267 47.084738
slice23/query/img_07923_c1_1285950355484069us.jpg 0.630795 0.677434 0.288921 -0.244347 237.401774 -1163.022740 46.976468
slice23/query/img_07924_c1_1285950355617318us.jpg 0.631386 0.675660 0.291203 -0.245023 235.040474 -1162.927384 46.746887
slice23/query/img_07925_c1_1285950355684034us.jpg 0.631955 0.674575 0.291895 -0.245723 233.865715 -1162.887197 46.632734
slice23/query/img_07926_c1_1285950355750648us.jpg 0.632604 0.673640 0.292116 -0.246355 232.694849 -1162.854528 46.517094
slice23/query/img_07927_c1_1285950355884005us.jpg 0.632756 0.672045 0.296281 -0.245343 230.341410 -1162.793303 46.300295
slice23/query/img_07928_c1_1285950355950616us.jpg 0.632817 0.671538 0.297371 -0.245256 229.171863 -1162.770108 46.183338
slice23/query/img_07929_c1_1285950356017225us.jpg 0.632574 0.671517 0.297597 -0.245664 228.003724 -1162.752523 46.064521
slice23/query/img_07930_c1_1285950356083965us.jpg 0.631922 0.671729 0.297758 -0.246567 226.836607 -1162.724949 45.945103
slice23/query/img_07931_c1_1285950356217191us.jpg 0.631233 0.671278 0.297751 -0.249547 224.508653 -1162.661847 45.693370
slice23/query/img_07932_c1_1285950356283928us.jpg 0.630574 0.671369 0.298036 -0.250628 223.347019 -1162.633105 45.570326
slice23/query/img_07933_c1_1285950356350542us.jpg 0.629680 0.671668 0.298791 -0.251178 222.198314 -1162.614272 45.455985
slice23/query/img_07934_c1_1285950356483917us.jpg 0.627343 0.672689 0.300071 -0.252761 219.885243 -1162.554952 45.253031
slice23/query/img_07935_c1_1285950356550528us.jpg 0.627996 0.672115 0.300032 -0.252712 218.728579 -1162.550455 45.142431
slice23/query/img_07936_c1_1285950356617127us.jpg 0.628976 0.671493 0.299363 -0.252722 217.578323 -1162.545417 45.030885
slice23/query/img_07937_c1_1285950356683859us.jpg 0.629644 0.671125 0.299123 -0.252319 216.436285 -1162.544511 44.927773
slice23/query/img_07938_c1_1285950356817108us.jpg 0.628669 0.672334 0.298775 -0.251945 214.130397 -1162.493951 44.688361
slice23/query/img_07939_c1_1285950356883844us.jpg 0.628285 0.673052 0.298739 -0.251027 213.008549 -1162.482061 44.576363
slice23/query/img_07940_c1_1285950356950437us.jpg 0.627696 0.673926 0.298535 -0.250396 211.875514 -1162.457042 44.451853
slice23/query/img_07941_c1_1285950357017050us.jpg 0.626526 0.675311 0.297738 -0.250544 210.750982 -1162.432732 44.333516
slice23/query/img_07942_c1_1285950357150425us.jpg 0.624147 0.678546 0.294107 -0.252024 208.505832 -1162.400709 44.105935
slice23/query/img_07943_c1_1285950357217015us.jpg 0.624403 0.679022 0.292928 -0.251482 207.395182 -1162.401707 44.003538
slice23/query/img_07944_c1_1285950357283754us.jpg 0.625232 0.678889 0.291917 -0.250955 206.278443 -1162.388917 43.897640
slice23/query/img_07945_c1_1285950357416984us.jpg 0.628676 0.677111 0.290905 -0.248318 204.044413 -1162.376864 43.693620
slice23/query/img_07946_c1_1285950357483741us.jpg 0.630322 0.676281 0.290409 -0.246984 202.920684 -1162.348170 43.589554
slice23/query/img_07947_c1_1285950357550333us.jpg 0.631477 0.676151 0.289623 -0.245305 201.808034 -1162.321801 43.485549
slice23/query/img_07948_c1_1285950357616945us.jpg 0.632469 0.676372 0.288749 -0.243160 200.698676 -1162.296409 43.379978
slice23/query/img_07949_c1_1285950357750302us.jpg 0.632264 0.678597 0.286841 -0.239733 198.491410 -1162.201337 43.172257
slice23/query/img_07950_c1_1285950357816913us.jpg 0.632549 0.679481 0.285174 -0.238459 197.396420 -1162.153735 43.059413
slice23/query/img_07951_c1_1285950357883649us.jpg 0.632804 0.680536 0.283084 -0.237261 196.303745 -1162.102844 42.952006
slice23/query/img_07952_c1_1285950358016882us.jpg 0.634100 0.681435 0.279980 -0.234891 194.156554 -1161.982331 42.738723
slice23/query/img_07953_c1_1285950358083635us.jpg 0.636314 0.680493 0.278108 -0.233859 193.082601 -1161.913983 42.606707
