slice23/query/img_05973_c1_1287504349341295us.jpg 0.659215 0.687378 0.202578 -0.227835 489.167618 -1204.657279 60.663804
slice23/query/img_05974_c1_1287504349408028us.jpg 0.658856 0.687558 0.202863 -0.228078 488.041765 -1204.433558 60.663867
slice23/query/img_05975_c1_1287504349541278us.jpg 0.657597 0.688585 0.203054 -0.228442 485.782656 -1203.991192 60.660413
slice23/query/img_05976_c1_1287504349607993us.jpg 0.657360 0.688839 0.203090 -0.228325 484.648065 -1203.771083 60.657179
slice23/query/img_05977_c1_1287504349674605us.jpg 0.657166 0.689025 0.203359 -0.228085 483.512872 -1203.553409 60.651827
slice23/query/img_05978_c1_1287504349807955us.jpg 0.655882 0.689700 0.205742 -0.227601 481.230540 -1203.109709 60.654690
slice23/query/img_05979_c1_1287504349874569us.jpg 0.655297 0.689821 0.206845 -0.227921 480.091732 -1202.876383 60.652172
slice23/query/img_05980_c1_1287504350007922us.jpg 0.653678 0.691040 0.208342 -0.227511 477.806166 -1202.440014 60.648046
slice23/query/img_05981_c1_1287504350074533us.jpg 0.653692 0.691187 0.208751 -0.226651 476.672460 -1202.235371 60.633391
slice23/query/img_05982_c1_1287504350141147us.jpg 0.653755 0.691282 0.208533 -0.226379 475.542018 -1202.026963 60.617045
slice23/query/img_05983_c1_1287504350274495us.jpg 0.652609 0.692532 0.208993 -0.225440 473.293724 -1201.603488 60.620917
slice23/query/img_05984_c1_1287504350341110us.jpg 0.651315 0.693543 0.209235 -0.225849 472.165224 -1201.372131 60.606517
slice23/query/img_05985_c1_1287504350474462us.jpg 0.649584 0.695037 0.208785 -0.226655 469.898979 -1200.927936 60.557725
slice23/query/img_05986_c1_1287504350541073us.jpg 0.649584 0.695049 0.208713 -0.226685 468.767596 -1200.712510 60.527639
slice23/query/img_05987_c1_1287504350674448us.jpg 0.650502 0.694563 0.208729 -0.225524 466.491209 -1200.293578 60.473049
slice23/query/img_05988_c1_1287504350741059us.jpg 0.651028 0.694225 0.209156 -0.224651 465.355429 -1200.085838 60.451129
slice23/query/img_05989_c1_1287504350807776us.jpg 0.651676 0.693836 0.209599 -0.223560 464.219456 -1199.880114 60.430401
slice23/query/img_05990_c1_1287504350941004us.jpg 0.651601 0.694265 0.210310 -0.221770 461.937310 -1199.444960 60.380996
slice23/query/img_05991_c1_1287504351007740us.jpg 0.651396 0.694372 0.209685 -0.222626 460.798262 -1199.215726 60.344452
slice23/query/img_05992_c1_1287504351140970us.jpg 0.650065 0.695435 0.207853 -0.224908 458.506659 -1198.780203 60.295904
slice23/query/img_05993_c1_1287504351207703us.jpg 0.649807 0.695623 0.207558 -0.225341 457.367633 -1198.565747 60.263465
slice23/query/img_05994_c1_1287504351274316us.jpg 0.649870 0.695573 0.208090 -0.224823 456.229420 -1198.353895 60.233757
slice23/query/img_05995_c1_1287504351407668us.jpg 0.651597 0.693801 0.212077 -0.221549 453.924106 -1197.914438 60.200580
slice23/query/img_05996_c1_1287504351474280us.jpg 0.652134 0.693303 0.212746 -0.220889 452.774658 -1197.697262 60.176826
slice23/query/img_05997_c1_1287504351607654us.jpg 0.652987 0.692428 0.214423 -0.219486 450.480191 -1197.270159 60.116763
slice23/query/img_05998_c1_1287504351674244us.jpg 0.653171 0.692121 0.214916 -0.219425 449.330864 -1197.049017 60.077962
slice23/query/img_05999_c1_1287504351740857us.jpg 0.653259 0.692092 0.214823 -0.219344 448.174453 -1196.829755 60.035741
slice23/query/img_06000_c1_1287504351874230us.jpg 0.652610 0.692889 0.214547 -0.219032 445.866141 -1196.391135 59.943988
slice23/query/img_06001_c1_1287504351940821us.jpg 0.652132 0.693543 0.214234 -0.218690 444.709955 -1196.178764 59.899831
slice23/query/img_06002_c1_1287504352007560us.jpg 0.652293 0.693429 0.214403 -0.218407 443.551709 -1195.967045 59.850697
slice23/query/img_06003_c1_1287504352140785us.jpg 0.653630 0.692004 0.215723 -0.217627 441.240048 -1195.545650 59.765751
slice23/query/img_06004_c1_1287504352207524us.jpg 0.654628 0.690990 0.216009 -0.217565 440.088010 -1195.330896 59.727476
slice23/query/img_06005_c1_1287504352340770us.jpg 0.655400 0.689747 0.217424 -0.217776 437.820578 -1194.900940 59.699668
slice23/query/img_06006_c1_1287504352407487us.jpg 0.655325 0.689901 0.217846 -0.217092 436.674120 -1194.690588 59.671977
slice23/query/img_06007_c1_1287504352540736us.jpg 0.653592 0.691601 0.218951 -0.215792 434.370308 -1194.253143 59.603240
slice23/query/img_06008_c1_1287504352607451us.jpg 0.651861 0.693159 0.219071 -0.215908 433.220483 -1194.027156 59.558791
slice23/query/img_06009_c1_1287504352740702us.jpg 0.649129 0.695749 0.217939 -0.216952 430.913716 -1193.582587 59.454031
slice23/query/img_06010_c1_1287504352807414us.jpg 0.648903 0.695979 0.216890 -0.217939 429.760730 -1193.364478 59.401650
slice23/query/img_06011_c1_1287504352874028us.jpg 0.649658 0.695352 0.216215 -0.218359 428.615531 -1193.153513 59.348948
slice23/query/img_06012_c1_1287504353007381us.jpg 0.651552 0.693748 0.216829 -0.217206 426.311375 -1192.741138 59.258955
slice23/query/img_06013_c1_1287504353073992us.jpg 0.652223 0.693065 0.217755 -0.216449 425.161276 -1192.529297 59.218302
slice23/query/img_06014_c1_1287504353207343us.jpg 0.652661 0.692543 0.218720 -0.215821 422.867578 -1192.092892 59.128357
slice23/query/img_06015_c1_1287504353273956us.jpg 0.652354 0.692799 0.218278 -0.216378 421.726751 -1191.873775 59.076875
slice23/query/img_06016_c1_1287504353407328us.jpg 0.651263 0.693470 0.217609 -0.218182 419.449610 -1191.424630 58.979726
slice23/query/img_06017_c1_1287504353473919us.jpg 0.650378 0.694286 0.217576 -0.218255 418.307725 -1191.209444 58.935676
slice23/query/img_06018_c1_1287504353607274us.jpg 0.647980 0.696672 0.217301 -0.218060 416.026743 -1190.781394 58.842012
slice23/query/img_06019_c1_1287504353673882us.jpg 0.646859 0.697665 0.217410 -0.218108 414.884852 -1190.562766 58.792317
slice23/query/img_06020_c1_1287504353740495us.jpg 0.645948 0.698457 0.217196 -0.218482 413.745526 -1190.344161 58.738995
slice23/query/img_06021_c1_1287504353873868us.jpg 0.645016 0.699126 0.216163 -0.220114 411.465988 -1189.905427 58.623776
slice23/query/img_06022_c1_1287504353940461us.jpg 0.644703 0.699192 0.215856 -0.221122 410.330211 -1189.683799 58.571694
slice23/query/img_06023_c1_1287504354073834us.jpg 0.645725 0.698018 0.215120 -0.222559 408.054056 -1189.256610 58.467574
slice23/query/img_06024_c1_1287504354140423us.jpg 0.646420 0.697353 0.214602 -0.223127 406.915338 -1189.047863 58.420526
slice23/query/img_06025_c1_1287504354207162us.jpg 0.646933 0.696794 0.214796 -0.223201 405.773636 -1188.838620 58.372812
slice23/query/img_06026_c1_1287504354340409us.jpg 0.646664 0.697000 0.216841 -0.221353 403.491274 -1188.427198 58.293788
slice23/query/img_06027_c1_1287504354407125us.jpg 0.645983 0.697706 0.216947 -0.221013 402.349039 -1188.215488 58.242532
slice23/query/img_06028_c1_1287504354540354us.jpg 0.644991 0.698260 0.216687 -0.222412 400.081809 -1187.795117 58.144154
slice23/query/img_06029_c1_1287504354607089us.jpg 0.644758 0.698389 0.216384 -0.222974 398.947314 -1187.585607 58.101180
slice23/query/img_06030_c1_1287504354741596us.jpg 0.645436 0.698025 0.216328 -0.222207 396.644574 -1187.182784 57.999937
slice23/query/img_06031_c1_1287504354807074us.jpg 0.645927 0.697644 0.216685 -0.221626 395.493864 -1186.975717 57.949055
slice23/query/img_06032_c1_1287504354940300us.jpg 0.647442 0.696331 0.216927 -0.221098 393.212862 -1186.569641 57.844302
slice23/query/img_06033_c1_1287504355007016us.jpg 0.647935 0.695751 0.217071 -0.221340 392.074588 -1186.360603 57.794422
slice23/query/img_06034_c1_1287504355140250us.jpg 0.648930 0.695258 0.216953 -0.220086 389.802037 -1185.947646 57.702980
slice23/query/img_06035_c1_1287504355273615us.jpg 0.649971 0.694680 0.218143 -0.217650 387.546337 -1185.546400 57.592638
slice23/query/img_06036_c1_1287504355473725us.jpg 0.651282 0.693799 0.217968 -0.216716 384.178064 -1184.946357 57.439353
slice23/query/img_06037_c1_1287504355540174us.jpg 0.651175 0.693902 0.217722 -0.216953 383.055272 -1184.729559 57.390340
slice23/query/img_06038_c1_1287504355606908us.jpg 0.651309 0.693780 0.217453 -0.217212 381.932396 -1184.516025 57.337758
slice23/query/img_06039_c1_1287504355806895us.jpg 0.650343 0.694926 0.217775 -0.216113 378.547656 -1183.896781 57.240066
slice23/query/img_06040_c1_1287504355940116us.jpg 0.650445 0.694945 0.218058 -0.215462 376.267247 -1183.461422 57.142590
slice23/query/img_06041_c1_1287504356073454us.jpg 0.651240 0.694244 0.217823 -0.215558 374.000622 -1183.033943 57.029998
slice23/query/img_06042_c1_1287504356140062us.jpg 0.651190 0.694236 0.218098 -0.215455 372.870579 -1182.818314 56.980405
slice23/query/img_06043_c1_1287504356273415us.jpg 0.650626 0.694456 0.219091 -0.215443 370.606159 -1182.385573 56.882785
slice23/query/img_06044_c1_1287504356406764us.jpg 0.650035 0.694510 0.221222 -0.214877 368.323413 -1181.967368 56.784100
slice23/query/img_06045_c1_1287504356540012us.jpg 0.650465 0.693895 0.221563 -0.215210 366.020839 -1181.554263 56.653754
slice23/query/img_06046_c1_1287504356673363us.jpg 0.652070 0.692052 0.222030 -0.215805 363.730178 -1181.143679 56.541813
slice23/query/img_06047_c1_1287504356739954us.jpg 0.652686 0.691316 0.222556 -0.215759 362.589883 -1180.936393 56.490211
slice23/query/img_06048_c1_1287504356873328us.jpg 0.653198 0.690750 0.223595 -0.214948 360.308754 -1180.522530 56.381960
slice23/query/img_06049_c1_1287504357006677us.jpg 0.653033 0.690909 0.224303 -0.214198 358.028340 -1180.112923 56.263529
slice23/query/img_06050_c1_1287504357073268us.jpg 0.652959 0.690956 0.224485 -0.214083 356.893082 -1179.906390 56.201400
slice23/query/img_06051_c1_1287504357206647us.jpg 0.652434 0.691523 0.224653 -0.213675 354.629774 -1179.492691 56.092158
slice23/query/img_06052_c1_1287504357339939us.jpg 0.652806 0.691942 0.222987 -0.212925 352.364658 -1179.098240 55.973254
slice23/query/img_06053_c1_1287504357473202us.jpg 0.653367 0.692173 0.222016 -0.211465 350.101257 -1178.690849 55.856294
slice23/query/img_06054_c1_1287504357539809us.jpg 0.653767 0.692026 0.221965 -0.210761 348.974849 -1178.480269 55.797209
slice23/query/img_06055_c1_1287504357673184us.jpg 0.653732 0.692667 0.220831 -0.209954 346.733802 -1178.055374 55.683679
slice23/query/img_06056_c1_1287504357739774us.jpg 0.653700 0.693052 0.219909 -0.209752 345.613911 -1177.842008 55.620389
slice23/query/img_06057_c1_1287504357806512us.jpg 0.653294 0.693761 0.218919 -0.209710 344.498654 -1177.625628 55.559732
slice23/query/img_06058_c1_1287504357939759us.jpg 0.652413 0.694860 0.217608 -0.210173 342.270946 -1177.187463 55.442439
slice23/query/img_06059_c1_1287504358006476us.jpg 0.652159 0.695031 0.217351 -0.210663 341.158086 -1176.966949 55.384881
slice23/query/img_06060_c1_1287504358139725us.jpg 0.651422 0.695823 0.216840 -0.210854 338.929921 -1176.532553 55.283400
slice23/query/img_06061_c1_1287504358273052us.jpg 0.651684 0.695651 0.217408 -0.210029 336.711293 -1176.107134 55.176502
slice23/query/img_06062_c1_1287504358339665us.jpg 0.652220 0.695117 0.217755 -0.209770 335.604645 -1175.896540 55.118693
slice23/query/img_06063_c1_1287504358473017us.jpg 0.652823 0.694460 0.218477 -0.209320 333.382644 -1175.477118 55.011370
slice23/query/img_06064_c1_1287504358539628us.jpg 0.652756 0.694428 0.219027 -0.209059 332.269426 -1175.258544 54.951916
slice23/query/img_06065_c1_1287504358672982us.jpg 0.652173 0.694767 0.220100 -0.208628 330.052089 -1174.818574 54.835138
slice23/query/img_06066_c1_1287504358739592us.jpg 0.652137 0.694722 0.220562 -0.208402 328.943212 -1174.603524 54.778059
slice23/query/img_06067_c1_1287504358872949us.jpg 0.652251 0.694463 0.221616 -0.207787 326.725074 -1174.176119 54.657034
slice23/query/img_06068_c1_1287504358939556us.jpg 0.652286 0.694292 0.222406 -0.207404 325.609513 -1173.955158 54.588336
slice23/query/img_06069_c1_1287504359006294us.jpg 0.652105 0.694375 0.223120 -0.206929 324.502620 -1173.743745 54.524083
slice23/query/img_06070_c1_1287504359139523us.jpg 0.651560 0.694614 0.224379 -0.206482 322.289925 -1173.306397 54.389599
slice23/query/img_06071_c1_1287504359206258us.jpg 0.651521 0.694456 0.224905 -0.206565 321.184007 -1173.090184 54.317541
slice23/query/img_06072_c1_1287504359339488us.jpg 0.651586 0.694259 0.225179 -0.206723 318.974709 -1172.678707 54.179613
slice23/query/img_06073_c1_1287504359406222us.jpg 0.651494 0.694238 0.225245 -0.207014 317.868114 -1172.468566 54.113251
slice23/query/img_06074_c1_1287504359539449us.jpg 0.651470 0.693862 0.226599 -0.206871 315.646225 -1172.037477 53.965278
slice23/query/img_06075_c1_1287504359672820us.jpg 0.650823 0.693986 0.227457 -0.207548 313.423934 -1171.610509 53.815596
slice23/query/img_06076_c1_1287504359739412us.jpg 0.650529 0.694166 0.227940 -0.207337 312.312424 -1171.407387 53.745385
slice23/query/img_06077_c1_1287504359872763us.jpg 0.650176 0.694011 0.229613 -0.207115 310.086740 -1171.001067 53.600215
slice23/query/img_06078_c1_1287504359939376us.jpg 0.650166 0.693699 0.230672 -0.207018 308.965707 -1170.793211 53.521773
slice23/query/img_06079_c1_1287504360072750us.jpg 0.649788 0.693349 0.232917 -0.206866 306.733114 -1170.399087 53.364425
slice23/query/img_06080_c1_1287504360206076us.jpg 0.648537 0.693808 0.234799 -0.207122 304.497157 -1169.999651 53.195049
slice23/query/img_06081_c1_1287504360272690us.jpg 0.647675 0.694312 0.235522 -0.207309 303.377838 -1169.804532 53.111335
slice23/query/img_06082_c1_1287504360406064us.jpg 0.646133 0.694787 0.237390 -0.208397 301.126228 -1169.418242 52.937184
slice23/query/img_06083_c1_1287504360472655us.jpg 0.645505 0.694743 0.238866 -0.208800 299.997959 -1169.221987 52.846354
slice23/query/img_06084_c1_1287504360606008us.jpg 0.644034 0.695018 0.240830 -0.210168 297.743234 -1168.835607 52.642308
slice23/query/img_06085_c1_1287504360739255us.jpg 0.642613 0.695123 0.242853 -0.211837 295.481653 -1168.460228 52.444990
slice23/query/img_06086_c1_1287504360805990us.jpg 0.641962 0.695204 0.243800 -0.212460 294.342697 -1168.276525 52.344690
slice23/query/img_06087_c1_1287504360872584us.jpg 0.641171 0.695288 0.244758 -0.213467 293.210000 -1168.094760 52.243014
slice23/query/img_06088_c1_1287504361072548us.jpg 0.639876 0.694800 0.246828 -0.216536 289.792993 -1167.602533 51.933346
slice23/query/img_06089_c1_1287504361205925us.jpg 0.639278 0.694069 0.249703 -0.217346 287.521537 -1167.284916 51.738412
slice23/query/img_06090_c1_1287504361272510us.jpg 0.638940 0.693726 0.251600 -0.217251 286.380458 -1167.130545 51.642559
slice23/query/img_06091_c1_1287504361405889us.jpg 0.638905 0.692481 0.254836 -0.217554 284.099434 -1166.833839 51.438182
slice23/query/img_06092_c1_1287504361539109us.jpg 0.639462 0.690784 0.256621 -0.219204 281.825850 -1166.558407 51.227641
slice23/query/img_06093_c1_1287504361605825us.jpg 0.639423 0.690273 0.257297 -0.220138 280.692890 -1166.419482 51.125227
slice23/query/img_06094_c1_1287504361739052us.jpg 0.639357 0.689231 0.258966 -0.221631 278.417007 -1166.147602 50.915879
slice23/query/img_06095_c1_1287504361805789us.jpg 0.639184 0.688812 0.260407 -0.221742 277.274808 -1166.016597 50.812516
slice23/query/img_06096_c1_1287504361872402us.jpg 0.638884 0.688501 0.261779 -0.221958 276.133093 -1165.883837 50.709378
slice23/query/img_06097_c1_1287504362005756us.jpg 0.638534 0.687751 0.264073 -0.222575 273.857349 -1165.647396 50.497614
slice23/query/img_06098_c1_1287504362072367us.jpg 0.638478 0.687159 0.264958 -0.223507 272.717973 -1165.525776 50.393380
slice23/query/img_06099_c1_1287504362205741us.jpg 0.637938 0.687166 0.264599 -0.225447 270.439250 -1165.297127 50.179332
slice23/query/img_06100_c1_1287504362272329us.jpg 0.636977 0.687667 0.265206 -0.225919 269.295720 -1165.181408 50.072962
slice23/query/img_06101_c1_1287504362338944us.jpg 0.635716 0.688208 0.266649 -0.226128 268.150859 -1165.064187 49.966916
slice23/query/img_06102_c1_1287504362472297us.jpg 0.633913 0.688657 0.268631 -0.227470 265.856202 -1164.834276 49.747341
slice23/query/img_06103_c1_1287504362538909us.jpg 0.633397 0.688623 0.269549 -0.227925 264.709799 -1164.719859 49.637126
slice23/query/img_06104_c1_1287504362672282us.jpg 0.633433 0.687377 0.272244 -0.228383 262.430039 -1164.502708 49.421097
slice23/query/img_06105_c1_1287504362738871us.jpg 0.634227 0.686021 0.273380 -0.228898 261.289848 -1164.412982 49.308680
slice23/query/img_06106_c1_1287504362872229us.jpg 0.635219 0.684168 0.275037 -0.229708 258.994601 -1164.236849 49.084149
slice23/query/img_06107_c1_1287504362938834us.jpg 0.634635 0.684187 0.275495 -0.230712 257.850691 -1164.150768 48.967609
slice23/query/img_06108_c1_1287504363072189us.jpg 0.632485 0.685198 0.276010 -0.232991 255.546904 -1163.971854 48.724465
slice23/query/img_06109_c1_1287504363205557us.jpg 0.629527 0.687000 0.276428 -0.235190 253.228274 -1163.800318 48.490425
slice23/query/img_06110_c1_1287504363272150us.jpg 0.628733 0.687039 0.277232 -0.236251 252.076138 -1163.710277 48.378283
slice23/query/img_06111_c1_1287504363405521us.jpg 0.628204 0.686209 0.279379 -0.237539 249.778411 -1163.568057 48.163338
slice23/query/img_06112_c1_1287504363472113us.jpg 0.628163 0.685569 0.280809 -0.237809 248.631205 -1163.500967 48.058012
slice23/query/img_06113_c1_1287504363605488us.jpg 0.628017 0.684135 0.283666 -0.238932 246.344313 -1163.372830 47.841417
slice23/query/img_06114_c1_1287504363672079us.jpg 0.627783 0.683493 0.284969 -0.239833 245.207496 -1163.309875 47.734630
slice23/query/img_06115_c1_1287504363805434us.jpg 0.626478 0.682985 0.286691 -0.242622 242.918302 -1163.174457 47.513609
slice23/query/img_06116_c1_1287504363938654us.jpg 0.625077 0.682709 0.287534 -0.245990 240.612075 -1163.053881 47.274463
slice23/query/img_06117_c1_1287504364005392us.jpg 0.625044 0.681851 0.288750 -0.247029 239.467020 -1163.008855 47.161021
slice23/query/img_06118_c1_1287504364138640us.jpg 0.624655 0.680636 0.290808 -0.248943 237.182418 -1162.917630 46.932549
slice23/query/img_06119_c1_1287504364205356us.jpg 0.624947 0.679708 0.291879 -0.249490 236.052421 -1162.885426 46.824110
slice23/query/img_06120_c1_1287504364338588us.jpg 0.627112 0.676707 0.293408 -0.250421 233.791209 -1162.842486 46.604209
slice23/query/img_06121_c1_1287504364471939us.jpg 0.629031 0.674096 0.295940 -0.249669 231.532764 -1162.799758 46.389237
slice23/query/img_06122_c1_1287504364538546us.jpg 0.629396 0.673146 0.298070 -0.248776 230.406240 -1162.784651 46.291098
slice23/query/img_06123_c1_1287504364671919us.jpg 0.629943 0.672634 0.298404 -0.248377 228.155788 -1162.756558 46.074250
slice23/query/img_06124_c1_1287504364738509us.jpg 0.629847 0.672743 0.297863 -0.248971 227.034995 -1162.732203 45.958473
slice23/query/img_06125_c1_1287504364871865us.jpg 0.629705 0.672683 0.297227 -0.250250 224.788680 -1162.684555 45.723639
slice23/query/img_06126_c1_1287504365005211us.jpg 0.628843 0.673867 0.296707 -0.249849 222.527515 -1162.651557 45.493001
slice23/query/img_06127_c1_1287504365071824us.jpg 0.628201 0.674590 0.296792 -0.249412 221.395375 -1162.634121 45.382163
slice23/query/img_06128_c1_1287504365205186us.jpg 0.628215 0.674727 0.296423 -0.249445 219.134538 -1162.597409 45.163314
slice23/query/img_06129_c1_1287504365338425us.jpg 0.628195 0.675123 0.294543 -0.250650 216.886629 -1162.562620 44.943088
slice23/query/img_06130_c1_1287504365405154us.jpg 0.628219 0.675275 0.294681 -0.250016 215.758036 -1162.544185 44.840136
slice23/query/img_06131_c1_1287504365538397us.jpg 0.625231 0.678102 0.294538 -0.250023 213.508988 -1162.473541 44.635575
slice23/query/img_06132_c1_1287504365671716us.jpg 0.621998 0.681201 0.294125 -0.250148 211.263232 -1162.407422 44.406609
slice23/query/img_06133_c1_1287504365738329us.jpg 0.620807 0.682220 0.293668 -0.250867 210.150161 -1162.379688 44.293186
slice23/query/img_06134_c1_1287504365871686us.jpg 0.620091 0.683035 0.292220 -0.252107 207.934671 -1162.334729 44.067342
slice23/query/img_06135_c1_1287504365938293us.jpg 0.620916 0.682605 0.291932 -0.251573 206.834306 -1162.323986 43.958072
slice23/query/img_06136_c1_1287504366005031us.jpg 0.621829 0.682015 0.291587 -0.251321 205.735342 -1162.308863 43.852504
slice23/query/img_06137_c1_1287504366138267us.jpg 0.623320 0.680923 0.290998 -0.251270 203.557465 -1162.273306 43.644606
slice23/query/img_06138_c1_1287504366204995us.jpg 0.623701 0.680756 0.290527 -0.251320 202.477823 -1162.257067 43.541720
slice23/query/img_06139_c1_1287504366338227us.jpg 0.623511 0.681788 0.289613 -0.250045 200.322801 -1162.221055 43.335884
slice23/query/img_06140_c1_1287504366404959us.jpg 0.623912 0.682165 0.289167 -0.248528 199.256455 -1162.200789 43.233005
slice23/query/img_06141_c1_1287504366538214us.jpg 0.625461 0.682644 0.286935 -0.245893 197.147806 -1162.148156 43.029557
slice23/query/img_06142_c1_1287504366604922us.jpg 0.627173 0.682272 0.285377 -0.244375 196.105308 -1162.120210 42.928458
slice23/query/img_06143_c1_1287504366738263us.jpg 0.631519 0.681130 0.282074 -0.240165 194.031711 -1162.072855 42.722811
