slice23/query/img_07677_c1_1288106916635943us.jpg 0.659181 0.686142 0.205594 -0.228954 489.024888 -1204.677970 60.649781
slice23/query/img_07678_c1_1288106916702659us.jpg 0.658688 0.686626 0.205190 -0.229284 487.903949 -1204.465356 60.645440
slice23/query/img_07679_c1_1288106916769275us.jpg 0.658213 0.687180 0.204692 -0.229435 486.789466 -1204.257315 60.641103
slice23/query/img_07680_c1_1288106916835889us.jpg 0.657604 0.687780 0.204274 -0.229756 485.679483 -1204.049897 60.641987
slice23/query/img_07681_c1_1288106916969270us.jpg 0.657383 0.687837 0.205325 -0.229281 483.448079 -1203.627118 60.637237
slice23/query/img_07682_c1_1288106917035881us.jpg 0.656902 0.688296 0.205565 -0.229066 482.334417 -1203.417740 60.634010
slice23/query/img_07683_c1_1288106917102598us.jpg 0.656274 0.688896 0.205372 -0.229237 481.220012 -1203.206657 60.628054
slice23/query/img_07684_c1_1288106917169213us.jpg 0.655372 0.689727 0.204949 -0.229696 480.107495 -1202.992804 60.622218
slice23/query/img_07685_c1_1288106917235830us.jpg 0.654509 0.690571 0.204977 -0.229595 478.991492 -1202.780267 60.617018
slice23/query/img_07686_c1_1288106917369205us.jpg 0.653985 0.691280 0.206312 -0.227753 476.748945 -1202.362794 60.610471
slice23/query/img_07687_c1_1288106917435799us.jpg 0.653773 0.691621 0.206105 -0.227515 475.628724 -1202.148180 60.597113
slice23/query/img_07688_c1_1288106917502539us.jpg 0.653583 0.691828 0.205943 -0.227575 474.516883 -1201.936262 60.579730
slice23/query/img_07689_c1_1288106917569155us.jpg 0.653203 0.692332 0.205741 -0.227317 473.402209 -1201.725622 60.563037
slice23/query/img_07690_c1_1288106917702532us.jpg 0.651061 0.694380 0.205279 -0.227633 471.171757 -1201.287848 60.525268
slice23/query/img_07691_c1_1288106917769123us.jpg 0.650349 0.695055 0.204953 -0.227902 470.060817 -1201.074745 60.503709
slice23/query/img_07692_c1_1288106917835744us.jpg 0.649923 0.695506 0.204418 -0.228221 468.951469 -1200.861139 60.482090
slice23/query/img_07693_c1_1288106917902478us.jpg 0.650074 0.695444 0.204300 -0.228087 467.843459 -1200.651544 60.461502
slice23/query/img_07694_c1_1288106918035731us.jpg 0.650784 0.695014 0.205002 -0.226738 465.616097 -1200.234442 60.427921
slice23/query/img_07695_c1_1288106918102452us.jpg 0.651558 0.694433 0.205764 -0.225602 464.503064 -1200.028562 60.409564
slice23/query/img_07696_c1_1288106918169063us.jpg 0.651689 0.694396 0.206490 -0.224672 463.388683 -1199.817311 60.389202
slice23/query/img_07697_c1_1288106918302443us.jpg 0.652130 0.694209 0.207717 -0.222832 461.160102 -1199.397752 60.344202
slice23/query/img_07698_c1_1288106918435673us.jpg 0.652239 0.694120 0.206428 -0.223984 458.954932 -1198.967009 60.288810
slice23/query/img_07699_c1_1288106918569104us.jpg 0.652571 0.694271 0.206078 -0.222867 456.741319 -1198.550458 60.247389
slice23/query/img_07700_c1_1288106918635642us.jpg 0.652809 0.694280 0.206702 -0.221565 455.629870 -1198.338653 60.227411
slice23/query/img_07701_c1_1288106918702359us.jpg 0.653782 0.693605 0.207448 -0.220106 454.519481 -1198.129647 60.202011
slice23/query/img_07702_c1_1288106918768974us.jpg 0.654510 0.692976 0.208542 -0.218887 453.413360 -1197.916338 60.182859
slice23/query/img_07703_c1_1288106918902328us.jpg 0.654928 0.692902 0.209180 -0.217255 451.202356 -1197.481081 60.130062
slice23/query/img_07704_c1_1288106919035562us.jpg 0.653462 0.694318 0.209029 -0.217292 448.994087 -1197.031068 60.068618
slice23/query/img_07705_c1_1288106919102298us.jpg 0.653233 0.694577 0.208928 -0.217253 447.898004 -1196.809577 60.032840
slice23/query/img_07706_c1_1288106919168913us.jpg 0.652616 0.695199 0.208642 -0.217393 446.805110 -1196.587773 59.998240
slice23/query/img_07707_c1_1288106919302291us.jpg 0.651067 0.696576 0.208889 -0.217391 444.605834 -1196.139178 59.929003
slice23/query/img_07708_c1_1288106919368888us.jpg 0.650679 0.696785 0.209151 -0.217633 443.507788 -1195.918700 59.892119
slice23/query/img_07709_c1_1288106919435499us.jpg 0.650744 0.696514 0.209862 -0.217619 442.409483 -1195.697828 59.857873
slice23/query/img_07710_c1_1288106919502239us.jpg 0.651481 0.695609 0.210714 -0.217488 441.310190 -1195.477434 59.820191
slice23/query/img_07711_c1_1288106919635572us.jpg 0.654008 0.692643 0.213105 -0.217039 439.122213 -1195.055604 59.770853
slice23/query/img_07712_c1_1288106919702231us.jpg 0.655508 0.691086 0.214280 -0.216319 438.018078 -1194.848237 59.733901
slice23/query/img_07713_c1_1288106919768824us.jpg 0.655898 0.690590 0.215172 -0.215834 436.917234 -1194.634775 59.697122
slice23/query/img_07714_c1_1288106919835439us.jpg 0.655019 0.691287 0.215399 -0.216047 435.824089 -1194.417783 59.660220
slice23/query/img_07715_c1_1288106919968796us.jpg 0.652266 0.693434 0.216685 -0.216207 433.625202 -1193.985475 59.573844
slice23/query/img_07716_c1_1288106920035409us.jpg 0.650483 0.694852 0.216498 -0.217213 432.534774 -1193.770558 59.524209
slice23/query/img_07717_c1_1288106920102148us.jpg 0.649083 0.695980 0.215766 -0.218513 431.440952 -1193.554536 59.471239
slice23/query/img_07718_c1_1288106920168764us.jpg 0.647836 0.696759 0.214954 -0.220525 430.354538 -1193.336914 59.420947
slice23/query/img_07719_c1_1288106920302142us.jpg 0.649556 0.694684 0.215667 -0.221312 428.172663 -1192.937178 59.334719
slice23/query/img_07720_c1_1288106920368736us.jpg 0.650631 0.693613 0.216436 -0.220761 427.079815 -1192.742611 59.294111
slice23/query/img_07721_c1_1288106920435350us.jpg 0.651383 0.692714 0.217909 -0.219917 425.988603 -1192.548764 59.257499
slice23/query/img_07722_c1_1288106920502090us.jpg 0.652085 0.691826 0.219299 -0.219249 424.894961 -1192.351000 59.220102
slice23/query/img_07723_c1_1288106920635829us.jpg 0.651852 0.691508 0.220722 -0.219515 422.721636 -1191.951522 59.132524
slice23/query/img_07724_c1_1288106920702060us.jpg 0.651788 0.691507 0.220472 -0.219958 421.635714 -1191.759375 59.084746
slice23/query/img_07725_c1_1288106920768674us.jpg 0.651533 0.691628 0.219958 -0.220851 420.553308 -1191.565725 59.036485
slice23/query/img_07726_c1_1288106920835291us.jpg 0.651042 0.691810 0.219816 -0.221866 419.474524 -1191.369253 58.990606
slice23/query/img_07727_c1_1288106920968650us.jpg 0.650088 0.692656 0.220516 -0.221327 417.301096 -1190.983545 58.899809
slice23/query/img_07728_c1_1288106921035260us.jpg 0.649270 0.693513 0.220857 -0.220707 416.214442 -1190.788418 58.850674
slice23/query/img_07729_c1_1288106921102001us.jpg 0.648454 0.694281 0.221161 -0.220383 415.136792 -1190.595048 58.801218
slice23/query/img_07730_c1_1288106921235754us.jpg 0.647835 0.695125 0.220453 -0.220254 412.980962 -1190.213312 58.700016
slice23/query/img_07731_c1_1288106921301995us.jpg 0.647988 0.695244 0.219671 -0.220210 411.905625 -1190.023638 58.647026
slice23/query/img_07732_c1_1288106921368585us.jpg 0.648297 0.695174 0.218923 -0.220268 410.834857 -1189.834304 58.594672
slice23/query/img_07733_c1_1288106921435201us.jpg 0.648901 0.694858 0.218114 -0.220287 409.765234 -1189.642866 58.540803
slice23/query/img_07734_c1_1288106921568561us.jpg 0.651217 0.693109 0.216809 -0.220249 407.629597 -1189.260058 58.446845
slice23/query/img_07735_c1_1288106921635509us.jpg 0.652257 0.692503 0.216127 -0.219750 406.563257 -1189.072907 58.405378
slice23/query/img_07736_c1_1288106921701911us.jpg 0.652614 0.692419 0.215979 -0.219098 405.501202 -1188.879684 58.363982
slice23/query/img_07737_c1_1288106921768526us.jpg 0.652393 0.692889 0.216413 -0.217839 404.439713 -1188.685748 58.325089
slice23/query/img_07738_c1_1288106921901905us.jpg 0.650736 0.694981 0.216514 -0.216022 402.321116 -1188.284463 58.242551
slice23/query/img_07739_c1_1288106921968497us.jpg 0.650201 0.695604 0.215922 -0.216222 401.268882 -1188.081859 58.192150
slice23/query/img_07740_c1_1288106922035112us.jpg 0.650139 0.695678 0.215305 -0.216785 400.222143 -1187.879813 58.142445
slice23/query/img_07741_c1_1288106922101852us.jpg 0.650238 0.695625 0.214781 -0.217177 399.173484 -1187.676534 58.095670
slice23/query/img_07742_c1_1288106922235106us.jpg 0.650780 0.695371 0.214550 -0.216595 397.070501 -1187.281025 58.008016
slice23/query/img_07743_c1_1288106922301824us.jpg 0.651083 0.695088 0.215184 -0.215963 396.017226 -1187.079678 57.966035
slice23/query/img_07744_c1_1288106922368440us.jpg 0.651264 0.694988 0.215244 -0.215677 394.968250 -1186.877516 57.920127
slice23/query/img_07745_c1_1288106922435052us.jpg 0.651369 0.694899 0.214949 -0.215941 393.927700 -1186.677869 57.874635
slice23/query/img_07746_c1_1288106922568412us.jpg 0.651774 0.694326 0.215351 -0.216164 391.837249 -1186.274331 57.789820
slice23/query/img_07747_c1_1288106922635044us.jpg 0.651783 0.694315 0.215409 -0.216113 390.784312 -1186.072521 57.742257
slice23/query/img_07748_c1_1288106922701763us.jpg 0.651550 0.694557 0.215649 -0.215798 389.730694 -1185.869682 57.695449
slice23/query/img_07749_c1_1288106922768378us.jpg 0.651281 0.694709 0.216137 -0.215634 388.680406 -1185.668028 57.648163
slice23/query/img_07750_c1_1288106922834997us.jpg 0.650894 0.694895 0.216915 -0.215421 387.630811 -1185.465057 57.602598
slice23/query/img_07751_c1_1288106922968350us.jpg 0.650605 0.694748 0.217397 -0.216278 385.547623 -1185.066328 57.509260
slice23/query/img_07752_c1_1288106923101731us.jpg 0.650585 0.694336 0.217976 -0.217078 383.462198 -1184.673581 57.414953
slice23/query/img_07753_c1_1288106923168319us.jpg 0.650363 0.694326 0.217855 -0.217897 382.421810 -1184.475413 57.364755
slice23/query/img_07754_c1_1288106923234934us.jpg 0.650508 0.693963 0.218300 -0.218173 381.381812 -1184.282648 57.316893
slice23/query/img_07755_c1_1288106923368294us.jpg 0.650246 0.693821 0.219574 -0.218127 379.285122 -1183.899404 57.231573
slice23/query/img_07756_c1_1288106923434929us.jpg 0.650230 0.693680 0.219952 -0.218245 378.236731 -1183.706781 57.183893
slice23/query/img_07757_c1_1288106923501645us.jpg 0.650317 0.693467 0.220353 -0.218257 377.190890 -1183.518373 57.135077
slice23/query/img_07758_c1_1288106923568261us.jpg 0.650274 0.693428 0.220487 -0.218374 376.146939 -1183.330004 57.089351
slice23/query/img_07759_c1_1288106923701617us.jpg 0.650666 0.692942 0.220441 -0.218793 374.053927 -1182.956235 56.990961
slice23/query/img_07760_c1_1288106923768230us.jpg 0.650918 0.692647 0.220851 -0.218563 373.009806 -1182.771450 56.944220
slice23/query/img_07761_c1_1288106923834846us.jpg 0.651294 0.692215 0.221213 -0.218447 371.970208 -1182.587866 56.897480
slice23/query/img_07762_c1_1288106923901587us.jpg 0.651263 0.692338 0.221745 -0.217608 370.928980 -1182.403532 56.852506
slice23/query/img_07763_c1_1288106924034837us.jpg 0.651983 0.691864 0.223027 -0.215641 368.845864 -1182.036837 56.763537
slice23/query/img_07764_c1_1288106924101584us.jpg 0.652629 0.691242 0.223772 -0.214908 367.806834 -1181.853991 56.714953
slice23/query/img_07765_c1_1288106924168171us.jpg 0.653070 0.690896 0.223691 -0.214768 366.774822 -1181.669156 56.664661
slice23/query/img_07766_c1_1288106924301549us.jpg 0.654022 0.690489 0.221778 -0.215162 364.697255 -1181.295521 56.554320
slice23/query/img_07767_c1_1288106924368148us.jpg 0.654667 0.689976 0.221478 -0.215156 363.658393 -1181.108856 56.502028
slice23/query/img_07768_c1_1288106924434757us.jpg 0.655253 0.689599 0.221448 -0.214610 362.621833 -1180.922541 56.452584
slice23/query/img_07769_c1_1288106924501497us.jpg 0.655658 0.689428 0.221719 -0.213640 361.586884 -1180.736615 56.404161
slice23/query/img_07770_c1_1288106924634729us.jpg 0.655577 0.689963 0.221913 -0.211954 359.512115 -1180.356634 56.307094
slice23/query/img_07771_c1_1288106924701490us.jpg 0.655285 0.690406 0.221653 -0.211685 358.476684 -1180.161578 56.254299
slice23/query/img_07772_c1_1288106924768083us.jpg 0.654848 0.690926 0.221109 -0.211912 357.444403 -1179.963401 56.198704
slice23/query/img_07773_c1_1288106924834698us.jpg 0.654405 0.691447 0.220513 -0.212202 356.414455 -1179.766559 56.143693
slice23/query/img_07774_c1_1288106924968076us.jpg 0.654200 0.691834 0.219329 -0.212800 354.349650 -1179.372459 56.031062
slice23/query/img_07775_c1_1288106925034673us.jpg 0.654217 0.691975 0.218831 -0.212801 353.322339 -1179.179286 55.978401
slice23/query/img_07776_c1_1288106925101408us.jpg 0.654199 0.692125 0.218590 -0.212614 352.291823 -1178.984217 55.926361
slice23/query/img_07777_c1_1288106925168025us.jpg 0.654363 0.692034 0.218847 -0.212140 351.256982 -1178.789472 55.874408
slice23/query/img_07778_c1_1288106925301404us.jpg 0.654451 0.692077 0.219716 -0.210827 349.189936 -1178.401911 55.771880
slice23/query/img_07779_c1_1288106925368016us.jpg 0.654368 0.692219 0.219535 -0.210805 348.156845 -1178.203912 55.716582
slice23/query/img_07780_c1_1288106925434610us.jpg 0.653970 0.692640 0.218991 -0.211226 347.126122 -1178.004405 55.660875
slice23/query/img_07781_c1_1288106925501350us.jpg 0.653397 0.693048 0.218642 -0.212019 346.096126 -1177.801715 55.604091
slice23/query/img_07782_c1_1288106925634605us.jpg 0.652111 0.694127 0.217908 -0.213200 344.032590 -1177.400840 55.492977
slice23/query/img_07783_c1_1288106925701343us.jpg 0.651600 0.694518 0.217575 -0.213828 343.003779 -1177.203867 55.439308
slice23/query/img_07784_c1_1288106925767937us.jpg 0.651593 0.694399 0.217733 -0.214077 341.973486 -1177.007756 55.385798
slice23/query/img_07785_c1_1288106925834553us.jpg 0.651751 0.694136 0.218120 -0.214055 340.944421 -1176.814596 55.337643
slice23/query/img_07786_c1_1288106925967929us.jpg 0.652930 0.693028 0.219051 -0.213097 338.882166 -1176.433315 55.239386
slice23/query/img_07787_c1_1288106926034522us.jpg 0.653373 0.692728 0.219378 -0.212381 337.854943 -1176.246493 55.192656
slice23/query/img_07788_c1_1288106926101262us.jpg 0.653886 0.692307 0.219812 -0.211724 336.826660 -1176.055304 55.144732
slice23/query/img_07789_c1_1288106926167877us.jpg 0.654260 0.691973 0.220001 -0.211461 335.800745 -1175.861822 55.094886
slice23/query/img_07790_c1_1288106926301256us.jpg 0.654311 0.691994 0.219976 -0.211263 333.760678 -1175.476548 54.995157
slice23/query/img_07791_c1_1288106926367850us.jpg 0.653948 0.692290 0.220105 -0.211282 332.743438 -1175.279132 54.941736
slice23/query/img_07792_c1_1288106926434464us.jpg 0.653490 0.692688 0.220421 -0.211067 331.724963 -1175.079665 54.888090
slice23/query/img_07793_c1_1288106926501203us.jpg 0.653157 0.692987 0.220761 -0.210758 330.710822 -1174.879864 54.832924
slice23/query/img_07794_c1_1288106926634459us.jpg 0.653585 0.692705 0.221350 -0.209739 328.655692 -1174.490081 54.722550
slice23/query/img_07795_c1_1288106926701178us.jpg 0.653921 0.692506 0.221502 -0.209190 327.636460 -1174.295177 54.667944
slice23/query/img_07796_c1_1288106926767789us.jpg 0.654107 0.692385 0.221726 -0.208770 326.616379 -1174.099127 54.611246
slice23/query/img_07797_c1_1288106926834405us.jpg 0.654152 0.692359 0.222229 -0.208181 325.599917 -1173.907058 54.556962
slice23/query/img_07798_c1_1288106926967765us.jpg 0.653211 0.693148 0.222822 -0.207874 323.566941 -1173.508438 54.438064
slice23/query/img_07799_c1_1288106927034397us.jpg 0.652799 0.693472 0.223165 -0.207720 322.550598 -1173.311602 54.375401
slice23/query/img_07800_c1_1288106927101116us.jpg 0.652681 0.693508 0.223549 -0.207555 321.535356 -1173.117684 54.312509
slice23/query/img_07801_c1_1288106927167730us.jpg 0.652576 0.693546 0.223630 -0.207672 320.520218 -1172.919309 54.247831
slice23/query/img_07802_c1_1288106927234346us.jpg 0.652763 0.693379 0.223505 -0.207778 319.508289 -1172.724970 54.180815
slice23/query/img_07803_c1_1288106927367708us.jpg 0.652912 0.693216 0.223558 -0.207795 317.474331 -1172.340928 54.047681
slice23/query/img_07804_c1_1288106927434317us.jpg 0.652944 0.693067 0.224117 -0.207590 316.456318 -1172.146649 53.984326
slice23/query/img_07805_c1_1288106927501057us.jpg 0.652814 0.693062 0.224897 -0.207171 315.436146 -1171.951916 53.921304
slice23/query/img_07806_c1_1288106927634829us.jpg 0.652030 0.693578 0.225651 -0.207096 313.390203 -1171.562578 53.795705
slice23/query/img_07807_c1_1288106927701049us.jpg 0.651740 0.693757 0.226082 -0.206937 312.360777 -1171.366227 53.726689
slice23/query/img_07808_c1_1288106927767644us.jpg 0.651637 0.693633 0.226898 -0.206784 311.329309 -1171.170225 53.656576
slice23/query/img_07809_c1_1288106927834259us.jpg 0.651433 0.693474 0.227827 -0.206941 310.302484 -1170.974111 53.586422
slice23/query/img_07810_c1_1288106927967618us.jpg 0.651135 0.693142 0.229852 -0.206749 308.248300 -1170.595115 53.444598
slice23/query/img_07811_c1_1288106928034252us.jpg 0.650908 0.692993 0.230871 -0.206828 307.219056 -1170.405873 53.370474
slice23/query/img_07812_c1_1288106928100970us.jpg 0.650399 0.693106 0.231903 -0.206897 306.190026 -1170.218412 53.295510
slice23/query/img_07813_c1_1288106928167584us.jpg 0.649744 0.693366 0.232862 -0.207007 305.162891 -1170.032582 53.219551
slice23/query/img_07814_c1_1288106928300957us.jpg 0.648263 0.693919 0.234647 -0.207781 303.091051 -1169.662590 53.060448
slice23/query/img_07815_c1_1288106928367595us.jpg 0.647415 0.694141 0.235582 -0.208622 302.055813 -1169.476086 52.979383
slice23/query/img_07816_c1_1288106928500913us.jpg 0.646507 0.694034 0.237548 -0.209560 299.966421 -1169.112260 52.809405
slice23/query/img_07817_c1_1288106928567501us.jpg 0.646226 0.693912 0.238460 -0.209797 298.920551 -1168.935108 52.723355
slice23/query/img_07818_c1_1288106928634111us.jpg 0.645964 0.693781 0.239233 -0.210158 297.878806 -1168.759624 52.636357
slice23/query/img_07819_c1_1288106928700846us.jpg 0.645732 0.693604 0.240197 -0.210356 296.838278 -1168.589756 52.550253
slice23/query/img_07820_c1_1288106928834069us.jpg 0.644662 0.693711 0.241620 -0.211653 294.741158 -1168.242359 52.367793
slice23/query/img_07821_c1_1288106928900801us.jpg 0.643825 0.694068 0.242039 -0.212546 293.692534 -1168.072982 52.275922
slice23/query/img_07822_c1_1288106928967412us.jpg 0.643118 0.694329 0.242443 -0.213375 292.649452 -1167.908699 52.186599
slice23/query/img_07823_c1_1288106929034022us.jpg 0.642640 0.694352 0.242719 -0.214423 291.604676 -1167.743298 52.095377
slice23/query/img_07824_c1_1288106929167392us.jpg 0.642191 0.693876 0.244204 -0.215616 289.515031 -1167.430136 51.916847
slice23/query/img_07825_c1_1288106929233979us.jpg 0.642130 0.693463 0.245360 -0.215814 288.461298 -1167.275648 51.826720
slice23/query/img_07826_c1_1288106929367325us.jpg 0.641674 0.692873 0.248392 -0.215600 286.354577 -1166.968381 51.644345
slice23/query/img_07827_c1_1288106929433933us.jpg 0.641342 0.692614 0.249872 -0.215708 285.300826 -1166.819051 51.551147
slice23/query/img_07828_c1_1288106929567301us.jpg 0.641199 0.691562 0.252028 -0.216997 283.194586 -1166.531273 51.355382
slice23/query/img_07829_c1_1288106929633890us.jpg 0.641241 0.690932 0.252821 -0.217955 282.141483 -1166.389890 51.256366
slice23/query/img_07830_c1_1288106929700625us.jpg 0.641170 0.690380 0.253595 -0.219013 281.090773 -1166.249571 51.158477
slice23/query/img_07831_c1_1288106929833850us.jpg 0.640603 0.689540 0.255462 -0.221140 278.977230 -1165.974216 50.963669
slice23/query/img_07832_c1_1288106929900580us.jpg 0.640042 0.689231 0.256643 -0.222353 277.920993 -1165.837990 50.868173
slice23/query/img_07833_c1_1288106930033823us.jpg 0.638926 0.688732 0.259719 -0.223535 275.788312 -1165.582548 50.678151
slice23/query/img_07834_c1_1288106930100557us.jpg 0.638508 0.688324 0.261139 -0.224332 274.719950 -1165.456295 50.575790
slice23/query/img_07835_c1_1288106930167147us.jpg 0.638444 0.687610 0.262681 -0.224903 273.650947 -1165.338420 50.474149
slice23/query/img_07836_c1_1288106930233756us.jpg 0.638575 0.686684 0.263737 -0.226120 272.588448 -1165.222708 50.373777
slice23/query/img_07837_c1_1288106930367104us.jpg 0.637690 0.686520 0.264309 -0.228433 270.438953 -1164.988391 50.167658
slice23/query/img_07838_c1_1288106930433713us.jpg 0.636529 0.686908 0.265612 -0.228994 269.360501 -1164.878623 50.067270
slice23/query/img_07839_c1_1288106930500448us.jpg 0.635253 0.687315 0.267202 -0.229465 268.282625 -1164.768352 49.965663
slice23/query/img_07840_c1_1288106930567059us.jpg 0.634277 0.687405 0.268469 -0.230414 267.209929 -1164.659976 49.859537
slice23/query/img_07841_c1_1288106930700428us.jpg 0.633936 0.686646 0.270413 -0.231343 265.043210 -1164.474398 49.648335
slice23/query/img_07842_c1_1288106930767014us.jpg 0.634673 0.685513 0.271788 -0.231070 263.957136 -1164.388602 49.543373
slice23/query/img_07843_c1_1288106930833624us.jpg 0.635991 0.683730 0.273311 -0.230931 262.874271 -1164.304332 49.437224
slice23/query/img_07844_c1_1288106930900359us.jpg 0.637223 0.681834 0.274913 -0.231238 261.797340 -1164.222264 49.333388
slice23/query/img_07845_c1_1288106931033603us.jpg 0.638502 0.679480 0.277174 -0.231942 259.632206 -1164.065606 49.121154
slice23/query/img_07846_c1_1288106931100315us.jpg 0.637901 0.679544 0.277814 -0.232642 258.548941 -1163.985199 49.014825
slice23/query/img_07847_c1_1288106931166926us.jpg 0.636673 0.680092 0.278236 -0.233894 257.464411 -1163.902344 48.905725
slice23/query/img_07848_c1_1288106931300340us.jpg 0.633777 0.681728 0.278419 -0.236762 255.289722 -1163.742740 48.680444
slice23/query/img_07849_c1_1288106931366904us.jpg 0.632545 0.682429 0.278444 -0.238006 254.200080 -1163.668017 48.571467
slice23/query/img_07850_c1_1288106931433493us.jpg 0.631846 0.682499 0.278632 -0.239435 253.111765 -1163.595639 48.463441
slice23/query/img_07851_c1_1288106931500227us.jpg 0.631795 0.681889 0.279425 -0.240382 252.021494 -1163.521771 48.354034
slice23/query/img_07852_c1_1288106931633472us.jpg 0.632211 0.680306 0.281982 -0.240787 249.819463 -1163.402356 48.149249
slice23/query/img_07853_c1_1288106931700186us.jpg 0.632309 0.679621 0.283225 -0.241009 248.714587 -1163.343784 48.044528
slice23/query/img_07854_c1_1288106931766794us.jpg 0.632345 0.679092 0.284274 -0.241168 247.615041 -1163.292642 47.940084
slice23/query/img_07855_c1_1288106931833405us.jpg 0.632240 0.678582 0.285278 -0.241692 246.516179 -1163.239737 47.834708
slice23/query/img_07856_c1_1288106931966763us.jpg 0.631513 0.677907 0.286888 -0.243576 244.309494 -1163.126516 47.616145
slice23/query/img_07857_c1_1288106932033383us.jpg 0.631055 0.677854 0.287120 -0.244634 243.196218 -1163.077251 47.503954
slice23/query/img_07858_c1_1288106932100096us.jpg 0.630520 0.677840 0.287618 -0.245465 242.082887 -1163.033329 47.394633
slice23/query/img_07859_c1_1288106932166706us.jpg 0.630049 0.677714 0.288118 -0.246435 240.969233 -1162.988229 47.285334
slice23/query/img_07860_c1_1288106932300054us.jpg 0.629270 0.677089 0.289692 -0.248290 238.735033 -1162.901219 47.065481
slice23/query/img_07861_c1_1288106932366664us.jpg 0.629456 0.676356 0.290738 -0.248595 237.623506 -1162.874874 46.957485
slice23/query/img_07862_c1_1288106932433273us.jpg 0.629921 0.675405 0.292098 -0.248407 236.506957 -1162.850728 46.852411
slice23/query/img_07863_c1_1288106932500008us.jpg 0.630558 0.674334 0.293090 -0.248533 235.390881 -1162.827295 46.747125
slice23/query/img_07864_c1_1288106932566619us.jpg 0.631448 0.673048 0.293945 -0.248751 234.277638 -1162.808263 46.640652
slice23/query/img_07865_c1_1288106932699986us.jpg 0.632791 0.671366 0.295051 -0.248572 232.057503 -1162.783637 46.432473
slice23/query/img_07866_c1_1288106932766576us.jpg 0.632969 0.670737 0.296881 -0.247636 230.943701 -1162.770128 46.332892
slice23/query/img_07867_c1_1288106932833186us.jpg 0.633106 0.670389 0.297955 -0.246940 229.830367 -1162.755604 46.229485
slice23/query/img_07868_c1_1288106932966535us.jpg 0.632711 0.671030 0.297379 -0.246903 227.607666 -1162.718818 46.015391
slice23/query/img_07869_c1_1288106933033141us.jpg 0.632538 0.671266 0.296685 -0.247539 226.497124 -1162.699425 45.903733
slice23/query/img_07870_c1_1288106933099877us.jpg 0.632626 0.671402 0.295977 -0.247793 225.380730 -1162.685239 45.789985
slice23/query/img_07871_c1_1288106933234294us.jpg 0.631710 0.671987 0.295807 -0.248746 223.149278 -1162.625407 45.559761
slice23/query/img_07872_c1_1288106933299837us.jpg 0.630661 0.672811 0.296022 -0.248923 222.039670 -1162.590938 45.450635
slice23/query/img_07873_c1_1288106933433340us.jpg 0.629012 0.673056 0.297359 -0.250834 219.833541 -1162.505892 45.219441
slice23/query/img_07874_c1_1288106933499790us.jpg 0.629218 0.672668 0.297465 -0.251231 218.718487 -1162.487836 45.105814
slice23/query/img_07875_c1_1288106933633015us.jpg 0.629883 0.672105 0.296572 -0.252126 216.501620 -1162.463996 44.884730
slice23/query/img_07876_c1_1288106933699768us.jpg 0.629747 0.672239 0.296873 -0.251754 215.392030 -1162.448853 44.777273
slice23/query/img_07877_c1_1288106933766357us.jpg 0.628783 0.673085 0.297477 -0.251189 214.275611 -1162.424597 44.670674
slice23/query/img_07878_c1_1288106933899708us.jpg 0.623412 0.678014 0.295319 -0.253851 212.068612 -1162.341116 44.444823
slice23/query/img_07879_c1_1288106933966314us.jpg 0.622276 0.679199 0.294899 -0.253962 210.968052 -1162.316503 44.331972
slice23/query/img_07880_c1_1288106934032924us.jpg 0.621522 0.679953 0.294180 -0.254624 209.875662 -1162.296717 44.222021
slice23/query/img_07881_c1_1288106934166292us.jpg 0.624109 0.678554 0.293147 -0.253213 207.687332 -1162.309671 43.984029
slice23/query/img_07882_c1_1288106934232879us.jpg 0.625036 0.678109 0.292655 -0.252688 206.597748 -1162.298749 43.878336
slice23/query/img_07883_c1_1288106934299616us.jpg 0.626077 0.677570 0.292055 -0.252251 205.516078 -1162.284706 43.773708
slice23/query/img_07884_c1_1288106934432838us.jpg 0.628497 0.676389 0.291121 -0.250475 203.364796 -1162.252416 43.578787
slice23/query/img_07885_c1_1288106934499593us.jpg 0.629439 0.676324 0.290105 -0.249463 202.293798 -1162.230895 43.478292
slice23/query/img_07886_c1_1288106934566182us.jpg 0.630064 0.676717 0.289331 -0.247711 201.231168 -1162.206771 43.379277
slice23/query/img_07887_c1_1288106934632792us.jpg 0.630284 0.677504 0.288586 -0.245864 200.170488 -1162.180516 43.281237
slice23/query/img_07888_c1_1288106934766162us.jpg 0.630706 0.679713 0.285207 -0.242606 198.057111 -1162.120324 43.073316
slice23/query/img_07889_c1_1288106934832750us.jpg 0.630908 0.680674 0.283385 -0.241520 197.010767 -1162.077235 42.971433
slice23/query/img_07890_c1_1288106934899485us.jpg 0.631814 0.681045 0.281436 -0.240380 195.966164 -1162.033860 42.868156
slice23/query/img_07891_c1_1288106935032708us.jpg 0.634291 0.681128 0.278308 -0.237242 193.886652 -1161.951997 42.659641
