slice23/query/img_08472_c1_1288793069381840us.jpg 0.660243 0.685775 0.203057 -0.229260 488.216064 -1204.352385 60.637302
slice23/query/img_08473_c1_1288793069448449us.jpg 0.659672 0.686168 0.203629 -0.229217 487.324015 -1204.172689 60.642135
slice23/query/img_08474_c1_1288793069581797us.jpg 0.658989 0.686495 0.204715 -0.229236 485.543726 -1203.820654 60.633815
slice23/query/img_08475_c1_1288793069648413us.jpg 0.658620 0.686593 0.205060 -0.229697 484.651533 -1203.647608 60.629360
slice23/query/img_08476_c1_1288793069782189us.jpg 0.657438 0.687436 0.205597 -0.230081 482.847679 -1203.305723 60.626633
slice23/query/img_08477_c1_1288793069848379us.jpg 0.656790 0.687935 0.205429 -0.230588 481.945340 -1203.134694 60.619525
slice23/query/img_08478_c1_1288793069914988us.jpg 0.656275 0.688334 0.205330 -0.230951 481.042073 -1202.964111 60.609728
slice23/query/img_08479_c1_1288793069981725us.jpg 0.655691 0.688701 0.205791 -0.231106 480.138420 -1202.797413 60.607742
slice23/query/img_08480_c1_1288793070114954us.jpg 0.655406 0.689173 0.206892 -0.229520 478.306647 -1202.483051 60.609263
slice23/query/img_08481_c1_1288793070181687us.jpg 0.655176 0.689426 0.207476 -0.228887 477.389133 -1202.320594 60.609324
slice23/query/img_08482_c1_1288793070248299us.jpg 0.655500 0.689242 0.207679 -0.228330 476.478715 -1202.169381 60.603815
slice23/query/img_08483_c1_1288793070381680us.jpg 0.655437 0.689268 0.208486 -0.227695 474.651277 -1201.824831 60.598942
slice23/query/img_08484_c1_1288793070448264us.jpg 0.654953 0.689756 0.208834 -0.227291 473.729539 -1201.662260 60.584614
slice23/query/img_08485_c1_1288793070514878us.jpg 0.653866 0.690749 0.208822 -0.227417 472.811490 -1201.490160 60.565363
slice23/query/img_08486_c1_1288793070648252us.jpg 0.651577 0.692757 0.208827 -0.227874 470.972477 -1201.152671 60.546320
slice23/query/img_08487_c1_1288793070714841us.jpg 0.651122 0.693304 0.208329 -0.227966 470.044319 -1200.985657 60.528731
slice23/query/img_08488_c1_1288793070781579us.jpg 0.651347 0.693074 0.208213 -0.228126 469.118044 -1200.816211 60.509330
slice23/query/img_08489_c1_1288793070848192us.jpg 0.652320 0.692257 0.208478 -0.227586 468.186500 -1200.645352 60.486472
slice23/query/img_08490_c1_1288793070981545us.jpg 0.653386 0.691664 0.209000 -0.225846 466.332650 -1200.339100 60.474011
slice23/query/img_08491_c1_1288793071048154us.jpg 0.654024 0.691196 0.209319 -0.225135 465.404621 -1200.167039 60.447737
slice23/query/img_08492_c1_1288793071181510us.jpg 0.654752 0.690831 0.210234 -0.223282 463.550372 -1199.822483 60.398472
slice23/query/img_08493_c1_1288793071248118us.jpg 0.654183 0.691459 0.210367 -0.222880 462.622985 -1199.647885 60.374157
slice23/query/img_08494_c1_1288793071314731us.jpg 0.653864 0.692110 0.209402 -0.222704 461.701272 -1199.478527 60.348869
slice23/query/img_08495_c1_1288793071448431us.jpg 0.654038 0.692320 0.207096 -0.223693 459.849771 -1199.120683 60.290812
slice23/query/img_08496_c1_1288793071514699us.jpg 0.654456 0.692129 0.206582 -0.223534 458.915634 -1198.946163 60.265669
slice23/query/img_08497_c1_1288793071581433us.jpg 0.654815 0.691970 0.206557 -0.223001 457.975320 -1198.766964 60.247057
slice23/query/img_08498_c1_1288793071648046us.jpg 0.655718 0.691474 0.207099 -0.221377 457.034784 -1198.604266 60.228068
slice23/query/img_08499_c1_1288793071781420us.jpg 0.655675 0.691762 0.209223 -0.218589 455.156867 -1198.231250 60.256992
slice23/query/img_08500_c1_1288793071848009us.jpg 0.656242 0.691345 0.209736 -0.217716 454.205853 -1198.053916 60.234282
slice23/query/img_08501_c1_1288793071914623us.jpg 0.656499 0.691139 0.209791 -0.217540 453.258371 -1197.867819 60.207428
slice23/query/img_08502_c1_1288793071981360us.jpg 0.656280 0.691472 0.209667 -0.217261 452.324367 -1197.684888 60.181777
slice23/query/img_08503_c1_1288793072114609us.jpg 0.654834 0.692861 0.209383 -0.217474 450.430295 -1197.314159 60.123388
slice23/query/img_08504_c1_1288793072181325us.jpg 0.654249 0.693180 0.209854 -0.217763 449.482043 -1197.123874 60.093976
slice23/query/img_08505_c1_1288793072247937us.jpg 0.653638 0.693528 0.210169 -0.218187 448.535045 -1196.924601 60.068647
slice23/query/img_08506_c1_1288793072381291us.jpg 0.652783 0.694162 0.210371 -0.218536 446.631292 -1196.535958 60.003256
slice23/query/img_08507_c1_1288793072447901us.jpg 0.652203 0.694694 0.210471 -0.218480 445.671729 -1196.349082 59.979933
slice23/query/img_08508_c1_1288793072514514us.jpg 0.652154 0.694410 0.211430 -0.218603 444.728266 -1196.156901 59.943901
slice23/query/img_08509_c1_1288793072647865us.jpg 0.652286 0.693656 0.213179 -0.218903 442.798867 -1195.779093 59.887262
slice23/query/img_08510_c1_1288793072714476us.jpg 0.652783 0.693056 0.213519 -0.218992 441.840261 -1195.602513 59.847864
slice23/query/img_08511_c1_1288793072781214us.jpg 0.653078 0.692529 0.213807 -0.219498 440.877295 -1195.421232 59.813398
slice23/query/img_08512_c1_1288793072847827us.jpg 0.654155 0.691286 0.214317 -0.219711 439.912616 -1195.243515 59.781126
slice23/query/img_08513_c1_1288793072981180us.jpg 0.655898 0.689240 0.215834 -0.219458 437.982127 -1194.891671 59.720692
slice23/query/img_08514_c1_1288793073047790us.jpg 0.656149 0.689073 0.216408 -0.218664 437.005562 -1194.716105 59.690111
slice23/query/img_08515_c1_1288793073114404us.jpg 0.655586 0.689595 0.216655 -0.218463 436.034281 -1194.534182 59.656362
slice23/query/img_08516_c1_1288793073247778us.jpg 0.653530 0.691258 0.217556 -0.218475 434.091702 -1194.171091 59.586667
slice23/query/img_08517_c1_1288793073314370us.jpg 0.651878 0.692689 0.217422 -0.219011 433.110443 -1193.982052 59.549233
slice23/query/img_08518_c1_1288793073381106us.jpg 0.650866 0.693569 0.216897 -0.219752 432.136814 -1193.799026 59.501612
slice23/query/img_08519_c1_1288793073447718us.jpg 0.650014 0.694342 0.216015 -0.220699 431.164055 -1193.616112 59.461796
slice23/query/img_08520_c1_1288793073581091us.jpg 0.651001 0.693356 0.214944 -0.221932 429.206526 -1193.262614 59.385878
slice23/query/img_08521_c1_1288793073647681us.jpg 0.652158 0.692313 0.215227 -0.221515 428.229811 -1193.090613 59.351587
slice23/query/img_08522_c1_1288793073714295us.jpg 0.652979 0.691572 0.216073 -0.220588 427.252809 -1192.921093 59.320323
slice23/query/img_08523_c1_1288793073847648us.jpg 0.653625 0.690940 0.217902 -0.218849 425.285139 -1192.572403 59.258955
slice23/query/img_08524_c1_1288793073914259us.jpg 0.653549 0.690957 0.218222 -0.218704 424.302493 -1192.399908 59.222893
slice23/query/img_08525_c1_1288793073980996us.jpg 0.653401 0.691091 0.218250 -0.218695 423.319384 -1192.220327 59.179632
slice23/query/img_08526_c1_1288793074047608us.jpg 0.653003 0.691567 0.217662 -0.218965 422.345144 -1192.044321 59.136008
slice23/query/img_08527_c1_1288793074180965us.jpg 0.652029 0.692418 0.216520 -0.220307 420.391445 -1191.684730 59.070945
slice23/query/img_08528_c1_1288793074247573us.jpg 0.651910 0.692522 0.216544 -0.220308 419.407326 -1191.499216 59.028519
slice23/query/img_08529_c1_1288793074314185us.jpg 0.651545 0.692821 0.217007 -0.219991 418.424002 -1191.318340 58.990668
slice23/query/img_08530_c1_1288793074447558us.jpg 0.650551 0.694128 0.217223 -0.218595 416.434472 -1190.955122 58.907729
slice23/query/img_08531_c1_1288793074514149us.jpg 0.649770 0.694929 0.217305 -0.218291 415.453810 -1190.767407 58.866971
slice23/query/img_08532_c1_1288793074580888us.jpg 0.649129 0.695556 0.217021 -0.218483 414.473972 -1190.587098 58.818012
slice23/query/img_08533_c1_1288793074714117us.jpg 0.647610 0.696951 0.215699 -0.219851 412.523385 -1190.206903 58.731508
slice23/query/img_08534_c1_1288793074780851us.jpg 0.647428 0.697282 0.215023 -0.220000 411.528114 -1190.031984 58.682899
slice23/query/img_08535_c1_1288793074847465us.jpg 0.647473 0.697413 0.214370 -0.220091 410.536396 -1189.851121 58.633679
slice23/query/img_08536_c1_1288793074980818us.jpg 0.648612 0.696607 0.213078 -0.220542 408.546841 -1189.502929 58.548508
slice23/query/img_08537_c1_1288793075047428us.jpg 0.649471 0.695936 0.212536 -0.220653 407.565306 -1189.330112 58.511251
slice23/query/img_08538_c1_1288793075114040us.jpg 0.650363 0.695387 0.211985 -0.220292 406.575807 -1189.154693 58.470495
slice23/query/img_08539_c1_1288793075247820us.jpg 0.650373 0.695384 0.213123 -0.219168 404.601413 -1188.777695 58.394370
slice23/query/img_08540_c1_1288793075314025us.jpg 0.649768 0.696072 0.213601 -0.218310 403.607602 -1188.586128 58.350546
slice23/query/img_08541_c1_1288793075380741us.jpg 0.648885 0.696930 0.213697 -0.218108 402.612460 -1188.390291 58.305794
slice23/query/img_08542_c1_1288793075514518us.jpg 0.648217 0.697559 0.212434 -0.219312 400.597281 -1188.019348 58.204279
slice23/query/img_08543_c1_1288793075580720us.jpg 0.648536 0.697362 0.212044 -0.219372 399.594688 -1187.842750 58.162179
slice23/query/img_08544_c1_1288793075647318us.jpg 0.648863 0.697100 0.211966 -0.219313 398.590950 -1187.654349 58.119473
slice23/query/img_08545_c1_1288793075713930us.jpg 0.649386 0.696708 0.212396 -0.218595 397.591151 -1187.468262 58.080410
slice23/query/img_08546_c1_1288793075847303us.jpg 0.650278 0.695622 0.214825 -0.217022 395.584451 -1187.086536 58.002186
slice23/query/img_08547_c1_1288793075913894us.jpg 0.650812 0.695150 0.215345 -0.216417 394.587382 -1186.909902 57.957592
slice23/query/img_08548_c1_1288793075980633us.jpg 0.650918 0.694922 0.215547 -0.216630 393.596710 -1186.719412 57.908048
slice23/query/img_08549_c1_1288793076113883us.jpg 0.651132 0.694589 0.215376 -0.217226 391.558105 -1186.322611 57.800940
slice23/query/img_08550_c1_1288793076180618us.jpg 0.650903 0.694816 0.215288 -0.217270 390.568864 -1186.134943 57.755579
slice23/query/img_08551_c1_1288793076247208us.jpg 0.650607 0.695068 0.215811 -0.216833 389.576190 -1185.943500 57.713806
slice23/query/img_08552_c1_1288793076313823us.jpg 0.650151 0.695389 0.216482 -0.216501 388.583454 -1185.747297 57.672092
slice23/query/img_08553_c1_1288793076447197us.jpg 0.650072 0.695252 0.217476 -0.216184 386.583820 -1185.375064 57.590045
slice23/query/img_08554_c1_1288793076513785us.jpg 0.649996 0.695069 0.217359 -0.217118 385.589595 -1185.179665 57.544681
slice23/query/img_08555_c1_1288793076580524us.jpg 0.649878 0.694939 0.217135 -0.218107 384.594346 -1184.986251 57.495388
slice23/query/img_08556_c1_1288793076713754us.jpg 0.649353 0.695243 0.217199 -0.218639 382.585532 -1184.597931 57.412808
slice23/query/img_08557_c1_1288793076780487us.jpg 0.649362 0.695117 0.217305 -0.218905 381.590293 -1184.416084 57.368831
slice23/query/img_08558_c1_1288793076847100us.jpg 0.649141 0.695158 0.217627 -0.219114 380.583040 -1184.228929 57.324595
slice23/query/img_08559_c1_1288793076980569us.jpg 0.648744 0.695265 0.218400 -0.219179 378.573918 -1183.867643 57.248680
slice23/query/img_08560_c1_1288793077047065us.jpg 0.648594 0.695278 0.218320 -0.219660 377.557510 -1183.678559 57.202636
slice23/query/img_08561_c1_1288793077113675us.jpg 0.648703 0.695082 0.218532 -0.219747 376.548713 -1183.497835 57.157608
slice23/query/img_08562_c1_1288793077180415us.jpg 0.648936 0.694858 0.218321 -0.219977 375.540372 -1183.321471 57.115164
slice23/query/img_08563_c1_1288793077313668us.jpg 0.649339 0.694533 0.218196 -0.219938 373.516329 -1182.975567 57.037963
slice23/query/img_08564_c1_1288793077380378us.jpg 0.649624 0.694220 0.218650 -0.219636 372.498301 -1182.794716 56.991215
slice23/query/img_08565_c1_1288793077446991us.jpg 0.649744 0.694119 0.218944 -0.219304 371.482931 -1182.614173 56.948085
slice23/query/img_08566_c1_1288793077580344us.jpg 0.650055 0.693937 0.220383 -0.217514 369.457312 -1182.268153 56.859206
slice23/query/img_08567_c1_1288793077646954us.jpg 0.650451 0.693526 0.221299 -0.216708 368.444325 -1182.085463 56.811315
slice23/query/img_08568_c1_1288793077713565us.jpg 0.650422 0.693556 0.221620 -0.216370 367.429555 -1181.903501 56.765075
slice23/query/img_08569_c1_1288793077846920us.jpg 0.651688 0.692639 0.221149 -0.215981 365.413524 -1181.544034 56.665464
slice23/query/img_08570_c1_1288793077913529us.jpg 0.652453 0.692018 0.220802 -0.216016 364.405524 -1181.365339 56.615431
slice23/query/img_08571_c1_1288793077980268us.jpg 0.653225 0.691326 0.221031 -0.215664 363.387313 -1181.184756 56.564759
slice23/query/img_08572_c1_1288793078113498us.jpg 0.653359 0.691524 0.220819 -0.214839 361.356099 -1180.809713 56.465857
slice23/query/img_08573_c1_1288793078180230us.jpg 0.653234 0.691909 0.220741 -0.214058 360.336770 -1180.623087 56.417593
slice23/query/img_08574_c1_1288793078246845us.jpg 0.653165 0.692090 0.220718 -0.213706 359.316978 -1180.425606 56.363911
slice23/query/img_08575_c1_1288793078380197us.jpg 0.653061 0.692565 0.219767 -0.213469 357.281081 -1180.061338 56.250008
slice23/query/img_08576_c1_1288793078446807us.jpg 0.652698 0.693063 0.219391 -0.213346 356.267153 -1179.869434 56.196414
slice23/query/img_08577_c1_1288793078513421us.jpg 0.652425 0.693329 0.218773 -0.213952 355.256123 -1179.668559 56.141274
slice23/query/img_08578_c1_1288793078646775us.jpg 0.652584 0.693644 0.217751 -0.213487 353.212741 -1179.283105 56.026214
slice23/query/img_08579_c1_1288793078713384us.jpg 0.652556 0.693811 0.217295 -0.213496 352.196187 -1179.090352 55.969974
slice23/query/img_08580_c1_1288793078846739us.jpg 0.652170 0.694410 0.217152 -0.212871 350.154533 -1178.702263 55.866213
slice23/query/img_08581_c1_1288793078913354us.jpg 0.651772 0.694952 0.217069 -0.212405 349.127646 -1178.503929 55.818707
slice23/query/img_08582_c1_1288793079046702us.jpg 0.651691 0.695300 0.216841 -0.211747 347.100843 -1178.105009 55.711151
slice23/query/img_08583_c1_1288793079113312us.jpg 0.651214 0.695904 0.216191 -0.211897 346.081064 -1177.904665 55.660959
slice23/query/img_08584_c1_1288793079246665us.jpg 0.651158 0.696297 0.215113 -0.211874 344.050531 -1177.502449 55.550386
slice23/query/img_08585_c1_1288793079313279us.jpg 0.651143 0.696429 0.214647 -0.211957 343.045378 -1177.307065 55.496247
slice23/query/img_08586_c1_1288793079446655us.jpg 0.651471 0.696179 0.214906 -0.211510 341.026826 -1176.906597 55.396503
slice23/query/img_08587_c1_1288793079513239us.jpg 0.651659 0.696095 0.214774 -0.211341 340.028476 -1176.706424 55.347885
slice23/query/img_08588_c1_1288793079646596us.jpg 0.652229 0.695900 0.214917 -0.210074 338.019150 -1176.316572 55.247549
slice23/query/img_08589_c1_1288793079713203us.jpg 0.652801 0.695466 0.215262 -0.209379 337.012517 -1176.123994 55.199235
slice23/query/img_08590_c1_1288793079779944us.jpg 0.653400 0.695031 0.215340 -0.208877 336.002867 -1175.925733 55.147245
slice23/query/img_08591_c1_1288793079913192us.jpg 0.654043 0.694441 0.215534 -0.208626 333.983637 -1175.516675 55.026573
slice23/query/img_08592_c1_1288793079979907us.jpg 0.653947 0.694507 0.215768 -0.208465 332.974092 -1175.310409 54.973381
slice23/query/img_08593_c1_1288793080046517us.jpg 0.653590 0.694809 0.216173 -0.208157 331.969971 -1175.106153 54.922565
slice23/query/img_08594_c1_1288793080179870us.jpg 0.653659 0.694663 0.217293 -0.207260 329.959672 -1174.697812 54.802930
slice23/query/img_08595_c1_1288793080246503us.jpg 0.654062 0.694358 0.217572 -0.206717 328.956587 -1174.500140 54.748402
slice23/query/img_08596_c1_1288793080313094us.jpg 0.654374 0.694034 0.218182 -0.206177 327.957631 -1174.303107 54.694400
slice23/query/img_08597_c1_1288793080379830us.jpg 0.654500 0.693871 0.218520 -0.205964 326.961059 -1174.103442 54.638584
slice23/query/img_08598_c1_1288793080513061us.jpg 0.654025 0.693872 0.219955 -0.205945 324.950088 -1173.705353 54.515482
slice23/query/img_08599_c1_1288793080579795us.jpg 0.653340 0.694173 0.220836 -0.206160 323.942131 -1173.496662 54.451976
slice23/query/img_08600_c1_1288793080646409us.jpg 0.652514 0.694648 0.221581 -0.206377 322.944919 -1173.298802 54.391092
slice23/query/img_08601_c1_1288793080779780us.jpg 0.651663 0.694759 0.222828 -0.207348 320.953368 -1172.904870 54.262385
slice23/query/img_08602_c1_1288793080846372us.jpg 0.651747 0.694402 0.223259 -0.207813 319.956101 -1172.712909 54.198303
slice23/query/img_08603_c1_1288793080912984us.jpg 0.651802 0.693986 0.224002 -0.208232 318.962215 -1172.518063 54.133871
slice23/query/img_08604_c1_1288793080979723us.jpg 0.652009 0.693428 0.224831 -0.208549 317.972492 -1172.332347 54.070876
slice23/query/img_08605_c1_1288793081112951us.jpg 0.651684 0.692883 0.226736 -0.209312 315.978967 -1171.967650 53.942838
slice23/query/img_08606_c1_1288793081179685us.jpg 0.651106 0.692913 0.227823 -0.209832 314.972661 -1171.777419 53.877158
slice23/query/img_08607_c1_1288793081246300us.jpg 0.650427 0.693218 0.228493 -0.210201 313.974510 -1171.597420 53.811303
slice23/query/img_08608_c1_1288793081379652us.jpg 0.649793 0.693117 0.229892 -0.210968 311.978011 -1171.239312 53.676601
slice23/query/img_08609_c1_1288793081446262us.jpg 0.649883 0.692617 0.231113 -0.210997 310.971214 -1171.063564 53.609216
slice23/query/img_08610_c1_1288793081512874us.jpg 0.649992 0.692157 0.232175 -0.211009 309.967842 -1170.889186 53.541932
slice23/query/img_08611_c1_1288793081646227us.jpg 0.650069 0.691366 0.234230 -0.211091 307.957426 -1170.543415 53.399673
slice23/query/img_08612_c1_1288793081779600us.jpg 0.649719 0.691058 0.236207 -0.210976 305.938050 -1170.203088 53.249783
slice23/query/img_08613_c1_1288793081846190us.jpg 0.649130 0.691365 0.236789 -0.211130 304.928163 -1170.024198 53.172030
slice23/query/img_08614_c1_1288793081912803us.jpg 0.648501 0.691656 0.237332 -0.211500 303.925551 -1169.854972 53.096430
slice23/query/img_08615_c1_1288793081979540us.jpg 0.647868 0.691997 0.237886 -0.211700 302.920365 -1169.689442 53.018615
slice23/query/img_08616_c1_1288793082112769us.jpg 0.647135 0.692085 0.238923 -0.212487 300.903561 -1169.360288 52.851710
slice23/query/img_08617_c1_1288793082179504us.jpg 0.646949 0.691964 0.239892 -0.212356 299.889706 -1169.201861 52.772306
slice23/query/img_08618_c1_1288793082246117us.jpg 0.646803 0.691923 0.240531 -0.212209 298.873964 -1169.038409 52.689462
slice23/query/img_08619_c1_1288793082379490us.jpg 0.646455 0.691785 0.241653 -0.212445 296.838105 -1168.719112 52.522060
slice23/query/img_08620_c1_1288793082446081us.jpg 0.646085 0.691889 0.242078 -0.212746 295.816694 -1168.559972 52.435943
slice23/query/img_08621_c1_1288793082512694us.jpg 0.645245 0.692436 0.242488 -0.213049 294.795402 -1168.401955 52.354069
slice23/query/img_08622_c1_1288793082646045us.jpg 0.643513 0.693556 0.242884 -0.214192 292.751722 -1168.087652 52.177917
slice23/query/img_08623_c1_1288793082712656us.jpg 0.642883 0.693788 0.242990 -0.215212 291.730274 -1167.927568 52.089105
slice23/query/img_08624_c1_1288793082779394us.jpg 0.642475 0.693684 0.243475 -0.216214 290.706519 -1167.772218 52.001235
slice23/query/img_08625_c1_1288793082912642us.jpg 0.641952 0.693070 0.245427 -0.217526 288.650956 -1167.468855 51.819667
slice23/query/img_08626_c1_1288793082979358us.jpg 0.641656 0.692777 0.246894 -0.217672 287.620779 -1167.321249 51.732787
slice23/query/img_08627_c1_1288793083045971us.jpg 0.641259 0.692451 0.248713 -0.217808 286.585830 -1167.172064 51.645984
slice23/query/img_08628_c1_1288793083180140us.jpg 0.640821 0.691523 0.251821 -0.218472 284.513403 -1166.895129 51.463510
slice23/query/img_08629_c1_1288793083245934us.jpg 0.640769 0.690892 0.253030 -0.219226 283.471883 -1166.758970 51.369500
slice23/query/img_08630_c1_1288793083312548us.jpg 0.640862 0.690135 0.253791 -0.220454 282.432434 -1166.624711 51.273677
slice23/query/img_08631_c1_1288793083379284us.jpg 0.640798 0.689523 0.254698 -0.221507 281.389637 -1166.492664 51.178607
slice23/query/img_08632_c1_1288793083512533us.jpg 0.640668 0.688376 0.256510 -0.223351 279.303559 -1166.238523 50.985969
slice23/query/img_08633_c1_1288793083579249us.jpg 0.640597 0.687841 0.257591 -0.223959 278.254114 -1166.116097 50.890084
slice23/query/img_08634_c1_1288793083645861us.jpg 0.640376 0.687332 0.259268 -0.224220 277.206215 -1165.993113 50.796703
slice23/query/img_08635_c1_1288793083779216us.jpg 0.640251 0.686341 0.261969 -0.224472 275.088958 -1165.765861 50.600421
slice23/query/img_08636_c1_1288793083845825us.jpg 0.640217 0.685846 0.263061 -0.224803 274.035362 -1165.654638 50.502004
slice23/query/img_08637_c1_1288793083912438us.jpg 0.640401 0.685011 0.264224 -0.225462 272.976850 -1165.540300 50.403680
slice23/query/img_08638_c1_1288793084045791us.jpg 0.640559 0.684353 0.264032 -0.227228 270.861065 -1165.335675 50.204424
slice23/query/img_08639_c1_1288793084112402us.jpg 0.639791 0.684769 0.264363 -0.227752 269.800042 -1165.225645 50.104028
slice23/query/img_08640_c1_1288793084179139us.jpg 0.638826 0.685099 0.265584 -0.228049 268.736878 -1165.118171 50.004373
slice23/query/img_08641_c1_1288793084312389us.jpg 0.636825 0.685795 0.267741 -0.229028 266.625379 -1164.899480 49.797003
slice23/query/img_08642_c1_1288793084379104us.jpg 0.636292 0.685733 0.268640 -0.229642 265.564281 -1164.795253 49.694351
slice23/query/img_08643_c1_1288793084445716us.jpg 0.636243 0.685292 0.269794 -0.229740 264.502854 -1164.693171 49.590208
slice23/query/img_08644_c1_1288793084512330us.jpg 0.636578 0.684474 0.271209 -0.229586 263.446046 -1164.602888 49.489105
slice23/query/img_08645_c1_1288793084645681us.jpg 0.638691 0.681416 0.273950 -0.229561 261.325353 -1164.440069 49.278986
slice23/query/img_08646_c1_1288793084712293us.jpg 0.639433 0.680104 0.274829 -0.230331 260.275914 -1164.360709 49.173596
slice23/query/img_08647_c1_1288793084845648us.jpg 0.638415 0.680119 0.276116 -0.231571 258.150441 -1164.206052 48.959042
slice23/query/img_08648_c1_1288793084912257us.jpg 0.637277 0.680506 0.276853 -0.232683 257.081483 -1164.117975 48.854502
slice23/query/img_08649_c1_1288793084978996us.jpg 0.635857 0.681295 0.277084 -0.233982 256.020187 -1164.035216 48.749790
slice23/query/img_08650_c1_1288793085113289us.jpg 0.633358 0.682501 0.277580 -0.236641 253.869437 -1163.879693 48.529458
slice23/query/img_08651_c1_1288793085178982us.jpg 0.632890 0.682131 0.278378 -0.238019 252.793447 -1163.803446 48.425440
slice23/query/img_08652_c1_1288793085245571us.jpg 0.632948 0.681437 0.279073 -0.239038 251.723460 -1163.741388 48.322672
slice23/query/img_08653_c1_1288793085312183us.jpg 0.633014 0.680713 0.280052 -0.239777 250.643798 -1163.672553 48.219467
slice23/query/img_08654_c1_1288793085445538us.jpg 0.632960 0.679283 0.282638 -0.240938 248.502049 -1163.552502 48.015921
slice23/query/img_08655_c1_1288793085512148us.jpg 0.632849 0.678633 0.284030 -0.241425 247.429381 -1163.496192 47.917094
slice23/query/img_08656_c1_1288793085578884us.jpg 0.632782 0.677800 0.285519 -0.242184 246.359383 -1163.443099 47.814559
slice23/query/img_08657_c1_1288793085645498us.jpg 0.632363 0.677356 0.286692 -0.243133 245.296314 -1163.392120 47.714464
slice23/query/img_08658_c1_1288793085778873us.jpg 0.630798 0.677456 0.287590 -0.245844 243.153953 -1163.303965 47.510384
slice23/query/img_08659_c1_1288793085845463us.jpg 0.630319 0.677320 0.288055 -0.246902 242.077709 -1163.270765 47.410933
slice23/query/img_08660_c1_1288793085912075us.jpg 0.630053 0.676785 0.288910 -0.248045 241.004574 -1163.234346 47.309750
slice23/query/img_08661_c1_1288793085978813us.jpg 0.629754 0.676155 0.290009 -0.249237 239.935946 -1163.198584 47.215398
slice23/query/img_08662_c1_1288793086112063us.jpg 0.629112 0.675446 0.292271 -0.250137 237.762886 -1163.133289 47.019692
slice23/query/img_08663_c1_1288793086178777us.jpg 0.629706 0.674439 0.293531 -0.249886 236.681380 -1163.113760 46.915608
slice23/query/img_08664_c1_1288793086245390us.jpg 0.630547 0.673270 0.294501 -0.249773 235.609295 -1163.096118 46.819326
slice23/query/img_08665_c1_1288793086312003us.jpg 0.631706 0.671937 0.295200 -0.249609 234.539474 -1163.080444 46.722375
slice23/query/img_08666_c1_1288793086445376us.jpg 0.633889 0.670154 0.295194 -0.248875 232.393481 -1163.061232 46.527696
slice23/query/img_08667_c1_1288793086511966us.jpg 0.634469 0.669378 0.297037 -0.247288 231.321370 -1163.045351 46.432350
slice23/query/img_08668_c1_1288793086578703us.jpg 0.634821 0.668832 0.298495 -0.246104 230.253506 -1163.030706 46.337281
slice23/query/img_08669_c1_1288793086711951us.jpg 0.634779 0.669475 0.297403 -0.245783 228.118778 -1162.990968 46.122489
slice23/query/img_08670_c1_1288793086778689us.jpg 0.634662 0.669890 0.296566 -0.245968 227.050971 -1162.965533 46.013036
slice23/query/img_08671_c1_1288793086845280us.jpg 0.634592 0.670160 0.295734 -0.246416 225.992369 -1162.950395 45.909415
slice23/query/img_08672_c1_1288793086911892us.jpg 0.634330 0.670440 0.295204 -0.246961 224.931135 -1162.920803 45.804640
slice23/query/img_08673_c1_1288793086978629us.jpg 0.633797 0.671020 0.295039 -0.246953 223.871260 -1162.891711 45.701747
slice23/query/img_08674_c1_1288793087111879us.jpg 0.632275 0.672772 0.295075 -0.246042 221.744434 -1162.841489 45.504858
slice23/query/img_08675_c1_1288793087178593us.jpg 0.632124 0.673181 0.295177 -0.245188 220.675484 -1162.820670 45.399936
slice23/query/img_08676_c1_1288793087245206us.jpg 0.632346 0.673119 0.294871 -0.245154 219.618054 -1162.793482 45.296340
slice23/query/img_08677_c1_1288793087311820us.jpg 0.632811 0.672985 0.294203 -0.245124 218.566629 -1162.773402 45.193184
slice23/query/img_08678_c1_1288793087445194us.jpg 0.631959 0.674481 0.291551 -0.246376 216.459929 -1162.706835 44.987961
slice23/query/img_08679_c1_1288793087511783us.jpg 0.631729 0.674841 0.292123 -0.245298 215.409371 -1162.671180 44.885066
slice23/query/img_08680_c1_1288793087578521us.jpg 0.630640 0.675775 0.293053 -0.244419 214.380754 -1162.632876 44.785652
slice23/query/img_08681_c1_1288793087711748us.jpg 0.626249 0.678417 0.294675 -0.246434 212.306225 -1162.507404 44.550208
slice23/query/img_08682_c1_1288793087778485us.jpg 0.624007 0.679961 0.294656 -0.247883 211.265090 -1162.461288 44.431697
slice23/query/img_08683_c1_1288793087845098us.jpg 0.622395 0.680658 0.295132 -0.249452 210.232119 -1162.421351 44.322224
slice23/query/img_08684_c1_1288793087911710us.jpg 0.621879 0.680444 0.295520 -0.250859 209.194026 -1162.390155 44.203856
slice23/query/img_08685_c1_1288793088045063us.jpg 0.622462 0.679241 0.296027 -0.252071 207.120398 -1162.356733 43.970215
slice23/query/img_08686_c1_1288793088111673us.jpg 0.623619 0.678084 0.296335 -0.251967 206.090145 -1162.342655 43.871334
slice23/query/img_08687_c1_1288793088178418us.jpg 0.625142 0.676543 0.296713 -0.251890 205.070568 -1162.324481 43.769089
slice23/query/img_08688_c1_1288793088311658us.jpg 0.628808 0.674363 0.295784 -0.249693 203.036637 -1162.324721 43.572669
slice23/query/img_08689_c1_1288793088378373us.jpg 0.630405 0.673777 0.295128 -0.248021 202.033769 -1162.318237 43.475227
slice23/query/img_08690_c1_1288793088444988us.jpg 0.631543 0.673725 0.294309 -0.246234 201.041868 -1162.304942 43.381000
slice23/query/img_08691_c1_1288793088511602us.jpg 0.632242 0.674161 0.293632 -0.244044 200.049990 -1162.288564 43.290569
slice23/query/img_08692_c1_1288793088644954us.jpg 0.632323 0.676617 0.290047 -0.241308 198.095594 -1162.234839 43.098418
slice23/query/img_08693_c1_1288793088711565us.jpg 0.632748 0.677530 0.288155 -0.239895 197.137157 -1162.204449 43.004715
slice23/query/img_08694_c1_1288793088778303us.jpg 0.633425 0.678353 0.285704 -0.238713 196.181335 -1162.168392 42.911960
slice23/query/img_08695_c1_1288793088911531us.jpg 0.634976 0.679898 0.280990 -0.235776 194.293134 -1162.089288 42.719143
slice23/query/img_08696_c1_1288793088978267us.jpg 0.633714 0.683049 0.275546 -0.236485 193.353051 -1162.059432 42.606020
