slice23/query/img_07885_c1_1289590326822617us.jpg 0.659101 0.686181 0.204314 -0.230211 489.827302 -1204.788622 60.702593
slice23/query/img_07886_c1_1289590326955867us.jpg 0.656783 0.688174 0.205533 -0.229801 487.619840 -1204.376645 60.737332
slice23/query/img_07887_c1_1289590327022583us.jpg 0.656560 0.688575 0.205723 -0.229069 486.486140 -1204.167548 60.729893
slice23/query/img_07888_c1_1289590327089197us.jpg 0.656465 0.688831 0.205597 -0.228681 485.364810 -1203.961213 60.726314
slice23/query/img_07889_c1_1289590327222571us.jpg 0.656285 0.688794 0.206042 -0.228908 483.122833 -1203.526700 60.704572
slice23/query/img_07890_c1_1289590327289182us.jpg 0.655858 0.688990 0.206404 -0.229219 482.010471 -1203.308798 60.697587
slice23/query/img_07891_c1_1289590327355782us.jpg 0.655663 0.689136 0.206727 -0.229043 480.892842 -1203.097936 60.688012
slice23/query/img_07892_c1_1289590327489130us.jpg 0.654475 0.689921 0.207921 -0.229000 478.667376 -1202.695009 60.677153
slice23/query/img_07893_c1_1289590327555740us.jpg 0.654115 0.690334 0.208461 -0.228289 477.542984 -1202.488010 60.664975
slice23/query/img_07894_c1_1289590327622476us.jpg 0.654089 0.690389 0.208830 -0.227861 476.419872 -1202.280799 60.650380
slice23/query/img_07895_c1_1289590327689090us.jpg 0.654350 0.690274 0.208706 -0.227575 475.307758 -1202.084428 60.630847
slice23/query/img_07896_c1_1289590327822471us.jpg 0.653466 0.691217 0.208895 -0.227079 473.086717 -1201.686853 60.598234
slice23/query/img_07897_c1_1289590327955674us.jpg 0.650902 0.693313 0.209314 -0.227665 470.862621 -1201.264647 60.564815
slice23/query/img_07898_c1_1289590328022408us.jpg 0.650158 0.693905 0.208967 -0.228305 469.748218 -1201.053169 60.537107
slice23/query/img_07899_c1_1289590328089023us.jpg 0.650260 0.693826 0.208787 -0.228420 468.641615 -1200.847108 60.506873
slice23/query/img_07900_c1_1289590328222377us.jpg 0.650855 0.693568 0.209039 -0.227276 466.421534 -1200.447678 60.465516
slice23/query/img_07901_c1_1289590328289006us.jpg 0.651458 0.692992 0.209820 -0.226584 465.328689 -1200.246064 60.442432
slice23/query/img_07902_c1_1289590328355598us.jpg 0.652339 0.692239 0.210867 -0.225374 464.236582 -1200.046019 60.418432
slice23/query/img_07903_c1_1289590328488972us.jpg 0.652702 0.691982 0.212401 -0.223665 462.041530 -1199.643389 60.370582
slice23/query/img_07904_c1_1289590328555586us.jpg 0.652715 0.691948 0.212115 -0.224004 460.927390 -1199.433177 60.334962
slice23/query/img_07905_c1_1289590328622301us.jpg 0.652779 0.691777 0.211764 -0.224680 459.813596 -1199.219404 60.298662
slice23/query/img_07906_c1_1289590328688914us.jpg 0.652711 0.691773 0.211828 -0.224827 458.703022 -1199.011771 60.269421
slice23/query/img_07907_c1_1289590328822271us.jpg 0.653018 0.691906 0.211769 -0.223579 456.491463 -1198.648292 60.224165
slice23/query/img_07908_c1_1289590328888882us.jpg 0.653321 0.691855 0.212098 -0.222540 455.370628 -1198.434464 60.196779
slice23/query/img_07909_c1_1289590328955493us.jpg 0.654100 0.691185 0.212790 -0.221668 454.257885 -1198.227841 60.164682
slice23/query/img_07910_c1_1289590329022231us.jpg 0.654735 0.690529 0.213402 -0.221250 453.142044 -1198.015338 60.131130
slice23/query/img_07911_c1_1289590329155479us.jpg 0.655392 0.690196 0.213517 -0.220231 450.946125 -1197.606724 60.075842
slice23/query/img_07912_c1_1289590329222195us.jpg 0.655041 0.690542 0.213639 -0.220069 449.828048 -1197.390580 60.039694
slice23/query/img_07913_c1_1289590329288809us.jpg 0.654459 0.691126 0.213505 -0.220099 448.719220 -1197.177415 60.005057
slice23/query/img_07914_c1_1289590329422858us.jpg 0.653290 0.692389 0.212543 -0.220535 446.525717 -1196.763912 59.943732
slice23/query/img_07915_c1_1289590329488776us.jpg 0.652538 0.693079 0.212149 -0.220971 445.407730 -1196.544639 59.907795
slice23/query/img_07916_c1_1289590329555388us.jpg 0.652202 0.693395 0.212374 -0.220757 444.294765 -1196.335624 59.875926
slice23/query/img_07917_c1_1289590329622125us.jpg 0.652371 0.692937 0.213765 -0.220354 443.219753 -1196.125412 59.865287
slice23/query/img_07918_c1_1289590329755354us.jpg 0.654025 0.690999 0.216669 -0.218693 441.059644 -1195.735770 59.813439
slice23/query/img_07919_c1_1289590329822094us.jpg 0.653796 0.691264 0.216250 -0.218954 439.967912 -1195.534976 59.785907
slice23/query/img_07920_c1_1289590329888704us.jpg 0.654800 0.690260 0.216236 -0.219135 438.841517 -1195.324855 59.740342
slice23/query/img_07921_c1_1289590329955319us.jpg 0.655701 0.689512 0.216397 -0.218635 437.723329 -1195.122013 59.705563
slice23/query/img_07922_c1_1289590330088693us.jpg 0.655578 0.689875 0.216309 -0.217947 435.510749 -1194.725559 59.633349
slice23/query/img_07923_c1_1289590330155280us.jpg 0.654262 0.691009 0.216666 -0.217953 434.385862 -1194.503134 59.591218
slice23/query/img_07924_c1_1289590330222019us.jpg 0.652729 0.692343 0.216766 -0.218217 433.274148 -1194.286732 59.545291
slice23/query/img_07925_c1_1289590330355248us.jpg 0.649965 0.694851 0.215740 -0.219509 431.057080 -1193.860324 59.444270
slice23/query/img_07926_c1_1289590330421985us.jpg 0.649877 0.694921 0.214928 -0.220342 429.949469 -1193.650422 59.386766
slice23/query/img_07927_c1_1289590330488601us.jpg 0.650489 0.694339 0.214374 -0.220912 428.852351 -1193.448616 59.342105
slice23/query/img_07928_c1_1289590330555211us.jpg 0.651447 0.693374 0.214464 -0.221031 427.744244 -1193.238887 59.303844
slice23/query/img_07929_c1_1289590330688586us.jpg 0.653271 0.691657 0.216268 -0.219261 425.542653 -1192.836825 59.251204
slice23/query/img_07930_c1_1289590330755198us.jpg 0.654149 0.690846 0.217161 -0.218316 424.429126 -1192.630058 59.212341
slice23/query/img_07931_c1_1289590330821914us.jpg 0.654430 0.690554 0.217653 -0.217906 423.321676 -1192.429984 59.171274
slice23/query/img_07932_c1_1289590330888528us.jpg 0.654222 0.690757 0.217478 -0.218062 422.220548 -1192.222621 59.128638
slice23/query/img_07933_c1_1289590331021903us.jpg 0.652907 0.691840 0.216313 -0.219723 420.006155 -1191.798051 59.038388
slice23/query/img_07934_c1_1289590331088513us.jpg 0.652318 0.692456 0.216113 -0.219727 418.900357 -1191.590552 58.990457
slice23/query/img_07935_c1_1289590331155105us.jpg 0.651516 0.693254 0.216032 -0.219671 417.801230 -1191.380178 58.943786
slice23/query/img_07936_c1_1289590331221844us.jpg 0.650606 0.694149 0.216226 -0.219353 416.705079 -1191.171701 58.898407
slice23/query/img_07937_c1_1289590331355072us.jpg 0.649472 0.695264 0.216982 -0.218433 414.494101 -1190.746909 58.810159
slice23/query/img_07938_c1_1289590331421808us.jpg 0.648806 0.695868 0.216622 -0.218848 413.386225 -1190.533334 58.760673
slice23/query/img_07939_c1_1289590331488421us.jpg 0.648570 0.696117 0.216318 -0.219057 412.282799 -1190.329614 58.708851
slice23/query/img_07940_c1_1289590331621776us.jpg 0.648027 0.696642 0.215173 -0.220118 410.061427 -1189.910531 58.605634
slice23/query/img_07941_c1_1289590331688396us.jpg 0.648312 0.696410 0.214537 -0.220632 408.956598 -1189.705797 58.560930
slice23/query/img_07942_c1_1289590331755000us.jpg 0.649068 0.695817 0.214043 -0.220761 407.842146 -1189.499751 58.511309
slice23/query/img_07943_c1_1289590331889172us.jpg 0.650243 0.694950 0.212975 -0.221066 405.605321 -1189.080952 58.411167
slice23/query/img_07944_c1_1289590331954986us.jpg 0.650012 0.695121 0.213788 -0.220421 404.500783 -1188.867879 58.372523
slice23/query/img_07945_c1_1289590332021703us.jpg 0.649509 0.695628 0.214880 -0.219240 403.393526 -1188.660219 58.333075
slice23/query/img_07946_c1_1289590332154930us.jpg 0.648419 0.696913 0.214871 -0.218392 401.185577 -1188.275203 58.252719
slice23/query/img_07947_c1_1289590332221668us.jpg 0.648152 0.697202 0.213804 -0.219307 400.056993 -1188.062140 58.196511
slice23/query/img_07948_c1_1289590332288281us.jpg 0.648120 0.697204 0.213714 -0.219486 398.941954 -1187.851688 58.152695
slice23/query/img_07949_c1_1289590332421640us.jpg 0.648405 0.697037 0.214570 -0.218334 396.739004 -1187.456438 58.073668
slice23/query/img_07950_c1_1289590332488246us.jpg 0.648810 0.696666 0.215057 -0.217835 395.623895 -1187.247001 58.024022
slice23/query/img_07951_c1_1289590332554859us.jpg 0.649126 0.696433 0.215095 -0.217601 394.505475 -1187.036526 57.971451
slice23/query/img_07952_c1_1289590332689339us.jpg 0.650333 0.695389 0.214781 -0.217647 392.249041 -1186.633857 57.866784
slice23/query/img_07953_c1_1289590332754825us.jpg 0.650517 0.695229 0.214419 -0.217966 391.131456 -1186.424382 57.815643
slice23/query/img_07954_c1_1289590332821561us.jpg 0.650395 0.695473 0.213962 -0.217998 390.011704 -1186.218310 57.766191
slice23/query/img_07955_c1_1289590332888175us.jpg 0.650220 0.695660 0.214242 -0.217649 388.890867 -1186.007391 57.714903
slice23/query/img_07956_c1_1289590333021529us.jpg 0.649470 0.696241 0.215316 -0.216970 386.682155 -1185.598560 57.638618
slice23/query/img_07957_c1_1289590333088142us.jpg 0.649245 0.696383 0.215395 -0.217107 385.585517 -1185.402554 57.594393
slice23/query/img_07958_c1_1289590333154754us.jpg 0.649169 0.696419 0.215335 -0.217279 384.484382 -1185.196584 57.551179
slice23/query/img_07959_c1_1289590333288127us.jpg 0.648788 0.696611 0.215336 -0.217800 382.293357 -1184.796097 57.459313
slice23/query/img_07960_c1_1289590333354718us.jpg 0.648842 0.696566 0.215611 -0.217511 381.183992 -1184.590234 57.420935
slice23/query/img_07961_c1_1289590333488245us.jpg 0.649002 0.696581 0.215805 -0.216793 378.941938 -1184.188169 57.319668
slice23/query/img_07962_c1_1289590333554706us.jpg 0.649018 0.696515 0.215932 -0.216832 377.832025 -1183.987227 57.270698
slice23/query/img_07963_c1_1289590333621423us.jpg 0.649008 0.696540 0.216133 -0.216582 376.713012 -1183.782652 57.222653
slice23/query/img_07964_c1_1289590333754649us.jpg 0.648969 0.696566 0.215551 -0.217194 374.488012 -1183.359092 57.124167
slice23/query/img_07965_c1_1289590333821406us.jpg 0.649146 0.696388 0.215658 -0.217131 373.372068 -1183.151141 57.071142
slice23/query/img_07966_c1_1289590333888000us.jpg 0.649133 0.696329 0.216208 -0.216808 372.260413 -1182.935993 57.020124
slice23/query/img_07967_c1_1289590334021352us.jpg 0.649564 0.695860 0.217556 -0.215674 370.027340 -1182.511176 56.917227
slice23/query/img_07968_c1_1289590334087985us.jpg 0.649674 0.695696 0.218463 -0.214951 368.911383 -1182.298513 56.864105
slice23/query/img_07969_c1_1289590334154577us.jpg 0.649864 0.695519 0.219211 -0.214190 367.803014 -1182.092397 56.812588
slice23/query/img_07970_c1_1289590334289204us.jpg 0.650748 0.694993 0.218450 -0.213989 365.568605 -1181.688592 56.700853
slice23/query/img_07971_c1_1289590334354543us.jpg 0.651586 0.694215 0.218059 -0.214363 364.457980 -1181.481723 56.645247
slice23/query/img_07972_c1_1289590334421280us.jpg 0.652319 0.693464 0.218274 -0.214344 363.336571 -1181.269860 56.585992
slice23/query/img_07973_c1_1289590334487893us.jpg 0.652685 0.693196 0.218215 -0.214159 362.217768 -1181.056977 56.526841
slice23/query/img_07974_c1_1289590334621268us.jpg 0.652234 0.693758 0.218291 -0.213632 359.991288 -1180.624012 56.414190
slice23/query/img_07975_c1_1289590334687859us.jpg 0.652150 0.693856 0.218506 -0.213352 358.879370 -1180.405622 56.354781
slice23/query/img_07976_c1_1289590334754473us.jpg 0.652039 0.693962 0.218844 -0.213001 357.761626 -1180.188158 56.294366
slice23/query/img_07977_c1_1289590334887828us.jpg 0.652172 0.694157 0.218136 -0.212681 355.514978 -1179.761813 56.165779
slice23/query/img_07978_c1_1289590334954457us.jpg 0.652067 0.694354 0.217784 -0.212723 354.401111 -1179.544774 56.104987
slice23/query/img_07979_c1_1289590335021175us.jpg 0.652125 0.694443 0.217305 -0.212745 353.281264 -1179.326679 56.044991
slice23/query/img_07980_c1_1289590335087788us.jpg 0.652075 0.694626 0.216990 -0.212623 352.173664 -1179.113551 55.993509
slice23/query/img_07981_c1_1289590335221141us.jpg 0.652527 0.694516 0.217049 -0.211533 349.925719 -1178.679271 55.866226
slice23/query/img_07982_c1_1289590335287753us.jpg 0.652382 0.694648 0.217220 -0.211371 348.810506 -1178.457238 55.809427
slice23/query/img_07983_c1_1289590335354366us.jpg 0.651883 0.695291 0.216743 -0.211283 347.699141 -1178.242543 55.752139
slice23/query/img_07984_c1_1289590335487741us.jpg 0.650934 0.696316 0.215470 -0.212138 345.494547 -1177.809881 55.639079
slice23/query/img_07985_c1_1289590335554331us.jpg 0.650616 0.696647 0.214905 -0.212597 344.384841 -1177.588935 55.579237
slice23/query/img_07986_c1_1289590335621069us.jpg 0.650077 0.697213 0.214265 -0.213037 343.281793 -1177.367657 55.520715
slice23/query/img_07987_c1_1289590335754320us.jpg 0.649998 0.697092 0.214310 -0.213627 341.074863 -1176.928338 55.402312
slice23/query/img_07988_c1_1289590335821034us.jpg 0.650091 0.696916 0.214465 -0.213760 339.970830 -1176.708413 55.350108
slice23/query/img_07989_c1_1289590335887647us.jpg 0.650376 0.696680 0.214810 -0.213317 338.868874 -1176.493385 55.298381
slice23/query/img_07990_c1_1289590336021003us.jpg 0.651402 0.695719 0.215971 -0.212151 336.645542 -1176.056152 55.184503
slice23/query/img_07991_c1_1289590336087615us.jpg 0.651989 0.695081 0.216403 -0.211996 335.538270 -1175.834651 55.125359
slice23/query/img_07992_c1_1289590336154225us.jpg 0.652297 0.694765 0.216733 -0.211749 334.437681 -1175.621029 55.067694
slice23/query/img_07993_c1_1289590336287582us.jpg 0.652135 0.694717 0.217461 -0.211659 332.210368 -1175.176785 54.948427
slice23/query/img_07994_c1_1289590336354189us.jpg 0.651836 0.694912 0.217987 -0.211396 331.096797 -1174.955867 54.889219
slice23/query/img_07995_c1_1289590336420929us.jpg 0.651718 0.695023 0.218389 -0.210982 329.983499 -1174.737163 54.824944
slice23/query/img_07996_c1_1289590336554175us.jpg 0.651875 0.694741 0.219446 -0.210327 327.765540 -1174.299567 54.703629
slice23/query/img_07997_c1_1289590336620894us.jpg 0.652304 0.694330 0.219983 -0.209793 326.664801 -1174.093429 54.641783
slice23/query/img_07998_c1_1289590336687507us.jpg 0.652319 0.694209 0.220679 -0.209415 325.565733 -1173.879884 54.581514
slice23/query/img_07999_c1_1289590336820880us.jpg 0.652070 0.694294 0.222092 -0.208409 323.348104 -1173.461202 54.454982
slice23/query/img_08000_c1_1289590336887474us.jpg 0.651813 0.694415 0.222623 -0.208246 322.234941 -1173.242482 54.382978
slice23/query/img_08001_c1_1289590336954084us.jpg 0.651595 0.694454 0.223163 -0.208220 321.133354 -1173.027919 54.315208
slice23/query/img_08002_c1_1289590337087436us.jpg 0.651628 0.694347 0.223321 -0.208305 318.917044 -1172.607206 54.161454
slice23/query/img_08003_c1_1289590337154070us.jpg 0.651806 0.694125 0.223414 -0.208389 317.820336 -1172.397307 54.089682
slice23/query/img_08004_c1_1289590337220788us.jpg 0.651996 0.693786 0.224053 -0.208234 316.717243 -1172.183786 54.016292
slice23/query/img_08005_c1_1289590337354021us.jpg 0.652062 0.693498 0.225458 -0.207471 314.485130 -1171.768415 53.869959
slice23/query/img_08006_c1_1289590337420774us.jpg 0.651851 0.693585 0.225933 -0.207327 313.367803 -1171.558287 53.796032
slice23/query/img_08007_c1_1289590337487367us.jpg 0.651649 0.693719 0.226334 -0.207078 312.247456 -1171.351175 53.719708
slice23/query/img_08008_c1_1289590337620721us.jpg 0.651344 0.693590 0.227843 -0.206815 309.989097 -1170.925392 53.557567
slice23/query/img_08009_c1_1289590337687330us.jpg 0.651103 0.693514 0.228745 -0.206832 308.869368 -1170.718373 53.480578
slice23/query/img_08010_c1_1289590337753944us.jpg 0.650863 0.693444 0.229653 -0.206817 307.744207 -1170.511868 53.399877
slice23/query/img_08011_c1_1289590337887318us.jpg 0.650228 0.693428 0.231845 -0.206421 305.486715 -1170.113931 53.233868
slice23/query/img_08012_c1_1289590337953909us.jpg 0.649490 0.693691 0.232813 -0.206772 304.366444 -1169.913679 53.149044
slice23/query/img_08013_c1_1289590338020647us.jpg 0.648619 0.694038 0.233929 -0.207078 303.238840 -1169.704869 53.061220
slice23/query/img_08014_c1_1289590338153876us.jpg 0.647074 0.694308 0.235913 -0.208749 300.954402 -1169.291156 52.861762
slice23/query/img_08015_c1_1289590338220612us.jpg 0.646212 0.694374 0.237266 -0.209663 299.811263 -1169.083800 52.766681
slice23/query/img_08016_c1_1289590338287226us.jpg 0.645603 0.694313 0.238574 -0.210259 298.671997 -1168.887467 52.670048
slice23/query/img_08017_c1_1289590338420584us.jpg 0.644312 0.694196 0.240757 -0.212109 296.402029 -1168.518249 52.480783
slice23/query/img_08018_c1_1289590338487190us.jpg 0.643636 0.694081 0.241954 -0.213172 295.258077 -1168.329102 52.378358
slice23/query/img_08019_c1_1289590338553803us.jpg 0.642823 0.694136 0.243013 -0.214240 294.121886 -1168.147468 52.281168
slice23/query/img_08020_c1_1289590338687178us.jpg 0.641289 0.693998 0.245063 -0.216931 291.876998 -1167.815020 52.084040
slice23/query/img_08021_c1_1289590338753769us.jpg 0.640791 0.693672 0.246115 -0.218249 290.749176 -1167.648424 51.987150
slice23/query/img_08022_c1_1289590338820506us.jpg 0.640619 0.693132 0.247254 -0.219184 289.619064 -1167.488584 51.889224
slice23/query/img_08023_c1_1289590338953738us.jpg 0.640320 0.692132 0.250097 -0.219989 287.335542 -1167.186154 51.692776
slice23/query/img_08024_c1_1289590339020475us.jpg 0.640132 0.691741 0.251938 -0.219666 286.193152 -1167.042077 51.599586
slice23/query/img_08025_c1_1289590339087084us.jpg 0.640259 0.691000 0.253713 -0.219583 285.049152 -1166.897019 51.502165
slice23/query/img_08026_c1_1289590339153698us.jpg 0.640522 0.690231 0.255107 -0.219622 283.899095 -1166.755608 51.404004
slice23/query/img_08027_c1_1289590339287052us.jpg 0.641361 0.688405 0.256796 -0.220934 281.575722 -1166.472018 51.184287
slice23/query/img_08028_c1_1289590339353662us.jpg 0.641450 0.687891 0.257288 -0.221700 280.422602 -1166.338067 51.077826
slice23/query/img_08029_c1_1289590339420401us.jpg 0.641362 0.687462 0.257966 -0.222493 279.266525 -1166.201730 50.971434
slice23/query/img_08030_c1_1289590339553650us.jpg 0.640767 0.687004 0.259692 -0.223612 276.927918 -1165.920742 50.751644
slice23/query/img_08031_c1_1289590339620365us.jpg 0.640363 0.686793 0.261044 -0.223847 275.763703 -1165.788229 50.648481
slice23/query/img_08032_c1_1289590339686978us.jpg 0.640286 0.686362 0.262252 -0.223976 274.599444 -1165.660520 50.540076
slice23/query/img_08033_c1_1289590339821282us.jpg 0.640476 0.685105 0.263922 -0.225316 272.267860 -1165.416028 50.328664
slice23/query/img_08034_c1_1289590339886954us.jpg 0.640398 0.684923 0.263947 -0.226059 271.104785 -1165.298181 50.220221
slice23/query/img_08035_c1_1289590339953557us.jpg 0.639897 0.685127 0.264056 -0.226732 269.934134 -1165.179493 50.108777
slice23/query/img_08036_c1_1289590340020295us.jpg 0.638901 0.685589 0.265010 -0.227032 268.761381 -1165.062647 49.997832
slice23/query/img_08037_c1_1289590340153544us.jpg 0.636634 0.686733 0.266867 -0.227765 266.404533 -1164.841757 49.776107
slice23/query/img_08038_c1_1289590340220260us.jpg 0.636040 0.686735 0.267727 -0.228408 265.225687 -1164.726101 49.660972
slice23/query/img_08039_c1_1289590340286873us.jpg 0.635799 0.686470 0.269149 -0.228206 264.053448 -1164.617100 49.544471
slice23/query/img_08040_c1_1289590340420226us.jpg 0.636366 0.684930 0.271596 -0.228353 261.695376 -1164.439306 49.330992
slice23/query/img_08041_c1_1289590340486837us.jpg 0.637431 0.683300 0.272660 -0.228996 260.507318 -1164.339352 49.216196
slice23/query/img_08042_c1_1289590340553451us.jpg 0.637806 0.682518 0.273441 -0.229354 259.316500 -1164.242153 49.099981
slice23/query/img_08043_c1_1289590340686806us.jpg 0.636234 0.682834 0.273949 -0.232156 256.953724 -1164.058120 48.876355
slice23/query/img_08044_c1_1289590340753418us.jpg 0.634966 0.683406 0.274127 -0.233727 255.753809 -1163.952265 48.753210
slice23/query/img_08045_c1_1289590340820154us.jpg 0.633176 0.684464 0.274286 -0.235296 254.565784 -1163.855265 48.629554
slice23/query/img_08046_c1_1289590340886767us.jpg 0.631720 0.685090 0.274628 -0.236984 253.373091 -1163.756850 48.504832
slice23/query/img_08047_c1_1289590341020142us.jpg 0.629316 0.685553 0.276221 -0.240166 251.001680 -1163.582315 48.284111
slice23/query/img_08048_c1_1289590341086731us.jpg 0.629141 0.684945 0.277597 -0.240773 249.803623 -1163.505376 48.170318
slice23/query/img_08049_c1_1289590341153345us.jpg 0.628970 0.684278 0.279163 -0.241308 248.614048 -1163.438745 48.061245
slice23/query/img_08050_c1_1289590341286719us.jpg 0.628879 0.682544 0.282074 -0.243060 246.177592 -1163.300526 47.830030
slice23/query/img_08051_c1_1289590341353331us.jpg 0.628999 0.681566 0.283154 -0.244238 244.951269 -1163.232732 47.701734
slice23/query/img_08052_c1_1289590341420048us.jpg 0.628544 0.681159 0.283933 -0.245635 243.740012 -1163.172225 47.584842
slice23/query/img_08053_c1_1289590341553300us.jpg 0.626689 0.681140 0.285357 -0.248758 241.324476 -1163.081952 47.353558
slice23/query/img_08054_c1_1289590341620013us.jpg 0.625900 0.680850 0.286344 -0.250400 240.107788 -1163.031643 47.235829
slice23/query/img_08055_c1_1289590341686627us.jpg 0.625376 0.680351 0.287760 -0.251438 238.893901 -1162.993121 47.120574
slice23/query/img_08056_c1_1289590341819982us.jpg 0.624765 0.679167 0.290703 -0.252771 236.472626 -1162.944180 46.905900
slice23/query/img_08057_c1_1289590341886591us.jpg 0.625262 0.677954 0.292066 -0.253226 235.245475 -1162.921365 46.792352
slice23/query/img_08058_c1_1289590341953205us.jpg 0.626330 0.676285 0.293214 -0.253721 234.019745 -1162.900160 46.675475
slice23/query/img_08059_c1_1289590342086561us.jpg 0.628199 0.673629 0.295580 -0.253420 231.570302 -1162.870458 46.445297
slice23/query/img_08060_c1_1289590342153190us.jpg 0.629059 0.672393 0.297617 -0.252184 230.346610 -1162.857601 46.336021
slice23/query/img_08061_c1_1289590342219908us.jpg 0.630037 0.671399 0.298478 -0.251373 229.131048 -1162.848195 46.221150
slice23/query/img_08062_c1_1289590342286520us.jpg 0.630524 0.671080 0.298365 -0.251134 227.920235 -1162.834647 46.099806
slice23/query/img_08063_c1_1289590342419895us.jpg 0.630887 0.671021 0.297265 -0.251686 225.504728 -1162.787977 45.853095
slice23/query/img_08064_c1_1289590342486486us.jpg 0.630694 0.671323 0.296375 -0.252413 224.306698 -1162.771230 45.730242
slice23/query/img_08065_c1_1289590342553099us.jpg 0.629808 0.672250 0.295903 -0.252712 223.114032 -1162.746093 45.616024
slice23/query/img_08066_c1_1289590342686456us.jpg 0.628332 0.674173 0.295405 -0.251844 220.705438 -1162.707612 45.378968
slice23/query/img_08067_c1_1289590342753085us.jpg 0.628288 0.674344 0.295254 -0.251672 219.508958 -1162.690316 45.258852
slice23/query/img_08068_c1_1289590342819802us.jpg 0.628694 0.674200 0.294692 -0.251704 218.317591 -1162.674082 45.145453
slice23/query/img_08069_c1_1289590342886416us.jpg 0.629393 0.673796 0.294231 -0.251579 217.127168 -1162.655570 45.031962
slice23/query/img_08070_c1_1289590343019771us.jpg 0.630219 0.673220 0.294478 -0.250761 214.737559 -1162.600696 44.776383
slice23/query/img_08071_c1_1289590343086388us.jpg 0.630462 0.673220 0.294731 -0.249853 213.532384 -1162.572192 44.644813
slice23/query/img_08072_c1_1289590343219738us.jpg 0.628019 0.675916 0.293963 -0.249632 211.145228 -1162.503373 44.400364
slice23/query/img_08073_c1_1289590343286367us.jpg 0.626276 0.677488 0.293269 -0.250563 209.957157 -1162.464507 44.285562
slice23/query/img_08074_c1_1289590343352958us.jpg 0.625669 0.678215 0.292576 -0.250923 208.767926 -1162.438910 44.169629
slice23/query/img_08075_c1_1289590343419698us.jpg 0.625596 0.678407 0.291984 -0.251275 207.575554 -1162.407122 44.048836
slice23/query/img_08076_c1_1289590343552946us.jpg 0.627154 0.677564 0.291478 -0.250252 205.187044 -1162.352515 43.827024
slice23/query/img_08077_c1_1289590343619665us.jpg 0.628784 0.676333 0.291316 -0.249678 204.005017 -1162.329278 43.711176
slice23/query/img_08078_c1_1289590343686275us.jpg 0.630788 0.675024 0.291537 -0.247900 202.822592 -1162.321504 43.599496
slice23/query/img_08079_c1_1289590343752889us.jpg 0.631874 0.674686 0.291154 -0.246502 201.646961 -1162.302182 43.491867
slice23/query/img_08080_c1_1289590343886261us.jpg 0.632907 0.675320 0.290608 -0.242731 199.329366 -1162.245795 43.287497
slice23/query/img_08081_c1_1289590343952853us.jpg 0.633663 0.675737 0.289723 -0.240648 198.177684 -1162.212383 43.176984
slice23/query/img_08082_c1_1289590344086209us.jpg 0.634333 0.677670 0.286249 -0.237585 195.914900 -1162.122750 42.954282
slice23/query/img_08083_c1_1289590344152821us.jpg 0.635134 0.678001 0.284965 -0.236040 194.799990 -1162.075278 42.838090
slice23/query/img_08084_c1_1289590344219555us.jpg 0.636245 0.678219 0.283191 -0.234550 193.686214 -1162.024972 42.722610
