slice23/query/img_07578_c1_1290445337275158us.jpg 0.648966 0.698456 0.210504 -0.216081 445.387895 -1196.356114 60.024591
slice23/query/img_07579_c1_1290445337341760us.jpg 0.648585 0.698777 0.210310 -0.216373 444.175070 -1196.119227 59.965451
slice23/query/img_07580_c1_1290445337408474us.jpg 0.647948 0.699194 0.210184 -0.217058 442.966807 -1195.878982 59.916633
slice23/query/img_07581_c1_1290445337475087us.jpg 0.648066 0.698739 0.210558 -0.217804 441.753030 -1195.627431 59.851500
slice23/query/img_07582_c1_1290445337608460us.jpg 0.650099 0.696048 0.213252 -0.217743 439.360181 -1195.143384 59.796154
slice23/query/img_07583_c1_1290445337675050us.jpg 0.650399 0.695738 0.212813 -0.218268 438.137637 -1194.914109 59.752412
slice23/query/img_07584_c1_1290445337741663us.jpg 0.651329 0.694959 0.213074 -0.217722 436.926450 -1194.694776 59.708423
slice23/query/img_07585_c1_1290445337875014us.jpg 0.650615 0.695653 0.213509 -0.217211 434.486359 -1194.231047 59.603579
slice23/query/img_07586_c1_1290445337941624us.jpg 0.649223 0.696705 0.213983 -0.217537 433.273467 -1193.988484 59.548052
slice23/query/img_07587_c1_1290445338008362us.jpg 0.647324 0.698209 0.214052 -0.218307 432.064582 -1193.747823 59.494180
slice23/query/img_07588_c1_1290445338074975us.jpg 0.646326 0.699124 0.213697 -0.218683 430.854580 -1193.528920 59.435704
slice23/query/img_07589_c1_1290445338208347us.jpg 0.645935 0.699194 0.212567 -0.220705 428.444338 -1193.068536 59.326044
slice23/query/img_07590_c1_1290445338274958us.jpg 0.646776 0.698334 0.212999 -0.220550 427.242375 -1192.841530 59.279363
slice23/query/img_07591_c1_1290445338341549us.jpg 0.647916 0.697234 0.213944 -0.219767 426.040223 -1192.627244 59.234876
slice23/query/img_07592_c1_1290445338408287us.jpg 0.649353 0.695863 0.215061 -0.218780 424.832367 -1192.412006 59.187222
slice23/query/img_07593_c1_1290445338541527us.jpg 0.650996 0.694268 0.216412 -0.217629 422.433146 -1191.985382 59.097662
slice23/query/img_07594_c1_1290445338608250us.jpg 0.651292 0.693959 0.216415 -0.217725 421.242040 -1191.774710 59.055308
slice23/query/img_07595_c1_1290445338674861us.jpg 0.651372 0.693716 0.216568 -0.218106 420.049774 -1191.553040 59.002980
slice23/query/img_07596_c1_1290445338741475us.jpg 0.650326 0.694418 0.216257 -0.219299 418.871137 -1191.332022 58.959986
slice23/query/img_07597_c1_1290445338874826us.jpg 0.649107 0.695905 0.216269 -0.218184 416.501254 -1190.906089 58.852172
slice23/query/img_07598_c1_1290445338941437us.jpg 0.647635 0.697292 0.216018 -0.218380 415.330040 -1190.690439 58.800128
slice23/query/img_07599_c1_1290445339008174us.jpg 0.646716 0.698164 0.215982 -0.218352 414.159138 -1190.477999 58.747513
slice23/query/img_07600_c1_1290445339074788us.jpg 0.646117 0.698711 0.215590 -0.218760 412.992956 -1190.266590 58.692909
slice23/query/img_07601_c1_1290445339208139us.jpg 0.645493 0.699175 0.214895 -0.219802 410.640584 -1189.846931 58.601618
slice23/query/img_07602_c1_1290445339274750us.jpg 0.645953 0.698780 0.214605 -0.219990 409.455922 -1189.629150 58.552625
slice23/query/img_07603_c1_1290445339341362us.jpg 0.646960 0.697788 0.214187 -0.220587 408.268953 -1189.406181 58.499982
slice23/query/img_07604_c1_1290445339475560us.jpg 0.648844 0.696635 0.213801 -0.219069 405.875395 -1189.014122 58.462267
slice23/query/img_07605_c1_1290445339541347us.jpg 0.649199 0.696443 0.214523 -0.217916 404.716468 -1188.809818 58.420172
slice23/query/img_07606_c1_1290445339608062us.jpg 0.648265 0.697295 0.215192 -0.217311 403.552127 -1188.590849 58.381492
slice23/query/img_07607_c1_1290445339674675us.jpg 0.647131 0.698355 0.215133 -0.217346 402.391383 -1188.377276 58.338321
slice23/query/img_07608_c1_1290445339808053us.jpg 0.646479 0.698962 0.214638 -0.217825 400.019225 -1187.937195 58.232885
slice23/query/img_07609_c1_1290445339874637us.jpg 0.646742 0.698809 0.214521 -0.217651 398.848225 -1187.721983 58.182851
slice23/query/img_07610_c1_1290445339941249us.jpg 0.646596 0.699027 0.213963 -0.217933 397.677561 -1187.509147 58.133928
slice23/query/img_07611_c1_1290445340074623us.jpg 0.647215 0.698413 0.215026 -0.217015 395.301774 -1187.043749 58.021618
slice23/query/img_07612_c1_1290445340141213us.jpg 0.647356 0.698264 0.215057 -0.217043 394.124248 -1186.808380 57.966332
slice23/query/img_07613_c1_1290445340207950us.jpg 0.647943 0.697581 0.215185 -0.217360 392.960257 -1186.583497 57.911313
slice23/query/img_07614_c1_1290445340274562us.jpg 0.648557 0.697125 0.215361 -0.216819 391.805142 -1186.376082 57.864782
slice23/query/img_07615_c1_1290445340407935us.jpg 0.648632 0.697100 0.215688 -0.216348 389.486697 -1185.930098 57.766814
slice23/query/img_07616_c1_1290445340474524us.jpg 0.648043 0.697555 0.215896 -0.216438 388.339961 -1185.707927 57.713056
slice23/query/img_07617_c1_1290445340541137us.jpg 0.647657 0.697884 0.216191 -0.216240 387.182147 -1185.480110 57.655988
slice23/query/img_07618_c1_1290445340607875us.jpg 0.647504 0.698005 0.216054 -0.216445 386.029404 -1185.262924 57.600022
slice23/query/img_07619_c1_1290445340741125us.jpg 0.648020 0.697597 0.215741 -0.216526 383.727926 -1184.838142 57.489972
slice23/query/img_07620_c1_1290445340807844us.jpg 0.648188 0.697534 0.215499 -0.216468 382.587358 -1184.622286 57.436234
slice23/query/img_07621_c1_1290445340941066us.jpg 0.648726 0.696815 0.215516 -0.217156 380.295142 -1184.186990 57.321255
slice23/query/img_07622_c1_1290445341007801us.jpg 0.648720 0.696715 0.216037 -0.216975 379.153153 -1183.970708 57.270860
slice23/query/img_07623_c1_1290445341074413us.jpg 0.648723 0.696626 0.216326 -0.216965 378.005611 -1183.749027 57.216922
slice23/query/img_07624_c1_1290445341207807us.jpg 0.648548 0.696702 0.215954 -0.217614 375.706629 -1183.297325 57.104943
slice23/query/img_07625_c1_1290445341274397us.jpg 0.648711 0.696518 0.215675 -0.217995 374.575453 -1183.086050 57.054699
slice23/query/img_07626_c1_1290445341340987us.jpg 0.648902 0.696263 0.215967 -0.217949 373.440973 -1182.874999 57.004008
slice23/query/img_07627_c1_1290445341407725us.jpg 0.649020 0.695838 0.216623 -0.218306 372.318749 -1182.669222 56.957921
slice23/query/img_07628_c1_1290445341540951us.jpg 0.648602 0.696058 0.217887 -0.217587 370.086712 -1182.263075 56.887383
slice23/query/img_07629_c1_1290445341607688us.jpg 0.648803 0.695610 0.219052 -0.217248 368.958406 -1182.051965 56.837380
slice23/query/img_07630_c1_1290445341674299us.jpg 0.649211 0.695078 0.220124 -0.216649 367.833130 -1181.849265 56.785629
slice23/query/img_07631_c1_1290445341740912us.jpg 0.650095 0.694336 0.220317 -0.216183 366.704358 -1181.646456 56.728607
slice23/query/img_07632_c1_1290445341874262us.jpg 0.650879 0.693396 0.220251 -0.216906 364.474500 -1181.219771 56.617744
slice23/query/img_07633_c1_1290445341940874us.jpg 0.650817 0.693189 0.220608 -0.217391 363.355299 -1180.999492 56.571070
slice23/query/img_07634_c1_1290445342074902us.jpg 0.651526 0.692701 0.220810 -0.216613 361.107666 -1180.590181 56.457750
slice23/query/img_07635_c1_1290445342140842us.jpg 0.651357 0.692833 0.221345 -0.216155 359.985572 -1180.379739 56.404116
slice23/query/img_07636_c1_1290445342207574us.jpg 0.651441 0.692806 0.221962 -0.215352 358.864572 -1180.171913 56.346291
slice23/query/img_07637_c1_1290445342274187us.jpg 0.651226 0.693054 0.222319 -0.214836 357.751369 -1179.966483 56.289379
slice23/query/img_07638_c1_1290445342407562us.jpg 0.651589 0.692643 0.222301 -0.215080 355.517414 -1179.564863 56.172393
slice23/query/img_07639_c1_1290445342474171us.jpg 0.651295 0.692966 0.222144 -0.215093 354.398187 -1179.361102 56.114915
slice23/query/img_07640_c1_1290445342540762us.jpg 0.651167 0.693034 0.222220 -0.215184 353.295678 -1179.160068 56.062286
slice23/query/img_07641_c1_1290445342607500us.jpg 0.650870 0.693340 0.222016 -0.215306 352.182716 -1178.953908 56.004239
slice23/query/img_07642_c1_1290445342740729us.jpg 0.650686 0.693811 0.221550 -0.214825 349.918812 -1178.537725 55.884864
slice23/query/img_07643_c1_1290445342807464us.jpg 0.650287 0.694133 0.221976 -0.214551 348.803858 -1178.332836 55.835930
slice23/query/img_07644_c1_1290445342874074us.jpg 0.649800 0.694626 0.221656 -0.214762 347.696945 -1178.128581 55.782201
slice23/query/img_07645_c1_1290445343007431us.jpg 0.650361 0.695168 0.220298 -0.212700 345.475851 -1177.769367 55.679352
slice23/query/img_07646_c1_1290445343074039us.jpg 0.649840 0.695583 0.219667 -0.213585 344.364621 -1177.549329 55.614344
slice23/query/img_07647_c1_1290445343140649us.jpg 0.649557 0.695960 0.219201 -0.213695 343.259166 -1177.340248 55.554662
slice23/query/img_07648_c1_1290445343207387us.jpg 0.649313 0.696164 0.219002 -0.213978 342.153862 -1177.130775 55.497216
slice23/query/img_07649_c1_1290445343340635us.jpg 0.649005 0.696143 0.219563 -0.214406 339.987249 -1176.718050 55.397379
slice23/query/img_07650_c1_1290445343407353us.jpg 0.649771 0.695513 0.220082 -0.213597 338.889042 -1176.514044 55.336315
slice23/query/img_07651_c1_1290445343473962us.jpg 0.650019 0.695215 0.220522 -0.213358 337.798641 -1176.305820 55.279626
slice23/query/img_07652_c1_1290445343540575us.jpg 0.650104 0.695192 0.220495 -0.213202 336.714513 -1176.102529 55.228353
slice23/query/img_07653_c1_1290445343673948us.jpg 0.651737 0.693916 0.220731 -0.212128 334.522110 -1175.702152 55.104993
slice23/query/img_07654_c1_1290445343740537us.jpg 0.652094 0.693630 0.220983 -0.211703 333.433147 -1175.502774 55.047568
slice23/query/img_07655_c1_1290445343807275us.jpg 0.652031 0.693774 0.221148 -0.211251 332.343802 -1175.301782 54.990510
slice23/query/img_07656_c1_1290445343873887us.jpg 0.651731 0.694133 0.221281 -0.210856 331.260439 -1175.104237 54.937116
slice23/query/img_07657_c1_1290445344007238us.jpg 0.651537 0.694464 0.221528 -0.210105 329.060646 -1174.673793 54.797485
slice23/query/img_07658_c1_1290445344073849us.jpg 0.651717 0.694407 0.221878 -0.209365 327.966544 -1174.469740 54.736963
slice23/query/img_07659_c1_1290445344140462us.jpg 0.651924 0.694327 0.221939 -0.208924 326.877714 -1174.264295 54.678444
slice23/query/img_07660_c1_1290445344273836us.jpg 0.652224 0.694091 0.222810 -0.207838 324.703898 -1173.844899 54.557543
slice23/query/img_07661_c1_1290445344340448us.jpg 0.652098 0.694245 0.223232 -0.207267 323.624410 -1173.633748 54.490014
slice23/query/img_07662_c1_1290445344407162us.jpg 0.651841 0.694511 0.223577 -0.206811 322.552968 -1173.427930 54.425552
slice23/query/img_07663_c1_1290445344473807us.jpg 0.651747 0.694555 0.224147 -0.206344 321.487115 -1173.226495 54.358071
slice23/query/img_07664_c1_1290445344607131us.jpg 0.651563 0.694787 0.223996 -0.206306 319.365140 -1172.827062 54.219374
slice23/query/img_07665_c1_1290445344673742us.jpg 0.651722 0.694674 0.223907 -0.206281 318.301502 -1172.623655 54.148552
slice23/query/img_07666_c1_1290445344740350us.jpg 0.651890 0.694482 0.224255 -0.206018 317.235631 -1172.415256 54.074674
slice23/query/img_07667_c1_1290445344807088us.jpg 0.651979 0.694310 0.225034 -0.205466 316.173628 -1172.212379 54.004106
slice23/query/img_07668_c1_1290445344940315us.jpg 0.651835 0.694341 0.226225 -0.204511 314.009202 -1171.793521 53.855100
slice23/query/img_07669_c1_1290445345007051us.jpg 0.651823 0.694323 0.226541 -0.204257 312.915962 -1171.583421 53.775428
slice23/query/img_07670_c1_1290445345073663us.jpg 0.651865 0.694192 0.227019 -0.204039 311.825634 -1171.370270 53.695798
slice23/query/img_07671_c1_1290445345207014us.jpg 0.651906 0.693913 0.228469 -0.203237 309.643926 -1170.953729 53.532640
slice23/query/img_07672_c1_1290445345273647us.jpg 0.651551 0.693999 0.229065 -0.203408 308.592792 -1170.760516 53.463190
slice23/query/img_07673_c1_1290445345340238us.jpg 0.651396 0.693890 0.229734 -0.203525 307.508316 -1170.545583 53.378133
slice23/query/img_07674_c1_1290445345406975us.jpg 0.650874 0.694030 0.230731 -0.203591 306.436122 -1170.345599 53.299546
slice23/query/img_07675_c1_1290445345540203us.jpg 0.649692 0.694488 0.232234 -0.204093 304.257121 -1169.923287 53.119098
slice23/query/img_07676_c1_1290445345606942us.jpg 0.648824 0.694810 0.233105 -0.204765 303.181225 -1169.711643 53.027813
slice23/query/img_07677_c1_1290445345673550us.jpg 0.647919 0.695078 0.234127 -0.205553 302.114299 -1169.517764 52.943224
slice23/query/img_07678_c1_1290445345740163us.jpg 0.647397 0.695012 0.235069 -0.206346 301.044249 -1169.324221 52.855030
slice23/query/img_07679_c1_1290445345873513us.jpg 0.646269 0.694802 0.237483 -0.207820 298.895206 -1168.896478 52.661052
slice23/query/img_07680_c1_1290445345940130us.jpg 0.645680 0.694729 0.238635 -0.208573 297.862370 -1168.722444 52.577842
slice23/query/img_07681_c1_1290445346073481us.jpg 0.644724 0.694393 0.240738 -0.210226 295.682169 -1168.362062 52.418065
slice23/query/img_07682_c1_1290445346140088us.jpg 0.643921 0.694516 0.241719 -0.211153 294.596399 -1168.189904 52.328676
slice23/query/img_07683_c1_1290445346206826us.jpg 0.643119 0.694612 0.242613 -0.212253 293.510412 -1168.019197 52.234587
slice23/query/img_07684_c1_1290445346340055us.jpg 0.641766 0.694551 0.244033 -0.214903 291.313683 -1167.654469 52.033917
slice23/query/img_07685_c1_1290445346406787us.jpg 0.641306 0.694331 0.244982 -0.215907 290.220355 -1167.489704 51.938778
slice23/query/img_07686_c1_1290445346473401us.jpg 0.641022 0.693914 0.246254 -0.216640 289.127128 -1167.329840 51.844908
slice23/query/img_07687_c1_1290445346606751us.jpg 0.640149 0.693386 0.249388 -0.217327 286.950570 -1167.032474 51.670562
slice23/query/img_07688_c1_1290445346673363us.jpg 0.639992 0.692792 0.251400 -0.217366 285.842433 -1166.873577 51.569787
slice23/query/img_07689_c1_1290445346739976us.jpg 0.639975 0.692111 0.253111 -0.217600 284.739239 -1166.721537 51.468475
slice23/query/img_07690_c1_1290445346806713us.jpg 0.639947 0.691295 0.254765 -0.218343 283.641670 -1166.567446 51.367330
slice23/query/img_07691_c1_1290445346939960us.jpg 0.639349 0.690053 0.256933 -0.221459 281.436929 -1166.257615 51.158503
slice23/query/img_07692_c1_1290445347073293us.jpg 0.639407 0.688861 0.258485 -0.223191 279.258214 -1166.014721 50.947622
slice23/query/img_07693_c1_1290445347139922us.jpg 0.639313 0.688245 0.259748 -0.223895 278.175264 -1165.891263 50.847113
slice23/query/img_07694_c1_1290445347206639us.jpg 0.638921 0.687815 0.261448 -0.224355 277.084651 -1165.759223 50.745757
slice23/query/img_07695_c1_1290445347339865us.jpg 0.638330 0.687162 0.264116 -0.224914 274.896308 -1165.556001 50.543199
slice23/query/img_07696_c1_1290445347539826us.jpg 0.637890 0.686007 0.265339 -0.228224 271.632043 -1165.282645 50.253470
slice23/query/img_07697_c1_1290445347739819us.jpg 0.634878 0.686713 0.267809 -0.231589 268.342738 -1165.026245 49.937335
slice23/query/img_07698_c1_1290445347806527us.jpg 0.633541 0.687103 0.268850 -0.232884 267.208929 -1164.912481 49.829517
slice23/query/img_07699_c1_1290445347873138us.jpg 0.632970 0.686886 0.269932 -0.233824 266.075996 -1164.802871 49.716408
slice23/query/img_07700_c1_1290445347939751us.jpg 0.632587 0.686496 0.271066 -0.234693 264.955726 -1164.702462 49.608189
slice23/query/img_07701_c1_1290445348006489us.jpg 0.632707 0.685851 0.272720 -0.234337 263.836221 -1164.615884 49.500487
slice23/query/img_07702_c1_1290445348139716us.jpg 0.633507 0.683558 0.275864 -0.235193 261.609043 -1164.443346 49.299127
slice23/query/img_07703_c1_1290445348206451us.jpg 0.634718 0.681953 0.276779 -0.235515 260.492401 -1164.375523 49.193795
slice23/query/img_07704_c1_1290445348273063us.jpg 0.635336 0.680900 0.277848 -0.235633 259.376620 -1164.307063 49.084014
slice23/query/img_07705_c1_1290445348406416us.jpg 0.634971 0.680292 0.278815 -0.237229 257.129096 -1164.178433 48.858038
slice23/query/img_07706_c1_1290445348473028us.jpg 0.633910 0.680747 0.278950 -0.238597 256.014444 -1164.111745 48.752201
slice23/query/img_07707_c1_1290445348539638us.jpg 0.632383 0.681646 0.279172 -0.239819 254.895093 -1164.042678 48.645428
slice23/query/img_07708_c1_1290445348606376us.jpg 0.631398 0.682193 0.279174 -0.240855 253.770174 -1163.975151 48.534096
slice23/query/img_07709_c1_1290445348739624us.jpg 0.629867 0.682279 0.280136 -0.243487 251.518996 -1163.849880 48.333812
slice23/query/img_07710_c1_1290445348806339us.jpg 0.630810 0.681102 0.281363 -0.242927 250.379974 -1163.803136 48.224158
slice23/query/img_07711_c1_1290445348872951us.jpg 0.631321 0.680269 0.282197 -0.242967 249.246528 -1163.750909 48.119080
slice23/query/img_07712_c1_1290445348939563us.jpg 0.631996 0.679283 0.283333 -0.242648 248.120172 -1163.704083 48.011263
slice23/query/img_07713_c1_1290445349072919us.jpg 0.630485 0.679025 0.285482 -0.244773 245.863643 -1163.575466 47.807863
slice23/query/img_07714_c1_1290445349139527us.jpg 0.630449 0.678541 0.286316 -0.245232 244.740017 -1163.533625 47.701367
slice23/query/img_07715_c1_1290445349206264us.jpg 0.630390 0.678219 0.286848 -0.245652 243.624594 -1163.499831 47.591539
slice23/query/img_07716_c1_1290445349272876us.jpg 0.629646 0.678420 0.286970 -0.246861 242.507244 -1163.455519 47.486288
slice23/query/img_07717_c1_1290445349406227us.jpg 0.629217 0.677825 0.287860 -0.248546 240.274417 -1163.383837 47.283735
slice23/query/img_07718_c1_1290445349472838us.jpg 0.629562 0.677075 0.288764 -0.248670 239.158034 -1163.355407 47.181029
slice23/query/img_07719_c1_1290445349539451us.jpg 0.629986 0.676463 0.289693 -0.248179 238.044029 -1163.331003 47.081153
slice23/query/img_07720_c1_1290445349672824us.jpg 0.631358 0.674487 0.291802 -0.247600 235.787945 -1163.255854 46.867805
slice23/query/img_07721_c1_1290445349739415us.jpg 0.632244 0.673458 0.292492 -0.247325 234.660290 -1163.231911 46.764360
slice23/query/img_07722_c1_1290445349806151us.jpg 0.633310 0.672412 0.292446 -0.247498 233.538562 -1163.208963 46.656620
slice23/query/img_07723_c1_1290445349872764us.jpg 0.634187 0.671669 0.292774 -0.246882 232.410955 -1163.186529 46.549288
slice23/query/img_07724_c1_1290445350006114us.jpg 0.633900 0.671175 0.295643 -0.245540 230.157330 -1163.127048 46.346754
slice23/query/img_07725_c1_1290445350072727us.jpg 0.633659 0.671376 0.295544 -0.245734 229.029611 -1163.099808 46.237722
slice23/query/img_07726_c1_1290445350139339us.jpg 0.633338 0.671790 0.295221 -0.245816 227.898273 -1163.074889 46.123420
slice23/query/img_07727_c1_1290445350206078us.jpg 0.632754 0.672123 0.294684 -0.247050 226.775816 -1163.047984 46.012419
slice23/query/img_07728_c1_1290445350339307us.jpg 0.632069 0.672462 0.294000 -0.248693 224.540527 -1162.998595 45.795752
slice23/query/img_07729_c1_1290445350406047us.jpg 0.631725 0.672838 0.293968 -0.248588 223.401729 -1162.979037 45.684281
slice23/query/img_07730_c1_1290445350472653us.jpg 0.630795 0.673499 0.294252 -0.248823 222.259345 -1162.941649 45.573590
slice23/query/img_07731_c1_1290445350539264us.jpg 0.630154 0.673914 0.294841 -0.248627 221.128226 -1162.915233 45.468646
slice23/query/img_07732_c1_1290445350672619us.jpg 0.631335 0.672842 0.294886 -0.248481 218.807138 -1162.839136 45.214436
slice23/query/img_07733_c1_1290445350739226us.jpg 0.631968 0.672583 0.294477 -0.248055 217.653845 -1162.818659 45.121954
slice23/query/img_07734_c1_1290445350872582us.jpg 0.631839 0.672982 0.294444 -0.247341 215.360918 -1162.778787 44.899398
slice23/query/img_07735_c1_1290445350939189us.jpg 0.631308 0.673600 0.294909 -0.246460 214.219644 -1162.744531 44.782025
slice23/query/img_07736_c1_1290445351005927us.jpg 0.630496 0.674812 0.294563 -0.245634 213.087380 -1162.717933 44.667179
slice23/query/img_07737_c1_1290445351139156us.jpg 0.628620 0.677396 0.292677 -0.245584 210.774915 -1162.626316 44.388161
slice23/query/img_07738_c1_1290445351205890us.jpg 0.628236 0.677905 0.292233 -0.245691 209.638217 -1162.583740 44.260832
slice23/query/img_07739_c1_1290445351272502us.jpg 0.628566 0.678087 0.291530 -0.245181 208.504192 -1162.554786 44.142329
slice23/query/img_07740_c1_1290445351339115us.jpg 0.629293 0.677900 0.291287 -0.244117 207.378306 -1162.525937 44.031785
slice23/query/img_07741_c1_1290445351472485us.jpg 0.631126 0.677193 0.290098 -0.242760 205.161632 -1162.462986 43.816335
slice23/query/img_07742_c1_1290445351539078us.jpg 0.632837 0.675936 0.290293 -0.241573 204.054806 -1162.432715 43.714945
slice23/query/img_07743_c1_1290445351605815us.jpg 0.633399 0.675622 0.289807 -0.241565 202.965275 -1162.390470 43.611561
slice23/query/img_07744_c1_1290445351739047us.jpg 0.633403 0.676849 0.288595 -0.239562 200.774298 -1162.327321 43.408276
slice23/query/img_07745_c1_1290445351805779us.jpg 0.632548 0.678098 0.288051 -0.238941 199.682492 -1162.277813 43.304342
slice23/query/img_07746_c1_1290445351872389us.jpg 0.631792 0.679264 0.287519 -0.238269 198.600204 -1162.230394 43.195813
slice23/query/img_07747_c1_1290445351939002us.jpg 0.630952 0.680599 0.286760 -0.237601 197.521294 -1162.185383 43.093847
slice23/query/img_07748_c1_1290445352072375us.jpg 0.630110 0.682207 0.284499 -0.237940 195.393063 -1162.083592 42.876796
slice23/query/img_07749_c1_1290445352138965us.jpg 0.630531 0.682354 0.283913 -0.237101 194.331910 -1162.033779 42.771147
slice23/query/img_07750_c1_1290445352205702us.jpg 0.631350 0.682342 0.283170 -0.235843 193.278020 -1161.988460 42.672926
