slice23/query/img_07983_c1_1292959632398464us.jpg 0.662415 0.684200 0.203970 -0.226878 488.992299 -1204.711072 60.626755
slice23/query/img_07984_c1_1292959632465093us.jpg 0.660662 0.685721 0.203726 -0.227614 487.866863 -1204.491455 60.652666
slice23/query/img_07985_c1_1292959632598487us.jpg 0.659479 0.686780 0.203860 -0.227732 485.566596 -1204.049284 60.651770
slice23/query/img_07986_c1_1292959632665094us.jpg 0.659197 0.686969 0.203780 -0.228052 484.414623 -1203.826982 60.649033
slice23/query/img_07987_c1_1292959632731721us.jpg 0.658951 0.687028 0.204222 -0.228187 483.257536 -1203.602510 60.645423
slice23/query/img_07988_c1_1292959632798467us.jpg 0.658262 0.687584 0.204584 -0.228176 482.096339 -1203.377297 60.643163
slice23/query/img_07989_c1_1292959632931725us.jpg 0.657011 0.688589 0.206019 -0.227460 479.782768 -1202.945316 60.651743
slice23/query/img_07990_c1_1292959632998508us.jpg 0.655817 0.689456 0.206636 -0.227719 478.615936 -1202.710244 60.644540
slice23/query/img_07991_c1_1292959633065099us.jpg 0.655215 0.690121 0.206917 -0.227181 477.447262 -1202.486004 60.634829
slice23/query/img_07992_c1_1292959633131724us.jpg 0.654759 0.690714 0.206894 -0.226715 476.276573 -1202.264170 60.624704
slice23/query/img_07993_c1_1292959633265123us.jpg 0.653825 0.691332 0.206434 -0.227945 473.942036 -1201.811269 60.587869
slice23/query/img_07994_c1_1292959633331728us.jpg 0.653424 0.691603 0.206573 -0.228143 472.765025 -1201.581979 60.563080
slice23/query/img_07995_c1_1292959633398473us.jpg 0.652672 0.692253 0.206874 -0.228055 471.588758 -1201.356235 60.544048
slice23/query/img_07996_c1_1292959633531728us.jpg 0.650881 0.693737 0.206048 -0.229404 469.238477 -1200.895972 60.492036
slice23/query/img_07997_c1_1292959633598477us.jpg 0.650525 0.693898 0.205719 -0.230224 468.057355 -1200.659800 60.462064
slice23/query/img_07998_c1_1292959633665104us.jpg 0.650649 0.693842 0.206076 -0.229721 466.874096 -1200.433791 60.438478
slice23/query/img_07999_c1_1292959633731729us.jpg 0.650995 0.693528 0.207060 -0.228801 465.692162 -1200.211242 60.420223
slice23/query/img_08000_c1_1292959633865127us.jpg 0.652368 0.692307 0.210357 -0.225562 463.326206 -1199.766382 60.388519
slice23/query/img_08001_c1_1292959633931730us.jpg 0.652410 0.692440 0.210794 -0.224621 462.144042 -1199.543407 60.363670
slice23/query/img_08002_c1_1292959633998478us.jpg 0.652468 0.692573 0.210378 -0.224431 460.960216 -1199.321134 60.330958
slice23/query/img_08003_c1_1292959634131755us.jpg 0.653032 0.692053 0.209620 -0.225103 458.575200 -1198.872085 60.259457
slice23/query/img_08004_c1_1292959634198482us.jpg 0.653381 0.691831 0.209452 -0.224930 457.387221 -1198.646069 60.228324
slice23/query/img_08005_c1_1292959634265107us.jpg 0.653674 0.691798 0.209885 -0.223774 456.190663 -1198.427415 60.202557
slice23/query/img_08006_c1_1292959634331733us.jpg 0.653847 0.691744 0.210742 -0.222625 454.990601 -1198.199557 60.169178
slice23/query/img_08007_c1_1292959634465111us.jpg 0.654363 0.691004 0.212989 -0.221264 452.611407 -1197.727337 60.129917
slice23/query/img_08008_c1_1292959634531737us.jpg 0.654733 0.690839 0.213955 -0.219750 451.406437 -1197.505485 60.099472
slice23/query/img_08009_c1_1292959634598483us.jpg 0.654367 0.691370 0.214051 -0.219075 450.213238 -1197.286957 60.063772
slice23/query/img_08010_c1_1292959634731740us.jpg 0.651212 0.694088 0.211934 -0.221920 447.815441 -1196.849259 59.983430
slice23/query/img_08011_c1_1292959634798486us.jpg 0.650951 0.694376 0.211504 -0.222195 446.624229 -1196.616628 59.941528
slice23/query/img_08012_c1_1292959634865116us.jpg 0.650884 0.694526 0.211750 -0.221689 445.428516 -1196.387938 59.904647
slice23/query/img_08013_c1_1292959634931742us.jpg 0.650658 0.694698 0.211743 -0.221821 444.230661 -1196.158621 59.868385
slice23/query/img_08014_c1_1292959635065117us.jpg 0.652463 0.692723 0.214113 -0.220416 441.836367 -1195.717290 59.809937
slice23/query/img_08015_c1_1292959635131755us.jpg 0.654083 0.691344 0.215284 -0.218797 440.624524 -1195.499610 59.773869
slice23/query/img_08016_c1_1292959635198489us.jpg 0.655773 0.689765 0.216070 -0.217944 439.415597 -1195.281969 59.738155
slice23/query/img_08017_c1_1292959635265120us.jpg 0.656787 0.688746 0.216641 -0.217547 438.217557 -1195.059989 59.704817
slice23/query/img_08018_c1_1292959635398515us.jpg 0.657107 0.688947 0.215844 -0.216733 435.808267 -1194.618656 59.619622
slice23/query/img_08019_c1_1292959635465121us.jpg 0.655972 0.690002 0.216076 -0.216584 434.598813 -1194.385731 59.575094
slice23/query/img_08020_c1_1292959635531746us.jpg 0.653924 0.691784 0.216000 -0.217169 433.387763 -1194.140213 59.528806
slice23/query/img_08021_c1_1292959635598492us.jpg 0.651397 0.694010 0.215478 -0.218176 432.184089 -1193.893285 59.476671
slice23/query/img_08022_c1_1292959635731773us.jpg 0.648476 0.696560 0.213385 -0.220794 429.777279 -1193.428425 59.381113
slice23/query/img_08023_c1_1292959635798503us.jpg 0.649397 0.695431 0.212835 -0.222173 428.571411 -1193.200159 59.331956
slice23/query/img_08024_c1_1292959635865124us.jpg 0.651021 0.693982 0.213504 -0.221307 427.356869 -1192.979066 59.290119
slice23/query/img_08025_c1_1292959635931748us.jpg 0.652184 0.693102 0.214599 -0.219576 426.145304 -1192.758798 59.256954
slice23/query/img_08026_c1_1292959636065151us.jpg 0.654974 0.690485 0.217065 -0.217078 423.736155 -1192.339954 59.185025
slice23/query/img_08027_c1_1292959636131750us.jpg 0.654995 0.690267 0.217865 -0.216906 422.513428 -1192.100741 59.135045
slice23/query/img_08028_c1_1292959636198498us.jpg 0.654366 0.690818 0.217401 -0.217515 421.303314 -1191.868555 59.083232
slice23/query/img_08029_c1_1292959636265128us.jpg 0.653348 0.691575 0.216640 -0.218924 420.092295 -1191.629266 59.028312
slice23/query/img_08030_c1_1292959636331753us.jpg 0.651749 0.692827 0.216197 -0.220167 418.891008 -1191.389974 58.970431
slice23/query/img_08031_c1_1292959636465130us.jpg 0.649013 0.695532 0.215757 -0.220150 416.493085 -1190.947181 58.882147
slice23/query/img_08032_c1_1292959636531756us.jpg 0.648103 0.696514 0.215830 -0.219653 415.280905 -1190.715483 58.826634
slice23/query/img_08033_c1_1292959636598502us.jpg 0.647558 0.697109 0.215969 -0.219237 414.074658 -1190.487549 58.774422
slice23/query/img_08034_c1_1292959636665131us.jpg 0.647165 0.697450 0.215785 -0.219493 412.865379 -1190.255394 58.719268
slice23/query/img_08035_c1_1292959636798504us.jpg 0.647332 0.697311 0.214887 -0.220322 410.458991 -1189.805731 58.614508
slice23/query/img_08036_c1_1292959636865134us.jpg 0.647730 0.696826 0.214764 -0.220805 409.256403 -1189.575711 58.562831
slice23/query/img_08037_c1_1292959636931758us.jpg 0.647863 0.696470 0.214174 -0.222108 408.072171 -1189.349704 58.514315
slice23/query/img_08038_c1_1292959636998505us.jpg 0.648136 0.696145 0.213319 -0.223152 406.880665 -1189.128898 58.468623
slice23/query/img_08039_c1_1292959637131762us.jpg 0.651828 0.693525 0.216844 -0.217074 404.462753 -1188.727753 58.381599
slice23/query/img_08040_c1_1292959637198508us.jpg 0.652287 0.693327 0.217618 -0.215550 403.251878 -1188.507922 58.327468
slice23/query/img_08041_c1_1292959637265138us.jpg 0.652185 0.693605 0.218097 -0.214477 402.046210 -1188.277827 58.273826
slice23/query/img_08042_c1_1292959637331764us.jpg 0.652324 0.693510 0.218092 -0.214367 400.841186 -1188.048167 58.211055
slice23/query/img_08043_c1_1292959637465155us.jpg 0.649497 0.696006 0.215296 -0.217663 398.477266 -1187.584716 58.110091
slice23/query/img_08044_c1_1292959637598516us.jpg 0.649453 0.696523 0.213560 -0.217852 396.082403 -1187.154961 58.016405
slice23/query/img_08045_c1_1292959637665138us.jpg 0.650234 0.695747 0.213887 -0.217681 394.870351 -1186.917622 57.966031
slice23/query/img_08046_c1_1292959637731763us.jpg 0.650608 0.695231 0.214530 -0.217579 393.662816 -1186.678835 57.916002
slice23/query/img_08047_c1_1292959637865144us.jpg 0.651599 0.693765 0.215982 -0.217856 391.248225 -1186.203453 57.798539
slice23/query/img_08048_c1_1292959637931768us.jpg 0.651006 0.694260 0.216162 -0.217873 390.039488 -1185.965812 57.743408
slice23/query/img_08049_c1_1292959637998515us.jpg 0.649900 0.695195 0.216132 -0.218221 388.835282 -1185.726702 57.685641
slice23/query/img_08050_c1_1292959638065145us.jpg 0.648838 0.695913 0.216295 -0.218931 387.625389 -1185.485518 57.631170
slice23/query/img_08051_c1_1292959638198520us.jpg 0.648768 0.695737 0.216231 -0.219760 385.211031 -1185.025789 57.516980
slice23/query/img_08052_c1_1292959638265168us.jpg 0.648832 0.695619 0.216283 -0.219892 384.005267 -1184.796919 57.464568
slice23/query/img_08053_c1_1292959638331771us.jpg 0.649300 0.695307 0.216153 -0.219624 382.795189 -1184.570943 57.406499
slice23/query/img_08054_c1_1292959638398517us.jpg 0.649240 0.695289 0.216156 -0.219857 381.591065 -1184.339779 57.356426
slice23/query/img_08055_c1_1292959638465149us.jpg 0.648885 0.695641 0.216061 -0.219885 380.393487 -1184.111863 57.315538
slice23/query/img_08056_c1_1292959638598523us.jpg 0.648845 0.695658 0.216209 -0.219803 377.987163 -1183.664981 57.227315
slice23/query/img_08057_c1_1292959638665150us.jpg 0.648769 0.695771 0.216516 -0.219366 376.777628 -1183.434914 57.168446
slice23/query/img_08058_c1_1292959638731774us.jpg 0.648563 0.695968 0.216341 -0.219525 375.576259 -1183.205530 57.107832
slice23/query/img_08059_c1_1292959638798522us.jpg 0.648708 0.695875 0.216211 -0.219519 374.376073 -1182.976425 57.053674
slice23/query/img_08060_c1_1292959638931774us.jpg 0.649139 0.695157 0.217506 -0.219242 371.986772 -1182.541063 56.968957
slice23/query/img_08061_c1_1292959638998523us.jpg 0.650053 0.694495 0.218195 -0.217942 370.787605 -1182.321864 56.919526
slice23/query/img_08062_c1_1292959639065153us.jpg 0.650846 0.693807 0.219130 -0.216825 369.580345 -1182.099173 56.867168
slice23/query/img_08063_c1_1292959639198547us.jpg 0.652358 0.692216 0.221828 -0.214611 367.191704 -1181.673018 56.756608
slice23/query/img_08064_c1_1292959639265175us.jpg 0.652147 0.692448 0.221952 -0.214377 365.994289 -1181.446654 56.693567
slice23/query/img_08065_c1_1292959639331780us.jpg 0.651920 0.692588 0.221413 -0.215171 364.798581 -1181.216844 56.628454
slice23/query/img_08066_c1_1292959639398526us.jpg 0.651908 0.692484 0.220901 -0.216067 363.611385 -1180.993812 56.564916
slice23/query/img_08067_c1_1292959639531782us.jpg 0.651540 0.692761 0.220234 -0.216967 361.206601 -1180.543294 56.435819
slice23/query/img_08068_c1_1292959639598552us.jpg 0.651358 0.692986 0.220362 -0.216666 360.016390 -1180.321259 56.377053
slice23/query/img_08069_c1_1292959639665159us.jpg 0.651092 0.693280 0.220586 -0.216296 358.820654 -1180.097244 56.317589
slice23/query/img_08070_c1_1292959639731783us.jpg 0.650839 0.693450 0.221078 -0.216011 357.639847 -1179.878139 56.264526
slice23/query/img_08071_c1_1292959639865183us.jpg 0.651704 0.692717 0.221838 -0.214972 355.260458 -1179.468470 56.149332
slice23/query/img_08072_c1_1292959639931787us.jpg 0.651753 0.692830 0.221943 -0.214350 354.067647 -1179.249097 56.087972
slice23/query/img_08073_c1_1292959639998533us.jpg 0.651509 0.693126 0.221834 -0.214246 352.880070 -1179.027252 56.025552
slice23/query/img_08074_c1_1292959640065162us.jpg 0.651518 0.693272 0.221821 -0.213761 351.681375 -1178.803148 55.964293
slice23/query/img_08075_c1_1292959640198539us.jpg 0.651631 0.693450 0.221471 -0.213199 349.300552 -1178.365266 55.836164
slice23/query/img_08076_c1_1292959640265164us.jpg 0.651690 0.693553 0.220964 -0.213211 348.115155 -1178.139986 55.773160
slice23/query/img_08077_c1_1292959640331790us.jpg 0.651419 0.694098 0.220255 -0.212998 346.935582 -1177.914411 55.713547
slice23/query/img_08078_c1_1292959640398537us.jpg 0.650959 0.694711 0.219922 -0.212750 345.756867 -1177.686751 55.650477
slice23/query/img_08079_c1_1292959640531814us.jpg 0.651151 0.695118 0.218711 -0.212082 343.391422 -1177.252309 55.527442
slice23/query/img_08080_c1_1292959640598538us.jpg 0.651297 0.695125 0.218191 -0.212147 342.219326 -1177.027828 55.464045
slice23/query/img_08081_c1_1292959640665167us.jpg 0.651423 0.695110 0.217683 -0.212333 341.052451 -1176.804814 55.407899
slice23/query/img_08082_c1_1292959640798563us.jpg 0.652152 0.694913 0.217345 -0.211078 338.700451 -1176.360135 55.288910
slice23/query/img_08083_c1_1292959640865170us.jpg 0.652104 0.695130 0.217828 -0.210013 337.528709 -1176.133191 55.237211
slice23/query/img_08084_c1_1292959640931795us.jpg 0.652468 0.694885 0.218147 -0.209361 336.354686 -1175.898735 55.177628
slice23/query/img_08085_c1_1292959640998541us.jpg 0.652986 0.694566 0.218282 -0.208664 335.185921 -1175.674828 55.115045
slice23/query/img_08086_c1_1292959641131796us.jpg 0.653330 0.694294 0.218568 -0.208191 332.841492 -1175.204625 54.977954
slice23/query/img_08087_c1_1292959641198542us.jpg 0.653151 0.694417 0.218857 -0.208039 331.671880 -1174.968815 54.912370
slice23/query/img_08088_c1_1292959641265173us.jpg 0.652793 0.694632 0.219467 -0.207802 330.504021 -1174.732436 54.844819
slice23/query/img_08089_c1_1292959641331799us.jpg 0.652510 0.694748 0.219893 -0.207855 329.335376 -1174.492264 54.772781
slice23/query/img_08090_c1_1292959641465175us.jpg 0.652040 0.694759 0.221159 -0.207947 327.009765 -1174.038007 54.637768
slice23/query/img_08091_c1_1292959641531801us.jpg 0.651954 0.694559 0.222028 -0.207961 325.843394 -1173.804781 54.563515
slice23/query/img_08092_c1_1292959641598546us.jpg 0.651751 0.694377 0.223243 -0.207905 324.684967 -1173.574817 54.490579
slice23/query/img_08093_c1_1292959641665176us.jpg 0.651235 0.694491 0.224401 -0.207891 323.533866 -1173.348622 54.420845
slice23/query/img_08094_c1_1292959641798570us.jpg 0.650951 0.694169 0.226196 -0.207912 321.235642 -1172.930501 54.277460
slice23/query/img_08095_c1_1292959641865178us.jpg 0.650940 0.693902 0.226710 -0.208277 320.081495 -1172.721692 54.203879
slice23/query/img_08096_c1_1292959641931804us.jpg 0.651095 0.693498 0.227178 -0.208629 318.928520 -1172.512311 54.127085
slice23/query/img_08097_c1_1292959642065182us.jpg 0.650851 0.693078 0.228856 -0.208953 316.626616 -1172.093645 53.985187
slice23/query/img_08098_c1_1292959642131805us.jpg 0.650545 0.692990 0.229746 -0.209217 315.478914 -1171.889203 53.910037
slice23/query/img_08099_c1_1292959642198551us.jpg 0.650374 0.692814 0.230724 -0.209260 314.326967 -1171.684255 53.832346
slice23/query/img_08100_c1_1292959642265182us.jpg 0.650263 0.692590 0.231614 -0.209358 313.177770 -1171.479181 53.752110
slice23/query/img_08101_c1_1292959642398578us.jpg 0.649797 0.692436 0.233306 -0.209439 310.898186 -1171.086526 53.599857
slice23/query/img_08102_c1_1292959642465205us.jpg 0.649600 0.692268 0.234249 -0.209552 309.755408 -1170.886622 53.521596
slice23/query/img_08103_c1_1292959642531811us.jpg 0.649518 0.692106 0.235256 -0.209214 308.612544 -1170.695330 53.443358
slice23/query/img_08104_c1_1292959642598555us.jpg 0.649489 0.691710 0.236470 -0.209242 307.471113 -1170.503031 53.361990
slice23/query/img_08105_c1_1292959642731835us.jpg 0.648866 0.691565 0.238676 -0.209153 305.196280 -1170.118179 53.187505
slice23/query/img_08106_c1_1292959642798579us.jpg 0.648370 0.691709 0.239453 -0.209325 304.058290 -1169.926637 53.097880
slice23/query/img_08107_c1_1292959642865188us.jpg 0.647639 0.692042 0.240239 -0.209587 302.923204 -1169.738400 53.009946
slice23/query/img_08108_c1_1292959642931813us.jpg 0.647133 0.692167 0.240731 -0.210172 301.785095 -1169.550199 52.918272
slice23/query/img_08109_c1_1292959643065189us.jpg 0.646473 0.692129 0.242094 -0.210761 299.486696 -1169.185786 52.722278
slice23/query/img_08110_c1_1292959643131814us.jpg 0.646050 0.692307 0.242631 -0.210855 298.335810 -1169.003051 52.627751
slice23/query/img_08111_c1_1292959643198561us.jpg 0.645623 0.692384 0.243525 -0.210881 297.186355 -1168.820218 52.531061
slice23/query/img_08112_c1_1292959643265190us.jpg 0.645152 0.692554 0.244263 -0.210911 296.038552 -1168.645358 52.435516
slice23/query/img_08113_c1_1292959643398566us.jpg 0.643829 0.693264 0.244760 -0.212042 293.740253 -1168.299612 52.235457
slice23/query/img_08114_c1_1292959643465191us.jpg 0.643188 0.693520 0.245000 -0.212871 292.594463 -1168.123248 52.133541
slice23/query/img_08115_c1_1292959643531818us.jpg 0.642810 0.693518 0.245358 -0.213608 291.449075 -1167.948742 52.035438
slice23/query/img_08116_c1_1292959643598564us.jpg 0.642535 0.693319 0.246127 -0.214193 290.304343 -1167.778852 51.935094
slice23/query/img_08117_c1_1292959643731820us.jpg 0.641893 0.692851 0.248080 -0.215376 288.001384 -1167.435403 51.729357
slice23/query/img_08118_c1_1292959643798565us.jpg 0.641478 0.692670 0.249698 -0.215328 286.846856 -1167.272573 51.631101
slice23/query/img_08119_c1_1292959643865193us.jpg 0.641157 0.692338 0.251258 -0.215534 285.696642 -1167.113858 51.530858
slice23/query/img_08120_c1_1292959644065193us.jpg 0.641830 0.689517 0.254966 -0.218203 282.249249 -1166.681872 51.203665
slice23/query/img_08121_c1_1292959644198571us.jpg 0.642608 0.687690 0.256144 -0.220291 279.914534 -1166.391239 50.975299
slice23/query/img_08122_c1_1292959644265196us.jpg 0.643046 0.686738 0.256628 -0.221413 278.754238 -1166.247933 50.871681
slice23/query/img_08123_c1_1292959644331822us.jpg 0.642600 0.686458 0.258438 -0.221472 277.589892 -1166.107000 50.772966
slice23/query/img_08124_c1_1292959644465226us.jpg 0.641783 0.686042 0.261378 -0.221681 275.240286 -1165.831077 50.559371
slice23/query/img_08125_c1_1292959644531844us.jpg 0.641254 0.685855 0.262454 -0.222515 274.073710 -1165.698370 50.454287
slice23/query/img_08126_c1_1292959644598573us.jpg 0.640889 0.685568 0.263106 -0.223680 272.908496 -1165.568166 50.345940
slice23/query/img_08127_c1_1292959644665202us.jpg 0.640799 0.685256 0.262765 -0.225288 271.752601 -1165.443644 50.235796
slice23/query/img_08128_c1_1292959644798596us.jpg 0.639133 0.686027 0.263819 -0.226441 269.416905 -1165.201103 50.030701
slice23/query/img_08129_c1_1292959644865224us.jpg 0.637999 0.686348 0.265462 -0.226747 268.252139 -1165.080090 49.927040
slice23/query/img_08130_c1_1292959644931831us.jpg 0.637685 0.685765 0.266462 -0.228216 267.094442 -1164.966305 49.823957
slice23/query/img_08131_c1_1292959645065203us.jpg 0.637390 0.684997 0.269773 -0.227453 264.756637 -1164.749877 49.604945
slice23/query/img_08132_c1_1292959645131829us.jpg 0.637198 0.684609 0.271548 -0.227048 263.593987 -1164.654977 49.502088
slice23/query/img_08133_c1_1292959645265231us.jpg 0.638372 0.681919 0.274357 -0.228466 261.274230 -1164.472865 49.283833
slice23/query/img_08134_c1_1292959645331833us.jpg 0.639030 0.680874 0.274942 -0.229037 260.096645 -1164.377382 49.168077
slice23/query/img_08135_c1_1292959645398579us.jpg 0.638535 0.680894 0.275602 -0.229566 258.919011 -1164.284543 49.052195
slice23/query/img_08136_c1_1292959645465210us.jpg 0.637405 0.681334 0.276111 -0.230787 257.744523 -1164.188592 48.934553
slice23/query/img_08137_c1_1292959645598605us.jpg 0.635411 0.681902 0.276577 -0.234025 255.382452 -1164.002218 48.687050
slice23/query/img_08138_c1_1292959645665212us.jpg 0.634097 0.682630 0.276432 -0.235634 254.201276 -1163.911527 48.570296
slice23/query/img_08139_c1_1292959645731837us.jpg 0.633265 0.682729 0.277044 -0.236862 253.023832 -1163.834324 48.456402
slice23/query/img_08140_c1_1292959645798583us.jpg 0.632963 0.682417 0.277708 -0.237787 251.844529 -1163.760918 48.345516
slice23/query/img_08141_c1_1292959645931862us.jpg 0.633001 0.681157 0.280217 -0.238356 249.475282 -1163.617486 48.125919
slice23/query/img_08142_c1_1292959645998584us.jpg 0.633247 0.680232 0.281786 -0.238494 248.299413 -1163.552927 48.018717
slice23/query/img_08143_c1_1292959646065214us.jpg 0.633326 0.679363 0.283173 -0.239120 247.124459 -1163.480934 47.906805
slice23/query/img_08144_c1_1292959646198611us.jpg 0.632827 0.678121 0.285234 -0.241504 244.741395 -1163.345425 47.661601
slice23/query/img_08145_c1_1292959646265221us.jpg 0.632294 0.678014 0.285708 -0.242635 243.558712 -1163.290153 47.545291
slice23/query/img_08146_c1_1292959646331843us.jpg 0.631347 0.678276 0.286068 -0.243942 242.375376 -1163.228374 47.429134
slice23/query/img_08147_c1_1292959646398588us.jpg 0.630525 0.678226 0.286807 -0.245336 241.199422 -1163.172935 47.314977
slice23/query/img_08148_c1_1292959646531845us.jpg 0.629728 0.677265 0.288657 -0.247856 238.812433 -1163.071017 47.084735
slice23/query/img_08149_c1_1292959646598611us.jpg 0.629898 0.676460 0.290193 -0.247827 237.622089 -1163.036252 46.972480
slice23/query/img_08150_c1_1292959646665220us.jpg 0.630160 0.675388 0.291813 -0.248182 236.436063 -1163.000244 46.860560
slice23/query/img_08151_c1_1292959646731845us.jpg 0.630460 0.674254 0.293429 -0.248598 235.252800 -1162.964200 46.751653
slice23/query/img_08152_c1_1292959646865253us.jpg 0.631747 0.671697 0.295025 -0.250357 232.888043 -1162.911829 46.527094
slice23/query/img_08153_c1_1292959646931847us.jpg 0.632419 0.670226 0.296886 -0.250402 231.696468 -1162.883707 46.411679
slice23/query/img_08154_c1_1292959646998593us.jpg 0.632772 0.669195 0.299745 -0.248858 230.516404 -1162.867702 46.306056
slice23/query/img_08155_c1_1292959647131850us.jpg 0.633081 0.668451 0.300881 -0.248703 228.143556 -1162.839823 46.073317
slice23/query/img_08156_c1_1292959647198617us.jpg 0.633636 0.668070 0.300495 -0.248777 226.955386 -1162.822910 45.947596
slice23/query/img_08157_c1_1292959647265250us.jpg 0.633867 0.667901 0.300083 -0.249139 225.778366 -1162.806418 45.829541
slice23/query/img_08158_c1_1292959647398619us.jpg 0.633233 0.668832 0.298787 -0.249812 223.410019 -1162.780254 45.597412
slice23/query/img_08159_c1_1292959647465227us.jpg 0.632313 0.669798 0.298382 -0.250038 222.217320 -1162.756079 45.478762
slice23/query/img_08160_c1_1292959647531854us.jpg 0.631507 0.670603 0.298596 -0.249662 221.027810 -1162.734245 45.362796
slice23/query/img_08161_c1_1292959647598599us.jpg 0.631339 0.670830 0.298620 -0.249448 219.842783 -1162.712906 45.244042
slice23/query/img_08162_c1_1292959647731855us.jpg 0.632001 0.670763 0.297126 -0.249735 217.477734 -1162.697946 45.007537
slice23/query/img_08163_c1_1292959647798601us.jpg 0.632220 0.670728 0.296641 -0.249853 216.297861 -1162.676837 44.892601
slice23/query/img_08164_c1_1292959647865230us.jpg 0.632170 0.670862 0.296831 -0.249392 215.117936 -1162.654112 44.777885
slice23/query/img_08165_c1_1292959647998627us.jpg 0.630628 0.672655 0.297288 -0.247920 212.770755 -1162.606755 44.560838
slice23/query/img_08166_c1_1292959648065256us.jpg 0.629265 0.674197 0.296814 -0.247762 211.596545 -1162.577955 44.445084
slice23/query/img_08167_c1_1292959648131857us.jpg 0.627991 0.675470 0.296458 -0.247954 210.431217 -1162.555555 44.332723
slice23/query/img_08168_c1_1292959648265267us.jpg 0.627153 0.676464 0.295864 -0.248073 208.090105 -1162.507321 44.101394
slice23/query/img_08169_c1_1292959648331858us.jpg 0.628202 0.676289 0.294933 -0.247003 206.922723 -1162.495585 43.988072
slice23/query/img_08170_c1_1292959648398604us.jpg 0.629963 0.675220 0.294690 -0.245727 205.764264 -1162.476374 43.870910
slice23/query/img_08171_c1_1292959648465236us.jpg 0.632001 0.674107 0.293974 -0.244407 204.611026 -1162.446786 43.752398
slice23/query/img_08172_c1_1292959648598629us.jpg 0.634959 0.673391 0.292075 -0.240963 202.310826 -1162.419375 43.548938
slice23/query/img_08173_c1_1292959648731891us.jpg 0.634938 0.674875 0.290567 -0.238682 200.020484 -1162.342757 43.323439
slice23/query/img_08174_c1_1292959648865239us.jpg 0.635167 0.676382 0.289433 -0.235157 197.780157 -1162.260770 43.102380
slice23/query/img_08175_c1_1292959648931862us.jpg 0.634952 0.677668 0.287363 -0.234575 196.667217 -1162.214294 42.991733
slice23/query/img_08176_c1_1292959648998611us.jpg 0.635471 0.678505 0.285330 -0.233227 195.570797 -1162.166317 42.882749
slice23/query/img_08177_c1_1292959649131893us.jpg 0.635444 0.680495 0.281969 -0.231583 193.423845 -1162.054166 42.687359
