slice23/query/img_07963_c1_1299251234381810us.jpg 0.661382 0.683249 0.208519 -0.228617 488.049323 -1207.626529 60.840099
slice23/query/img_07964_c1_1299251234515064us.jpg 0.660777 0.683971 0.208564 -0.228162 485.992733 -1207.242137 60.833465
slice23/query/img_07965_c1_1299251234581812us.jpg 0.661053 0.683783 0.208774 -0.227735 484.955171 -1207.052217 60.830289
slice23/query/img_07966_c1_1299251234648442us.jpg 0.660621 0.684167 0.209132 -0.227509 483.925476 -1206.860753 60.832069
slice23/query/img_07967_c1_1299251234781838us.jpg 0.659164 0.685536 0.208761 -0.227950 481.864424 -1206.471723 60.828084
slice23/query/img_07968_c1_1299251234848441us.jpg 0.658732 0.685919 0.208344 -0.228430 480.823857 -1206.274866 60.823334
slice23/query/img_07969_c1_1299251234915064us.jpg 0.658484 0.686039 0.208857 -0.228315 479.769773 -1206.074230 60.824654
slice23/query/img_07970_c1_1299251235048467us.jpg 0.657032 0.687241 0.208497 -0.229211 477.669739 -1205.679260 60.807692
slice23/query/img_07971_c1_1299251235115089us.jpg 0.656085 0.688318 0.208355 -0.228819 476.596765 -1205.483161 60.798873
slice23/query/img_07972_c1_1299251235181815us.jpg 0.655081 0.689253 0.208424 -0.228821 475.536640 -1205.279956 60.782989
slice23/query/img_07973_c1_1299251235248441us.jpg 0.655004 0.689342 0.209795 -0.227517 474.471932 -1205.081204 60.774061
slice23/query/img_07974_c1_1299251235381818us.jpg 0.655064 0.689184 0.211245 -0.226480 472.325002 -1204.674936 60.765389
slice23/query/img_07975_c1_1299251235448442us.jpg 0.655780 0.688658 0.211523 -0.225745 471.233249 -1204.477179 60.740100
slice23/query/img_07976_c1_1299251235515067us.jpg 0.656522 0.688033 0.211661 -0.225365 470.138665 -1204.278359 60.718895
slice23/query/img_07977_c1_1299251235648469us.jpg 0.656663 0.688080 0.211583 -0.224884 467.947915 -1203.868922 60.685723
slice23/query/img_07978_c1_1299251235715069us.jpg 0.656546 0.688221 0.211409 -0.224956 466.848940 -1203.660515 60.655458
slice23/query/img_07979_c1_1299251235781818us.jpg 0.655781 0.689035 0.211020 -0.225061 465.740677 -1203.443745 60.624212
slice23/query/img_07980_c1_1299251235848443us.jpg 0.654811 0.690006 0.210790 -0.225127 464.633939 -1203.232272 60.604576
slice23/query/img_07981_c1_1299251235981846us.jpg 0.653217 0.691586 0.211252 -0.224474 462.395121 -1202.803065 60.578893
slice23/query/img_07982_c1_1299251236048444us.jpg 0.653628 0.691291 0.211241 -0.224194 461.256051 -1202.596833 60.548532
slice23/query/img_07983_c1_1299251236115070us.jpg 0.653954 0.690912 0.211078 -0.224566 460.123784 -1202.373318 60.515684
slice23/query/img_07984_c1_1299251236248490us.jpg 0.655429 0.690065 0.210805 -0.223124 457.839833 -1201.966312 60.456698
slice23/query/img_07985_c1_1299251236315072us.jpg 0.655317 0.690165 0.210910 -0.223045 456.698405 -1201.750696 60.431519
slice23/query/img_07986_c1_1299251236381822us.jpg 0.655209 0.690267 0.211454 -0.222531 455.550004 -1201.529732 60.394021
slice23/query/img_07987_c1_1299251236515079us.jpg 0.654369 0.691133 0.212228 -0.221575 453.250311 -1201.103389 60.334275
slice23/query/img_07988_c1_1299251236581823us.jpg 0.654049 0.691492 0.212303 -0.221328 452.099703 -1200.884473 60.298713
slice23/query/img_07989_c1_1299251236648449us.jpg 0.653523 0.691934 0.212199 -0.221599 450.942975 -1200.666838 60.259937
slice23/query/img_07990_c1_1299251236781824us.jpg 0.653035 0.692293 0.212184 -0.221931 448.600670 -1200.224995 60.186571
slice23/query/img_07991_c1_1299251236848450us.jpg 0.652491 0.692631 0.212637 -0.222044 447.426461 -1200.004147 60.154155
slice23/query/img_07992_c1_1299251236981829us.jpg 0.652612 0.692108 0.214887 -0.221150 445.054505 -1199.557980 60.083520
slice23/query/img_07993_c1_1299251237115099us.jpg 0.653020 0.691519 0.216112 -0.220597 442.693188 -1199.136623 60.015307
slice23/query/img_07994_c1_1299251237181825us.jpg 0.653985 0.690642 0.216432 -0.220167 441.475569 -1198.908846 59.964366
slice23/query/img_07995_c1_1299251237248451us.jpg 0.654206 0.690350 0.216771 -0.220096 440.265393 -1198.679713 59.924129
slice23/query/img_07996_c1_1299251237382030us.jpg 0.655082 0.689424 0.217048 -0.220120 437.829508 -1198.253676 59.834216
slice23/query/img_07997_c1_1299251237448452us.jpg 0.654986 0.689458 0.216917 -0.220428 436.605190 -1198.023741 59.786402
slice23/query/img_07998_c1_1299251237515077us.jpg 0.654422 0.689930 0.216695 -0.220843 435.380016 -1197.793631 59.737160
slice23/query/img_07999_c1_1299251237648482us.jpg 0.653033 0.691323 0.215966 -0.221311 432.907706 -1197.327854 59.631154
slice23/query/img_08000_c1_1299251237715078us.jpg 0.652238 0.692027 0.215895 -0.221523 431.678506 -1197.092256 59.584174
slice23/query/img_08001_c1_1299251237781829us.jpg 0.652201 0.691939 0.216639 -0.221182 430.447833 -1196.864711 59.538402
slice23/query/img_08002_c1_1299251237915086us.jpg 0.653717 0.690530 0.218409 -0.219362 427.982212 -1196.421633 59.441126
slice23/query/img_08003_c1_1299251237981830us.jpg 0.654473 0.689781 0.218815 -0.219060 426.745610 -1196.198692 59.395333
slice23/query/img_08004_c1_1299251238048456us.jpg 0.655218 0.689025 0.218838 -0.219189 425.504450 -1195.971307 59.337902
slice23/query/img_08005_c1_1299251238181838us.jpg 0.657149 0.687117 0.219943 -0.218290 423.006828 -1195.538171 59.241240
slice23/query/img_08006_c1_1299251238248460us.jpg 0.657193 0.687062 0.220214 -0.218057 421.757533 -1195.309575 59.189919
slice23/query/img_08007_c1_1299251238315082us.jpg 0.656987 0.687342 0.220250 -0.217759 420.493566 -1195.083204 59.137506
slice23/query/img_08008_c1_1299251238381833us.jpg 0.656653 0.687627 0.220618 -0.217492 419.240665 -1194.850001 59.082528
slice23/query/img_08009_c1_1299251238515085us.jpg 0.655501 0.688780 0.220969 -0.216964 416.729077 -1194.404918 59.005672
slice23/query/img_08010_c1_1299251238581833us.jpg 0.655335 0.689038 0.220548 -0.217072 415.464566 -1194.173636 58.954551
slice23/query/img_08011_c1_1299251238648462us.jpg 0.655564 0.689079 0.219928 -0.216881 414.194593 -1193.943900 58.900036
slice23/query/img_08012_c1_1299251238781857us.jpg 0.655481 0.689292 0.220072 -0.216311 411.660615 -1193.473541 58.799374
slice23/query/img_08013_c1_1299251238915108us.jpg 0.655078 0.690168 0.219647 -0.215163 409.143398 -1193.059366 58.749014
slice23/query/img_08014_c1_1299251238981835us.jpg 0.655041 0.690358 0.218766 -0.215566 407.881017 -1192.838049 58.693200
slice23/query/img_08015_c1_1299251239115088us.jpg 0.655294 0.690309 0.218578 -0.215144 405.367052 -1192.383193 58.593838
slice23/query/img_08016_c1_1299251239181838us.jpg 0.655413 0.690194 0.219081 -0.214637 404.109900 -1192.131353 58.543090
slice23/query/img_08017_c1_1299251239248462us.jpg 0.655420 0.690161 0.219109 -0.214694 402.847003 -1191.885300 58.482220
slice23/query/img_08018_c1_1299251239315087us.jpg 0.655440 0.690157 0.219472 -0.214276 401.592229 -1191.650369 58.429576
slice23/query/img_08019_c1_1299251239448491us.jpg 0.655718 0.689859 0.220526 -0.213300 399.074490 -1191.189723 58.319604
slice23/query/img_08020_c1_1299251239515088us.jpg 0.655795 0.689767 0.220669 -0.213211 397.819526 -1190.950926 58.261897
slice23/query/img_08021_c1_1299251239581839us.jpg 0.655622 0.689830 0.221045 -0.213151 396.570937 -1190.697682 58.204764
slice23/query/img_08022_c1_1299251239715093us.jpg 0.655248 0.690081 0.221076 -0.213457 394.070680 -1190.219223 58.101060
slice23/query/img_08023_c1_1299251239781842us.jpg 0.655347 0.689948 0.221372 -0.213278 392.816717 -1189.971607 58.044300
slice23/query/img_08024_c1_1299251239848465us.jpg 0.655772 0.689534 0.221980 -0.212675 391.561560 -1189.728797 57.981800
slice23/query/img_08025_c1_1299251239915090us.jpg 0.655969 0.689322 0.222462 -0.212252 390.310435 -1189.489604 57.923799
slice23/query/img_08026_c1_1299251240048499us.jpg 0.656728 0.688711 0.223587 -0.210701 387.792805 -1189.022131 57.813597
slice23/query/img_08027_c1_1299251240115091us.jpg 0.656901 0.688537 0.223823 -0.210480 386.540397 -1188.785673 57.756112
slice23/query/img_08028_c1_1299251240181842us.jpg 0.657200 0.688223 0.223561 -0.210849 385.291105 -1188.547983 57.695129
slice23/query/img_08029_c1_1299251240315120us.jpg 0.656753 0.688575 0.223150 -0.211525 382.809979 -1188.072722 57.579173
slice23/query/img_08030_c1_1299251240381867us.jpg 0.656129 0.689072 0.222972 -0.212033 381.562433 -1187.830440 57.518562
slice23/query/img_08031_c1_1299251240448468us.jpg 0.655625 0.689502 0.223305 -0.211845 380.310074 -1187.589668 57.456199
slice23/query/img_08032_c1_1299251240515093us.jpg 0.654766 0.690358 0.222997 -0.212039 379.065820 -1187.350581 57.399759
slice23/query/img_08033_c1_1299251240648486us.jpg 0.653525 0.691564 0.222270 -0.212696 376.561388 -1186.870394 57.288501
slice23/query/img_08034_c1_1299251240715096us.jpg 0.653283 0.691751 0.222373 -0.212725 375.306720 -1186.625101 57.232771
slice23/query/img_08035_c1_1299251240781845us.jpg 0.653783 0.691311 0.222365 -0.212628 374.045598 -1186.384094 57.176106
slice23/query/img_08036_c1_1299251240915124us.jpg 0.655078 0.690093 0.222010 -0.212971 371.529412 -1185.899777 57.059513
slice23/query/img_08037_c1_1299251240981849us.jpg 0.655732 0.689560 0.221673 -0.213034 370.266435 -1185.662743 56.996245
slice23/query/img_08038_c1_1299251241048472us.jpg 0.655773 0.689530 0.222126 -0.212532 369.002420 -1185.427163 56.932727
slice23/query/img_08039_c1_1299251241181850us.jpg 0.655029 0.690252 0.223000 -0.211567 366.482337 -1184.948398 56.815099
slice23/query/img_08040_c1_1299251241248474us.jpg 0.654708 0.690537 0.223089 -0.211537 365.227693 -1184.711928 56.751266
slice23/query/img_08041_c1_1299251241315098us.jpg 0.654611 0.690466 0.223647 -0.211478 363.967388 -1184.469632 56.685480
slice23/query/img_08042_c1_1299251241448482us.jpg 0.654918 0.689817 0.224397 -0.211851 361.474259 -1183.994396 56.563340
slice23/query/img_08043_c1_1299251241515100us.jpg 0.655513 0.689139 0.224553 -0.212051 360.212258 -1183.758862 56.498799
slice23/query/img_08044_c1_1299251241581849us.jpg 0.656225 0.688381 0.224731 -0.212125 358.959954 -1183.520192 56.436992
slice23/query/img_08045_c1_1299251241715103us.jpg 0.656379 0.688087 0.224384 -0.212967 356.455146 -1183.056826 56.307614
slice23/query/img_08046_c1_1299251241781850us.jpg 0.656056 0.688279 0.224664 -0.213047 355.203144 -1182.828403 56.245304
slice23/query/img_08047_c1_1299251241848476us.jpg 0.655786 0.688444 0.225151 -0.212830 353.953030 -1182.599733 56.175919
slice23/query/img_08048_c1_1299251241981975us.jpg 0.655769 0.688245 0.226204 -0.212409 351.471628 -1182.134275 56.064263
slice23/query/img_08049_c1_1299251242048479us.jpg 0.656108 0.687983 0.226382 -0.212020 350.232168 -1181.908821 56.001290
slice23/query/img_08050_c1_1299251242115102us.jpg 0.656541 0.687691 0.226439 -0.211567 348.998356 -1181.693112 55.937996
slice23/query/img_08051_c1_1299251242181853us.jpg 0.657126 0.687258 0.226435 -0.211163 347.769256 -1181.475431 55.873959
slice23/query/img_08052_c1_1299251242315105us.jpg 0.658257 0.686014 0.227550 -0.210487 345.334661 -1181.047343 55.748021
slice23/query/img_08053_c1_1299251242448481us.jpg 0.658550 0.685988 0.227143 -0.210092 342.914488 -1180.623888 55.618025
slice23/query/img_08054_c1_1299251242515104us.jpg 0.658305 0.686409 0.226513 -0.210164 341.728290 -1180.390505 55.552336
slice23/query/img_08055_c1_1299251242581854us.jpg 0.658398 0.686456 0.225827 -0.210456 340.550502 -1180.159325 55.487043
slice23/query/img_08056_c1_1299251242715107us.jpg 0.658960 0.686306 0.225076 -0.209992 338.160573 -1179.692962 55.381658
slice23/query/img_08057_c1_1299251242848484us.jpg 0.658697 0.686674 0.226041 -0.208573 335.768808 -1179.175823 55.293415
slice23/query/img_08058_c1_1299251242915111us.jpg 0.658745 0.686891 0.226022 -0.207723 334.570211 -1178.932454 55.236427
slice23/query/img_08059_c1_1299251243115130us.jpg 0.659860 0.686522 0.226654 -0.204696 331.009026 -1178.267678 55.048867
slice23/query/img_08060_c1_1299251243248491us.jpg 0.660888 0.686091 0.226255 -0.203260 328.654780 -1177.787438 54.913162
slice23/query/img_08061_c1_1299251243315110us.jpg 0.661047 0.686208 0.226237 -0.202365 327.471827 -1177.546293 54.844698
slice23/query/img_08062_c1_1299251243381859us.jpg 0.660668 0.686791 0.226236 -0.201626 326.306476 -1177.309018 54.790950
slice23/query/img_08063_c1_1299251243515136us.jpg 0.659770 0.688043 0.226412 -0.200094 323.910565 -1176.814309 54.645034
slice23/query/img_08064_c1_1299251243581885us.jpg 0.659216 0.688761 0.226376 -0.199489 322.697284 -1176.574670 54.567126
slice23/query/img_08065_c1_1299251243648485us.jpg 0.658887 0.689172 0.226383 -0.199150 321.504159 -1176.332794 54.489502
slice23/query/img_08066_c1_1299251243715110us.jpg 0.658388 0.689628 0.226299 -0.199317 320.324421 -1176.080648 54.412214
slice23/query/img_08067_c1_1299251243848490us.jpg 0.657952 0.689897 0.226970 -0.199062 317.906735 -1175.576196 54.259104
slice23/query/img_08068_c1_1299251243915111us.jpg 0.657481 0.690069 0.227592 -0.199315 316.703294 -1175.322354 54.178308
slice23/query/img_08069_c1_1299251243981862us.jpg 0.656848 0.690388 0.228215 -0.199582 315.490322 -1175.091685 54.096642
slice23/query/img_08070_c1_1299251244116085us.jpg 0.655440 0.690939 0.229823 -0.200455 313.064815 -1174.632781 53.909042
slice23/query/img_08071_c1_1299251244181888us.jpg 0.654618 0.691030 0.231268 -0.201168 311.863259 -1174.388040 53.820148
slice23/query/img_08072_c1_1299251244248488us.jpg 0.653764 0.691092 0.232176 -0.202680 310.658975 -1174.159446 53.730829
slice23/query/img_08073_c1_1299251244315114us.jpg 0.653146 0.690723 0.233590 -0.204299 309.465291 -1173.924874 53.641677
slice23/query/img_08074_c1_1299251244448493us.jpg 0.652136 0.689919 0.236694 -0.206653 307.047426 -1173.493575 53.457350
slice23/query/img_08075_c1_1299251244515115us.jpg 0.651200 0.689931 0.238248 -0.207777 305.847111 -1173.279638 53.370009
slice23/query/img_08076_c1_1299251244581865us.jpg 0.650302 0.689956 0.240049 -0.208432 304.644236 -1173.066217 53.283145
slice23/query/img_08077_c1_1299251244648491us.jpg 0.649582 0.689856 0.241748 -0.209045 303.440896 -1172.863754 53.189214
slice23/query/img_08078_c1_1299251244781890us.jpg 0.649315 0.688381 0.245330 -0.210559 301.021220 -1172.471711 52.992317
slice23/query/img_08079_c1_1299251244848492us.jpg 0.649282 0.687681 0.246880 -0.211137 299.820030 -1172.281741 52.893111
slice23/query/img_08080_c1_1299251244915118us.jpg 0.649341 0.686885 0.248530 -0.211608 298.626208 -1172.083284 52.792048
slice23/query/img_08081_c1_1299251245048511us.jpg 0.649365 0.685749 0.250879 -0.212446 296.204194 -1171.731074 52.592356
slice23/query/img_08082_c1_1299251245115119us.jpg 0.649581 0.685031 0.251851 -0.212950 294.994515 -1171.554353 52.487334
slice23/query/img_08083_c1_1299251245181868us.jpg 0.649662 0.684467 0.252943 -0.213223 293.786265 -1171.381574 52.382769
slice23/query/img_08084_c1_1299251245315145us.jpg 0.649612 0.683718 0.254443 -0.213993 291.360499 -1171.041704 52.176065
slice23/query/img_08085_c1_1299251245381871us.jpg 0.649490 0.683493 0.255514 -0.213804 290.142771 -1170.880390 52.073431
slice23/query/img_08086_c1_1299251245448495us.jpg 0.649503 0.683245 0.256223 -0.213712 288.927872 -1170.708525 51.963709
slice23/query/img_08087_c1_1299251245515121us.jpg 0.649383 0.683156 0.256892 -0.213553 287.715627 -1170.546182 51.853279
slice23/query/img_08088_c1_1299251245648515us.jpg 0.648767 0.683298 0.257584 -0.214139 285.286868 -1170.220608 51.617556
slice23/query/img_08089_c1_1299251245715122us.jpg 0.648326 0.683336 0.257983 -0.214872 284.078622 -1170.045516 51.509546
slice23/query/img_08090_c1_1299251245781873us.jpg 0.647951 0.683469 0.258698 -0.214721 282.865839 -1169.894325 51.394850
slice23/query/img_08091_c1_1299251245915128us.jpg 0.647013 0.683832 0.259763 -0.215105 280.441664 -1169.582091 51.161123
slice23/query/img_08092_c1_1299251245981873us.jpg 0.646815 0.683549 0.260526 -0.215678 279.230654 -1169.420917 51.049508
slice23/query/img_08093_c1_1299251246048498us.jpg 0.646578 0.683352 0.261400 -0.215954 278.015727 -1169.264469 50.934882
slice23/query/img_08094_c1_1299251246181878us.jpg 0.646069 0.683201 0.262545 -0.216565 275.587485 -1168.979856 50.694506
slice23/query/img_08095_c1_1299251246248500us.jpg 0.645359 0.683319 0.263568 -0.217070 274.374549 -1168.827626 50.585461
slice23/query/img_08096_c1_1299251246315125us.jpg 0.645005 0.682965 0.264363 -0.218263 273.162157 -1168.673425 50.469613
slice23/query/img_08097_c1_1299251246448526us.jpg 0.644290 0.682037 0.265424 -0.221960 270.733864 -1168.385388 50.225690
slice23/query/img_08098_c1_1299251246515126us.jpg 0.643968 0.681485 0.266466 -0.223337 269.520408 -1168.250880 50.111578
slice23/query/img_08099_c1_1299251246581898us.jpg 0.643162 0.681442 0.267932 -0.224035 268.314886 -1168.121126 49.997635
slice23/query/img_08100_c1_1299251246715153us.jpg 0.641212 0.681641 0.271244 -0.225032 265.897201 -1167.858676 49.769090
slice23/query/img_08101_c1_1299251246781878us.jpg 0.640445 0.681538 0.272494 -0.226014 264.687449 -1167.745538 49.651472
slice23/query/img_08102_c1_1299251246915132us.jpg 0.638199 0.682192 0.273766 -0.228841 262.225118 -1167.522510 49.402905
slice23/query/img_08103_c1_1299251246981878us.jpg 0.637282 0.682301 0.274304 -0.230422 260.998309 -1167.422438 49.279776
slice23/query/img_08104_c1_1299251247115133us.jpg 0.635676 0.682398 0.275507 -0.233122 258.505585 -1167.204280 49.035553
slice23/query/img_08105_c1_1299251247181879us.jpg 0.635001 0.682310 0.276440 -0.234110 257.261826 -1167.098007 48.916559
slice23/query/img_08106_c1_1299251247248504us.jpg 0.634483 0.682033 0.277862 -0.234636 256.021471 -1167.002461 48.797569
slice23/query/img_08107_c1_1299251247381891us.jpg 0.634196 0.680635 0.280004 -0.236918 253.536287 -1166.813714 48.554813
slice23/query/img_08108_c1_1299251247448504us.jpg 0.634909 0.679271 0.281413 -0.237251 252.291925 -1166.736771 48.433308
slice23/query/img_08109_c1_1299251247515131us.jpg 0.635707 0.677785 0.282491 -0.238083 251.057651 -1166.653166 48.313507
slice23/query/img_08110_c1_1299251247648515us.jpg 0.636566 0.675566 0.283800 -0.240522 248.590573 -1166.498030 48.083875
slice23/query/img_08111_c1_1299251247715136us.jpg 0.636303 0.675172 0.284956 -0.240960 247.354515 -1166.429949 47.972761
slice23/query/img_08112_c1_1299251247781882us.jpg 0.635748 0.675022 0.286628 -0.240863 246.117226 -1166.357460 47.857042
slice23/query/img_08113_c1_1299251247915256us.jpg 0.634485 0.674881 0.289185 -0.241528 243.637897 -1166.227824 47.625215
slice23/query/img_08114_c1_1299251247981908us.jpg 0.634442 0.674249 0.290040 -0.242379 242.400737 -1166.170024 47.505617
slice23/query/img_08115_c1_1299251248048509us.jpg 0.634567 0.673367 0.290961 -0.243401 241.170094 -1166.111607 47.387206
slice23/query/img_08116_c1_1299251248115135us.jpg 0.634936 0.672418 0.291716 -0.244157 239.928607 -1166.076073 47.268327
slice23/query/img_08117_c1_1299251248248513us.jpg 0.635339 0.670838 0.293795 -0.244961 237.461444 -1165.994110 47.036982
slice23/query/img_08118_c1_1299251248315136us.jpg 0.635737 0.670055 0.294846 -0.244806 236.219938 -1165.950238 46.918741
slice23/query/img_08119_c1_1299251248381886us.jpg 0.635722 0.669720 0.295061 -0.245503 234.983679 -1165.915508 46.795830
slice23/query/img_08120_c1_1299251248516397us.jpg 0.634520 0.669842 0.294621 -0.248787 232.522972 -1165.836108 46.560294
slice23/query/img_08121_c1_1299251248581889us.jpg 0.633515 0.670454 0.295111 -0.249117 231.281944 -1165.799935 46.444786
slice23/query/img_08122_c1_1299251248648512us.jpg 0.632240 0.671255 0.295768 -0.249419 230.047026 -1165.753236 46.326125
slice23/query/img_08123_c1_1299251248715137us.jpg 0.631065 0.671920 0.296610 -0.249604 228.815762 -1165.728397 46.213342
slice23/query/img_08124_c1_1299251248848518us.jpg 0.630493 0.671235 0.298645 -0.250465 226.351376 -1165.665202 45.977089
slice23/query/img_08125_c1_1299251248915138us.jpg 0.631187 0.670282 0.299083 -0.250748 225.121850 -1165.650440 45.863475
slice23/query/img_08126_c1_1299251248981888us.jpg 0.632605 0.668740 0.299225 -0.251121 223.883522 -1165.639751 45.739231
slice23/query/img_08127_c1_1299251249115164us.jpg 0.632273 0.668424 0.298531 -0.253612 221.401920 -1165.580984 45.499122
slice23/query/img_08128_c1_1299251249181890us.jpg 0.632629 0.667695 0.298910 -0.254197 220.156747 -1165.545158 45.379754
slice23/query/img_08129_c1_1299251249248515us.jpg 0.633409 0.667235 0.298524 -0.253920 218.906053 -1165.541219 45.258115
slice23/query/img_08130_c1_1299251249381893us.jpg 0.633471 0.667444 0.298682 -0.253024 216.422847 -1165.524407 45.023825
slice23/query/img_08131_c1_1299251249448517us.jpg 0.633601 0.667537 0.298369 -0.252823 215.173681 -1165.514324 44.908490
slice23/query/img_08132_c1_1299251249581895us.jpg 0.633811 0.667915 0.297000 -0.252911 212.715154 -1165.511368 44.642777
slice23/query/img_08133_c1_1299251249648518us.jpg 0.634209 0.667848 0.296648 -0.252503 211.496102 -1165.489155 44.529832
slice23/query/img_08134_c1_1299251249715143us.jpg 0.634721 0.667667 0.296551 -0.251810 210.278930 -1165.473708 44.415010
slice23/query/img_08135_c1_1299251249781893us.jpg 0.634414 0.668034 0.296896 -0.251202 209.070744 -1165.444025 44.303818
slice23/query/img_08136_c1_1299251249915169us.jpg 0.634611 0.669026 0.295675 -0.249498 206.640631 -1165.389612 44.069534
slice23/query/img_08137_c1_1299251249981894us.jpg 0.634812 0.669433 0.294876 -0.248840 205.435437 -1165.358944 43.955593
slice23/query/img_08138_c1_1299251250048519us.jpg 0.634661 0.670208 0.294009 -0.248164 204.236157 -1165.317763 43.842154
slice23/query/img_08139_c1_1299251250181919us.jpg 0.635926 0.670485 0.292442 -0.246018 201.835405 -1165.260047 43.621193
slice23/query/img_08140_c1_1299251250248520us.jpg 0.637155 0.669985 0.292118 -0.244583 200.637166 -1165.228223 43.511293
slice23/query/img_08141_c1_1299251250315146us.jpg 0.638010 0.669886 0.291683 -0.243140 199.447784 -1165.189544 43.402739
slice23/query/img_08142_c1_1299251250448524us.jpg 0.639374 0.670197 0.291152 -0.239305 197.072722 -1165.086044 43.178774
slice23/query/img_08143_c1_1299251250515171us.jpg 0.639720 0.670909 0.289875 -0.237933 195.891568 -1165.029280 43.068503
slice23/query/img_08144_c1_1299251250581897us.jpg 0.639855 0.671994 0.288176 -0.236569 194.713862 -1164.968757 42.953830
slice23/query/img_08145_c1_1299251250648522us.jpg 0.639974 0.673110 0.286240 -0.235421 193.545284 -1164.900141 42.844357
