slice23/database/img_07314_c1_1303399123916238us.jpg 0.648804 0.695634 0.204472 -0.230951 476.126283 -1202.302884 60.719335
slice23/database/img_07315_c1_1303399124049611us.jpg 0.650047 0.694976 0.204269 -0.229610 473.891137 -1201.909227 60.662596
slice23/database/img_07316_c1_1303399124116255us.jpg 0.649632 0.695384 0.204614 -0.229243 472.773806 -1201.701976 60.634938
slice23/database/img_07317_c1_1303399124182983us.jpg 0.649299 0.695849 0.204674 -0.228723 471.655876 -1201.493336 60.603528
slice23/database/img_07318_c1_1303399124316926us.jpg 0.649026 0.696473 0.204660 -0.227604 469.416495 -1201.090279 60.554538
slice23/database/img_07319_c1_1303399124382992us.jpg 0.648952 0.696640 0.204429 -0.227514 468.299868 -1200.878431 60.526110
slice23/database/img_07320_c1_1303399124449609us.jpg 0.649439 0.696369 0.204538 -0.226855 467.177124 -1200.668967 60.496922
slice23/database/img_07321_c1_1303399124516234us.jpg 0.650025 0.695952 0.205229 -0.225829 466.055543 -1200.465472 60.470154
slice23/database/img_07322_c1_1303399124649617us.jpg 0.650619 0.695459 0.205933 -0.224997 463.801963 -1200.047807 60.415212
slice23/database/img_07323_c1_1303399124716235us.jpg 0.650640 0.695410 0.206457 -0.224605 462.676350 -1199.840893 60.383483
slice23/database/img_07324_c1_1303399124782985us.jpg 0.649725 0.696008 0.206894 -0.225000 461.552716 -1199.626886 60.349907
slice23/database/img_07325_c1_1303399124916238us.jpg 0.647771 0.696478 0.207274 -0.228798 459.300489 -1199.190848 60.288912
slice23/database/img_07326_c1_1303399124982989us.jpg 0.646621 0.696718 0.207879 -0.230763 458.171187 -1198.978047 60.261395
slice23/database/img_07327_c1_1303399125117161us.jpg 0.645903 0.695679 0.211528 -0.232586 455.900537 -1198.568015 60.198034
slice23/database/img_07328_c1_1303399125182990us.jpg 0.645436 0.695459 0.212865 -0.233317 454.758483 -1198.369341 60.171139
slice23/database/img_07329_c1_1303399125249614us.jpg 0.645918 0.694336 0.215086 -0.233292 453.620344 -1198.179256 60.143897
slice23/database/img_07330_c1_1303399125316250us.jpg 0.645633 0.694115 0.216041 -0.233857 452.481256 -1197.989145 60.116350
slice23/database/img_07331_c1_1303399125449616us.jpg 0.646148 0.692570 0.219040 -0.234226 450.180174 -1197.635190 60.062383
slice23/database/img_07332_c1_1303399125516239us.jpg 0.645779 0.692092 0.220274 -0.235495 449.028928 -1197.455336 60.025888
slice23/database/img_07333_c1_1303399125582990us.jpg 0.644800 0.692297 0.221132 -0.236768 447.877582 -1197.275993 59.986731
slice23/database/img_07334_c1_1303399125716246us.jpg 0.641877 0.693852 0.221616 -0.239687 445.568353 -1196.917226 59.911480
slice23/database/img_07335_c1_1303399125782991us.jpg 0.640590 0.694421 0.222053 -0.241074 444.410248 -1196.746915 59.874716
slice23/database/img_07336_c1_1303399125917294us.jpg 0.640486 0.693481 0.225575 -0.240785 442.078874 -1196.431738 59.815729
slice23/database/img_07337_c1_1303399125983010us.jpg 0.640944 0.692786 0.226667 -0.240541 440.916769 -1196.282288 59.783960
slice23/database/img_07338_c1_1303399126049618us.jpg 0.641454 0.692082 0.227478 -0.240444 439.758649 -1196.128467 59.750827
slice23/database/img_07339_c1_1303399126183000us.jpg 0.644019 0.689197 0.229604 -0.239854 437.425682 -1195.839552 59.687484
slice23/database/img_07340_c1_1303399126249620us.jpg 0.645367 0.687895 0.230196 -0.239399 436.256532 -1195.700317 59.649712
slice23/database/img_07341_c1_1303399126316245us.jpg 0.646155 0.687194 0.230331 -0.239156 435.088878 -1195.561380 59.612716
slice23/database/img_07342_c1_1303399126449631us.jpg 0.646375 0.687446 0.230290 -0.237876 432.750114 -1195.278220 59.541805
slice23/database/img_07343_c1_1303399126516256us.jpg 0.646408 0.687648 0.230017 -0.237464 431.580613 -1195.132405 59.505241
slice23/database/img_07344_c1_1303399126582996us.jpg 0.646766 0.687558 0.230019 -0.236747 430.409491 -1194.982551 59.465157
slice23/database/img_07345_c1_1303399126716249us.jpg 0.648070 0.686915 0.229380 -0.235663 428.067213 -1194.691671 59.391879
slice23/database/img_07346_c1_1303399126782997us.jpg 0.648885 0.686432 0.229043 -0.235157 426.895437 -1194.537925 59.352694
slice23/database/img_07347_c1_1303399126849623us.jpg 0.649763 0.686050 0.229007 -0.233878 425.724352 -1194.391113 59.316261
slice23/database/img_07348_c1_1303399126983017us.jpg 0.650925 0.685824 0.228265 -0.232027 423.372427 -1194.085022 59.237227
slice23/database/img_07349_c1_1303399127049623us.jpg 0.651263 0.685770 0.228216 -0.231285 422.193733 -1193.926678 59.196543
slice23/database/img_07350_c1_1303399127116248us.jpg 0.651533 0.685863 0.227591 -0.230866 421.021844 -1193.768205 59.154387
slice23/database/img_07351_c1_1303399127249635us.jpg 0.651809 0.686269 0.226567 -0.229884 418.666718 -1193.436862 59.073284
slice23/database/img_07352_c1_1303399127316249us.jpg 0.651810 0.686528 0.226271 -0.229402 417.492012 -1193.265268 59.033619
slice23/database/img_07353_c1_1303399127383000us.jpg 0.652046 0.686689 0.225731 -0.228776 416.317554 -1193.097072 58.996422
slice23/database/img_07354_c1_1303399127516255us.jpg 0.653053 0.686675 0.225954 -0.225706 413.950385 -1192.757087 58.924262
slice23/database/img_07355_c1_1303399127583001us.jpg 0.653074 0.686921 0.225449 -0.225405 412.772872 -1192.573384 58.880137
slice23/database/img_07356_c1_1303399127716290us.jpg 0.652032 0.688437 0.223787 -0.225452 410.409229 -1192.198970 58.800271
slice23/database/img_07357_c1_1303399127849628us.jpg 0.652303 0.689051 0.222175 -0.224384 408.025985 -1191.827788 58.706627
slice23/database/img_07358_c1_1303399127916253us.jpg 0.652741 0.688984 0.221657 -0.223826 406.829602 -1191.640760 58.655701
slice23/database/img_07359_c1_1303399127983003us.jpg 0.652756 0.689259 0.221178 -0.223410 405.637454 -1191.446397 58.606344
slice23/database/img_07360_c1_1303399128116255us.jpg 0.652898 0.689793 0.220880 -0.221634 403.246362 -1191.062697 58.516210
slice23/database/img_07361_c1_1303399128183003us.jpg 0.653067 0.689877 0.220903 -0.220850 402.047906 -1190.866266 58.467882
slice23/database/img_07362_c1_1303399128249629us.jpg 0.653295 0.689914 0.220519 -0.220444 400.851756 -1190.668610 58.414972
slice23/database/img_07363_c1_1303399128383007us.jpg 0.653123 0.690105 0.220310 -0.220565 398.448090 -1190.274302 58.311330
slice23/database/img_07364_c1_1303399128449631us.jpg 0.652806 0.690315 0.220573 -0.220585 397.253918 -1190.073646 58.262084
slice23/database/img_07365_c1_1303399128584390us.jpg 0.652665 0.690453 0.220781 -0.220360 394.852190 -1189.673196 58.156120
slice23/database/img_07366_c1_1303399128649655us.jpg 0.653030 0.690126 0.220576 -0.220509 393.651115 -1189.474635 58.100421
slice23/database/img_07367_c1_1303399128716256us.jpg 0.653346 0.689777 0.220749 -0.220492 392.451588 -1189.270642 58.048793
slice23/database/img_07368_c1_1303399128850942us.jpg 0.654234 0.688812 0.221633 -0.219989 390.039412 -1188.866107 57.943202
slice23/database/img_07369_c1_1303399128916281us.jpg 0.654766 0.688240 0.222127 -0.219696 388.826124 -1188.665418 57.886878
slice23/database/img_07370_c1_1303399128983008us.jpg 0.655305 0.687745 0.222697 -0.219062 387.615005 -1188.465550 57.830420
slice23/database/img_07371_c1_1303399129116285us.jpg 0.656054 0.687285 0.222357 -0.218606 385.174885 -1188.062532 57.711661
slice23/database/img_07372_c1_1303399129183009us.jpg 0.655993 0.687557 0.221724 -0.218579 383.949634 -1187.858560 57.657549
slice23/database/img_07373_c1_1303399129249634us.jpg 0.655977 0.687588 0.221794 -0.218460 382.719421 -1187.650235 57.601889
slice23/database/img_07374_c1_1303399129383012us.jpg 0.654951 0.688464 0.221565 -0.219012 380.262881 -1187.225014 57.493741
slice23/database/img_07375_c1_1303399129449637us.jpg 0.654676 0.688815 0.221629 -0.218666 379.023619 -1187.012617 57.436618
slice23/database/img_07376_c1_1303399129516261us.jpg 0.654477 0.689034 0.221509 -0.218693 377.790055 -1186.800333 57.376499
slice23/database/img_07377_c1_1303399129649639us.jpg 0.654731 0.688982 0.222074 -0.217519 375.316075 -1186.375881 57.264571
slice23/database/img_07378_c1_1303399129716286us.jpg 0.655236 0.688554 0.222356 -0.217063 374.078083 -1186.164383 57.207920
slice23/database/img_07379_c1_1303399129783013us.jpg 0.655754 0.688080 0.222631 -0.216719 372.843811 -1185.954151 57.148363
slice23/database/img_07380_c1_1303399129916265us.jpg 0.656875 0.687246 0.222374 -0.216236 370.365503 -1185.543547 57.028520
slice23/database/img_07381_c1_1303399129983014us.jpg 0.657060 0.687232 0.222537 -0.215550 369.127246 -1185.335875 56.969848
slice23/database/img_07382_c1_1303399130049639us.jpg 0.656493 0.687878 0.222729 -0.215017 367.893681 -1185.121484 56.916240
slice23/database/img_07383_c1_1303399130183020us.jpg 0.655939 0.688688 0.222554 -0.214295 365.416034 -1184.686123 56.799255
slice23/database/img_07384_c1_1303399130249640us.jpg 0.655871 0.688882 0.222568 -0.213866 364.172956 -1184.468868 56.739127
slice23/database/img_07385_c1_1303399130316266us.jpg 0.656223 0.688666 0.222828 -0.213208 362.931132 -1184.252682 56.676308
slice23/database/img_07386_c1_1303399130449668us.jpg 0.657616 0.687946 0.222089 -0.212007 360.446576 -1183.814704 56.548408
slice23/database/img_07387_c1_1303399130516267us.jpg 0.658451 0.687459 0.221618 -0.211488 359.206908 -1183.596135 56.486371
slice23/database/img_07388_c1_1303399130583017us.jpg 0.659225 0.687077 0.221055 -0.210908 357.971438 -1183.377592 56.422067
slice23/database/img_07389_c1_1303399130716296us.jpg 0.659368 0.687467 0.220018 -0.210274 355.493902 -1182.920803 56.294075
slice23/database/img_07390_c1_1303399130783019us.jpg 0.658911 0.688097 0.219895 -0.209773 354.251579 -1182.689911 56.231372
slice23/database/img_07391_c1_1303399130916293us.jpg 0.658598 0.688827 0.220097 -0.208142 351.766116 -1182.225393 56.101414
slice23/database/img_07392_c1_1303399130983018us.jpg 0.658759 0.689018 0.219839 -0.207274 350.532888 -1181.990173 56.036351
slice23/database/img_07393_c1_1303399131049644us.jpg 0.659317 0.688792 0.219410 -0.206705 349.301439 -1181.756391 55.975530
slice23/database/img_07394_c1_1303399131183046us.jpg 0.661437 0.687238 0.219868 -0.204603 346.829236 -1181.292277 55.851386
slice23/database/img_07395_c1_1303399131249644us.jpg 0.662110 0.686733 0.220127 -0.203843 345.596783 -1181.065676 55.784943
slice23/database/img_07396_c1_1303399131316271us.jpg 0.662512 0.686542 0.220090 -0.203220 344.369113 -1180.829597 55.719513
slice23/database/img_07397_c1_1303399131449667us.jpg 0.662449 0.687186 0.218829 -0.202610 341.908455 -1180.357638 55.589832
slice23/database/img_07398_c1_1303399131516271us.jpg 0.662380 0.687568 0.217793 -0.202653 340.687976 -1180.113523 55.528723
slice23/database/img_07399_c1_1303399131650301us.jpg 0.662839 0.687588 0.216657 -0.202304 338.241529 -1179.627100 55.397905
slice23/database/img_07400_c1_1303399131716295us.jpg 0.662653 0.687925 0.216796 -0.201618 337.021515 -1179.378961 55.337406
slice23/database/img_07401_c1_1303399131783023us.jpg 0.662201 0.688442 0.216846 -0.201282 335.806558 -1179.129882 55.276225
slice23/database/img_07402_c1_1303399131916278us.jpg 0.661269 0.689676 0.216533 -0.200459 333.380744 -1178.637661 55.148830
slice23/database/img_07403_c1_1303399131983023us.jpg 0.661040 0.689862 0.216784 -0.200300 332.165231 -1178.386191 55.081618
slice23/database/img_07404_c1_1303399132049649us.jpg 0.660881 0.690000 0.216704 -0.200439 330.952201 -1178.136324 55.013769
slice23/database/img_07405_c1_1303399132183028us.jpg 0.660498 0.690274 0.216596 -0.200874 328.539769 -1177.637185 54.867123
slice23/database/img_07406_c1_1303399132249651us.jpg 0.660327 0.690376 0.216600 -0.201081 327.336647 -1177.389877 54.796199
slice23/database/img_07407_c1_1303399132316275us.jpg 0.659776 0.690791 0.216858 -0.201185 326.136196 -1177.143519 54.727450
slice23/database/img_07408_c1_1303399132449675us.jpg 0.658772 0.691387 0.218145 -0.201039 323.742295 -1176.648527 54.581937
slice23/database/img_07409_c1_1303399132516276us.jpg 0.658231 0.691706 0.218901 -0.200890 322.543376 -1176.404236 54.508970
slice23/database/img_07410_c1_1303399132583027us.jpg 0.657558 0.692066 0.219406 -0.201304 321.349123 -1176.158642 54.436040
slice23/database/img_07411_c1_1303399132716283us.jpg 0.656332 0.692623 0.220641 -0.202038 318.958374 -1175.675520 54.281651
slice23/database/img_07412_c1_1303399132783029us.jpg 0.655737 0.692738 0.221733 -0.202380 317.765384 -1175.436034 54.204581
slice23/database/img_07413_c1_1303399132916284us.jpg 0.654673 0.692812 0.224062 -0.203005 315.381313 -1174.967228 54.050426
slice23/database/img_07414_c1_1303399133049659us.jpg 0.654473 0.692145 0.227011 -0.202648 312.992485 -1174.512550 53.895106
slice23/database/img_07415_c1_1303399133116280us.jpg 0.654497 0.691713 0.228574 -0.202290 311.791643 -1174.283454 53.814414
slice23/database/img_07416_c1_1303399133249662us.jpg 0.654980 0.690493 0.230604 -0.202589 309.382109 -1173.844650 53.638126
slice23/database/img_07417_c1_1303399133316282us.jpg 0.655009 0.689884 0.231705 -0.203315 308.179606 -1173.622718 53.546945
slice23/database/img_07418_c1_1303399133383033us.jpg 0.654655 0.689756 0.232467 -0.204016 306.976875 -1173.403672 53.458434
slice23/database/img_07419_c1_1303399133516288us.jpg 0.653559 0.689995 0.234593 -0.204290 304.558600 -1172.975613 53.272118
slice23/database/img_07420_c1_1303399133583033us.jpg 0.652927 0.690182 0.235586 -0.204536 303.351639 -1172.766257 53.179817
slice23/database/img_07421_c1_1303399133649658us.jpg 0.652490 0.690078 0.236876 -0.204790 302.147486 -1172.553791 53.083218
slice23/database/img_07422_c1_1303399133783047us.jpg 0.652394 0.689188 0.239510 -0.205029 299.735307 -1172.148375 52.887410
slice23/database/img_07423_c1_1303399133849666us.jpg 0.652399 0.688750 0.240554 -0.205262 298.534663 -1171.954286 52.785463
slice23/database/img_07424_c1_1303399133983065us.jpg 0.652525 0.687766 0.242684 -0.205652 296.128908 -1171.567654 52.585032
slice23/database/img_07425_c1_1303399134049661us.jpg 0.652820 0.686996 0.243668 -0.206128 294.926485 -1171.375410 52.478009
slice23/database/img_07426_c1_1303399134116287us.jpg 0.652827 0.686479 0.244938 -0.206322 293.729507 -1171.183810 52.376508
slice23/database/img_07427_c1_1303399134249663us.jpg 0.652652 0.685681 0.246575 -0.207577 291.328154 -1170.817292 52.164003
slice23/database/img_07428_c1_1303399134316286us.jpg 0.652544 0.685294 0.247787 -0.207749 290.123099 -1170.635084 52.056854
slice23/database/img_07429_c1_1303399134383038us.jpg 0.652153 0.685266 0.248757 -0.207914 288.922673 -1170.453211 51.948922
slice23/database/img_07430_c1_1303399134516315us.jpg 0.651478 0.684991 0.250674 -0.208630 286.512218 -1170.102831 51.727746
slice23/database/img_07431_c1_1303399134583038us.jpg 0.650894 0.684915 0.251619 -0.209564 285.309534 -1169.929172 51.620044
slice23/database/img_07432_c1_1303399134649663us.jpg 0.650442 0.684639 0.252498 -0.210807 284.112625 -1169.754529 51.509632
slice23/database/img_07433_c1_1303399134783047us.jpg 0.648941 0.684869 0.254768 -0.211951 281.705373 -1169.434195 51.287770
slice23/database/img_07434_c1_1303399134916359us.jpg 0.648344 0.684043 0.257013 -0.213726 279.299674 -1169.112458 51.058864
slice23/database/img_07435_c1_1303399134983041us.jpg 0.648246 0.683355 0.258353 -0.214607 278.097532 -1168.959537 50.944492
slice23/database/img_07436_c1_1303399135116754us.jpg 0.647755 0.682417 0.261399 -0.215385 275.665293 -1168.662057 50.709357
slice23/database/img_07437_c1_1303399135183065us.jpg 0.647452 0.681878 0.262628 -0.216505 274.450704 -1168.517531 50.588339
slice23/database/img_07438_c1_1303399135249667us.jpg 0.647238 0.681163 0.263744 -0.218036 273.239278 -1168.376199 50.468794
slice23/database/img_07439_c1_1303399135316292us.jpg 0.646920 0.680614 0.264717 -0.219508 272.033077 -1168.238073 50.350599
slice23/database/img_07440_c1_1303399135449692us.jpg 0.646367 0.679688 0.265625 -0.222883 269.611132 -1167.988285 50.108167
slice23/database/img_07441_c1_1303399135516293us.jpg 0.645200 0.680061 0.267150 -0.223303 268.402348 -1167.863564 49.996683
slice23/database/img_07442_c1_1303399135583044us.jpg 0.643843 0.680648 0.268962 -0.223257 267.200628 -1167.746000 49.885219
slice23/database/img_07443_c1_1303399135716321us.jpg 0.641985 0.681027 0.271466 -0.224419 264.757313 -1167.532933 49.652334
slice23/database/img_07444_c1_1303399135783045us.jpg 0.641555 0.680778 0.272353 -0.225325 263.538256 -1167.421351 49.531453
slice23/database/img_07445_c1_1303399135849670us.jpg 0.640944 0.680791 0.272882 -0.226386 262.318534 -1167.313518 49.408350
slice23/database/img_07446_c1_1303399135983071us.jpg 0.639812 0.680608 0.273492 -0.229380 259.880435 -1167.106058 49.159334
slice23/database/img_07447_c1_1303399136049695us.jpg 0.639374 0.680503 0.273903 -0.230420 258.663195 -1167.008602 49.041456
slice23/database/img_07448_c1_1303399136116296us.jpg 0.638897 0.680333 0.274549 -0.231475 257.448645 -1166.907689 48.922613
slice23/database/img_07449_c1_1303399136183047us.jpg 0.638581 0.679940 0.276182 -0.231558 256.224042 -1166.810727 48.800337
slice23/database/img_07450_c1_1303399136316323us.jpg 0.637115 0.680470 0.277306 -0.232693 253.782577 -1166.626792 48.568438
slice23/database/img_07451_c1_1303399136383049us.jpg 0.637285 0.679632 0.278514 -0.233235 252.566521 -1166.530018 48.448008
slice23/database/img_07452_c1_1303399136516619us.jpg 0.638308 0.677790 0.278796 -0.235447 250.121509 -1166.357983 48.209457
slice23/database/img_07453_c1_1303399136583048us.jpg 0.638537 0.676723 0.279723 -0.236794 248.894851 -1166.275133 48.097099
slice23/database/img_07454_c1_1303399136649675us.jpg 0.638499 0.676085 0.280526 -0.237767 247.667079 -1166.193925 47.984110
slice23/database/img_07455_c1_1303399136783054us.jpg 0.636610 0.676408 0.283637 -0.238224 245.186918 -1166.043377 47.752061
slice23/database/img_07456_c1_1303399136849675us.jpg 0.635661 0.676525 0.284677 -0.239183 243.947962 -1165.969228 47.635379
slice23/database/img_07457_c1_1303399136916300us.jpg 0.635034 0.676296 0.285396 -0.240634 242.713169 -1165.893211 47.512189
slice23/database/img_07458_c1_1303399137049679us.jpg 0.634623 0.675418 0.286460 -0.242910 240.235072 -1165.780169 47.269605
slice23/database/img_07459_c1_1303399137116300us.jpg 0.635000 0.674311 0.287483 -0.243790 238.986335 -1165.731506 47.148844
slice23/database/img_07460_c1_1303399137183052us.jpg 0.635544 0.672945 0.289062 -0.244278 237.741476 -1165.685772 47.028688
slice23/database/img_07461_c1_1303399137316711us.jpg 0.635258 0.671713 0.291272 -0.245783 235.239802 -1165.598347 46.790235
slice23/database/img_07462_c1_1303399137383093us.jpg 0.635090 0.671285 0.291663 -0.246920 233.999680 -1165.560445 46.671131
slice23/database/img_07463_c1_1303399137516334us.jpg 0.634090 0.671156 0.292231 -0.249159 231.517777 -1165.508936 46.435117
slice23/database/img_07464_c1_1303399137583060us.jpg 0.632804 0.671834 0.293008 -0.249689 230.275145 -1165.480112 46.314257
slice23/database/img_07465_c1_1303399137649680us.jpg 0.631586 0.672419 0.294020 -0.250010 229.040293 -1165.460234 46.201322
slice23/database/img_07466_c1_1303399137783370us.jpg 0.630387 0.672400 0.296003 -0.250743 226.580480 -1165.447212 45.975421
slice23/database/img_07467_c1_1303399137849705us.jpg 0.630905 0.671285 0.296942 -0.251319 225.360873 -1165.437754 45.858398
slice23/database/img_07468_c1_1303399137916307us.jpg 0.632060 0.669722 0.297684 -0.251710 224.150310 -1165.432945 45.742014
slice23/database/img_07469_c1_1303399137983056us.jpg 0.633200 0.668206 0.298326 -0.252113 222.945586 -1165.424021 45.631836
slice23/database/img_07470_c1_1303399138116311us.jpg 0.634715 0.666614 0.299027 -0.251685 220.517407 -1165.422397 45.417049
slice23/database/img_07471_c1_1303399138183058us.jpg 0.635589 0.666001 0.299085 -0.251034 219.297953 -1165.418996 45.303411
slice23/database/img_07472_c1_1303399138249683us.jpg 0.636129 0.665930 0.298579 -0.250454 218.072938 -1165.415019 45.189026
slice23/database/img_07473_c1_1303399138383061us.jpg 0.636434 0.666421 0.298346 -0.248646 215.625302 -1165.397597 44.955964
slice23/database/img_07474_c1_1303399138449684us.jpg 0.636615 0.666691 0.297469 -0.248508 214.405326 -1165.391911 44.835389
slice23/database/img_07475_c1_1303399138516309us.jpg 0.636823 0.666990 0.296649 -0.248152 213.191971 -1165.381174 44.715238
slice23/database/img_07476_c1_1303399138649686us.jpg 0.636193 0.668579 0.293799 -0.248884 210.776427 -1165.330974 44.464802
slice23/database/img_07477_c1_1303399138716310us.jpg 0.636207 0.669097 0.293624 -0.247660 209.575103 -1165.310159 44.351058
slice23/database/img_07478_c1_1303399138783061us.jpg 0.635983 0.669900 0.293385 -0.246344 208.386107 -1165.284767 44.239312
slice23/database/img_07479_c1_1303399138916688us.jpg 0.635295 0.671791 0.291162 -0.245605 206.013982 -1165.229520 44.016170
slice23/database/img_07480_c1_1303399138983086us.jpg 0.635506 0.672194 0.290413 -0.244843 204.829436 -1165.190016 43.906363
slice23/database/img_07481_c1_1303399139049687us.jpg 0.635727 0.672523 0.289562 -0.244372 203.646802 -1165.151712 43.792429
slice23/database/img_07482_c1_1303399139116312us.jpg 0.636025 0.672837 0.288810 -0.243623 202.459544 -1165.112450 43.677635
slice23/database/img_07483_c1_1303399139249689us.jpg 0.637067 0.672770 0.288232 -0.241762 200.098345 -1165.031936 43.452100
slice23/database/img_07484_c1_1303399139316313us.jpg 0.637758 0.672772 0.287503 -0.240801 198.919719 -1164.991095 43.339313
slice23/database/img_07485_c1_1303399139383064us.jpg 0.638081 0.673170 0.286805 -0.239661 197.745799 -1164.945760 43.226640
slice23/database/img_07486_c1_1303399139516339us.jpg 0.639033 0.673814 0.285386 -0.236994 195.405330 -1164.837533 43.001460
slice23/database/img_07487_c1_1303399139583064us.jpg 0.639645 0.674292 0.284090 -0.235536 194.240405 -1164.785203 42.886567
slice23/database/img_07488_c1_1303399139649691us.jpg 0.640361 0.674808 0.282054 -0.234558 193.080061 -1164.725985 42.770771
