slice6/query/img_04211_c0_1283348121889948us.jpg 0.566366 0.523653 -0.435876 0.463712 233.593975 -30.254740 22.358479
slice6/query/img_04212_c0_1283348122223291us.jpg 0.594713 0.547808 -0.400774 0.430816 235.103516 -31.253146 22.422153
slice6/query/img_04213_c0_1283348122556575us.jpg 0.615585 0.571731 -0.366486 0.399833 236.758595 -32.099667 22.503478
slice6/query/img_04214_c0_1283348122889824us.jpg 0.629950 0.590393 -0.338029 0.374614 238.641937 -32.752422 22.595687
slice6/query/img_04215_c0_1283348123156477us.jpg 0.636856 0.600936 -0.320248 0.361568 240.253185 -33.185279 22.676100
slice6/query/img_04216_c0_1283348123423083us.jpg 0.638500 0.607364 -0.312635 0.354522 241.992383 -33.553232 22.768164
slice6/query/img_04217_c0_1283348123689626us.jpg 0.637379 0.608608 -0.313343 0.353780 243.830607 -33.898635 22.873268
slice6/query/img_04218_c0_1283348124022939us.jpg 0.635457 0.606340 -0.317264 0.357616 246.235875 -34.369651 23.000493
slice6/query/img_04219_c0_1283348124156318us.jpg 0.635279 0.605132 -0.318102 0.359231 247.227489 -34.577945 23.054126
slice6/query/img_04220_c0_1283348124289521us.jpg 0.634985 0.604566 -0.318242 0.360577 248.239561 -34.791870 23.104031
slice6/query/img_04221_c0_1283348124422893us.jpg 0.634448 0.604994 -0.318404 0.360663 249.268588 -35.014933 23.158578
slice6/query/img_04222_c0_1283348124556246us.jpg 0.634736 0.604591 -0.318872 0.360417 250.311346 -35.240603 23.216451
slice6/query/img_04223_c0_1283348124689468us.jpg 0.634115 0.605662 -0.318287 0.360230 251.373711 -35.464354 23.274667
slice6/query/img_04224_c0_1283348124822819us.jpg 0.634634 0.605644 -0.317977 0.359618 252.453903 -35.697764 23.334941
slice6/query/img_04225_c0_1283348124956148us.jpg 0.634823 0.605861 -0.318415 0.358530 253.557126 -35.938774 23.396189
slice6/query/img_04226_c0_1283348125089374us.jpg 0.635397 0.605544 -0.318611 0.357874 254.675438 -36.181414 23.459126
slice6/query/img_04227_c0_1283348125222725us.jpg 0.635394 0.606125 -0.318115 0.357338 255.819812 -36.428283 23.518543
slice6/query/img_04228_c0_1283348125356077us.jpg 0.636539 0.605392 -0.317684 0.356925 256.977647 -36.687916 23.576908
slice6/query/img_04229_c0_1283348125556067us.jpg 0.636759 0.606022 -0.316493 0.356521 258.767633 -37.069045 23.672849
slice6/query/img_04230_c0_1283348125689296us.jpg 0.636397 0.606734 -0.316283 0.356142 259.973147 -37.321639 23.735575
slice6/query/img_04231_c0_1283348125822624us.jpg 0.636083 0.607110 -0.315981 0.356332 261.199583 -37.568768 23.796921
slice6/query/img_04232_c0_1283348125955975us.jpg 0.635368 0.608069 -0.315296 0.356579 262.432700 -37.819008 23.860248
slice6/query/img_04233_c0_1283348126089199us.jpg 0.635035 0.608414 -0.315234 0.356636 263.695398 -38.080349 23.923214
slice6/query/img_04235_c0_1283348126289163us.jpg 0.634167 0.608712 -0.315185 0.357714 265.607942 -38.479036 24.028707
slice6/query/img_04236_c0_1283348126422515us.jpg 0.633810 0.608715 -0.315529 0.358038 266.925622 -38.742541 24.088722
slice6/query/img_04237_c0_1283348126489126us.jpg 0.633758 0.608500 -0.315800 0.358257 267.582014 -38.874521 24.127021
slice6/query/img_04238_c0_1283348126622479us.jpg 0.633913 0.607978 -0.315732 0.358929 268.906715 -39.152660 24.196942
slice6/query/img_04239_c0_1283348126755833us.jpg 0.634626 0.606288 -0.316135 0.360171 270.244394 -39.438370 24.273711
slice6/query/img_04240_c0_1283348126822444us.jpg 0.634661 0.605805 -0.316554 0.360554 270.915962 -39.579791 24.314079
slice6/query/img_04241_c0_1283348126955820us.jpg 0.634173 0.605937 -0.316919 0.360871 272.281342 -39.867395 24.392068
slice6/query/img_04242_c0_1283348127022409us.jpg 0.633653 0.606361 -0.317490 0.360571 272.962968 -40.020248 24.433570
slice6/query/img_04243_c0_1283348127155781us.jpg 0.633633 0.605670 -0.319994 0.359550 274.349723 -40.321823 24.508703
slice6/query/img_04244_c0_1283348127222375us.jpg 0.633668 0.605158 -0.321372 0.359123 275.045280 -40.474177 24.544598
slice6/query/img_04245_c0_1283348127355723us.jpg 0.633370 0.604582 -0.323067 0.359099 276.440471 -40.779742 24.623832
slice6/query/img_04246_c0_1283348127488974us.jpg 0.634694 0.603127 -0.322360 0.359841 277.830405 -41.104462 24.692349
slice6/query/img_04247_c0_1283348127555690us.jpg 0.635813 0.601737 -0.321857 0.360641 278.527678 -41.266171 24.723655
slice6/query/img_04248_c0_1283348127688938us.jpg 0.636888 0.600188 -0.321825 0.361354 279.938163 -41.591972 24.801101
slice6/query/img_04249_c0_1283348127755655us.jpg 0.636599 0.600063 -0.322015 0.361902 280.639493 -41.751647 24.839317
slice6/query/img_04250_c0_1283348127888880us.jpg 0.635133 0.600951 -0.322390 0.362669 282.071769 -42.075318 24.917635
slice6/query/img_04251_c0_1283348128022256us.jpg 0.633398 0.602242 -0.322785 0.363210 283.516339 -42.390475 24.998320
slice6/query/img_04252_c0_1283348128088846us.jpg 0.633027 0.602615 -0.323196 0.362872 284.240877 -42.560924 25.037581
slice6/query/img_04253_c0_1283348128155583us.jpg 0.632847 0.602685 -0.323703 0.362616 284.968568 -42.730081 25.079056
slice6/query/img_04254_c0_1283348128222196us.jpg 0.632738 0.602556 -0.324168 0.362606 285.697025 -42.895429 25.118530
slice6/query/img_04255_c0_1283348128355550us.jpg 0.632220 0.602818 -0.324313 0.362945 287.160706 -43.236572 25.191538
slice6/query/img_04256_c0_1283348128422161us.jpg 0.632065 0.602659 -0.324478 0.363333 287.899458 -43.403863 25.231298
slice6/query/img_04257_c0_1283348128488774us.jpg 0.631830 0.602629 -0.324605 0.363676 288.630102 -43.574358 25.271786
slice6/query/img_04258_c0_1283348128555514us.jpg 0.631587 0.602580 -0.325069 0.363766 289.367542 -43.742563 25.311516
slice6/query/img_04259_c0_1283348128688763us.jpg 0.631581 0.602711 -0.326312 0.362443 290.850131 -44.086775 25.397420
slice6/query/img_04260_c0_1283348128755478us.jpg 0.632312 0.602126 -0.326715 0.361778 291.586855 -44.268878 25.439461
slice6/query/img_04261_c0_1283348128822099us.jpg 0.633360 0.601082 -0.326831 0.361577 292.322243 -44.444844 25.476230
slice6/query/img_04262_c0_1283348128955468us.jpg 0.634311 0.600499 -0.326880 0.360833 293.802240 -44.795275 25.556425
slice6/query/img_04263_c0_1283348129022075us.jpg 0.634187 0.600778 -0.326949 0.360523 294.541144 -44.964040 25.595960
slice6/query/img_04264_c0_1283348129088677us.jpg 0.633719 0.601462 -0.326950 0.360205 295.278407 -45.132476 25.636655
slice6/query/img_04265_c0_1283348129155408us.jpg 0.633387 0.601799 -0.326981 0.360198 296.016293 -45.299563 25.672525
slice6/query/img_04266_c0_1283348129288656us.jpg 0.632613 0.602734 -0.326625 0.360316 297.492348 -45.627841 25.743169
slice6/query/img_04267_c0_1283348129355371us.jpg 0.632312 0.603223 -0.326367 0.360262 298.221600 -45.790281 25.778524
slice6/query/img_04268_c0_1283348129421985us.jpg 0.632309 0.603496 -0.326060 0.360086 298.952912 -45.958347 25.815440
slice6/query/img_04269_c0_1283348129488598us.jpg 0.632608 0.603433 -0.325676 0.360016 299.683708 -46.123227 25.853276
slice6/query/img_04270_c0_1283348129621952us.jpg 0.634448 0.602001 -0.325322 0.359495 301.162029 -46.471088 25.928364
slice6/query/img_04271_c0_1283348129688584us.jpg 0.635335 0.601370 -0.324552 0.359679 301.893834 -46.639587 25.968151
slice6/query/img_04272_c0_1283348129755301us.jpg 0.635802 0.601217 -0.324103 0.359515 302.625905 -46.803578 26.006228
slice6/query/img_04273_c0_1283348129821914us.jpg 0.636044 0.601360 -0.323864 0.359063 303.363705 -46.969954 26.044959
slice6/query/img_04274_c0_1283348129955293us.jpg 0.636146 0.601432 -0.324621 0.358076 304.843325 -47.294142 26.127584
slice6/query/img_04275_c0_1283348130021879us.jpg 0.636174 0.601472 -0.324328 0.358226 305.584506 -47.459225 26.163330
slice6/query/img_04276_c0_1283348130088493us.jpg 0.635943 0.601778 -0.323587 0.358792 306.325477 -47.621872 26.198998
slice6/query/img_04277_c0_1283348130155231us.jpg 0.635636 0.602173 -0.322512 0.359639 307.063836 -47.786218 26.230430
slice6/query/img_04278_c0_1283348130288481us.jpg 0.634691 0.603497 -0.321933 0.359608 308.545825 -48.107021 26.303800
slice6/query/img_04279_c0_1283348130355196us.jpg 0.634225 0.604025 -0.322480 0.359054 309.294590 -48.269772 26.346464
slice6/query/img_04280_c0_1283348130421809us.jpg 0.633667 0.604752 -0.323006 0.358341 310.041217 -48.432647 26.389859
slice6/query/img_04281_c0_1283348130488423us.jpg 0.633154 0.605393 -0.323306 0.357893 310.786218 -48.597595 26.429798
slice6/query/img_04282_c0_1283348130555161us.jpg 0.632912 0.605679 -0.323316 0.357830 311.526683 -48.761074 26.466279
slice6/query/img_04283_c0_1283348130688410us.jpg 0.633080 0.605720 -0.322468 0.358229 313.006813 -49.092396 26.538170
slice6/query/img_04284_c0_1283348130755148us.jpg 0.633342 0.605473 -0.322057 0.358551 313.742848 -49.256171 26.576238
slice6/query/img_04285_c0_1283348130821738us.jpg 0.633549 0.605392 -0.322296 0.358108 314.475555 -49.419528 26.617866
slice6/query/img_04286_c0_1283348130888350us.jpg 0.633673 0.605391 -0.323331 0.356955 315.211959 -49.583099 26.661859
slice6/query/img_04287_c0_1283348130955089us.jpg 0.633859 0.605170 -0.324686 0.355769 315.943197 -49.746708 26.707291
slice6/query/img_04288_c0_1283348131089659us.jpg 0.634260 0.604839 -0.325832 0.354566 317.404072 -50.071535 26.787778
slice6/query/img_04289_c0_1283348131155053us.jpg 0.634439 0.604548 -0.325628 0.354932 318.125869 -50.229131 26.823366
slice6/query/img_04290_c0_1283348131221666us.jpg 0.634489 0.604499 -0.325406 0.355128 318.843048 -50.387179 26.856711
slice6/query/img_04291_c0_1283348131288279us.jpg 0.634510 0.604460 -0.325369 0.355190 319.560898 -50.543959 26.889140
slice6/query/img_04292_c0_1283348131355018us.jpg 0.634572 0.604339 -0.325270 0.355378 320.266907 -50.703700 26.924035
slice6/query/img_04293_c0_1283348131488269us.jpg 0.634362 0.604020 -0.324903 0.356626 321.692165 -51.010188 26.995607
slice6/query/img_04294_c0_1283348131555004us.jpg 0.634435 0.603615 -0.324847 0.357234 322.403189 -51.167409 27.029931
slice6/query/img_04295_c0_1283348131621595us.jpg 0.634439 0.603358 -0.324922 0.357592 323.109960 -51.325130 27.066130
slice6/query/img_04296_c0_1283348131688209us.jpg 0.634331 0.603216 -0.325304 0.357676 323.811718 -51.481258 27.103036
slice6/query/img_04297_c0_1283348131754946us.jpg 0.634372 0.602960 -0.325925 0.357470 324.502157 -51.641782 27.142347
slice6/query/img_04298_c0_1283348131888173us.jpg 0.634474 0.602601 -0.326952 0.356956 325.894359 -51.957686 27.221160
slice6/query/img_04299_c0_1283348131954935us.jpg 0.634757 0.602204 -0.326641 0.357406 326.584243 -52.117535 27.255985
slice6/query/img_04300_c0_1283348132021525us.jpg 0.635008 0.601709 -0.326134 0.358256 327.272374 -52.273559 27.289197
slice6/query/img_04301_c0_1283348132088138us.jpg 0.635041 0.601367 -0.325604 0.359254 327.952806 -52.428376 27.323651
slice6/query/img_04302_c0_1283348132154875us.jpg 0.634894 0.601150 -0.325370 0.360088 328.636492 -52.586885 27.357763
slice6/query/img_04303_c0_1283348132288126us.jpg 0.633748 0.601916 -0.325093 0.361074 330.010984 -52.903726 27.429104
slice6/query/img_04304_c0_1283348132354861us.jpg 0.633002 0.602602 -0.325090 0.361243 330.697018 -53.059252 27.467566
slice6/query/img_04305_c0_1283348132488088us.jpg 0.631953 0.603391 -0.324888 0.361942 332.066830 -53.376759 27.543279
slice6/query/img_04306_c0_1283348132554805us.jpg 0.631725 0.603430 -0.324729 0.362417 332.752853 -53.538144 27.578616
slice6/query/img_04307_c0_1283348132621423us.jpg 0.631588 0.603279 -0.324788 0.362855 333.438167 -53.699819 27.616541
slice6/query/img_04308_c0_1283348132688032us.jpg 0.631177 0.603480 -0.324782 0.363242 334.123524 -53.858963 27.656364
slice6/query/img_04309_c0_1283348132821409us.jpg 0.630389 0.604412 -0.325489 0.362427 335.504258 -54.181369 27.733020
slice6/query/img_04310_c0_1283348132887997us.jpg 0.630160 0.604877 -0.325857 0.361717 336.190252 -54.346839 27.776588
slice6/query/img_04311_c0_1283348132954734us.jpg 0.630102 0.605151 -0.326165 0.361082 336.876582 -54.507749 27.816968
slice6/query/img_04312_c0_1283348133021347us.jpg 0.630331 0.604995 -0.326477 0.360662 337.560447 -54.669247 27.854818
slice6/query/img_04313_c0_1283348133154704us.jpg 0.630913 0.604914 -0.326157 0.360070 338.932852 -54.990057 27.929864
slice6/query/img_04314_c0_1283348133221314us.jpg 0.631436 0.604767 -0.325789 0.359731 339.612935 -55.150280 27.967983
slice6/query/img_04315_c0_1283348133287928us.jpg 0.632145 0.604468 -0.325484 0.359265 340.296012 -55.310422 28.005357
slice6/query/img_04316_c0_1283348133354671us.jpg 0.632837 0.604321 -0.325256 0.358501 340.976732 -55.469811 28.042346
slice6/query/img_04317_c0_1283348133421279us.jpg 0.633482 0.604150 -0.325398 0.357519 341.656834 -55.628328 28.079572
slice6/query/img_04318_c0_1283348133554654us.jpg 0.634432 0.604219 -0.324953 0.356120 343.015212 -55.938555 28.150541
slice6/query/img_04319_c0_1283348133621243us.jpg 0.634601 0.604602 -0.324566 0.355520 343.694733 -56.092355 28.183712
slice6/query/img_04320_c0_1283348133687856us.jpg 0.634951 0.604583 -0.324079 0.355371 344.373815 -56.245568 28.216958
slice6/query/img_04321_c0_1283348133754595us.jpg 0.635083 0.604723 -0.323429 0.355491 345.053327 -56.395627 28.249998
slice6/query/img_04322_c0_1283348133821207us.jpg 0.635170 0.604957 -0.322763 0.355542 345.727780 -56.545673 28.283019
slice6/query/img_04323_c0_1283348133954560us.jpg 0.635194 0.605634 -0.321738 0.355276 347.083516 -56.844834 28.349161
slice6/query/img_04324_c0_1283348134021193us.jpg 0.635184 0.606149 -0.321319 0.354795 347.762142 -56.997138 28.384133
slice6/query/img_04325_c0_1283348134087787us.jpg 0.635392 0.606186 -0.321191 0.354474 348.447322 -57.141644 28.419538
slice6/query/img_04326_c0_1283348134154524us.jpg 0.635681 0.606070 -0.320997 0.354331 349.123113 -57.292594 28.451825
slice6/query/img_04327_c0_1283348134221137us.jpg 0.635737 0.606082 -0.321127 0.354092 349.796421 -57.440236 28.487691
slice6/query/img_04328_c0_1283348134287751us.jpg 0.635797 0.605963 -0.321626 0.353735 350.476197 -57.584589 28.523495
slice6/query/img_04329_c0_1283348134421104us.jpg 0.636177 0.605595 -0.322390 0.352986 351.848394 -57.877281 28.588225
slice6/query/img_04330_c0_1283348134487730us.jpg 0.636772 0.605075 -0.322594 0.352617 352.528434 -58.026652 28.617699
slice6/query/img_04331_c0_1283348134554454us.jpg 0.637491 0.604261 -0.322465 0.352830 353.201443 -58.174071 28.648290
slice6/query/img_04332_c0_1283348134621066us.jpg 0.638000 0.603794 -0.321729 0.353383 353.876322 -58.319374 28.682130
slice6/query/img_04333_c0_1283348134687693us.jpg 0.638415 0.603376 -0.320894 0.354106 354.546779 -58.466497 28.711924
slice6/query/img_04334_c0_1283348134821033us.jpg 0.638904 0.602625 -0.319729 0.355554 355.899200 -58.756407 28.779473
slice6/query/img_04335_c0_1283348134887674us.jpg 0.638660 0.602815 -0.319824 0.355584 356.578855 -58.900675 28.815536
slice6/query/img_04336_c0_1283348134954382us.jpg 0.638131 0.603340 -0.320056 0.355435 357.256136 -59.046681 28.854053
slice6/query/img_04337_c0_1283348135020996us.jpg 0.637444 0.604028 -0.320311 0.355270 357.930934 -59.189088 28.894513
slice6/query/img_04338_c0_1283348135087610us.jpg 0.636898 0.604689 -0.320089 0.355323 358.602504 -59.333379 28.931875
slice6/query/img_04339_c0_1283348135154347us.jpg 0.636657 0.604908 -0.320163 0.355316 359.274288 -59.477277 28.969339
