slice6/query/img_02382_c0_1284563457267578us.jpg 0.587022 0.547468 -0.409442 0.433637 234.025229 -30.328155 22.451104
slice6/query/img_02383_c0_1284563457334294us.jpg 0.591642 0.553418 -0.402118 0.426602 234.407709 -30.546339 22.469116
slice6/query/img_02385_c0_1284563457467523us.jpg 0.600956 0.563728 -0.387228 0.413664 235.218319 -30.960666 22.504189
slice6/query/img_02386_c0_1284563457600895us.jpg 0.609514 0.572433 -0.373080 0.402025 236.064206 -31.340432 22.535235
slice6/query/img_02387_c0_1284563457667487us.jpg 0.613356 0.577075 -0.365994 0.396014 236.497309 -31.522818 22.552806
slice6/query/img_02388_c0_1284563457734225us.jpg 0.617038 0.581373 -0.359301 0.390093 236.935779 -31.696242 22.572261
slice6/query/img_02389_c0_1284563457867477us.jpg 0.623370 0.588385 -0.348072 0.379550 237.843993 -32.012550 22.620235
slice6/query/img_02390_c0_1284563457934211us.jpg 0.625674 0.592029 -0.342755 0.374904 238.309952 -32.157623 22.643349
slice6/query/img_02391_c0_1284563458000804us.jpg 0.627504 0.595612 -0.337647 0.370783 238.779716 -32.294892 22.667472
slice6/query/img_02393_c0_1284563458200791us.jpg 0.632157 0.603360 -0.324429 0.362049 240.248206 -32.670384 22.737670
slice6/query/img_02394_c0_1284563458267382us.jpg 0.633177 0.605616 -0.320713 0.359804 240.745621 -32.786667 22.762048
slice6/query/img_02396_c0_1284563458400733us.jpg 0.634661 0.608820 -0.316603 0.355395 241.764866 -33.007101 22.818917
slice6/query/img_02397_c0_1284563458534109us.jpg 0.634589 0.611509 -0.315012 0.352308 242.820387 -33.214801 22.882626
slice6/query/img_02398_c0_1284563458600698us.jpg 0.634344 0.612593 -0.314726 0.351120 243.354605 -33.315607 22.913591
slice6/query/img_02400_c0_1284563458734050us.jpg 0.633973 0.613389 -0.315123 0.350044 244.434500 -33.515727 22.973572
slice6/query/img_02401_c0_1284563458867298us.jpg 0.633086 0.614208 -0.315323 0.350030 245.522406 -33.722678 23.028680
slice6/query/img_02402_c0_1284563458934014us.jpg 0.633084 0.613851 -0.315625 0.350391 246.073776 -33.825623 23.055894
slice6/query/img_02404_c0_1284563459133981us.jpg 0.632492 0.612938 -0.315529 0.353133 247.748503 -34.138561 23.136829
slice6/query/img_02405_c0_1284563459200592us.jpg 0.632360 0.612652 -0.315732 0.353682 248.314527 -34.248432 23.165654
slice6/query/img_02406_c0_1284563459267205us.jpg 0.632111 0.612477 -0.316171 0.354040 248.882440 -34.361381 23.196061
slice6/query/img_02408_c0_1284563459467194us.jpg 0.630578 0.612433 -0.318407 0.354842 250.611143 -34.704376 23.295707
slice6/query/img_02409_c0_1284563459533908us.jpg 0.630067 0.612383 -0.318725 0.355554 251.195795 -34.819917 23.327538
slice6/query/img_02410_c0_1284563459600522us.jpg 0.629494 0.612584 -0.318745 0.356202 251.784987 -34.937908 23.358339
slice6/query/img_02411_c0_1284563459667135us.jpg 0.629176 0.612412 -0.319043 0.356793 252.372275 -35.059721 23.390793
slice6/query/img_02412_c0_1284563459800511us.jpg 0.628984 0.611429 -0.320700 0.357331 253.553593 -35.308267 23.456618
slice6/query/img_02413_c0_1284563459867100us.jpg 0.628790 0.611382 -0.321093 0.357399 254.157604 -35.433912 23.488030
slice6/query/img_02414_c0_1284563459933838us.jpg 0.628827 0.611093 -0.321369 0.357580 254.760428 -35.563168 23.520248
slice6/query/img_02415_c0_1284563460067067us.jpg 0.629532 0.609597 -0.322514 0.357863 255.973193 -35.826825 23.589099
slice6/query/img_02416_c0_1284563460133826us.jpg 0.629737 0.609138 -0.322902 0.357935 256.581310 -35.959910 23.622404
slice6/query/img_02417_c0_1284563460200416us.jpg 0.629740 0.608829 -0.323362 0.358039 257.191916 -36.092982 23.656765
slice6/query/img_02418_c0_1284563460267030us.jpg 0.629646 0.608915 -0.323246 0.358163 257.811517 -36.225343 23.687496
slice6/query/img_02419_c0_1284563460400403us.jpg 0.629235 0.609154 -0.323498 0.358251 259.055223 -36.496768 23.752406
slice6/query/img_02421_c0_1284563460533733us.jpg 0.628678 0.609098 -0.324078 0.358798 260.317246 -36.770573 23.816594
slice6/query/img_02422_c0_1284563460600348us.jpg 0.628008 0.609560 -0.323873 0.359373 260.949443 -36.907187 23.847345
slice6/query/img_02423_c0_1284563460733722us.jpg 0.627219 0.609932 -0.323675 0.360298 262.227673 -37.186148 23.910124
slice6/query/img_02424_c0_1284563460800311us.jpg 0.626827 0.610272 -0.323638 0.360435 262.869838 -37.328453 23.943725
slice6/query/img_02425_c0_1284563460866924us.jpg 0.626573 0.610383 -0.323799 0.360546 263.516017 -37.472342 23.977902
slice6/query/img_02426_c0_1284563460933663us.jpg 0.626451 0.610341 -0.324082 0.360574 264.160707 -37.622786 24.014209
slice6/query/img_02427_c0_1284563461066893us.jpg 0.625980 0.610367 -0.323917 0.361495 265.458004 -37.930926 24.086491
slice6/query/img_02428_c0_1284563461133627us.jpg 0.625934 0.609983 -0.324057 0.362099 266.115883 -38.082075 24.122892
slice6/query/img_02429_c0_1284563461200241us.jpg 0.625684 0.609882 -0.324154 0.362612 266.773570 -38.236160 24.160309
slice6/query/img_02430_c0_1284563461266854us.jpg 0.625415 0.610118 -0.324168 0.362666 267.439351 -38.392432 24.197092
slice6/query/img_02431_c0_1284563461400208us.jpg 0.625673 0.609604 -0.324318 0.362952 268.770198 -38.709083 24.275076
slice6/query/img_02432_c0_1284563461466818us.jpg 0.626000 0.609013 -0.324146 0.363534 269.436808 -38.864938 24.311648
slice6/query/img_02433_c0_1284563461533557us.jpg 0.626526 0.608150 -0.324094 0.364117 270.110601 -39.022008 24.350796
slice6/query/img_02434_c0_1284563461666802us.jpg 0.626867 0.607178 -0.324688 0.364625 271.462560 -39.335457 24.428761
slice6/query/img_02435_c0_1284563461733520us.jpg 0.626509 0.607383 -0.325142 0.364494 272.134098 -39.485771 24.465848
slice6/query/img_02436_c0_1284563461800135us.jpg 0.626244 0.607708 -0.325643 0.363959 272.821470 -39.650768 24.503362
slice6/query/img_02437_c0_1284563461933510us.jpg 0.625801 0.607910 -0.326960 0.363200 274.193964 -39.974016 24.584822
slice6/query/img_02438_c0_1284563462000099us.jpg 0.625881 0.607154 -0.328333 0.363090 274.885646 -40.133806 24.624785
slice6/query/img_02439_c0_1284563462066712us.jpg 0.626080 0.606459 -0.329293 0.363038 275.583800 -40.298977 24.662653
slice6/query/img_02440_c0_1284563462200067us.jpg 0.626824 0.605191 -0.329919 0.363303 276.981995 -40.634043 24.734257
slice6/query/img_02441_c0_1284563462266677us.jpg 0.627789 0.604146 -0.329743 0.363536 277.678462 -40.805102 24.766928
slice6/query/img_02442_c0_1284563462400052us.jpg 0.629900 0.601924 -0.329198 0.364063 279.088505 -41.146548 24.838832
slice6/query/img_02443_c0_1284563462466643us.jpg 0.630500 0.601170 -0.329415 0.364075 279.799887 -41.316624 24.876537
slice6/query/img_02444_c0_1284563462533381us.jpg 0.630394 0.601159 -0.329466 0.364230 280.511209 -41.484222 24.916519
slice6/query/img_02445_c0_1284563462599995us.jpg 0.629961 0.601294 -0.329492 0.364732 281.226806 -41.651170 24.955405
slice6/query/img_02446_c0_1284563462733351us.jpg 0.628004 0.602929 -0.329057 0.365800 282.669754 -41.981674 25.029904
slice6/query/img_02447_c0_1284563462799959us.jpg 0.627078 0.603940 -0.328888 0.365872 283.387762 -42.148912 25.067397
slice6/query/img_02448_c0_1284563462866573us.jpg 0.626561 0.604633 -0.328978 0.365532 284.110767 -42.326924 25.105993
slice6/query/img_02449_c0_1284563462999948us.jpg 0.626630 0.604699 -0.329552 0.364786 285.561840 -42.677166 25.185168
slice6/query/img_02450_c0_1284563463066558us.jpg 0.626849 0.604565 -0.329760 0.364444 286.287133 -42.855838 25.224940
slice6/query/img_02451_c0_1284563463133288us.jpg 0.626858 0.604792 -0.329478 0.364308 287.015546 -43.032677 25.261873
slice6/query/img_02452_c0_1284563463199895us.jpg 0.626958 0.604829 -0.329191 0.364334 287.748597 -43.206017 25.299326
slice6/query/img_02453_c0_1284563463333242us.jpg 0.627491 0.604570 -0.328823 0.364179 289.226148 -43.560343 25.370642
slice6/query/img_02454_c0_1284563463399854us.jpg 0.627702 0.604625 -0.329045 0.363522 289.965631 -43.736992 25.410914
slice6/query/img_02455_c0_1284563463466466us.jpg 0.627984 0.604686 -0.329327 0.362678 290.707616 -43.912569 25.450876
slice6/query/img_02456_c0_1284563463599843us.jpg 0.629453 0.603950 -0.328983 0.361668 292.192078 -44.271596 25.533469
slice6/query/img_02457_c0_1284563463666454us.jpg 0.630360 0.603412 -0.328686 0.361254 292.940263 -44.451609 25.570517
slice6/query/img_02458_c0_1284563463733171us.jpg 0.630665 0.603666 -0.328283 0.360665 293.690312 -44.628746 25.609481
slice6/query/img_02459_c0_1284563463799784us.jpg 0.630738 0.604033 -0.328122 0.360069 294.442300 -44.802741 25.649694
slice6/query/img_02460_c0_1284563463933139us.jpg 0.630469 0.605055 -0.327465 0.359423 295.964543 -45.139857 25.725959
slice6/query/img_02461_c0_1284563463999749us.jpg 0.630407 0.605355 -0.327031 0.359420 296.725518 -45.307953 25.762877
slice6/query/img_02462_c0_1284563464066369us.jpg 0.630216 0.605900 -0.326322 0.359482 297.489445 -45.476204 25.797713
slice6/query/img_02463_c0_1284563464133101us.jpg 0.630002 0.606593 -0.325476 0.359455 298.253267 -45.642703 25.834348
slice6/query/img_02464_c0_1284563464266351us.jpg 0.630736 0.606840 -0.324802 0.358359 299.799201 -45.991993 25.916014
slice6/query/img_02465_c0_1284563464333071us.jpg 0.631533 0.606547 -0.324899 0.357363 300.577354 -46.166524 25.958044
slice6/query/img_02466_c0_1284563464399679us.jpg 0.632570 0.605779 -0.324795 0.356924 301.351451 -46.341036 25.996794
slice6/query/img_02467_c0_1284563464466291us.jpg 0.633198 0.605555 -0.324237 0.356698 302.128865 -46.510998 26.037497
slice6/query/img_02468_c0_1284563464599648us.jpg 0.633426 0.606158 -0.323797 0.355667 303.704694 -46.854950 26.118935
slice6/query/img_02469_c0_1284563464666258us.jpg 0.632993 0.606590 -0.323999 0.355518 304.495539 -47.022222 26.159045
slice6/query/img_02470_c0_1284563464732995us.jpg 0.632356 0.607000 -0.324080 0.355878 305.291673 -47.189105 26.196389
slice6/query/img_02471_c0_1284563464799615us.jpg 0.631530 0.607539 -0.323582 0.356876 306.086579 -47.353836 26.232636
slice6/query/img_02472_c0_1284563464866222us.jpg 0.630483 0.608363 -0.322526 0.358278 306.878504 -47.518886 26.267342
slice6/query/img_02473_c0_1284563464999574us.jpg 0.628842 0.609526 -0.321967 0.359685 308.480470 -47.857955 26.344290
slice6/query/img_02474_c0_1284563465066187us.jpg 0.628287 0.609760 -0.322857 0.359460 309.285148 -48.030244 26.390606
slice6/query/img_02475_c0_1284563465132924us.jpg 0.628065 0.609503 -0.324089 0.359175 310.088768 -48.203858 26.439721
slice6/query/img_02476_c0_1284563465266177us.jpg 0.628019 0.608931 -0.325070 0.359339 311.711353 -48.562024 26.525426
slice6/query/img_02477_c0_1284563465332890us.jpg 0.628210 0.608384 -0.324921 0.360065 312.519808 -48.741966 26.567501
slice6/query/img_02478_c0_1284563465466140us.jpg 0.628292 0.607706 -0.324455 0.361485 314.143454 -49.111239 26.647987
slice6/query/img_02479_c0_1284563465532855us.jpg 0.628027 0.607586 -0.325198 0.361480 314.964095 -49.292957 26.694821
slice6/query/img_02480_c0_1284563465599467us.jpg 0.627744 0.607531 -0.326713 0.360696 315.785099 -49.480880 26.744570
slice6/query/img_02481_c0_1284563465732821us.jpg 0.627530 0.607035 -0.328909 0.359908 317.432758 -49.859073 26.838758
slice6/query/img_02482_c0_1284563465799433us.jpg 0.627645 0.606595 -0.329070 0.360301 318.255398 -50.048118 26.877920
slice6/query/img_02483_c0_1284563465866047us.jpg 0.627698 0.606142 -0.329299 0.360762 319.079280 -50.239368 26.916500
slice6/query/img_02484_c0_1284563465999402us.jpg 0.627861 0.605224 -0.329512 0.361824 320.736194 -50.627070 26.995354
slice6/query/img_02485_c0_1284563466066010us.jpg 0.628155 0.604507 -0.329490 0.362531 321.562568 -50.821161 27.036650
slice6/query/img_02486_c0_1284563466132749us.jpg 0.628371 0.603936 -0.329345 0.363240 322.389273 -51.015656 27.077564
slice6/query/img_02487_c0_1284563466265978us.jpg 0.628388 0.603499 -0.329339 0.363942 324.052536 -51.418520 27.164613
slice6/query/img_02488_c0_1284563466332714us.jpg 0.628391 0.603270 -0.330036 0.363685 324.884710 -51.616932 27.211863
slice6/query/img_02489_c0_1284563466399329us.jpg 0.628642 0.602956 -0.331060 0.362838 325.721906 -51.820250 27.260885
slice6/query/img_02490_c0_1284563466465940us.jpg 0.628943 0.602739 -0.331346 0.362418 326.558608 -52.021997 27.307926
slice6/query/img_02491_c0_1284563466599294us.jpg 0.629521 0.602384 -0.330129 0.363114 328.242056 -52.424286 27.391912
slice6/query/img_02492_c0_1284563466665906us.jpg 0.629850 0.602196 -0.329533 0.363397 329.087345 -52.629431 27.433444
slice6/query/img_02493_c0_1284563466732643us.jpg 0.630051 0.602087 -0.329303 0.363436 329.931794 -52.831727 27.478073
slice6/query/img_02494_c0_1284563466865892us.jpg 0.629405 0.603321 -0.328503 0.363233 331.632465 -53.231706 27.566927
slice6/query/img_02495_c0_1284563466932609us.jpg 0.628890 0.604223 -0.327916 0.363158 332.485817 -53.432215 27.610476
slice6/query/img_02496_c0_1284563466999222us.jpg 0.628286 0.605012 -0.327431 0.363328 333.335906 -53.629773 27.658636
slice6/query/img_02497_c0_1284563467133833us.jpg 0.627651 0.606317 -0.326782 0.362832 335.049513 -54.025518 27.753532
slice6/query/img_02498_c0_1284563467199186us.jpg 0.627474 0.607104 -0.326668 0.361924 335.907623 -54.225603 27.800395
slice6/query/img_02499_c0_1284563467265800us.jpg 0.627622 0.607606 -0.326829 0.360678 336.768944 -54.425063 27.848921
slice6/query/img_02500_c0_1284563467332538us.jpg 0.628120 0.607664 -0.326758 0.359777 337.626361 -54.628664 27.896033
slice6/query/img_02501_c0_1284563467465788us.jpg 0.629668 0.607177 -0.326108 0.358479 339.361020 -55.026720 27.984698
slice6/query/img_02502_c0_1284563467532502us.jpg 0.630432 0.606868 -0.325719 0.358013 340.227764 -55.223918 28.028728
slice6/query/img_02503_c0_1284563467599116us.jpg 0.631028 0.606745 -0.325377 0.357482 341.090604 -55.422670 28.074442
slice6/query/img_02504_c0_1284563467732487us.jpg 0.632053 0.606910 -0.324893 0.355828 342.843115 -55.817097 28.164354
slice6/query/img_02505_c0_1284563467799101us.jpg 0.632346 0.607324 -0.324485 0.354973 343.720804 -56.008264 28.209844
slice6/query/img_02506_c0_1284563467865693us.jpg 0.632670 0.607583 -0.323969 0.354422 344.598181 -56.200294 28.253904
slice6/query/img_02507_c0_1284563467932433us.jpg 0.632897 0.607747 -0.323412 0.354245 345.478347 -56.389506 28.298773
slice6/query/img_02508_c0_1284563468065660us.jpg 0.632825 0.608527 -0.322253 0.354092 347.242214 -56.763273 28.382940
slice6/query/img_02509_c0_1284563468132394us.jpg 0.632385 0.609271 -0.321809 0.354000 348.130038 -56.950749 28.427672
slice6/query/img_02510_c0_1284563468199010us.jpg 0.631990 0.609853 -0.321538 0.353952 349.015339 -57.134955 28.469691
slice6/query/img_02511_c0_1284563468332395us.jpg 0.631665 0.610224 -0.322212 0.353278 350.795911 -57.503106 28.563355
slice6/query/img_02512_c0_1284563468398996us.jpg 0.631979 0.609854 -0.323025 0.352613 351.689696 -57.691530 28.610747
slice6/query/img_02513_c0_1284563468465586us.jpg 0.632770 0.609090 -0.323565 0.352020 352.581149 -57.883180 28.654570
slice6/query/img_02514_c0_1284563468532327us.jpg 0.633776 0.608060 -0.323604 0.351953 353.467747 -58.070162 28.697299
slice6/query/img_02515_c0_1284563468665576us.jpg 0.635686 0.606127 -0.321810 0.353484 355.245235 -58.445122 28.779492
slice6/query/img_02516_c0_1284563468732291us.jpg 0.636184 0.605399 -0.321085 0.354494 356.136703 -58.629463 28.822811
slice6/query/img_02517_c0_1284563468798904us.jpg 0.636144 0.605246 -0.320887 0.355006 357.033176 -58.816391 28.866882
slice6/query/img_02518_c0_1284563468865518us.jpg 0.635505 0.605715 -0.321009 0.355240 357.928687 -59.001410 28.916131
slice6/query/img_02519_c0_1284563468998892us.jpg 0.633418 0.607543 -0.321469 0.355430 359.722259 -59.369085 29.016074
