slice6/query/img_02650_c0_1285949902296954us.jpg 0.587556 0.545482 -0.409287 0.435559 233.007622 -30.339233 22.368164
slice6/query/img_02652_c0_1285949902430303us.jpg 0.596010 0.557160 -0.395149 0.422139 233.746702 -30.749894 22.403449
slice6/query/img_02653_c0_1285949902496917us.jpg 0.599487 0.562972 -0.388139 0.415963 234.131435 -30.940698 22.422477
slice6/query/img_02655_c0_1285949902696886us.jpg 0.610102 0.576138 -0.368836 0.399751 235.335687 -31.480548 22.470739
slice6/query/img_02657_c0_1285949902830233us.jpg 0.615211 0.583078 -0.358539 0.391134 236.198071 -31.805994 22.505858
slice6/query/img_02658_c0_1285949902896846us.jpg 0.617028 0.586383 -0.354054 0.387399 236.641326 -31.958316 22.525465
slice6/query/img_02659_c0_1285949903030220us.jpg 0.619961 0.591873 -0.346743 0.380925 237.545694 -32.251727 22.570909
slice6/query/img_02660_c0_1285949903096831us.jpg 0.621260 0.594060 -0.343710 0.378142 238.003339 -32.392306 22.595138
slice6/query/img_02662_c0_1285949903230162us.jpg 0.623968 0.597255 -0.337925 0.373842 238.940622 -32.665051 22.641900
slice6/query/img_02663_c0_1285949903296776us.jpg 0.625392 0.598380 -0.334936 0.372349 239.413674 -32.797724 22.664444
slice6/query/img_02664_c0_1285949903430156us.jpg 0.628149 0.599877 -0.329456 0.370181 240.399679 -33.053816 22.717627
slice6/query/img_02665_c0_1285949903496760us.jpg 0.629526 0.600409 -0.327224 0.368960 240.899672 -33.182483 22.746451
slice6/query/img_02666_c0_1285949903563478us.jpg 0.630450 0.601455 -0.325739 0.366986 241.407592 -33.309345 22.778315
slice6/query/img_02667_c0_1285949903630093us.jpg 0.631137 0.602639 -0.324557 0.364905 241.926937 -33.434636 22.808888
slice6/query/img_02668_c0_1285949903763466us.jpg 0.632725 0.604315 -0.322839 0.360883 242.979923 -33.680766 22.875425
slice6/query/img_02669_c0_1285949903830058us.jpg 0.633389 0.605259 -0.322043 0.358844 243.517847 -33.801552 22.906665
slice6/query/img_02670_c0_1285949903896669us.jpg 0.633889 0.606015 -0.320939 0.357672 244.062990 -33.917284 22.934893
slice6/query/img_02671_c0_1285949903963408us.jpg 0.634117 0.607060 -0.319895 0.356429 244.608447 -34.035274 22.963429
slice6/query/img_02672_c0_1285949904096657us.jpg 0.633884 0.609471 -0.317731 0.354660 245.725746 -34.267094 23.022070
slice6/query/img_02673_c0_1285949904163372us.jpg 0.634116 0.609922 -0.316984 0.354137 246.296063 -34.381400 23.049582
slice6/query/img_02674_c0_1285949904229987us.jpg 0.634519 0.610072 -0.316217 0.353842 246.870626 -34.495813 23.078079
slice6/query/img_02675_c0_1285949904296599us.jpg 0.634752 0.610623 -0.315169 0.353407 247.451343 -34.610580 23.109063
slice6/query/img_02676_c0_1285949904430412us.jpg 0.634892 0.612086 -0.312914 0.352630 248.626513 -34.842637 23.169959
slice6/query/img_02677_c0_1285949904496564us.jpg 0.635079 0.612397 -0.312454 0.352160 249.221459 -34.956784 23.202967
slice6/query/img_02679_c0_1285949904629916us.jpg 0.634586 0.613250 -0.312590 0.351444 250.429823 -35.181363 23.271531
slice6/query/img_02680_c0_1285949904763986us.jpg 0.632889 0.614697 -0.312368 0.352171 251.667717 -35.403469 23.335522
slice6/query/img_02681_c0_1285949904829905us.jpg 0.632091 0.615222 -0.312464 0.352602 252.295672 -35.515046 23.365348
slice6/query/img_02682_c0_1285949904896494us.jpg 0.631558 0.615402 -0.312893 0.352865 252.929971 -35.630643 23.397828
slice6/query/img_02683_c0_1285949904963232us.jpg 0.631299 0.615177 -0.313614 0.353080 253.566867 -35.749890 23.431586
slice6/query/img_02684_c0_1285949905096458us.jpg 0.631209 0.614334 -0.315314 0.353194 254.854785 -35.998250 23.500023
slice6/query/img_02685_c0_1285949905163196us.jpg 0.631529 0.613475 -0.316232 0.353295 255.503862 -36.123763 23.534956
slice6/query/img_02686_c0_1285949905229810us.jpg 0.631788 0.612629 -0.317175 0.353453 256.151977 -36.251122 23.569712
slice6/query/img_02687_c0_1285949905296423us.jpg 0.631822 0.612050 -0.317967 0.353686 256.799618 -36.381927 23.606751
slice6/query/img_02688_c0_1285949905430222us.jpg 0.631623 0.611028 -0.318922 0.354946 258.119048 -36.644184 23.675042
slice6/query/img_02689_c0_1285949905496410us.jpg 0.631102 0.611076 -0.319307 0.355443 258.787481 -36.775432 23.708529
slice6/query/img_02691_c0_1285949905629739us.jpg 0.629628 0.611371 -0.320342 0.356616 260.128869 -37.043821 23.776400
slice6/query/img_02692_c0_1285949905763112us.jpg 0.628322 0.611738 -0.321084 0.357621 261.471232 -37.318789 23.845493
slice6/query/img_02693_c0_1285949905829704us.jpg 0.627680 0.611984 -0.321337 0.358101 262.145504 -37.456959 23.878281
slice6/query/img_02694_c0_1285949905896316us.jpg 0.627029 0.612384 -0.321661 0.358267 262.823268 -37.598114 23.912110
slice6/query/img_02695_c0_1285949905963056us.jpg 0.626386 0.612854 -0.322389 0.357932 263.492606 -37.744038 23.945194
slice6/query/img_02696_c0_1285949906096283us.jpg 0.625681 0.613095 -0.323729 0.357544 264.824783 -38.033878 24.021616
slice6/query/img_02697_c0_1285949906229635us.jpg 0.625911 0.612507 -0.323479 0.358374 266.141838 -38.317327 24.089163
slice6/query/img_02698_c0_1285949906363003us.jpg 0.626251 0.612293 -0.323215 0.358384 267.458182 -38.610209 24.160593
slice6/query/img_02699_c0_1285949906496239us.jpg 0.626895 0.611988 -0.322996 0.357976 268.771288 -38.899116 24.237685
slice6/query/img_02700_c0_1285949906562968us.jpg 0.627393 0.611495 -0.322775 0.358145 269.419527 -39.040621 24.273286
slice6/query/img_02701_c0_1285949906629561us.jpg 0.627874 0.611005 -0.322873 0.358051 270.071135 -39.178809 24.309300
slice6/query/img_02702_c0_1285949906696175us.jpg 0.628085 0.610689 -0.323075 0.358037 270.712955 -39.315534 24.344937
slice6/query/img_02703_c0_1285949906829634us.jpg 0.627934 0.611123 -0.323450 0.357223 271.976467 -39.583195 24.419085
slice6/query/img_02705_c0_1285949906962885us.jpg 0.627838 0.612034 -0.324013 0.355317 273.242297 -39.850202 24.494851
slice6/query/img_02706_c0_1285949907029493us.jpg 0.628065 0.611960 -0.324638 0.354472 273.863833 -39.984396 24.531039
slice6/query/img_02707_c0_1285949907096106us.jpg 0.628135 0.611895 -0.325833 0.353361 274.478540 -40.117743 24.565354
slice6/query/img_02708_c0_1285949907229458us.jpg 0.628120 0.611603 -0.327701 0.352163 275.691072 -40.371658 24.633359
slice6/query/img_02709_c0_1285949907296070us.jpg 0.628334 0.611535 -0.328029 0.351595 276.282726 -40.500475 24.665936
slice6/query/img_02710_c0_1285949907362808us.jpg 0.629162 0.610940 -0.327815 0.351347 276.862424 -40.631251 24.693983
slice6/query/img_02712_c0_1285949907562799us.jpg 0.632555 0.608173 -0.326520 0.351261 278.561771 -41.006606 24.783618
slice6/query/img_02713_c0_1285949907629386us.jpg 0.633073 0.607905 -0.326472 0.350835 279.116537 -41.126976 24.815492
slice6/query/img_02714_c0_1285949907696000us.jpg 0.633173 0.607937 -0.326508 0.350566 279.663514 -41.241579 24.844112
slice6/query/img_02716_c0_1285949907829352us.jpg 0.632343 0.608805 -0.326294 0.350758 280.740752 -41.464463 24.902796
slice6/query/img_02717_c0_1285949907962704us.jpg 0.631341 0.609453 -0.325951 0.351754 281.787075 -41.674355 24.954305
slice6/query/img_02719_c0_1285949908095930us.jpg 0.630679 0.610471 -0.325272 0.351806 282.811927 -41.883064 25.005463
slice6/query/img_02720_c0_1285949908162668us.jpg 0.630733 0.610674 -0.325302 0.351328 283.310906 -41.986523 25.031728
slice6/query/img_02721_c0_1285949908295915us.jpg 0.631439 0.610033 -0.325873 0.350645 284.290868 -42.193106 25.087023
slice6/query/img_02722_c0_1285949908362654us.jpg 0.631587 0.609883 -0.326065 0.350459 284.770559 -42.292299 25.113582
slice6/query/img_02723_c0_1285949908429245us.jpg 0.631361 0.610160 -0.326145 0.350311 285.242096 -42.389540 25.137962
slice6/query/img_02725_c0_1285949908562597us.jpg 0.630285 0.611122 -0.326097 0.350617 286.166950 -42.574026 25.187656
slice6/query/img_02726_c0_1285949908695850us.jpg 0.629445 0.611819 -0.325644 0.351329 287.062454 -42.753483 25.231080
slice6/query/img_02727_c0_1285949908762561us.jpg 0.629334 0.611800 -0.325661 0.351546 287.498573 -42.843330 25.253740
slice6/query/img_02729_c0_1285949908895788us.jpg 0.629991 0.610660 -0.326263 0.351793 288.355083 -43.021405 25.299966
slice6/query/img_02730_c0_1285949909029164us.jpg 0.630522 0.609833 -0.326872 0.351709 289.181161 -43.198912 25.344505
slice6/query/img_02731_c0_1285949909095753us.jpg 0.630401 0.609937 -0.327339 0.351312 289.583409 -43.285183 25.369926
slice6/query/img_02733_c0_1285949909229104us.jpg 0.630260 0.609628 -0.328488 0.351030 290.369571 -43.449202 25.413060
slice6/query/img_02734_c0_1285949909362481us.jpg 0.630340 0.608940 -0.328235 0.352315 291.130084 -43.613205 25.453723
slice6/query/img_02735_c0_1285949909429090us.jpg 0.630363 0.608736 -0.327776 0.353051 291.501286 -43.693549 25.470878
slice6/query/img_02737_c0_1285949909562421us.jpg 0.630332 0.608115 -0.326901 0.354984 292.233781 -43.856024 25.504987
slice6/query/img_02739_c0_1285949909762387us.jpg 0.629703 0.607766 -0.326463 0.357094 293.326635 -44.093070 25.555223
slice6/query/img_02740_c0_1285949909829019us.jpg 0.629523 0.607794 -0.326914 0.356951 293.687477 -44.173989 25.575152
slice6/query/img_02742_c0_1285949909962350us.jpg 0.629452 0.607316 -0.328499 0.356435 294.408962 -44.335468 25.619603
slice6/query/img_02743_c0_1285949910095577us.jpg 0.629104 0.606669 -0.329284 0.357425 295.123119 -44.487100 25.656235
slice6/query/img_02745_c0_1285949910228927us.jpg 0.628968 0.606361 -0.329020 0.358430 295.825113 -44.645297 25.688496
slice6/query/img_02747_c0_1285949910428896us.jpg 0.629608 0.604955 -0.328997 0.359701 296.881313 -44.886136 25.742015
slice6/query/img_02748_c0_1285949910495506us.jpg 0.629528 0.604750 -0.328934 0.360241 297.235826 -44.967334 25.759658
slice6/query/img_02749_c0_1285949910562244us.jpg 0.629372 0.604813 -0.328539 0.360769 297.594243 -45.047162 25.776099
slice6/query/img_02750_c0_1285949910695494us.jpg 0.629206 0.604927 -0.328058 0.361305 298.319170 -45.215495 25.815480
slice6/query/img_02752_c0_1285949910828821us.jpg 0.629676 0.603983 -0.328477 0.361684 299.063427 -45.390092 25.855979
slice6/query/img_02754_c0_1285949911028811us.jpg 0.629409 0.604134 -0.328658 0.361732 300.216062 -45.657557 25.914408
slice6/query/img_02755_c0_1285949911095401us.jpg 0.629342 0.604243 -0.328774 0.361562 300.605567 -45.749502 25.936672
slice6/query/img_02756_c0_1285949911162139us.jpg 0.629599 0.603794 -0.328940 0.361711 300.993846 -45.842675 25.956917
slice6/query/img_02758_c0_1285949911295365us.jpg 0.629806 0.603667 -0.328069 0.362357 301.802030 -46.035593 25.998735
slice6/query/img_02759_c0_1285949911428717us.jpg 0.629216 0.604466 -0.327265 0.362775 302.622212 -46.225500 26.034737
slice6/query/img_02760_c0_1285949911495328us.jpg 0.629338 0.604339 -0.327370 0.362680 303.043070 -46.323593 26.058063
slice6/query/img_02762_c0_1285949911628680us.jpg 0.629885 0.603443 -0.328100 0.362562 303.916686 -46.526977 26.110105
slice6/query/img_02763_c0_1285949911762056us.jpg 0.629401 0.603908 -0.327506 0.363166 304.811761 -46.737078 26.153828
slice6/query/img_02764_c0_1285949911828645us.jpg 0.629210 0.604178 -0.326817 0.363668 305.259415 -46.843874 26.171245
slice6/query/img_02765_c0_1285949911895257us.jpg 0.629407 0.603932 -0.326203 0.364286 305.722500 -46.947797 26.191636
slice6/query/img_02767_c0_1285949912095224us.jpg 0.629343 0.604052 -0.324907 0.365355 307.147149 -47.278797 26.263213
slice6/query/img_02769_c0_1285949912228576us.jpg 0.628963 0.604414 -0.325696 0.364707 308.129830 -47.507887 26.317587
slice6/query/img_02770_c0_1285949912295189us.jpg 0.628616 0.604715 -0.326362 0.364210 308.633286 -47.624487 26.348593
slice6/query/img_02771_c0_1285949912361927us.jpg 0.628144 0.605144 -0.326918 0.363814 309.138688 -47.740894 26.376401
slice6/query/img_02772_c0_1285949912495178us.jpg 0.627472 0.605848 -0.327260 0.363494 310.172236 -47.978737 26.429621
slice6/query/img_02773_c0_1285949912561914us.jpg 0.627430 0.605785 -0.327121 0.363796 310.695685 -48.100993 26.456842
slice6/query/img_02774_c0_1285949912628505us.jpg 0.627575 0.605588 -0.326796 0.364165 311.224077 -48.226147 26.483008
slice6/query/img_02775_c0_1285949912695124us.jpg 0.627875 0.605198 -0.326333 0.364712 311.754349 -48.353570 26.508082
slice6/query/img_02776_c0_1285949912828494us.jpg 0.628579 0.604374 -0.325854 0.365295 312.838736 -48.615154 26.563917
slice6/query/img_02777_c0_1285949912895082us.jpg 0.628653 0.604365 -0.325670 0.365346 313.392992 -48.745543 26.590929
slice6/query/img_02778_c0_1285949912961822us.jpg 0.628409 0.604740 -0.325887 0.364952 313.948750 -48.876602 26.622327
slice6/query/img_02779_c0_1285949913028436us.jpg 0.628307 0.604786 -0.326767 0.364263 314.508277 -49.011310 26.657565
slice6/query/img_02780_c0_1285949913161788us.jpg 0.628172 0.604538 -0.328968 0.362924 315.655165 -49.281808 26.724834
slice6/query/img_02781_c0_1285949913228400us.jpg 0.627938 0.604735 -0.329583 0.362443 316.233680 -49.419396 26.757013
slice6/query/img_02782_c0_1285949913295013us.jpg 0.627777 0.604803 -0.329628 0.362567 316.812282 -49.555315 26.787036
slice6/query/img_02783_c0_1285949913361751us.jpg 0.627892 0.604636 -0.329175 0.363057 317.396447 -49.693602 26.812958
slice6/query/img_02784_c0_1285949913428364us.jpg 0.628177 0.604295 -0.328652 0.363605 317.987350 -49.832487 26.837880
slice6/query/img_02785_c0_1285949913561740us.jpg 0.628806 0.603323 -0.328900 0.363907 319.190336 -50.119220 26.895679
slice6/query/img_02786_c0_1285949913628329us.jpg 0.628770 0.603128 -0.329316 0.363918 319.795887 -50.263259 26.928999
slice6/query/img_02788_c0_1285949913761680us.jpg 0.628520 0.603123 -0.329592 0.364108 321.032580 -50.553158 26.992755
slice6/query/img_02789_c0_1285949913894913us.jpg 0.628516 0.602794 -0.329011 0.365183 322.281088 -50.850272 27.057757
slice6/query/img_02790_c0_1285949913961645us.jpg 0.628580 0.602648 -0.328864 0.365448 322.914363 -50.998922 27.088472
slice6/query/img_02791_c0_1285949914028259us.jpg 0.628747 0.602422 -0.328829 0.365563 323.548893 -51.154190 27.121034
slice6/query/img_02792_c0_1285949914094879us.jpg 0.628885 0.602172 -0.329184 0.365419 324.187005 -51.307627 27.155727
slice6/query/img_02793_c0_1285949914228223us.jpg 0.628788 0.601938 -0.330799 0.364510 325.487126 -51.616048 27.229256
slice6/query/img_02794_c0_1285949914294835us.jpg 0.628844 0.601720 -0.331330 0.364291 326.143012 -51.772347 27.263685
slice6/query/img_02795_c0_1285949914361574us.jpg 0.628916 0.601601 -0.331188 0.364493 326.800927 -51.931086 27.295681
slice6/query/img_02796_c0_1285949914428188us.jpg 0.628996 0.601531 -0.330678 0.364933 327.459585 -52.089271 27.325234
slice6/query/img_02797_c0_1285949914561563us.jpg 0.629350 0.601115 -0.329638 0.365948 328.806072 -52.406500 27.391316
slice6/query/img_02798_c0_1285949914628154us.jpg 0.629445 0.601051 -0.329593 0.365930 329.482453 -52.567617 27.424322
slice6/query/img_02799_c0_1285949914694765us.jpg 0.629414 0.601049 -0.329812 0.365789 330.164768 -52.726126 27.457725
slice6/query/img_02800_c0_1285949914761503us.jpg 0.629272 0.601280 -0.329930 0.365547 330.849105 -52.886129 27.490768
slice6/query/img_02801_c0_1285949914894732us.jpg 0.628383 0.602402 -0.329603 0.365526 332.226037 -53.205928 27.567560
slice6/query/img_02802_c0_1285949914961488us.jpg 0.628003 0.602769 -0.329015 0.366103 332.912915 -53.371354 27.605693
slice6/query/img_02803_c0_1285949915028079us.jpg 0.627746 0.603235 -0.328416 0.366314 333.598144 -53.546550 27.644312
slice6/query/img_02804_c0_1285949915161455us.jpg 0.627365 0.604050 -0.328039 0.365960 335.011305 -53.881415 27.726499
slice6/query/img_02805_c0_1285949915228070us.jpg 0.627242 0.604568 -0.328296 0.365084 335.726844 -54.048636 27.765748
slice6/query/img_02806_c0_1285949915294659us.jpg 0.627264 0.604937 -0.328764 0.364013 336.442798 -54.222778 27.810219
slice6/query/img_02807_c0_1285949915361398us.jpg 0.627437 0.604951 -0.329035 0.363445 337.163087 -54.393730 27.850043
slice6/query/img_02808_c0_1285949915428011us.jpg 0.627665 0.605047 -0.328788 0.363115 337.884418 -54.564288 27.888554
slice6/query/img_02809_c0_1285949915561364us.jpg 0.628337 0.604871 -0.328378 0.362618 339.348349 -54.899763 27.963618
slice6/query/img_02810_c0_1285949915627976us.jpg 0.628863 0.604724 -0.327973 0.362318 340.087328 -55.073559 28.000826
slice6/query/img_02811_c0_1285949915694588us.jpg 0.629417 0.604465 -0.327958 0.361800 340.820285 -55.247032 28.040447
slice6/query/img_02812_c0_1285949915761327us.jpg 0.629807 0.604318 -0.328049 0.361285 341.552475 -55.425720 28.082490
slice6/query/img_02813_c0_1285949915894575us.jpg 0.630560 0.604476 -0.327984 0.359763 343.052634 -55.779820 28.160842
slice6/query/img_02814_c0_1285949915961290us.jpg 0.630964 0.604599 -0.327586 0.359209 343.819102 -55.954854 28.195559
slice6/query/img_02815_c0_1285949916027905us.jpg 0.631242 0.604782 -0.327101 0.358857 344.580843 -56.131813 28.229076
slice6/query/img_02816_c0_1285949916161279us.jpg 0.631804 0.604880 -0.326043 0.358664 346.116464 -56.473131 28.307850
slice6/query/img_02817_c0_1285949916227895us.jpg 0.631694 0.605427 -0.325409 0.358509 346.888725 -56.647308 28.345921
slice6/query/img_02818_c0_1285949916294481us.jpg 0.631550 0.606018 -0.325013 0.358124 347.665958 -56.821438 28.382963
slice6/query/img_02819_c0_1285949916361221us.jpg 0.631540 0.606479 -0.324598 0.357739 348.443135 -56.996760 28.421823
slice6/query/img_02820_c0_1285949916494447us.jpg 0.632184 0.606618 -0.324192 0.356732 350.016244 -57.338949 28.502798
slice6/query/img_02821_c0_1285949916561184us.jpg 0.632865 0.606388 -0.324300 0.355816 350.811343 -57.517852 28.544204
slice6/query/img_02822_c0_1285949916627798us.jpg 0.633558 0.606111 -0.324651 0.354733 351.605637 -57.694048 28.585728
slice6/query/img_02823_c0_1285949916694411us.jpg 0.634375 0.605538 -0.324803 0.354111 352.402149 -57.866606 28.627331
slice6/query/img_02824_c0_1285949916827788us.jpg 0.636330 0.604341 -0.323487 0.353853 354.011253 -58.213706 28.702442
slice6/query/img_02825_c0_1285949916894377us.jpg 0.637023 0.603852 -0.322116 0.354691 354.823464 -58.384871 28.736478
slice6/query/img_02826_c0_1285949916961115us.jpg 0.637423 0.603592 -0.320858 0.355555 355.635770 -58.555202 28.772577
slice6/query/img_02827_c0_1285949917027727us.jpg 0.637466 0.603614 -0.320317 0.355928 356.458957 -58.725489 28.813210
slice6/query/img_02828_c0_1285949917161105us.jpg 0.636195 0.605122 -0.320110 0.355827 358.115027 -59.065845 28.897760
slice6/query/img_02829_c0_1285949917227713us.jpg 0.635496 0.605981 -0.320005 0.355709 358.939492 -59.240458 28.943871
