slice6/query/img_01586_c0_1287503946214179us.jpg 0.583112 0.540799 -0.417228 0.439814 233.617719 -30.423920 22.415717
slice6/query/img_01587_c0_1287503946280893us.jpg 0.588640 0.546897 -0.409326 0.432272 233.977032 -30.643941 22.434549
slice6/query/img_01588_c0_1287503946347506us.jpg 0.593959 0.552514 -0.401506 0.425129 234.344896 -30.855748 22.451097
slice6/query/img_01590_c0_1287503946547491us.jpg 0.607392 0.568341 -0.378537 0.405923 235.503925 -31.431952 22.499460
slice6/query/img_01592_c0_1287503946680821us.jpg 0.615147 0.577338 -0.364809 0.393941 236.328644 -31.778868 22.535596
slice6/query/img_01593_c0_1287503946747433us.jpg 0.618460 0.581535 -0.358655 0.388189 236.750623 -31.942155 22.557723
slice6/query/img_01595_c0_1287503946947759us.jpg 0.626849 0.592647 -0.341658 0.372960 238.075493 -32.381009 22.624172
slice6/query/img_01596_c0_1287503947014035us.jpg 0.629217 0.595673 -0.336625 0.368705 238.537116 -32.514530 22.645306
slice6/query/img_01598_c0_1287503947147364us.jpg 0.632437 0.601267 -0.327592 0.362193 239.481823 -32.758999 22.690823
slice6/query/img_01599_c0_1287503947213978us.jpg 0.633477 0.603788 -0.323581 0.359781 239.959915 -32.872150 22.714269
slice6/query/img_01600_c0_1287503947347349us.jpg 0.635025 0.607498 -0.317724 0.356007 240.945383 -33.086621 22.765154
slice6/query/img_01601_c0_1287503947413960us.jpg 0.635235 0.609386 -0.316161 0.353789 241.451052 -33.188367 22.794196
slice6/query/img_01602_c0_1287503947480677us.jpg 0.635429 0.611002 -0.314759 0.351899 241.958709 -33.290854 22.824632
slice6/query/img_01604_c0_1287503947613904us.jpg 0.635849 0.612847 -0.313455 0.349085 242.995670 -33.485469 22.888139
slice6/query/img_01605_c0_1287503947747256us.jpg 0.636002 0.613326 -0.313437 0.347980 244.053306 -33.678185 22.946200
slice6/query/img_01606_c0_1287503947813888us.jpg 0.635421 0.613905 -0.313584 0.347886 244.587253 -33.774055 22.974257
slice6/query/img_01608_c0_1287503947947221us.jpg 0.634213 0.614552 -0.314038 0.348540 245.665141 -33.969433 23.027630
slice6/query/img_01609_c0_1287503948080591us.jpg 0.633506 0.613985 -0.314554 0.350356 246.757965 -34.167170 23.081063
slice6/query/img_01611_c0_1287503948213795us.jpg 0.632806 0.613329 -0.315073 0.352297 247.873869 -34.368706 23.136496
slice6/query/img_01612_c0_1287503948280534us.jpg 0.632511 0.613065 -0.315402 0.352990 248.436266 -34.476569 23.164696
slice6/query/img_01613_c0_1287503948413761us.jpg 0.631547 0.612624 -0.316934 0.354111 249.576404 -34.690620 23.224765
slice6/query/img_01614_c0_1287503948480518us.jpg 0.630973 0.612325 -0.318021 0.354674 250.145232 -34.803289 23.257391
slice6/query/img_01616_c0_1287503948613723us.jpg 0.629628 0.612127 -0.319344 0.356214 251.313609 -35.029469 23.318207
slice6/query/img_01617_c0_1287503948747099us.jpg 0.628386 0.611934 -0.320384 0.357801 252.489877 -35.268253 23.379961
slice6/query/img_01618_c0_1287503948813710us.jpg 0.628171 0.611426 -0.321283 0.358242 253.081936 -35.389947 23.411716
slice6/query/img_01619_c0_1287503948880427us.jpg 0.628052 0.610956 -0.322137 0.358485 253.677679 -35.517860 23.444969
slice6/query/img_01620_c0_1287503948947040us.jpg 0.627875 0.610525 -0.322919 0.358825 254.276146 -35.646719 23.479255
slice6/query/img_01621_c0_1287503949080411us.jpg 0.628038 0.609440 -0.325032 0.358476 255.484132 -35.912680 23.548263
slice6/query/img_01622_c0_1287503949147003us.jpg 0.628463 0.608714 -0.325638 0.358415 256.091851 -36.046794 23.580695
slice6/query/img_01623_c0_1287503949213617us.jpg 0.628952 0.607977 -0.325918 0.358553 256.699968 -36.184573 23.613429
slice6/query/img_01624_c0_1287503949280354us.jpg 0.629432 0.607481 -0.325625 0.358817 257.309242 -36.320548 23.645820
slice6/query/img_01625_c0_1287503949346969us.jpg 0.629714 0.607390 -0.324896 0.359138 257.920024 -36.458874 23.676695
slice6/query/img_01626_c0_1287503949480319us.jpg 0.630155 0.607083 -0.324365 0.359364 259.164545 -36.733805 23.742999
slice6/query/img_01627_c0_1287503949546953us.jpg 0.630199 0.606926 -0.324405 0.359515 259.796475 -36.869254 23.776097
slice6/query/img_01628_c0_1287503949613545us.jpg 0.629836 0.607239 -0.324338 0.359684 260.430839 -37.006368 23.809478
slice6/query/img_01629_c0_1287503949747173us.jpg 0.628626 0.608458 -0.323822 0.360205 261.722054 -37.283702 23.875111
slice6/query/img_01631_c0_1287503949880246us.jpg 0.627723 0.609501 -0.323259 0.360523 263.029072 -37.568733 23.939418
slice6/query/img_01632_c0_1287503949946861us.jpg 0.627517 0.609770 -0.323282 0.360404 263.686719 -37.713663 23.974947
slice6/query/img_01633_c0_1287503950013470us.jpg 0.627486 0.609791 -0.323231 0.360469 264.350744 -37.857146 24.009288
slice6/query/img_01634_c0_1287503950146846us.jpg 0.627568 0.609544 -0.322900 0.361040 265.698047 -38.151165 24.081861
slice6/query/img_01635_c0_1287503950213459us.jpg 0.627624 0.609312 -0.322917 0.361320 266.374184 -38.298886 24.118990
slice6/query/img_01636_c0_1287503950280175us.jpg 0.627547 0.609328 -0.322973 0.361376 267.054127 -38.448547 24.157648
slice6/query/img_01637_c0_1287503950413556us.jpg 0.627662 0.609353 -0.322897 0.361201 268.427454 -38.756734 24.238694
slice6/query/img_01638_c0_1287503950480137us.jpg 0.627902 0.609100 -0.322477 0.361586 269.119960 -38.909406 24.275208
slice6/query/img_01639_c0_1287503950546753us.jpg 0.628404 0.608404 -0.322327 0.362020 269.816369 -39.066284 24.312714
slice6/query/img_01640_c0_1287503950613364us.jpg 0.628964 0.607677 -0.322420 0.362185 270.513616 -39.226984 24.354689
slice6/query/img_01641_c0_1287503950746718us.jpg 0.629054 0.607501 -0.322680 0.362092 271.932349 -39.538990 24.440027
slice6/query/img_01642_c0_1287503950813329us.jpg 0.628890 0.607969 -0.322867 0.361425 272.646401 -39.697843 24.482204
slice6/query/img_01643_c0_1287503950880068us.jpg 0.628747 0.608277 -0.323211 0.360847 273.364470 -39.861002 24.526295
slice6/query/img_01644_c0_1287503950946681us.jpg 0.628673 0.608311 -0.323682 0.360496 274.084463 -40.025796 24.570609
slice6/query/img_01645_c0_1287503951080032us.jpg 0.628677 0.607578 -0.325880 0.359744 275.548578 -40.346150 24.652364
slice6/query/img_01646_c0_1287503951146665us.jpg 0.628579 0.607473 -0.326755 0.359300 276.280976 -40.506743 24.690451
slice6/query/img_01647_c0_1287503951213257us.jpg 0.628822 0.607202 -0.326866 0.359230 277.011460 -40.673328 24.728028
slice6/query/img_01648_c0_1287503951279994us.jpg 0.629501 0.606568 -0.326666 0.359296 277.738203 -40.843840 24.764632
slice6/query/img_01649_c0_1287503951413225us.jpg 0.631819 0.604342 -0.326157 0.359440 279.209128 -41.186834 24.838695
slice6/query/img_01650_c0_1287503951479958us.jpg 0.632503 0.603607 -0.326022 0.359593 279.946380 -41.356406 24.878338
slice6/query/img_01651_c0_1287503951613218us.jpg 0.632185 0.603408 -0.326127 0.360391 281.440664 -41.688424 24.958004
slice6/query/img_01652_c0_1287503951679922us.jpg 0.631349 0.603926 -0.326125 0.360990 282.186757 -41.853491 24.996711
slice6/query/img_01653_c0_1287503951746535us.jpg 0.630188 0.604986 -0.326039 0.361321 282.936568 -42.016839 25.034203
slice6/query/img_01654_c0_1287503951880413us.jpg 0.628463 0.606809 -0.326300 0.361035 284.446017 -42.353420 25.116918
slice6/query/img_01655_c0_1287503951946501us.jpg 0.628247 0.606947 -0.326601 0.360905 285.199239 -42.524687 25.158446
slice6/query/img_01656_c0_1287503952013113us.jpg 0.628365 0.606706 -0.327027 0.360720 285.953593 -42.697204 25.199756
slice6/query/img_01657_c0_1287503952079851us.jpg 0.628273 0.606719 -0.327185 0.360714 286.709767 -42.871461 25.239356
slice6/query/img_01658_c0_1287503952213101us.jpg 0.628292 0.606426 -0.327137 0.361218 288.228273 -43.219606 25.315184
slice6/query/img_01659_c0_1287503952279815us.jpg 0.628372 0.606102 -0.327249 0.361521 288.988684 -43.392640 25.352956
slice6/query/img_01660_c0_1287503952346430us.jpg 0.628355 0.605847 -0.327716 0.361555 289.751567 -43.566163 25.392132
slice6/query/img_01661_c0_1287503952413042us.jpg 0.628414 0.605762 -0.328440 0.360937 290.514010 -43.743154 25.434256
slice6/query/img_01662_c0_1287503952546394us.jpg 0.629224 0.604864 -0.328981 0.360540 292.047727 -44.104962 25.515320
slice6/query/img_01663_c0_1287503952613028us.jpg 0.629766 0.604185 -0.329082 0.360640 292.812903 -44.286251 25.556201
slice6/query/img_01664_c0_1287503952679744us.jpg 0.629921 0.603988 -0.329319 0.360480 293.583626 -44.467579 25.594142
slice6/query/img_01665_c0_1287503952746359us.jpg 0.629659 0.604219 -0.329654 0.360247 294.356730 -44.646272 25.635337
slice6/query/img_01666_c0_1287503952879709us.jpg 0.628535 0.604843 -0.330014 0.360831 295.918887 -44.992670 25.715572
slice6/query/img_01667_c0_1287503952946322us.jpg 0.628085 0.604984 -0.330158 0.361245 296.699195 -45.172740 25.754517
slice6/query/img_01668_c0_1287503953012934us.jpg 0.627584 0.605262 -0.330037 0.361762 297.476764 -45.349621 25.792114
slice6/query/img_01669_c0_1287503953079674us.jpg 0.627176 0.605589 -0.329815 0.362125 298.254078 -45.529712 25.830573
slice6/query/img_01670_c0_1287503953213511us.jpg 0.627350 0.605326 -0.330677 0.361477 299.817577 -45.895595 25.910132
slice6/query/img_01671_c0_1287503953279636us.jpg 0.627860 0.604659 -0.331302 0.361134 300.599143 -46.080062 25.953697
slice6/query/img_01672_c0_1287503953346250us.jpg 0.628587 0.603791 -0.331489 0.361151 301.386999 -46.269085 25.996418
slice6/query/img_01673_c0_1287503953412863us.jpg 0.628999 0.603352 -0.331010 0.361606 302.172772 -46.458503 26.039917
slice6/query/img_01674_c0_1287503953479602us.jpg 0.629287 0.603216 -0.330683 0.361632 302.962087 -46.644316 26.076422
slice6/query/img_01675_c0_1287503953612829us.jpg 0.629411 0.603227 -0.330934 0.361167 304.548459 -47.021543 26.156861
slice6/query/img_01676_c0_1287503953679564us.jpg 0.629321 0.603220 -0.331149 0.361140 305.339785 -47.205692 26.196521
slice6/query/img_01677_c0_1287503953746176us.jpg 0.629267 0.603250 -0.330661 0.361629 306.130415 -47.390471 26.235803
slice6/query/img_01678_c0_1287503953812791us.jpg 0.629085 0.603590 -0.329447 0.362486 306.919116 -47.573754 26.269780
slice6/query/img_01679_c0_1287503953946142us.jpg 0.628570 0.604637 -0.328258 0.362712 308.512865 -47.942587 26.349461
slice6/query/img_01680_c0_1287503954012774us.jpg 0.628373 0.605032 -0.328695 0.361999 309.313486 -48.129395 26.392973
slice6/query/img_01681_c0_1287503954079494us.jpg 0.628173 0.605356 -0.329334 0.361224 310.113392 -48.317714 26.438839
slice6/query/img_01682_c0_1287503954146106us.jpg 0.627914 0.605803 -0.329387 0.360876 310.913148 -48.505433 26.480446
slice6/query/img_01683_c0_1287503954279463us.jpg 0.628141 0.605847 -0.328453 0.361257 312.518781 -48.872792 26.559362
slice6/query/img_01684_c0_1287503954346091us.jpg 0.628316 0.605931 -0.327473 0.361700 313.320992 -49.057810 26.599120
slice6/query/img_01685_c0_1287503954412684us.jpg 0.628547 0.605880 -0.326959 0.361851 314.125065 -49.241622 26.641187
slice6/query/img_01686_c0_1287503954479420us.jpg 0.628908 0.605760 -0.327253 0.361158 314.931309 -49.430275 26.688230
slice6/query/img_01687_c0_1287503954612649us.jpg 0.629728 0.605393 -0.329280 0.358493 316.559689 -49.803213 26.785414
slice6/query/img_01688_c0_1287503954679385us.jpg 0.630249 0.605182 -0.329425 0.357799 317.370396 -49.992819 26.828982
slice6/query/img_01689_c0_1287503954745997us.jpg 0.630758 0.604882 -0.329190 0.357626 318.183339 -50.177197 26.868856
slice6/query/img_01690_c0_1287503954812612us.jpg 0.631099 0.604797 -0.328858 0.357475 318.992834 -50.361475 26.907742
slice6/query/img_01691_c0_1287503954945964us.jpg 0.631366 0.605001 -0.327870 0.357563 320.636896 -50.723396 26.983368
slice6/query/img_01692_c0_1287503955012575us.jpg 0.631779 0.604787 -0.327351 0.357673 321.456806 -50.912016 27.023573
slice6/query/img_01693_c0_1287503955079312us.jpg 0.632085 0.604503 -0.326825 0.358092 322.276880 -51.091622 27.063087
slice6/query/img_01694_c0_1287503955145925us.jpg 0.632203 0.604534 -0.326453 0.358170 323.093462 -51.278197 27.107070
slice6/query/img_01695_c0_1287503955279279us.jpg 0.632294 0.604940 -0.326202 0.357552 324.754843 -51.643803 27.194235
slice6/query/img_01696_c0_1287503955345909us.jpg 0.632441 0.605104 -0.326645 0.356611 325.590256 -51.827114 27.241778
slice6/query/img_01697_c0_1287503955412504us.jpg 0.632664 0.605152 -0.326624 0.356150 326.421346 -52.009965 27.286885
slice6/query/img_01698_c0_1287503955479241us.jpg 0.633017 0.604994 -0.326303 0.356087 327.251719 -52.192386 27.328353
slice6/query/img_01699_c0_1287503955612476us.jpg 0.633283 0.604970 -0.324886 0.356948 328.919332 -52.553042 27.407428
slice6/query/img_01700_c0_1287503955679232us.jpg 0.632917 0.605493 -0.324441 0.357116 329.749711 -52.735049 27.451996
slice6/query/img_01701_c0_1287503955745818us.jpg 0.632358 0.606385 -0.323953 0.357037 330.583714 -52.916872 27.493990
slice6/query/img_01702_c0_1287503955812430us.jpg 0.631831 0.607153 -0.323707 0.356888 331.420002 -53.094262 27.535273
slice6/query/img_01703_c0_1287503955945807us.jpg 0.630651 0.608635 -0.322920 0.357162 333.087618 -53.450996 27.626929
slice6/query/img_01704_c0_1287503956012416us.jpg 0.630435 0.608971 -0.322688 0.357181 333.927051 -53.626605 27.672014
slice6/query/img_01705_c0_1287503956079133us.jpg 0.630134 0.609486 -0.322443 0.357054 334.761664 -53.806923 27.717155
slice6/query/img_01706_c0_1287503956145746us.jpg 0.629645 0.610198 -0.322632 0.356529 335.598146 -53.986274 27.767323
slice6/query/img_01707_c0_1287503956279102us.jpg 0.629406 0.610581 -0.323764 0.355268 337.282506 -54.340130 27.862327
slice6/query/img_01708_c0_1287503956345734us.jpg 0.629636 0.610308 -0.324208 0.354925 338.121520 -54.520567 27.907345
slice6/query/img_01709_c0_1287503956412323us.jpg 0.629898 0.610068 -0.324377 0.354719 338.960669 -54.704318 27.951749
slice6/query/img_01710_c0_1287503956479061us.jpg 0.630056 0.609840 -0.324247 0.354947 339.797744 -54.881374 27.990889
slice6/query/img_01711_c0_1287503956612309us.jpg 0.630285 0.609524 -0.324293 0.355042 341.483568 -55.247847 28.075683
slice6/query/img_01712_c0_1287503956679044us.jpg 0.630163 0.609332 -0.324690 0.355225 342.323353 -55.430057 28.119731
slice6/query/img_01713_c0_1287503956745638us.jpg 0.629824 0.609243 -0.325494 0.355244 343.167524 -55.616353 28.162316
slice6/query/img_01714_c0_1287503956812251us.jpg 0.629179 0.609278 -0.326302 0.355585 344.010199 -55.797718 28.206361
slice6/query/img_01715_c0_1287503956945603us.jpg 0.627367 0.609330 -0.327338 0.357739 345.709395 -56.168790 28.287518
slice6/query/img_01716_c0_1287503957012218us.jpg 0.626407 0.609202 -0.327797 0.359216 346.553324 -56.353144 28.324726
slice6/query/img_01717_c0_1287503957145592us.jpg 0.624824 0.608750 -0.329424 0.361244 348.253946 -56.734793 28.410348
slice6/query/img_01718_c0_1287503957212209us.jpg 0.624492 0.608123 -0.330438 0.361949 349.102969 -56.935543 28.454716
slice6/query/img_01719_c0_1287503957278919us.jpg 0.624598 0.607196 -0.331637 0.362225 349.947608 -57.137281 28.497629
slice6/query/img_01720_c0_1287503957345534us.jpg 0.625201 0.605958 -0.332876 0.362121 350.790759 -57.343639 28.542038
slice6/query/img_01721_c0_1287503957478901us.jpg 0.627528 0.602914 -0.335144 0.361085 352.487192 -57.761463 28.631510
slice6/query/img_01722_c0_1287503957545496us.jpg 0.628946 0.601203 -0.335602 0.361045 353.334952 -57.967941 28.672975
slice6/query/img_01723_c0_1287503957612129us.jpg 0.630227 0.599879 -0.335052 0.361523 354.179571 -58.178067 28.715307
slice6/query/img_01724_c0_1287503957678847us.jpg 0.631283 0.598995 -0.333756 0.362344 355.023257 -58.389282 28.754212
slice6/query/img_01725_c0_1287503957812502us.jpg 0.631798 0.598349 -0.332300 0.363850 356.716958 -58.796772 28.839936
slice6/query/img_01726_c0_1287503957878830us.jpg 0.631365 0.598851 -0.332113 0.363946 357.570810 -58.997499 28.884901
slice6/query/img_01727_c0_1287503957945444us.jpg 0.630717 0.599669 -0.332155 0.363685 358.425923 -59.199133 28.932478
slice6/query/img_01728_c0_1287503958012037us.jpg 0.630200 0.600524 -0.331932 0.363372 359.277281 -59.402474 28.980728
