slice6/query/img_02895_c0_1288106483511877us.jpg 0.567892 0.526428 -0.433225 0.461182 234.049665 -30.067428 22.436173
slice6/query/img_02896_c0_1288106483578593us.jpg 0.573469 0.532713 -0.426004 0.453730 234.419813 -30.324317 22.450385
slice6/query/img_02897_c0_1288106483645204us.jpg 0.579213 0.538081 -0.418833 0.446722 234.799240 -30.571743 22.469853
slice6/query/img_02898_c0_1288106483778559us.jpg 0.590453 0.548226 -0.403681 0.433423 235.580208 -31.052825 22.502919
slice6/query/img_02899_c0_1288106483845170us.jpg 0.595619 0.553396 -0.395999 0.426820 235.989226 -31.277067 22.517499
slice6/query/img_02900_c0_1288106483978546us.jpg 0.605721 0.562377 -0.381317 0.414043 236.831689 -31.694094 22.566373
slice6/query/img_02901_c0_1288106484045133us.jpg 0.610247 0.566702 -0.374392 0.407772 237.274917 -31.890063 22.591194
slice6/query/img_02902_c0_1288106484111751us.jpg 0.614305 0.571417 -0.367568 0.401255 237.728366 -32.083773 22.615337
slice6/query/img_02904_c0_1288106484311735us.jpg 0.623784 0.583420 -0.349258 0.385400 239.160585 -32.595008 22.704199
slice6/query/img_02905_c0_1288106484378450us.jpg 0.626215 0.587333 -0.343461 0.380694 239.663978 -32.751789 22.732718
slice6/query/img_02906_c0_1288106484445064us.jpg 0.628211 0.591438 -0.337615 0.376256 240.169939 -32.910780 22.763039
slice6/query/img_02907_c0_1288106484578514us.jpg 0.632714 0.596505 -0.328460 0.368741 241.213958 -33.196512 22.822744
slice6/query/img_02908_c0_1288106484645051us.jpg 0.634245 0.599688 -0.324718 0.364233 241.750781 -33.335095 22.855093
slice6/query/img_02909_c0_1288106484711642us.jpg 0.635634 0.602399 -0.321543 0.360132 242.288798 -33.468772 22.881860
slice6/query/img_02910_c0_1288106484844992us.jpg 0.638267 0.606531 -0.316430 0.352998 243.406530 -33.717316 22.946007
slice6/query/img_02911_c0_1288106484978367us.jpg 0.639137 0.610286 -0.312431 0.348485 244.547016 -33.939609 23.005420
slice6/query/img_02912_c0_1288106485044980us.jpg 0.638901 0.612259 -0.310449 0.347225 245.123563 -34.046008 23.033805
slice6/query/img_02913_c0_1288106485111571us.jpg 0.638417 0.614006 -0.308887 0.346422 245.706815 -34.151137 23.061920
slice6/query/img_02914_c0_1288106485178309us.jpg 0.638061 0.615207 -0.307729 0.345978 246.300346 -34.254981 23.090805
slice6/query/img_02915_c0_1288106485311540us.jpg 0.637473 0.616118 -0.306451 0.346577 247.510307 -34.451033 23.146195
slice6/query/img_02916_c0_1288106485378273us.jpg 0.637069 0.616503 -0.305754 0.347248 248.121551 -34.552671 23.175238
slice6/query/img_02918_c0_1288106485511500us.jpg 0.635816 0.617275 -0.305840 0.348096 249.366796 -34.762211 23.240015
slice6/query/img_02919_c0_1288106485644874us.jpg 0.634117 0.616964 -0.308093 0.349758 250.636016 -34.967406 23.311628
slice6/query/img_02920_c0_1288106485711485us.jpg 0.633032 0.616984 -0.309113 0.350785 251.274890 -35.076757 23.348125
slice6/query/img_02921_c0_1288106485778202us.jpg 0.632147 0.616699 -0.309975 0.352120 251.917887 -35.190850 23.381635
slice6/query/img_02922_c0_1288106485844816us.jpg 0.631395 0.616348 -0.311011 0.353168 252.567925 -35.311038 23.416635
slice6/query/img_02923_c0_1288106485978168us.jpg 0.630532 0.615183 -0.313648 0.354408 253.889332 -35.557787 23.487218
slice6/query/img_02924_c0_1288106486044781us.jpg 0.630244 0.614348 -0.314735 0.355401 254.556030 -35.684342 23.524510
slice6/query/img_02925_c0_1288106486111392us.jpg 0.629871 0.613583 -0.316157 0.356122 255.227627 -35.817781 23.561132
slice6/query/img_02926_c0_1288106486178131us.jpg 0.629713 0.612582 -0.317583 0.356856 255.898136 -35.949606 23.597623
slice6/query/img_02927_c0_1288106486311381us.jpg 0.629706 0.610638 -0.319731 0.358278 257.258120 -36.240650 23.668684
slice6/query/img_02928_c0_1288106486378097us.jpg 0.629588 0.610218 -0.320124 0.358850 257.940632 -36.385089 23.701520
slice6/query/img_02929_c0_1288106486444709us.jpg 0.629501 0.609778 -0.320414 0.359492 258.636954 -36.538478 23.734640
slice6/query/img_02930_c0_1288106486511322us.jpg 0.629250 0.609378 -0.320992 0.360092 259.327190 -36.691576 23.767255
slice6/query/img_02931_c0_1288106486644675us.jpg 0.628572 0.608682 -0.322398 0.361198 260.730368 -36.997394 23.844741
slice6/query/img_02932_c0_1288106486711287us.jpg 0.628061 0.608581 -0.322668 0.362014 261.433831 -37.155421 23.879017
slice6/query/img_02933_c0_1288106486778024us.jpg 0.627417 0.608946 -0.322614 0.362565 262.152063 -37.313405 23.914648
slice6/query/img_02934_c0_1288106486844638us.jpg 0.626845 0.609259 -0.322716 0.362938 262.871977 -37.471339 23.947312
slice6/query/img_02935_c0_1288106486977991us.jpg 0.626407 0.609506 -0.322854 0.363157 264.330791 -37.794762 24.020549
slice6/query/img_02936_c0_1288106487044623us.jpg 0.626691 0.609107 -0.322748 0.363430 265.055719 -37.960751 24.060173
slice6/query/img_02937_c0_1288106487111216us.jpg 0.627216 0.608633 -0.322431 0.363599 265.780909 -38.127823 24.100438
slice6/query/img_02938_c0_1288106487177955us.jpg 0.627606 0.608517 -0.322046 0.363462 266.520938 -38.291281 24.141183
slice6/query/img_02939_c0_1288106487311205us.jpg 0.628629 0.608424 -0.321512 0.362320 268.012299 -38.626771 24.224866
slice6/query/img_02940_c0_1288106487377942us.jpg 0.629172 0.608441 -0.320898 0.361892 268.762986 -38.793281 24.266081
slice6/query/img_02941_c0_1288106487444533us.jpg 0.629857 0.608030 -0.320321 0.361903 269.514842 -38.964761 24.304051
slice6/query/img_02942_c0_1288106487577884us.jpg 0.630398 0.607677 -0.319600 0.362191 271.029743 -39.294630 24.385362
slice6/query/img_02943_c0_1288106487644496us.jpg 0.630381 0.607955 -0.319530 0.361816 271.800966 -39.464147 24.426158
slice6/query/img_02944_c0_1288106487711112us.jpg 0.630025 0.608768 -0.319430 0.361157 272.572381 -39.629719 24.470665
slice6/query/img_02945_c0_1288106487777848us.jpg 0.629581 0.609662 -0.319607 0.360265 273.342684 -39.803569 24.517726
slice6/query/img_02946_c0_1288106487911094us.jpg 0.629650 0.609350 -0.321288 0.359175 274.909418 -40.143296 24.608068
slice6/query/img_02947_c0_1288106487977812us.jpg 0.630072 0.608643 -0.322317 0.358712 275.700602 -40.315954 24.651794
slice6/query/img_02948_c0_1288106488044426us.jpg 0.630607 0.607735 -0.323258 0.358466 276.484486 -40.491197 24.691466
slice6/query/img_02949_c0_1288106488177782us.jpg 0.632414 0.606065 -0.322323 0.358952 278.072344 -40.846446 24.762704
slice6/query/img_02950_c0_1288106488244391us.jpg 0.633410 0.604939 -0.321869 0.359500 278.868552 -41.024328 24.799429
slice6/query/img_02951_c0_1288106488311004us.jpg 0.634091 0.604174 -0.321654 0.359779 279.666256 -41.203553 24.840288
slice6/query/img_02952_c0_1288106488444359us.jpg 0.634190 0.603234 -0.322055 0.360822 281.286708 -41.553764 24.928272
slice6/query/img_02953_c0_1288106488510968us.jpg 0.633394 0.603506 -0.322268 0.361573 282.104364 -41.723680 24.967440
slice6/query/img_02954_c0_1288106488577707us.jpg 0.632182 0.604349 -0.322616 0.361976 282.929818 -41.897840 25.009541
slice6/query/img_02955_c0_1288106488644321us.jpg 0.630709 0.605716 -0.322618 0.362259 283.752867 -42.072458 25.053399
slice6/query/img_02956_c0_1288106488777696us.jpg 0.629000 0.607141 -0.323394 0.362153 285.408265 -42.434244 25.145866
slice6/query/img_02957_c0_1288106488844284us.jpg 0.628793 0.607043 -0.323927 0.362201 286.232348 -42.616656 25.191390
slice6/query/img_02958_c0_1288106488977658us.jpg 0.628945 0.606281 -0.324487 0.362712 287.882929 -43.002886 25.278048
slice6/query/img_02959_c0_1288106489110867us.jpg 0.629090 0.605423 -0.325039 0.363400 289.549145 -43.387058 25.374988
slice6/query/img_02960_c0_1288106489177604us.jpg 0.629006 0.605245 -0.325565 0.363370 290.395390 -43.572416 25.419477
slice6/query/img_02961_c0_1288106489244214us.jpg 0.629096 0.605034 -0.326239 0.362959 291.237237 -43.772436 25.466947
slice6/query/img_02962_c0_1288106489377592us.jpg 0.629318 0.604132 -0.327054 0.363344 292.948961 -44.157361 25.558000
slice6/query/img_02963_c0_1288106489444182us.jpg 0.629240 0.603924 -0.327716 0.363228 293.806418 -44.354813 25.602497
slice6/query/img_02964_c0_1288106489510796us.jpg 0.628890 0.603928 -0.328176 0.363413 294.667450 -44.549473 25.645457
slice6/query/img_02965_c0_1288106489577533us.jpg 0.628395 0.604079 -0.328524 0.363704 295.528679 -44.740360 25.689885
slice6/query/img_02966_c0_1288106489710776us.jpg 0.627522 0.604147 -0.328501 0.365117 297.251637 -45.137327 25.778275
slice6/query/img_02967_c0_1288106489777502us.jpg 0.627340 0.604134 -0.328348 0.365588 298.112697 -45.341661 25.821033
slice6/query/img_02968_c0_1288106489844112us.jpg 0.627403 0.604070 -0.328070 0.365834 298.977130 -45.546379 25.865890
slice6/query/img_02969_c0_1288106489910726us.jpg 0.627838 0.603713 -0.328504 0.365288 299.847152 -45.751577 25.909425
slice6/query/img_02970_c0_1288106490044077us.jpg 0.629297 0.602267 -0.329445 0.364316 301.600442 -46.181803 26.007565
slice6/query/img_02971_c0_1288106490110691us.jpg 0.629751 0.602041 -0.329221 0.364107 302.482870 -46.400545 26.053290
slice6/query/img_02972_c0_1288106490177428us.jpg 0.629850 0.602374 -0.328827 0.363742 303.375648 -46.613607 26.099776
slice6/query/img_02973_c0_1288106490244041us.jpg 0.629956 0.602587 -0.328716 0.363304 304.266466 -46.826942 26.140561
slice6/query/img_02974_c0_1288106490377414us.jpg 0.629804 0.602866 -0.327723 0.364001 306.051422 -47.243349 26.216119
slice6/query/img_02975_c0_1288106490444006us.jpg 0.629574 0.603289 -0.326501 0.364796 306.943347 -47.452317 26.257505
slice6/query/img_02976_c0_1288106490510620us.jpg 0.629025 0.604342 -0.325286 0.365086 307.843311 -47.671328 26.304179
slice6/query/img_02977_c0_1288106490643973us.jpg 0.628300 0.605777 -0.325586 0.363686 309.648545 -48.097210 26.412290
slice6/query/img_02978_c0_1288106490710606us.jpg 0.628239 0.606159 -0.326255 0.362552 310.559738 -48.314024 26.461429
slice6/query/img_02979_c0_1288106490777323us.jpg 0.628406 0.606298 -0.326594 0.361725 311.469127 -48.525028 26.504617
slice6/query/img_02980_c0_1288106490843937us.jpg 0.628847 0.606314 -0.326113 0.361365 312.385399 -48.736748 26.550761
slice6/query/img_02981_c0_1288106490977310us.jpg 0.629845 0.606018 -0.324296 0.361760 314.206683 -49.160734 26.643693
slice6/query/img_02982_c0_1288106491043902us.jpg 0.630090 0.606016 -0.324148 0.361469 315.127751 -49.369040 26.695070
slice6/query/img_02983_c0_1288106491110515us.jpg 0.630382 0.605870 -0.324746 0.360665 316.050802 -49.577301 26.748888
slice6/query/img_02984_c0_1288106491177253us.jpg 0.630945 0.605712 -0.325180 0.359555 316.977159 -49.787956 26.800557
slice6/query/img_02985_c0_1288106491310503us.jpg 0.631738 0.605607 -0.325008 0.358494 318.836445 -50.203712 26.898954
slice6/query/img_02986_c0_1288106491377219us.jpg 0.631919 0.605740 -0.325002 0.357954 319.770648 -50.408213 26.945408
slice6/query/img_02987_c0_1288106491443833us.jpg 0.632179 0.605635 -0.324844 0.357816 320.706838 -50.607802 26.987484
slice6/query/img_02988_c0_1288106491510447us.jpg 0.632469 0.605403 -0.324479 0.358028 321.638785 -50.809864 27.031437
slice6/query/img_02989_c0_1288106491643819us.jpg 0.632834 0.605233 -0.322914 0.359083 323.517099 -51.216568 27.117031
slice6/query/img_02990_c0_1288106491710411us.jpg 0.632529 0.605537 -0.322616 0.359375 324.462338 -51.422056 27.165188
slice6/query/img_02991_c0_1288106491777149us.jpg 0.632149 0.605755 -0.323206 0.359147 325.405739 -51.624950 27.215900
slice6/query/img_02992_c0_1288106491843763us.jpg 0.631912 0.605805 -0.324187 0.358595 326.355176 -51.828781 27.271269
slice6/query/img_02993_c0_1288106491977137us.jpg 0.631615 0.605818 -0.324329 0.358967 328.251558 -52.244443 27.377371
slice6/query/img_02994_c0_1288106492043728us.jpg 0.631514 0.605839 -0.324001 0.359405 329.201236 -52.452161 27.427584
slice6/query/img_02995_c0_1288106492110341us.jpg 0.631357 0.605940 -0.323665 0.359815 330.152271 -52.664461 27.477483
slice6/query/img_02996_c0_1288106492177079us.jpg 0.631066 0.606057 -0.323753 0.360048 331.097583 -52.874506 27.524812
slice6/query/img_02997_c0_1288106492310329us.jpg 0.629899 0.606878 -0.323527 0.360912 333.007823 -53.296162 27.628698
slice6/query/img_02998_c0_1288106492377045us.jpg 0.629167 0.607383 -0.323346 0.361500 333.965192 -53.509264 27.677494
slice6/query/img_02999_c0_1288106492443662us.jpg 0.628304 0.608053 -0.323207 0.362000 334.915377 -53.723277 27.732495
slice6/query/img_03000_c0_1288106492577010us.jpg 0.627014 0.608971 -0.324609 0.361437 336.852868 -54.142422 27.837959
slice6/query/img_03001_c0_1288106492643623us.jpg 0.627056 0.608664 -0.325615 0.360977 337.817417 -54.360650 27.891194
slice6/query/img_03002_c0_1288106492710236us.jpg 0.627349 0.608224 -0.326275 0.360614 338.782496 -54.580684 27.944251
slice6/query/img_03003_c0_1288106492776977us.jpg 0.627923 0.607517 -0.326559 0.360548 339.742364 -54.803437 27.995606
slice6/query/img_03004_c0_1288106492910223us.jpg 0.628952 0.606218 -0.326813 0.360711 341.677647 -55.252788 28.093870
slice6/query/img_03005_c0_1288106492976940us.jpg 0.629238 0.605827 -0.327083 0.360624 342.645549 -55.478068 28.146170
slice6/query/img_03006_c0_1288106493043553us.jpg 0.629284 0.605707 -0.327514 0.360354 343.607862 -55.706060 28.193668
slice6/query/img_03007_c0_1288106493176927us.jpg 0.628775 0.606091 -0.327614 0.360508 345.563428 -56.146120 28.292364
slice6/query/img_03008_c0_1288106493243544us.jpg 0.628645 0.606063 -0.327514 0.360871 346.537202 -56.366345 28.333952
slice6/query/img_03009_c0_1288106493310133us.jpg 0.628345 0.606284 -0.327344 0.361175 347.504204 -56.587958 28.381692
slice6/query/img_03010_c0_1288106493376871us.jpg 0.628104 0.606298 -0.327446 0.361479 348.482651 -56.806130 28.428731
slice6/query/img_03011_c0_1288106493510100us.jpg 0.628463 0.606039 -0.327802 0.360966 350.432391 -57.266582 28.528706
slice6/query/img_03012_c0_1288106493576841us.jpg 0.629192 0.605508 -0.328264 0.360167 351.416139 -57.495311 28.579774
slice6/query/img_03013_c0_1288106493643451us.jpg 0.630409 0.604485 -0.328863 0.359209 352.398689 -57.729517 28.630253
slice6/query/img_03014_c0_1288106493710063us.jpg 0.631889 0.603168 -0.329088 0.358616 353.381061 -57.962490 28.680601
slice6/query/img_03015_c0_1288106493843418us.jpg 0.634766 0.601085 -0.326853 0.359076 355.343651 -58.424554 28.768480
slice6/query/img_03016_c0_1288106493910031us.jpg 0.635641 0.600503 -0.325427 0.359797 356.322424 -58.650932 28.815733
slice6/query/img_03017_c0_1288106493976768us.jpg 0.635900 0.600439 -0.324708 0.360095 357.300220 -58.871061 28.867370
