slice6/query/img_03410_c0_1288792621530147us.jpg 0.576789 0.531654 -0.422085 0.454426 233.631389 -30.273037 22.380568
slice6/query/img_03412_c0_1288792621730113us.jpg 0.591144 0.547165 -0.402022 0.435359 234.808713 -30.986041 22.434415
slice6/query/img_03414_c0_1288792621863461us.jpg 0.601074 0.555297 -0.388518 0.423567 235.633418 -31.436106 22.473805
slice6/query/img_03415_c0_1288792621996687us.jpg 0.610024 0.564256 -0.374682 0.411217 236.508431 -31.856222 22.511787
slice6/query/img_03416_c0_1288792622063428us.jpg 0.614593 0.567857 -0.368296 0.405180 236.958440 -32.054176 22.533198
slice6/query/img_03417_c0_1288792622130038us.jpg 0.618747 0.571559 -0.362258 0.399051 237.418306 -32.244130 22.555382
slice6/query/img_03418_c0_1288792622196650us.jpg 0.621906 0.575924 -0.356156 0.393316 237.889534 -32.424179 22.582347
slice6/query/img_03419_c0_1288792622330021us.jpg 0.627219 0.584006 -0.344386 0.383317 238.862694 -32.752268 22.632238
slice6/query/img_03420_c0_1288792622396620us.jpg 0.629576 0.587614 -0.339008 0.378704 239.368112 -32.910618 22.657265
slice6/query/img_03421_c0_1288792622463353us.jpg 0.631586 0.591168 -0.333521 0.374677 239.879319 -33.060185 22.677974
slice6/query/img_03422_c0_1288792622596597us.jpg 0.635556 0.596681 -0.323944 0.367561 240.928121 -33.335420 22.738859
slice6/query/img_03423_c0_1288792622663313us.jpg 0.637124 0.599133 -0.320667 0.363710 241.471066 -33.462553 22.767675
slice6/query/img_03424_c0_1288792622729928us.jpg 0.638070 0.601838 -0.317697 0.360176 242.018761 -33.586112 22.797875
slice6/query/img_03425_c0_1288792622863304us.jpg 0.639751 0.606136 -0.313292 0.353788 243.137751 -33.823798 22.866505
slice6/query/img_03426_c0_1288792622929913us.jpg 0.640279 0.607276 -0.312009 0.352008 243.710652 -33.932395 22.897104
slice6/query/img_03428_c0_1288792623063242us.jpg 0.639910 0.610328 -0.309201 0.349870 244.863312 -34.143727 22.960935
slice6/query/img_03429_c0_1288792623196491us.jpg 0.639542 0.612382 -0.307177 0.348735 246.042024 -34.350626 23.019635
slice6/query/img_03430_c0_1288792623263207us.jpg 0.639349 0.612912 -0.306636 0.348635 246.638878 -34.453402 23.052320
slice6/query/img_03431_c0_1288792623329818us.jpg 0.639175 0.613190 -0.306111 0.348928 247.240602 -34.556274 23.083405
slice6/query/img_03432_c0_1288792623463168us.jpg 0.638008 0.613858 -0.305708 0.350238 248.469613 -34.756322 23.149673
slice6/query/img_03433_c0_1288792623529780us.jpg 0.637266 0.614255 -0.305852 0.350767 249.086666 -34.861624 23.183855
slice6/query/img_03435_c0_1288792623663132us.jpg 0.636189 0.613931 -0.307658 0.351708 250.345485 -35.070342 23.255991
slice6/query/img_03436_c0_1288792623796387us.jpg 0.635249 0.613796 -0.308605 0.352811 251.628871 -35.295316 23.325154
slice6/query/img_03437_c0_1288792623863116us.jpg 0.635036 0.613332 -0.309100 0.353569 252.274755 -35.412634 23.360390
slice6/query/img_03438_c0_1288792623929709us.jpg 0.634865 0.612848 -0.309856 0.354052 252.922896 -35.532500 23.395966
slice6/query/img_03439_c0_1288792623996321us.jpg 0.634769 0.612400 -0.310741 0.354224 253.577534 -35.654772 23.433696
slice6/query/img_03440_c0_1288792624129697us.jpg 0.634540 0.611269 -0.312534 0.355011 254.914071 -35.898729 23.506885
slice6/query/img_03441_c0_1288792624196290us.jpg 0.634477 0.610743 -0.313285 0.355364 255.581139 -36.027808 23.544571
slice6/query/img_03442_c0_1288792624263022us.jpg 0.634540 0.610053 -0.314135 0.355687 256.256397 -36.158699 23.581865
slice6/query/img_03443_c0_1288792624329635us.jpg 0.634496 0.609308 -0.314984 0.356291 256.935752 -36.291553 23.620256
slice6/query/img_03444_c0_1288792624462987us.jpg 0.633836 0.609064 -0.315516 0.357412 258.315755 -36.564961 23.690679
slice6/query/img_03445_c0_1288792624529598us.jpg 0.633486 0.608722 -0.316091 0.358105 259.009381 -36.704002 23.726690
slice6/query/img_03446_c0_1288792624596210us.jpg 0.633081 0.608454 -0.316827 0.358627 259.714211 -36.840892 23.763444
slice6/query/img_03447_c0_1288792624662949us.jpg 0.632668 0.608209 -0.317430 0.359237 260.420419 -36.981323 23.799501
slice6/query/img_03448_c0_1288792624729562us.jpg 0.632234 0.607905 -0.317880 0.360116 261.134431 -37.123608 23.837030
slice6/query/img_03449_c0_1288792624862936us.jpg 0.630625 0.608404 -0.318508 0.361537 262.573023 -37.419933 23.911322
slice6/query/img_03450_c0_1288792624929547us.jpg 0.629868 0.608566 -0.319037 0.362116 263.299136 -37.569991 23.949234
slice6/query/img_03451_c0_1288792624996137us.jpg 0.629158 0.608697 -0.319672 0.362572 264.022495 -37.724341 23.988937
slice6/query/img_03452_c0_1288792625062876us.jpg 0.628626 0.608606 -0.320012 0.363347 264.753214 -37.879863 24.030536
slice6/query/img_03453_c0_1288792625129489us.jpg 0.628377 0.608115 -0.320412 0.364244 265.487088 -38.036083 24.068811
slice6/query/img_03454_c0_1288792625262863us.jpg 0.627891 0.607216 -0.321499 0.365623 266.970648 -38.358403 24.149033
slice6/query/img_03455_c0_1288792625329473us.jpg 0.627749 0.606787 -0.322113 0.366038 267.715184 -38.523324 24.192544
slice6/query/img_03456_c0_1288792625396065us.jpg 0.627674 0.606411 -0.322509 0.366441 268.459838 -38.695529 24.238067
slice6/query/img_03457_c0_1288792625529434us.jpg 0.628447 0.604637 -0.322773 0.367813 269.966755 -39.045429 24.323811
slice6/query/img_03458_c0_1288792625596050us.jpg 0.629027 0.603487 -0.323286 0.368259 270.725199 -39.221579 24.370096
slice6/query/img_03459_c0_1288792625662766us.jpg 0.629485 0.602807 -0.323624 0.368294 271.491096 -39.396323 24.414450
slice6/query/img_03460_c0_1288792625729379us.jpg 0.629519 0.602761 -0.324042 0.367943 272.257781 -39.578094 24.461716
slice6/query/img_03461_c0_1288792625795993us.jpg 0.629211 0.603186 -0.324466 0.367398 273.027456 -39.758125 24.508652
slice6/query/img_03462_c0_1288792625929346us.jpg 0.629007 0.603110 -0.326165 0.366368 274.579781 -40.121796 24.599313
slice6/query/img_03463_c0_1288792625995956us.jpg 0.629192 0.602509 -0.327326 0.366003 275.367723 -40.304004 24.641880
slice6/query/img_03464_c0_1288792626062694us.jpg 0.629358 0.602196 -0.328352 0.365312 276.150282 -40.495105 24.685408
slice6/query/img_03465_c0_1288792626129308us.jpg 0.629665 0.601719 -0.328532 0.365408 276.934060 -40.683787 24.726843
slice6/query/img_03466_c0_1288792626262659us.jpg 0.631570 0.600171 -0.327278 0.365791 278.524547 -41.060404 24.800810
slice6/query/img_03467_c0_1288792626329269us.jpg 0.632934 0.598911 -0.326825 0.365903 279.323919 -41.252319 24.839133
slice6/query/img_03468_c0_1288792626395882us.jpg 0.633905 0.598038 -0.326496 0.365946 280.124098 -41.444083 24.879619
slice6/query/img_03469_c0_1288792626462620us.jpg 0.634228 0.597522 -0.326477 0.366243 280.927382 -41.634767 24.923643
slice6/query/img_03470_c0_1288792626595870us.jpg 0.632938 0.598523 -0.326459 0.366858 282.562163 -42.001126 25.009320
slice6/query/img_03471_c0_1288792626662582us.jpg 0.631770 0.599658 -0.326526 0.366957 283.378645 -42.186916 25.052145
slice6/query/img_03472_c0_1288792626795831us.jpg 0.629912 0.601849 -0.326681 0.366427 285.019554 -42.566270 25.139580
slice6/query/img_03473_c0_1288792626862549us.jpg 0.629593 0.602166 -0.327113 0.366069 285.834161 -42.763316 25.186077
slice6/query/img_03474_c0_1288792626995796us.jpg 0.629682 0.602305 -0.327156 0.365649 287.480725 -43.159875 25.269478
slice6/query/img_03475_c0_1288792627062518us.jpg 0.629904 0.601930 -0.327230 0.365817 288.308468 -43.354756 25.312829
slice6/query/img_03476_c0_1288792627195736us.jpg 0.630517 0.601219 -0.327603 0.365595 289.972366 -43.742981 25.402027
slice6/query/img_03477_c0_1288792627329087us.jpg 0.631282 0.600878 -0.328192 0.364307 291.642646 -44.147641 25.497106
slice6/query/img_03478_c0_1288792627462442us.jpg 0.632554 0.599912 -0.328294 0.363600 293.320741 -44.551179 25.587949
slice6/query/img_03479_c0_1288792627529072us.jpg 0.632669 0.600165 -0.328443 0.362845 294.157378 -44.757255 25.635550
slice6/query/img_03480_c0_1288792627662422us.jpg 0.631973 0.601621 -0.328581 0.361520 295.879639 -45.140104 25.715691
slice6/query/img_03481_c0_1288792627729014us.jpg 0.631696 0.602112 -0.328757 0.361026 296.734161 -45.329158 25.756654
slice6/query/img_03482_c0_1288792627795627us.jpg 0.631388 0.602638 -0.328608 0.360824 297.579807 -45.522340 25.798784
slice6/query/img_03483_c0_1288792627862371us.jpg 0.631298 0.603025 -0.327980 0.360904 298.426588 -45.712047 25.839377
slice6/query/img_03484_c0_1288792627995617us.jpg 0.631618 0.603500 -0.326536 0.360862 300.118298 -46.094229 25.922623
slice6/query/img_03485_c0_1288792628128942us.jpg 0.633875 0.602276 -0.325426 0.359951 301.826094 -46.485437 26.014552
slice6/query/img_03486_c0_1288792628195553us.jpg 0.635052 0.601687 -0.324945 0.359294 302.676005 -46.679440 26.055990
slice6/query/img_03487_c0_1288792628262292us.jpg 0.635779 0.601502 -0.324770 0.358476 303.522454 -46.868321 26.100735
slice6/query/img_03488_c0_1288792628462255us.jpg 0.636035 0.602358 -0.324002 0.357278 306.088035 -47.423548 26.236214
slice6/query/img_03489_c0_1288792628662485us.jpg 0.633743 0.605822 -0.320344 0.358788 308.668104 -47.953197 26.352482
slice6/query/img_03490_c0_1288792628728850us.jpg 0.632906 0.606758 -0.320580 0.358473 309.532549 -48.131128 26.401518
slice6/query/img_03491_c0_1288792628795441us.jpg 0.632267 0.607464 -0.321104 0.357936 310.403306 -48.310917 26.450377
slice6/query/img_03492_c0_1288792628928799us.jpg 0.631596 0.607759 -0.321457 0.358304 312.136471 -48.667501 26.541675
slice6/query/img_03493_c0_1288792628995406us.jpg 0.631720 0.607478 -0.321202 0.358791 312.998598 -48.847484 26.583894
slice6/query/img_03494_c0_1288792629062144us.jpg 0.631970 0.607117 -0.320773 0.359344 313.859584 -49.033529 26.627304
slice6/query/img_03495_c0_1288792629195390us.jpg 0.632055 0.606520 -0.322211 0.358915 315.598018 -49.390315 26.724297
slice6/query/img_03496_c0_1288792629262130us.jpg 0.632110 0.606100 -0.323747 0.358145 316.469194 -49.574768 26.774370
slice6/query/img_03497_c0_1288792629328721us.jpg 0.632020 0.605897 -0.324550 0.357921 317.329750 -49.762352 26.822455
slice6/query/img_03498_c0_1288792629395334us.jpg 0.631928 0.605692 -0.324735 0.358261 318.194120 -49.946539 26.864922
slice6/query/img_03499_c0_1288792629528687us.jpg 0.631246 0.605604 -0.325100 0.359280 319.929695 -50.315419 26.947104
slice6/query/img_03500_c0_1288792629595298us.jpg 0.631243 0.605135 -0.325246 0.359944 320.794775 -50.503829 26.986549
slice6/query/img_03501_c0_1288792629662035us.jpg 0.631327 0.604629 -0.325249 0.360642 321.659168 -50.694371 27.030475
slice6/query/img_03502_c0_1288792629795261us.jpg 0.631462 0.603818 -0.324678 0.362275 323.400389 -51.075291 27.117191
slice6/query/img_03503_c0_1288792629862000us.jpg 0.631423 0.603550 -0.324907 0.362586 324.261471 -51.269238 27.161976
slice6/query/img_03504_c0_1288792629995229us.jpg 0.631442 0.602987 -0.326941 0.361660 326.005042 -51.665950 27.262148
slice6/query/img_03505_c0_1288792630061982us.jpg 0.631481 0.602612 -0.327526 0.361686 326.879692 -51.862797 27.311129
slice6/query/img_03506_c0_1288792630128576us.jpg 0.631424 0.602418 -0.327429 0.362198 327.750121 -52.061059 27.354506
slice6/query/img_03507_c0_1288792630195188us.jpg 0.631364 0.602365 -0.326970 0.362803 328.618756 -52.262622 27.396646
slice6/query/img_03508_c0_1288792630328569us.jpg 0.630930 0.602513 -0.326556 0.363685 330.362789 -52.664571 27.484734
slice6/query/img_03509_c0_1288792630395172us.jpg 0.630437 0.602843 -0.326672 0.363888 331.233747 -52.866341 27.532016
slice6/query/img_03510_c0_1288792630461889us.jpg 0.629818 0.603263 -0.326876 0.364082 332.106319 -53.067326 27.580196
slice6/query/img_03511_c0_1288792630595118us.jpg 0.628404 0.604217 -0.326473 0.365302 333.855021 -53.470707 27.676048
slice6/query/img_03512_c0_1288792630661875us.jpg 0.627687 0.604765 -0.326298 0.365784 334.728729 -53.673131 27.721779
slice6/query/img_03513_c0_1288792630728466us.jpg 0.627085 0.605219 -0.326939 0.365493 335.599231 -53.881211 27.770841
slice6/query/img_03514_c0_1288792630861816us.jpg 0.626654 0.605306 -0.328557 0.364637 337.359755 -54.288416 27.871428
slice6/query/img_03515_c0_1288792630928429us.jpg 0.626954 0.604887 -0.329173 0.364261 338.234658 -54.499523 27.920706
slice6/query/img_03516_c0_1288792630995041us.jpg 0.627554 0.604263 -0.329439 0.364021 339.112174 -54.711880 27.967357
slice6/query/img_03517_c0_1288792631128394us.jpg 0.628897 0.602829 -0.329418 0.364102 340.869400 -55.135009 28.053325
slice6/query/img_03518_c0_1288792631195006us.jpg 0.629372 0.602360 -0.329493 0.363988 341.737764 -55.353515 28.100419
slice6/query/img_03519_c0_1288792631328364us.jpg 0.629640 0.602115 -0.330036 0.363437 343.501695 -55.770494 28.188252
slice6/query/img_03520_c0_1288792631394969us.jpg 0.629513 0.602281 -0.330146 0.363283 344.386676 -55.975893 28.231349
slice6/query/img_03521_c0_1288792631461706us.jpg 0.629397 0.602388 -0.330037 0.363407 345.268418 -56.182583 28.270367
slice6/query/img_03522_c0_1288792631594953us.jpg 0.629488 0.602370 -0.329512 0.363755 347.030434 -56.599810 28.350323
slice6/query/img_03523_c0_1288792631661670us.jpg 0.629399 0.602573 -0.329371 0.363699 347.913220 -56.810318 28.394253
slice6/query/img_03524_c0_1288792631728283us.jpg 0.629471 0.602635 -0.329210 0.363618 348.789699 -57.023691 28.438602
slice6/query/img_03525_c0_1288792631861635us.jpg 0.630129 0.602273 -0.329563 0.362757 350.561521 -57.442277 28.526594
slice6/query/img_03526_c0_1288792631928247us.jpg 0.630760 0.601789 -0.330210 0.361874 351.447559 -57.654442 28.572433
slice6/query/img_03527_c0_1288792631994858us.jpg 0.631628 0.600979 -0.330876 0.361097 352.330736 -57.864932 28.617252
slice6/query/img_03528_c0_1288792632128209us.jpg 0.633802 0.598974 -0.330299 0.361147 354.101290 -58.286566 28.700767
slice6/query/img_03529_c0_1288792632194821us.jpg 0.634854 0.598176 -0.328928 0.361873 354.988240 -58.495584 28.739076
slice6/query/img_03530_c0_1288792632261561us.jpg 0.635643 0.597505 -0.327611 0.362789 355.873699 -58.701695 28.778888
slice6/query/img_03531_c0_1288792632328175us.jpg 0.636037 0.597277 -0.326831 0.363179 356.758295 -58.906508 28.822844
slice6/query/img_03532_c0_1288792632461548us.jpg 0.635350 0.598566 -0.326218 0.362810 358.537107 -59.308588 28.922890
