slice6/query/img_02789_c0_1289589881367751us.jpg 0.598706 0.560873 -0.387390 0.420597 234.886833 -30.375777 22.453457
slice6/query/img_02790_c0_1289589881434342us.jpg 0.602610 0.565942 -0.380605 0.414380 235.314553 -30.578919 22.474793
slice6/query/img_02792_c0_1289589881634310us.jpg 0.614907 0.578300 -0.360322 0.397021 236.644396 -31.149318 22.537432
slice6/query/img_02794_c0_1289589881767656us.jpg 0.621944 0.585658 -0.347942 0.386170 237.573366 -31.490056 22.582018
slice6/query/img_02795_c0_1289589881834270us.jpg 0.624289 0.589595 -0.342450 0.381274 238.051351 -31.644769 22.604795
slice6/query/img_02796_c0_1289589881967651us.jpg 0.626805 0.597794 -0.332771 0.372856 239.032335 -31.929743 22.655124
slice6/query/img_02797_c0_1289589882034234us.jpg 0.627817 0.600749 -0.328631 0.370065 239.537456 -32.059794 22.679271
slice6/query/img_02798_c0_1289589882100972us.jpg 0.628764 0.602800 -0.324862 0.368446 240.043276 -32.185580 22.703680
slice6/query/img_02799_c0_1289589882167586us.jpg 0.629712 0.604239 -0.321486 0.367431 240.562201 -32.306002 22.728900
slice6/query/img_02800_c0_1289589882300952us.jpg 0.630326 0.606676 -0.317275 0.366019 241.617642 -32.542744 22.787208
slice6/query/img_02801_c0_1289589882367551us.jpg 0.630584 0.607524 -0.316528 0.364812 242.164073 -32.661051 22.821096
slice6/query/img_02802_c0_1289589882434163us.jpg 0.630630 0.608079 -0.316599 0.363746 242.717239 -32.778383 22.856906
slice6/query/img_02803_c0_1289589882500903us.jpg 0.630589 0.608223 -0.317536 0.362757 243.277385 -32.896982 22.894596
slice6/query/img_02804_c0_1289589882567517us.jpg 0.630480 0.608220 -0.318662 0.361964 243.843631 -33.016304 22.931088
slice6/query/img_02805_c0_1289589882700892us.jpg 0.630325 0.607973 -0.320120 0.361360 244.980608 -33.260674 22.998237
slice6/query/img_02806_c0_1289589882767502us.jpg 0.630293 0.607661 -0.320606 0.361511 245.556285 -33.385987 23.028429
slice6/query/img_02807_c0_1289589882834095us.jpg 0.630054 0.607438 -0.320762 0.362164 246.137441 -33.510429 23.057281
slice6/query/img_02808_c0_1289589882900832us.jpg 0.629764 0.607172 -0.320768 0.363107 246.724003 -33.635741 23.087209
slice6/query/img_02809_c0_1289589883034089us.jpg 0.629449 0.606218 -0.320952 0.365080 247.917792 -33.894047 23.146901
slice6/query/img_02810_c0_1289589883100820us.jpg 0.629103 0.605971 -0.321249 0.365824 248.515298 -34.027533 23.179973
slice6/query/img_02812_c0_1289589883234023us.jpg 0.628316 0.605845 -0.322586 0.366210 249.749818 -34.300528 23.249923
slice6/query/img_02813_c0_1289589883300763us.jpg 0.627785 0.605770 -0.323519 0.366421 250.370607 -34.440912 23.286596
slice6/query/img_02814_c0_1289589883434012us.jpg 0.626935 0.605492 -0.324599 0.367380 251.633623 -34.725347 23.355811
slice6/query/img_02815_c0_1289589883500747us.jpg 0.626700 0.605172 -0.324980 0.367971 252.268245 -34.872491 23.390315
slice6/query/img_02816_c0_1289589883567339us.jpg 0.626609 0.604871 -0.325430 0.368221 252.909312 -35.021003 23.423959
slice6/query/img_02817_c0_1289589883633953us.jpg 0.626576 0.604635 -0.325923 0.368230 253.548964 -35.172803 23.459274
slice6/query/img_02818_c0_1289589883700693us.jpg 0.626630 0.604510 -0.326394 0.367927 254.188649 -35.325903 23.496537
slice6/query/img_02819_c0_1289589883833942us.jpg 0.627539 0.603604 -0.327033 0.367296 255.490838 -35.639090 23.570447
slice6/query/img_02820_c0_1289589883900661us.jpg 0.628374 0.602834 -0.327252 0.366938 256.147620 -35.799192 23.606926
slice6/query/img_02821_c0_1289589883967271us.jpg 0.629047 0.602330 -0.327395 0.366484 256.809982 -35.956385 23.644326
slice6/query/img_02822_c0_1289589884033883us.jpg 0.629411 0.602405 -0.326980 0.366106 257.473615 -36.114778 23.679367
slice6/query/img_02823_c0_1289589884167255us.jpg 0.629719 0.603258 -0.325915 0.365121 258.813238 -36.428237 23.748253
slice6/query/img_02824_c0_1289589884233847us.jpg 0.629870 0.603582 -0.325581 0.364623 259.489169 -36.585340 23.784241
slice6/query/img_02825_c0_1289589884300587us.jpg 0.630092 0.603809 -0.325202 0.364201 260.167456 -36.742283 23.818651
slice6/query/img_02826_c0_1289589884367200us.jpg 0.630103 0.604201 -0.324607 0.364061 260.849079 -36.896989 23.853362
slice6/query/img_02827_c0_1289589884433813us.jpg 0.629923 0.604790 -0.323905 0.364022 261.533387 -37.049276 23.886765
slice6/query/img_02828_c0_1289589884567187us.jpg 0.629367 0.606510 -0.322359 0.363494 262.918946 -37.359328 23.957951
slice6/query/img_02829_c0_1289589884633796us.jpg 0.629200 0.607211 -0.321970 0.362956 263.622184 -37.514837 23.994146
slice6/query/img_02830_c0_1289589884700517us.jpg 0.629114 0.607724 -0.321396 0.362755 264.326500 -37.667237 24.030645
slice6/query/img_02831_c0_1289589884767130us.jpg 0.629284 0.607948 -0.320852 0.362568 265.030980 -37.821837 24.068764
slice6/query/img_02832_c0_1289589884900482us.jpg 0.629755 0.607799 -0.320023 0.362732 266.456818 -38.130438 24.146183
slice6/query/img_02833_c0_1289589884967113us.jpg 0.629920 0.607971 -0.319756 0.362393 267.176650 -38.287401 24.183199
slice6/query/img_02834_c0_1289589885033707us.jpg 0.630093 0.608125 -0.319436 0.362115 267.901133 -38.444317 24.223060
slice6/query/img_02835_c0_1289589885100446us.jpg 0.630424 0.608251 -0.318792 0.361895 268.632652 -38.600071 24.261805
slice6/query/img_02836_c0_1289589885233679us.jpg 0.631897 0.607240 -0.317879 0.361828 270.098062 -38.914499 24.341354
slice6/query/img_02837_c0_1289589885300409us.jpg 0.632490 0.606679 -0.317720 0.361872 270.836067 -39.069989 24.384063
slice6/query/img_02838_c0_1289589885367024us.jpg 0.632682 0.606702 -0.317678 0.361533 271.576355 -39.228381 24.429223
slice6/query/img_02839_c0_1289589885433642us.jpg 0.632309 0.607220 -0.317952 0.361076 272.322414 -39.386688 24.474394
slice6/query/img_02840_c0_1289589885567011us.jpg 0.631114 0.608517 -0.318955 0.360099 273.825012 -39.702841 24.562592
slice6/query/img_02841_c0_1289589885633600us.jpg 0.630715 0.608385 -0.320202 0.359913 274.578458 -39.861224 24.606604
slice6/query/img_02842_c0_1289589885700339us.jpg 0.630677 0.607693 -0.321316 0.360156 275.339548 -40.021169 24.648626
slice6/query/img_02843_c0_1289589885766952us.jpg 0.630723 0.607018 -0.322355 0.360284 276.099632 -40.183891 24.690747
slice6/query/img_02844_c0_1289589885900326us.jpg 0.631436 0.605275 -0.322770 0.361594 277.629739 -40.516828 24.766716
slice6/query/img_02845_c0_1289589885966916us.jpg 0.632380 0.603978 -0.322693 0.362181 278.397435 -40.691662 24.805117
slice6/query/img_02846_c0_1289589886033530us.jpg 0.633320 0.602667 -0.323041 0.362412 279.166447 -40.867550 24.844225
slice6/query/img_02847_c0_1289589886100268us.jpg 0.633839 0.601727 -0.323741 0.362442 279.939751 -41.044167 24.887605
slice6/query/img_02848_c0_1289589886233517us.jpg 0.633343 0.600526 -0.325175 0.364014 281.501746 -41.387318 24.972583
slice6/query/img_02849_c0_1289589886300234us.jpg 0.632315 0.600729 -0.325525 0.365152 282.288956 -41.560227 25.013178
slice6/query/img_02850_c0_1289589886366846us.jpg 0.630897 0.601597 -0.325807 0.365924 283.076228 -41.732964 25.051908
slice6/query/img_02851_c0_1289589886500220us.jpg 0.628554 0.603261 -0.326609 0.366500 284.663674 -42.088528 25.133037
slice6/query/img_02852_c0_1289589886566809us.jpg 0.628186 0.603060 -0.327478 0.366686 285.455351 -42.272436 25.177862
slice6/query/img_02853_c0_1289589886633422us.jpg 0.628262 0.602496 -0.328291 0.366755 286.246895 -42.465000 25.223172
slice6/query/img_02854_c0_1289589886766777us.jpg 0.628715 0.601550 -0.328919 0.366970 287.841464 -42.850811 25.306648
slice6/query/img_02855_c0_1289589886833408us.jpg 0.629072 0.601091 -0.328911 0.367117 288.641128 -43.044185 25.346276
slice6/query/img_02856_c0_1289589886900125us.jpg 0.629411 0.600671 -0.329081 0.367071 289.441782 -43.237954 25.388288
slice6/query/img_02857_c0_1289589887033356us.jpg 0.629665 0.600489 -0.330127 0.365992 291.045240 -43.627486 25.478463
slice6/query/img_02858_c0_1289589887100091us.jpg 0.629987 0.600271 -0.330297 0.365644 291.844140 -43.824335 25.522546
slice6/query/img_02859_c0_1289589887166705us.jpg 0.630279 0.600069 -0.330295 0.365472 292.645610 -44.019493 25.564427
slice6/query/img_02860_c0_1289589887233318us.jpg 0.630364 0.600168 -0.330340 0.365123 293.448062 -44.214628 25.605764
slice6/query/img_02861_c0_1289589887366674us.jpg 0.629907 0.601094 -0.330445 0.364292 295.077256 -44.599326 25.689369
slice6/query/img_02862_c0_1289589887433283us.jpg 0.629808 0.601392 -0.330448 0.363969 295.891916 -44.794229 25.732287
slice6/query/img_02863_c0_1289589887500027us.jpg 0.629873 0.601401 -0.330207 0.364061 296.701499 -44.986941 25.771604
slice6/query/img_02864_c0_1289589887633248us.jpg 0.630131 0.601579 -0.328717 0.364668 298.330005 -45.369107 25.849245
slice6/query/img_02865_c0_1289589887699990us.jpg 0.630391 0.601672 -0.328226 0.364507 299.146836 -45.563446 25.890005
slice6/query/img_02866_c0_1289589887766600us.jpg 0.630783 0.601572 -0.328209 0.364010 299.971101 -45.759207 25.935206
slice6/query/img_02867_c0_1289589887833213us.jpg 0.631318 0.601154 -0.328779 0.363256 300.787265 -45.956542 25.979275
slice6/query/img_02868_c0_1289589887966565us.jpg 0.632085 0.600948 -0.328439 0.362571 302.442172 -46.337913 26.059948
slice6/query/img_02869_c0_1289589888033177us.jpg 0.631918 0.601436 -0.328246 0.362227 303.262433 -46.528735 26.099338
slice6/query/img_02870_c0_1289589888099916us.jpg 0.631774 0.601879 -0.328122 0.361856 304.092376 -46.722230 26.140252
slice6/query/img_02871_c0_1289589888233143us.jpg 0.631448 0.602222 -0.327188 0.362699 305.762138 -47.105162 26.218199
slice6/query/img_02872_c0_1289589888299902us.jpg 0.631115 0.602578 -0.325972 0.363781 306.597085 -47.292440 26.255336
slice6/query/img_02873_c0_1289589888366493us.jpg 0.630492 0.603281 -0.324911 0.364643 307.436538 -47.483658 26.295563
slice6/query/img_02874_c0_1289589888433106us.jpg 0.629872 0.604015 -0.324477 0.364885 308.278380 -47.675528 26.337904
slice6/query/img_02875_c0_1289589888566483us.jpg 0.629172 0.604622 -0.326017 0.363715 309.975951 -48.059290 26.434717
slice6/query/img_02876_c0_1289589888633072us.jpg 0.629068 0.604739 -0.326607 0.363170 310.829843 -48.254056 26.482136
slice6/query/img_02877_c0_1289589888699810us.jpg 0.628913 0.604746 -0.326815 0.363239 311.679369 -48.449604 26.527431
slice6/query/img_02878_c0_1289589888833037us.jpg 0.629351 0.604200 -0.325732 0.364360 313.380867 -48.839167 26.611818
slice6/query/img_02879_c0_1289589888899773us.jpg 0.629541 0.603972 -0.325405 0.364700 314.233826 -49.036908 26.655669
slice6/query/img_02880_c0_1289589888966394us.jpg 0.629647 0.603780 -0.325955 0.364345 315.088806 -49.233366 26.703006
slice6/query/img_02881_c0_1289589889033000us.jpg 0.629640 0.603667 -0.327360 0.363283 315.949077 -49.431559 26.757066
slice6/query/img_02882_c0_1289589889166377us.jpg 0.629835 0.603383 -0.328597 0.362299 317.678354 -49.834331 26.847265
slice6/query/img_02883_c0_1289589889232967us.jpg 0.629901 0.603171 -0.328652 0.362488 318.541732 -50.028650 26.889819
slice6/query/img_02884_c0_1289589889366339us.jpg 0.630055 0.602855 -0.328682 0.362719 320.273768 -50.428861 26.973937
slice6/query/img_02885_c0_1289589889432930us.jpg 0.630265 0.602486 -0.328431 0.363193 321.139641 -50.633262 27.017887
slice6/query/img_02886_c0_1289589889499670us.jpg 0.630627 0.601901 -0.328152 0.363786 322.002073 -50.838415 27.062388
slice6/query/img_02887_c0_1289589889632895us.jpg 0.630945 0.601329 -0.327502 0.364766 323.737230 -51.243018 27.148821
slice6/query/img_02888_c0_1289589889766243us.jpg 0.630883 0.601204 -0.328604 0.364089 325.481769 -51.653477 27.245737
slice6/query/img_02889_c0_1289589889832859us.jpg 0.630998 0.600974 -0.329401 0.363547 326.361229 -51.857952 27.296609
slice6/query/img_02890_c0_1289589889966237us.jpg 0.631124 0.600709 -0.329117 0.364024 328.117944 -52.271521 27.383588
slice6/query/img_02891_c0_1289589890032845us.jpg 0.631170 0.600729 -0.328505 0.364465 328.995697 -52.480346 27.426334
slice6/query/img_02892_c0_1289589890099563us.jpg 0.631045 0.600866 -0.328163 0.364761 329.874671 -52.687588 27.469779
slice6/query/img_02893_c0_1289589890166176us.jpg 0.630777 0.601199 -0.327933 0.364884 330.752498 -52.897516 27.514706
slice6/query/img_02894_c0_1289589890299548us.jpg 0.629812 0.602445 -0.327411 0.364964 332.520597 -53.308446 27.607300
slice6/query/img_02895_c0_1289589890366141us.jpg 0.629529 0.602749 -0.327055 0.365271 333.407568 -53.512281 27.654146
slice6/query/img_02896_c0_1289589890432753us.jpg 0.629333 0.603044 -0.326671 0.365465 334.293012 -53.716131 27.700516
slice6/query/img_02897_c0_1289589890566107us.jpg 0.628889 0.604007 -0.326933 0.364403 336.074519 -54.125639 27.801044
slice6/query/img_02898_c0_1289589890632719us.jpg 0.629016 0.604290 -0.327367 0.363322 336.967177 -54.331627 27.851678
slice6/query/img_02899_c0_1289589890699456us.jpg 0.629458 0.604229 -0.327559 0.362486 337.857142 -54.538985 27.901103
slice6/query/img_02900_c0_1289589890766069us.jpg 0.630046 0.603995 -0.327578 0.361836 338.748630 -54.745759 27.947405
slice6/query/img_02901_c0_1289589890899444us.jpg 0.631490 0.603268 -0.326941 0.361107 340.537046 -55.162799 28.038776
slice6/query/img_02902_c0_1289589890966036us.jpg 0.632120 0.602996 -0.326824 0.360564 341.432754 -55.370175 28.083099
slice6/query/img_02903_c0_1289589891032652us.jpg 0.632488 0.602998 -0.326778 0.359956 342.327442 -55.577398 28.129399
slice6/query/img_02904_c0_1289589891166024us.jpg 0.632834 0.603625 -0.326363 0.358673 344.130380 -55.982249 28.218375
slice6/query/img_02905_c0_1289589891232613us.jpg 0.632901 0.603970 -0.325999 0.358303 345.037367 -56.183103 28.262329
slice6/query/img_02906_c0_1289589891299350us.jpg 0.633018 0.604064 -0.325637 0.358268 345.937330 -56.383578 28.304433
slice6/query/img_02907_c0_1289589891432579us.jpg 0.632680 0.604859 -0.324938 0.358157 347.752173 -56.785964 28.392895
slice6/query/img_02908_c0_1289589891499336us.jpg 0.632559 0.605304 -0.324555 0.357966 348.658662 -56.981827 28.435575
slice6/query/img_02909_c0_1289589891565926us.jpg 0.632579 0.605549 -0.324173 0.357862 349.560709 -57.177571 28.482259
slice6/query/img_02910_c0_1289589891699279us.jpg 0.633417 0.605082 -0.324943 0.356470 351.378039 -57.576563 28.578427
slice6/query/img_02911_c0_1289589891832533us.jpg 0.635111 0.603522 -0.325820 0.355298 353.203140 -57.978707 28.671571
slice6/query/img_02912_c0_1289589891899263us.jpg 0.636087 0.602678 -0.325105 0.355638 354.111620 -58.180245 28.713065
slice6/query/img_02913_c0_1289589891965858us.jpg 0.636972 0.602003 -0.323764 0.356422 355.018113 -58.378106 28.753045
slice6/query/img_02914_c0_1289589892099230us.jpg 0.637786 0.601198 -0.321971 0.357945 356.840166 -58.769624 28.841420
slice6/query/img_02915_c0_1289589892165822us.jpg 0.637328 0.601644 -0.321882 0.358092 357.754498 -58.962376 28.891890
slice6/query/img_02916_c0_1289589892232435us.jpg 0.636271 0.602642 -0.321850 0.358322 358.666009 -59.156039 28.944001
