slice6/query/img_02821_c0_1290444886225984us.jpg 0.587608 0.545184 -0.408190 0.436888 232.251600 -30.545768 22.321420
slice6/query/img_02822_c0_1290444886292720us.jpg 0.593186 0.550778 -0.400941 0.428976 232.591198 -30.736463 22.339175
slice6/query/img_02824_c0_1290444886425944us.jpg 0.603343 0.561763 -0.385493 0.414482 233.283458 -31.095889 22.371352
slice6/query/img_02825_c0_1290444886559321us.jpg 0.612532 0.571357 -0.370631 0.401232 234.000821 -31.423361 22.403260
slice6/query/img_02826_c0_1290444886625906us.jpg 0.616435 0.576089 -0.363344 0.395108 234.368597 -31.575180 22.418645
slice6/query/img_02828_c0_1290444886759257us.jpg 0.622874 0.585222 -0.349597 0.383831 235.133138 -31.854034 22.453065
slice6/query/img_02829_c0_1290444886825870us.jpg 0.625713 0.588940 -0.343828 0.378702 235.527412 -31.981419 22.471152
slice6/query/img_02830_c0_1290444886959240us.jpg 0.629136 0.596379 -0.333714 0.370344 236.341061 -32.212874 22.508717
slice6/query/img_02831_c0_1290444887025831us.jpg 0.629793 0.600342 -0.329074 0.366961 236.755546 -32.317766 22.527802
slice6/query/img_02833_c0_1290444887159182us.jpg 0.631898 0.605429 -0.321880 0.361322 237.605664 -32.520382 22.569044
slice6/query/img_02834_c0_1290444887292555us.jpg 0.633768 0.607706 -0.317704 0.357904 238.483742 -32.706885 22.616590
slice6/query/img_02835_c0_1290444887359141us.jpg 0.633923 0.609134 -0.315578 0.357083 238.926268 -32.796887 22.637920
slice6/query/img_02836_c0_1290444887492496us.jpg 0.634234 0.610434 -0.312943 0.356630 239.834031 -32.971987 22.684204
slice6/query/img_02837_c0_1290444887559129us.jpg 0.634428 0.610137 -0.312674 0.357028 240.294710 -33.059929 22.709924
slice6/query/img_02838_c0_1290444887625720us.jpg 0.634486 0.609865 -0.312546 0.357500 240.758725 -33.150270 22.735954
slice6/query/img_02840_c0_1290444887826128us.jpg 0.633905 0.610483 -0.313532 0.356613 242.196775 -33.427935 22.819576
slice6/query/img_02842_c0_1290444887959031us.jpg 0.634280 0.609577 -0.315408 0.355840 243.175101 -33.619644 22.883700
slice6/query/img_02843_c0_1290444888092401us.jpg 0.633734 0.609274 -0.316646 0.356233 244.163071 -33.812360 22.936853
slice6/query/img_02844_c0_1290444888158994us.jpg 0.633280 0.609139 -0.317457 0.356548 244.663816 -33.909816 22.961833
slice6/query/img_02845_c0_1290444888225607us.jpg 0.632677 0.609294 -0.318029 0.356845 245.161765 -34.009162 22.988093
slice6/query/img_02846_c0_1290444888359747us.jpg 0.631985 0.609198 -0.318440 0.357866 246.178002 -34.216767 23.040209
slice6/query/img_02847_c0_1290444888425570us.jpg 0.632190 0.608197 -0.319096 0.358623 246.693306 -34.319855 23.066545
slice6/query/img_02848_c0_1290444888492307us.jpg 0.632178 0.607496 -0.319603 0.359380 247.208105 -34.424961 23.094087
slice6/query/img_02849_c0_1290444888558919us.jpg 0.631669 0.607657 -0.319462 0.360126 247.724679 -34.532149 23.122083
slice6/query/img_02850_c0_1290444888625533us.jpg 0.631103 0.607988 -0.319245 0.360751 248.243396 -34.643745 23.149822
slice6/query/img_02851_c0_1290444888758907us.jpg 0.630666 0.607304 -0.320349 0.361689 249.301207 -34.866309 23.208128
slice6/query/img_02852_c0_1290444888825495us.jpg 0.630100 0.607326 -0.320973 0.362084 249.834905 -34.978959 23.239345
slice6/query/img_02853_c0_1290444888892231us.jpg 0.629209 0.607740 -0.321455 0.362514 250.372634 -35.092662 23.270958
slice6/query/img_02854_c0_1290444889025480us.jpg 0.628674 0.607410 -0.322271 0.363268 251.456222 -35.328667 23.329127
slice6/query/img_02855_c0_1290444889092194us.jpg 0.628412 0.607448 -0.322282 0.363648 252.001022 -35.450824 23.359792
slice6/query/img_02856_c0_1290444889158809us.jpg 0.628266 0.607507 -0.322330 0.363760 252.550521 -35.575438 23.388746
slice6/query/img_02857_c0_1290444889225420us.jpg 0.628403 0.607197 -0.322772 0.363647 253.103893 -35.701466 23.419427
slice6/query/img_02858_c0_1290444889358792us.jpg 0.628986 0.606163 -0.324009 0.363264 254.222355 -35.957286 23.487035
slice6/query/img_02859_c0_1290444889425382us.jpg 0.629062 0.606252 -0.323952 0.363036 254.785478 -36.088616 23.518222
slice6/query/img_02860_c0_1290444889492120us.jpg 0.629199 0.606092 -0.324007 0.363017 255.351029 -36.220526 23.548151
slice6/query/img_02861_c0_1290444889558732us.jpg 0.629331 0.605697 -0.324495 0.363012 255.919996 -36.351966 23.579441
slice6/query/img_02862_c0_1290444889692085us.jpg 0.629378 0.605572 -0.324570 0.363071 257.073363 -36.618661 23.638957
slice6/query/img_02864_c0_1290444889825305us.jpg 0.629542 0.605161 -0.324544 0.363494 258.244564 -36.881057 23.697895
slice6/query/img_02865_c0_1290444889958656us.jpg 0.628820 0.605939 -0.324211 0.363746 259.421765 -37.144739 23.757004
slice6/query/img_02866_c0_1290444890025267us.jpg 0.628750 0.605738 -0.324496 0.363947 260.011759 -37.275823 23.787975
slice6/query/img_02867_c0_1290444890092005us.jpg 0.628719 0.605668 -0.324632 0.363996 260.607266 -37.410751 23.818447
slice6/query/img_02868_c0_1290444890225255us.jpg 0.628550 0.606059 -0.323857 0.364326 261.814684 -37.685080 23.878005
slice6/query/img_02870_c0_1290444890358580us.jpg 0.628636 0.606341 -0.323373 0.364139 263.044452 -37.967310 23.929782
slice6/query/img_02871_c0_1290444890425192us.jpg 0.628501 0.606763 -0.323086 0.363923 263.656744 -38.104616 23.961067
slice6/query/img_02872_c0_1290444890558549us.jpg 0.628763 0.606930 -0.322513 0.363701 264.900695 -38.386417 24.029099
slice6/query/img_02873_c0_1290444890625156us.jpg 0.628930 0.607252 -0.321842 0.363470 265.532662 -38.527021 24.062164
slice6/query/img_02874_c0_1290444890691892us.jpg 0.629185 0.607424 -0.321339 0.363184 266.156621 -38.670725 24.096808
slice6/query/img_02875_c0_1290444890758506us.jpg 0.629600 0.607434 -0.321219 0.362555 266.788667 -38.814477 24.133831
slice6/query/img_02876_c0_1290444890891881us.jpg 0.630493 0.607953 -0.320120 0.361102 268.062808 -39.104239 24.207602
slice6/query/img_02877_c0_1290444890958467us.jpg 0.631234 0.607743 -0.319534 0.360679 268.701473 -39.248017 24.242953
slice6/query/img_02878_c0_1290444891025082us.jpg 0.632056 0.607391 -0.318841 0.360446 269.347507 -39.388967 24.277952
slice6/query/img_02879_c0_1290444891158455us.jpg 0.633345 0.606965 -0.317803 0.359818 270.652261 -39.669956 24.352129
slice6/query/img_02881_c0_1290444891291782us.jpg 0.633187 0.608193 -0.316943 0.358778 271.964087 -39.947973 24.428607
slice6/query/img_02882_c0_1290444891358394us.jpg 0.633020 0.609011 -0.316468 0.358106 272.621853 -40.087251 24.462426
slice6/query/img_02883_c0_1290444891491773us.jpg 0.633482 0.609290 -0.317117 0.356234 273.958568 -40.370339 24.543453
slice6/query/img_02884_c0_1290444891558377us.jpg 0.633400 0.609497 -0.317816 0.355403 274.637036 -40.507293 24.584265
slice6/query/img_02885_c0_1290444891624969us.jpg 0.633629 0.609318 -0.318413 0.354767 275.312465 -40.647702 24.621851
slice6/query/img_02886_c0_1290444891691708us.jpg 0.633753 0.609232 -0.318937 0.354222 275.988853 -40.785356 24.658482
slice6/query/img_02887_c0_1290444891824954us.jpg 0.634995 0.608484 -0.318051 0.354081 277.353957 -41.069383 24.713613
slice6/query/img_02888_c0_1290444891891691us.jpg 0.635982 0.607546 -0.317529 0.354386 278.034117 -41.217499 24.744987
slice6/query/img_02889_c0_1290444891958282us.jpg 0.636844 0.606839 -0.316815 0.354689 278.718065 -41.360690 24.778963
slice6/query/img_02890_c0_1290444892024894us.jpg 0.637440 0.606290 -0.316420 0.354910 279.405143 -41.505854 24.813234
slice6/query/img_02891_c0_1290444892158269us.jpg 0.637408 0.606214 -0.316306 0.355198 280.795989 -41.789442 24.885910
slice6/query/img_02892_c0_1290444892224857us.jpg 0.636948 0.606435 -0.316242 0.355703 281.490993 -41.925467 24.918955
slice6/query/img_02893_c0_1290444892291595us.jpg 0.636331 0.606630 -0.316414 0.356322 282.187446 -42.060945 24.952625
slice6/query/img_02894_c0_1290444892358207us.jpg 0.635420 0.607224 -0.316643 0.356733 282.882351 -42.195981 24.985899
slice6/query/img_02895_c0_1290444892491932us.jpg 0.633932 0.607972 -0.317570 0.357280 284.299378 -42.474520 25.068873
slice6/query/img_02896_c0_1290444892558171us.jpg 0.633441 0.607957 -0.318329 0.357502 285.008300 -42.618260 25.104063
slice6/query/img_02897_c0_1290444892624782us.jpg 0.632971 0.607874 -0.318977 0.357898 285.714737 -42.763880 25.141148
slice6/query/img_02898_c0_1290444892691520us.jpg 0.632413 0.607763 -0.319770 0.358365 286.424042 -42.912209 25.183766
slice6/query/img_02899_c0_1290444892758131us.jpg 0.631893 0.607600 -0.320324 0.359062 287.138090 -43.060473 25.221445
slice6/query/img_02900_c0_1290444892891507us.jpg 0.631342 0.606752 -0.321266 0.360621 288.570676 -43.369356 25.296515
slice6/query/img_02901_c0_1290444892958115us.jpg 0.631214 0.606046 -0.322263 0.361143 289.289565 -43.526790 25.336827
slice6/query/img_02902_c0_1290444893024706us.jpg 0.631173 0.605614 -0.323158 0.361138 290.011587 -43.692214 25.375789
slice6/query/img_02903_c0_1290444893091445us.jpg 0.631314 0.605010 -0.324220 0.360952 290.732763 -43.862081 25.415581
slice6/query/img_02904_c0_1290444893224690us.jpg 0.632143 0.603219 -0.325499 0.361348 292.201365 -44.187559 25.497122
slice6/query/img_02905_c0_1290444893291408us.jpg 0.632644 0.602327 -0.325817 0.361672 292.937205 -44.357333 25.534119
slice6/query/img_02906_c0_1290444893358019us.jpg 0.632657 0.602072 -0.326312 0.361628 293.676677 -44.524228 25.573053
slice6/query/img_02907_c0_1290444893491742us.jpg 0.632296 0.602487 -0.326525 0.361376 295.169677 -44.850105 25.651889
slice6/query/img_02908_c0_1290444893557983us.jpg 0.632109 0.602405 -0.326642 0.361733 295.915072 -45.009111 25.690424
slice6/query/img_02909_c0_1290444893624594us.jpg 0.631905 0.602484 -0.326531 0.362060 296.658065 -45.168969 25.728978
slice6/query/img_02910_c0_1290444893691331us.jpg 0.631797 0.602533 -0.326237 0.362431 297.404885 -45.334800 25.766132
slice6/query/img_02911_c0_1290444893757945us.jpg 0.631546 0.602859 -0.325919 0.362610 298.149309 -45.493356 25.805574
slice6/query/img_02912_c0_1290444893891316us.jpg 0.631995 0.602728 -0.325848 0.362110 299.658718 -45.823451 25.893704
slice6/query/img_02913_c0_1290444893957906us.jpg 0.632494 0.602313 -0.326528 0.361318 300.417070 -45.988366 25.942720
slice6/query/img_02914_c0_1290444894024519us.jpg 0.633168 0.601841 -0.326877 0.360607 301.180273 -46.154864 25.992679
slice6/query/img_02915_c0_1290444894091256us.jpg 0.633925 0.601519 -0.326294 0.360343 301.948046 -46.333203 26.040826
slice6/query/img_02916_c0_1290444894224483us.jpg 0.634272 0.602284 -0.325233 0.359411 303.468878 -46.676339 26.101479
slice6/query/img_02917_c0_1290444894291219us.jpg 0.634270 0.602502 -0.325333 0.358960 304.234898 -46.840710 26.145294
slice6/query/img_02918_c0_1290444894357832us.jpg 0.634331 0.602801 -0.325075 0.358584 305.012929 -47.011120 26.187038
slice6/query/img_02919_c0_1290444894424445us.jpg 0.634322 0.603068 -0.324228 0.358916 305.784365 -47.177892 26.221449
slice6/query/img_02920_c0_1290444894557827us.jpg 0.633407 0.604701 -0.321425 0.360303 307.334510 -47.507492 26.292704
slice6/query/img_02921_c0_1290444894624408us.jpg 0.632869 0.605661 -0.320487 0.360471 308.114144 -47.680796 26.329949
slice6/query/img_02922_c0_1290444894757758us.jpg 0.632128 0.606736 -0.321401 0.359148 309.692440 -48.016060 26.421679
slice6/query/img_02923_c0_1290444894824368us.jpg 0.631805 0.606971 -0.322001 0.358781 310.486419 -48.183375 26.466556
slice6/query/img_02924_c0_1290444894891109us.jpg 0.631588 0.607141 -0.322163 0.358731 311.279928 -48.350926 26.503498
slice6/query/img_02925_c0_1290444895024331us.jpg 0.631530 0.607081 -0.321145 0.359844 312.879459 -48.693212 26.583181
slice6/query/img_02926_c0_1290444895091068us.jpg 0.631605 0.606972 -0.320541 0.360436 313.679610 -48.862486 26.621376
slice6/query/img_02927_c0_1290444895157680us.jpg 0.631703 0.606890 -0.320561 0.360383 314.481324 -49.037122 26.664044
slice6/query/img_02928_c0_1290444895224293us.jpg 0.631668 0.606587 -0.321589 0.360039 315.282607 -49.210243 26.711713
slice6/query/img_02929_c0_1290444895357643us.jpg 0.631462 0.606392 -0.324107 0.358469 316.913001 -49.562566 26.806601
slice6/query/img_02930_c0_1290444895424300us.jpg 0.631325 0.606202 -0.324501 0.358674 317.725722 -49.739216 26.846943
slice6/query/img_02931_c0_1290444895490993us.jpg 0.631158 0.606163 -0.324398 0.359126 318.539030 -49.912477 26.884353
slice6/query/img_02932_c0_1290444895624222us.jpg 0.631102 0.605484 -0.324703 0.360093 320.182178 -50.262299 26.959685
slice6/query/img_02933_c0_1290444895690978us.jpg 0.631276 0.604978 -0.324718 0.360626 321.000759 -50.444404 26.999863
slice6/query/img_02934_c0_1290444895757570us.jpg 0.631504 0.604261 -0.324716 0.361429 321.821525 -50.624196 27.039035
slice6/query/img_02935_c0_1290444895824181us.jpg 0.631582 0.603947 -0.324505 0.362007 322.647167 -50.800351 27.077269
slice6/query/img_02936_c0_1290444895957537us.jpg 0.631464 0.603510 -0.324607 0.362849 324.305619 -51.170408 27.158583
slice6/query/img_02937_c0_1290444896024143us.jpg 0.631262 0.603424 -0.325553 0.362495 325.134410 -51.358173 27.206708
slice6/query/img_02938_c0_1290444896157576us.jpg 0.630974 0.602846 -0.327645 0.362073 326.805002 -51.736443 27.302512
slice6/query/img_02939_c0_1290444896224125us.jpg 0.630803 0.602752 -0.327569 0.362597 327.634336 -51.924064 27.346002
slice6/query/img_02940_c0_1290444896424071us.jpg 0.630522 0.602317 -0.327049 0.364273 330.121275 -52.512605 27.474912
slice6/query/img_02941_c0_1290444896490808us.jpg 0.630377 0.602194 -0.327399 0.364415 330.956700 -52.710202 27.516990
slice6/query/img_02942_c0_1290444896557421us.jpg 0.629883 0.602500 -0.327733 0.364461 331.791544 -52.904841 27.560850
slice6/query/img_02943_c0_1290444896624033us.jpg 0.629150 0.602870 -0.327847 0.365014 332.624946 -53.101779 27.608921
slice6/query/img_02944_c0_1290444896757385us.jpg 0.627907 0.603743 -0.327168 0.366317 334.298787 -53.496750 27.696942
slice6/query/img_02945_c0_1290444896823997us.jpg 0.627451 0.604119 -0.327172 0.366476 335.143322 -53.696751 27.744270
slice6/query/img_02946_c0_1290444896890733us.jpg 0.627033 0.604479 -0.327604 0.366211 335.987374 -53.893795 27.792587
slice6/query/img_02947_c0_1290444896957345us.jpg 0.626967 0.604471 -0.328424 0.365603 336.831493 -54.093398 27.842646
slice6/query/img_02948_c0_1290444897023955us.jpg 0.627168 0.604255 -0.329186 0.364928 337.676654 -54.298915 27.891030
slice6/query/img_02949_c0_1290444897157332us.jpg 0.628152 0.603453 -0.329630 0.364162 339.365363 -54.704513 27.986630
slice6/query/img_02950_c0_1290444897223922us.jpg 0.628881 0.603039 -0.329296 0.363891 340.219903 -54.907422 28.027553
slice6/query/img_02951_c0_1290444897290659us.jpg 0.629634 0.602381 -0.329291 0.363684 341.069466 -55.112098 28.070470
slice6/query/img_02952_c0_1290444897423907us.jpg 0.630579 0.601682 -0.329722 0.362812 342.771660 -55.511338 28.157700
slice6/query/img_02953_c0_1290444897490620us.jpg 0.630736 0.601824 -0.329825 0.362210 343.625445 -55.715284 28.201964
slice6/query/img_02954_c0_1290444897557233us.jpg 0.630637 0.602264 -0.329730 0.361735 344.481488 -55.914703 28.242814
slice6/query/img_02955_c0_1290444897623846us.jpg 0.630574 0.602595 -0.329259 0.361722 345.339821 -56.112991 28.281596
slice6/query/img_02956_c0_1290444897757240us.jpg 0.630522 0.603268 -0.327969 0.361865 347.055789 -56.516659 28.361268
slice6/query/img_02957_c0_1290444897823809us.jpg 0.630643 0.603399 -0.327635 0.361738 347.914193 -56.719266 28.402252
slice6/query/img_02958_c0_1290444897890546us.jpg 0.630942 0.603617 -0.327379 0.361083 348.778107 -56.922643 28.443326
slice6/query/img_02959_c0_1290444897957158us.jpg 0.631486 0.603514 -0.327104 0.360555 349.641933 -57.123135 28.483485
slice6/query/img_02960_c0_1290444898023771us.jpg 0.632201 0.603220 -0.327383 0.359539 350.503225 -57.324747 28.526477
slice6/query/img_02961_c0_1290444898157122us.jpg 0.633985 0.602187 -0.328173 0.357402 352.232112 -57.722137 28.612756
slice6/query/img_02962_c0_1290444898223733us.jpg 0.635022 0.601434 -0.328209 0.356796 353.103363 -57.921793 28.654046
slice6/query/img_02963_c0_1290444898290471us.jpg 0.636200 0.600710 -0.327354 0.356702 353.964256 -58.120511 28.692741
slice6/query/img_02964_c0_1290444898357083us.jpg 0.637109 0.600284 -0.325912 0.357118 354.833230 -58.316391 28.734800
slice6/query/img_02965_c0_1290444898490457us.jpg 0.638192 0.599914 -0.323283 0.358194 356.587933 -58.696770 28.821180
slice6/query/img_02966_c0_1290444898557052us.jpg 0.638090 0.600369 -0.322839 0.358012 357.471428 -58.884294 28.866530
slice6/query/img_02967_c0_1290444898623659us.jpg 0.637482 0.601338 -0.322529 0.357749 358.354813 -59.067565 28.915075
slice6/query/img_02968_c0_1290444898690396us.jpg 0.636667 0.602443 -0.322316 0.357534 359.238255 -59.253281 28.963912
