slice6/query/img_03480_c0_1292959241594119us.jpg 0.579991 0.534870 -0.420449 0.448049 233.504644 -30.241954 22.422759
slice6/query/img_03482_c0_1292959241727471us.jpg 0.591145 0.549089 -0.403874 0.431202 234.175788 -30.652488 22.455108
slice6/query/img_03483_c0_1292959241794098us.jpg 0.596488 0.555508 -0.395475 0.423335 234.518761 -30.842347 22.471676
slice6/query/img_03485_c0_1292959241994120us.jpg 0.611976 0.571800 -0.370533 0.401543 235.598960 -31.362994 22.516022
slice6/query/img_03487_c0_1292959242127476us.jpg 0.620524 0.581435 -0.355253 0.388173 236.359243 -31.667546 22.548885
slice6/query/img_03489_c0_1292959242260853us.jpg 0.627199 0.590614 -0.341769 0.375486 237.149679 -31.937060 22.588999
slice6/query/img_03490_c0_1292959242327479us.jpg 0.629930 0.594595 -0.335881 0.369903 237.557620 -32.055190 22.612421
slice6/query/img_03491_c0_1292959242460880us.jpg 0.633923 0.602161 -0.324666 0.360744 238.396721 -32.270699 22.653717
slice6/query/img_03492_c0_1292959242527501us.jpg 0.635211 0.605593 -0.319581 0.357256 238.824320 -32.367806 22.671206
slice6/query/img_03494_c0_1292959242660857us.jpg 0.636072 0.610669 -0.312227 0.353567 239.711313 -32.539079 22.712189
slice6/query/img_03495_c0_1292959242727481us.jpg 0.636184 0.612094 -0.309922 0.352930 240.159926 -32.619763 22.733340
slice6/query/img_03496_c0_1292959242860880us.jpg 0.636192 0.613995 -0.307023 0.352145 241.066048 -32.778941 22.779873
slice6/query/img_03497_c0_1292959242927482us.jpg 0.636382 0.614401 -0.306742 0.351340 241.520912 -32.861095 22.808371
slice6/query/img_03499_c0_1292959243060859us.jpg 0.637615 0.614029 -0.307498 0.349084 242.448501 -33.024447 22.871278
slice6/query/img_03500_c0_1292959243127486us.jpg 0.637923 0.613995 -0.307954 0.348181 242.915103 -33.107679 22.901197
slice6/query/img_03501_c0_1292959243260882us.jpg 0.638251 0.613305 -0.309396 0.347515 243.865859 -33.265641 22.958497
slice6/query/img_03502_c0_1292959243327484us.jpg 0.637962 0.612965 -0.310267 0.347870 244.349021 -33.343462 22.982782
slice6/query/img_03503_c0_1292959243460887us.jpg 0.635873 0.614000 -0.310820 0.349371 245.315339 -33.502678 23.028598
slice6/query/img_03504_c0_1292959243527487us.jpg 0.634980 0.614387 -0.311126 0.350043 245.801294 -33.587130 23.053691
slice6/query/img_03505_c0_1292959243594112us.jpg 0.634707 0.613913 -0.311685 0.350870 246.299111 -33.675205 23.077440
slice6/query/img_03507_c0_1292959243727488us.jpg 0.634581 0.612476 -0.312570 0.352817 247.299705 -33.852613 23.127942
slice6/query/img_03508_c0_1292959243860888us.jpg 0.634694 0.611121 -0.313765 0.353900 248.322887 -34.043590 23.182710
slice6/query/img_03509_c0_1292959243927492us.jpg 0.634578 0.610459 -0.314660 0.354456 248.839103 -34.140370 23.213344
slice6/query/img_03510_c0_1292959243994116us.jpg 0.634179 0.610174 -0.315519 0.354897 249.358546 -34.239120 23.241334
slice6/query/img_03511_c0_1292959244060866us.jpg 0.633385 0.610250 -0.316317 0.355474 249.879137 -34.338856 23.270344
slice6/query/img_03512_c0_1292959244127492us.jpg 0.632588 0.610311 -0.317114 0.356079 250.403489 -34.439141 23.299703
slice6/query/img_03513_c0_1292959244260870us.jpg 0.631325 0.609950 -0.318355 0.357826 251.462006 -34.643375 23.355094
slice6/query/img_03514_c0_1292959244327517us.jpg 0.630740 0.609893 -0.318651 0.358689 251.994733 -34.751973 23.382067
slice6/query/img_03515_c0_1292959244394120us.jpg 0.630375 0.609499 -0.319220 0.359495 252.529341 -34.860595 23.410354
slice6/query/img_03517_c0_1292959244527497us.jpg 0.630887 0.607570 -0.320957 0.360314 253.617389 -35.088114 23.471988
slice6/query/img_03518_c0_1292959244594123us.jpg 0.630657 0.607332 -0.321699 0.360457 254.157810 -35.201876 23.501123
slice6/query/img_03519_c0_1292959244727520us.jpg 0.630660 0.606754 -0.322700 0.360530 255.269898 -35.437299 23.564760
slice6/query/img_03521_c0_1292959244860874us.jpg 0.631381 0.605319 -0.323701 0.360783 256.386726 -35.691824 23.629754
slice6/query/img_03522_c0_1292959244927505us.jpg 0.631261 0.605121 -0.324051 0.361012 256.954495 -35.816621 23.661758
slice6/query/img_03523_c0_1292959244994125us.jpg 0.631040 0.605228 -0.323932 0.361326 257.524999 -35.940836 23.686574
slice6/query/img_03524_c0_1292959245127506us.jpg 0.630222 0.605989 -0.323653 0.361727 258.675770 -36.194102 23.741764
slice6/query/img_03526_c0_1292959245260878us.jpg 0.630520 0.605292 -0.324549 0.361571 259.840626 -36.456505 23.807907
slice6/query/img_03527_c0_1292959245327503us.jpg 0.630400 0.605137 -0.324742 0.361867 260.431525 -36.583431 23.837662
slice6/query/img_03528_c0_1292959245394129us.jpg 0.629927 0.605516 -0.324562 0.362217 261.024328 -36.714422 23.867917
slice6/query/img_03529_c0_1292959245460879us.jpg 0.629500 0.605818 -0.324453 0.362553 261.618623 -36.845765 23.897471
slice6/query/img_03530_c0_1292959245594152us.jpg 0.628674 0.606387 -0.324326 0.363147 262.825263 -37.114606 23.959156
slice6/query/img_03531_c0_1292959245660881us.jpg 0.628079 0.606900 -0.324395 0.363258 263.434227 -37.247816 23.987799
slice6/query/img_03533_c0_1292959245794132us.jpg 0.627425 0.607214 -0.324686 0.363604 264.658524 -37.518888 24.050600
slice6/query/img_03534_c0_1292959245860882us.jpg 0.627222 0.607201 -0.324596 0.364058 265.273939 -37.656628 24.082187
slice6/query/img_03535_c0_1292959245994155us.jpg 0.627333 0.606429 -0.324679 0.365076 266.519877 -37.935883 24.150977
slice6/query/img_03536_c0_1292959246060883us.jpg 0.627264 0.606314 -0.324850 0.365233 267.147582 -38.079500 24.184803
slice6/query/img_03537_c0_1292959246127514us.jpg 0.627101 0.606449 -0.324837 0.365301 267.776438 -38.224953 24.219610
slice6/query/img_03538_c0_1292959246194135us.jpg 0.627295 0.606237 -0.324966 0.365204 268.408751 -38.372352 24.254852
slice6/query/img_03539_c0_1292959246260884us.jpg 0.627669 0.605680 -0.324992 0.365463 269.044059 -38.516543 24.289413
slice6/query/img_03540_c0_1292959246394159us.jpg 0.628515 0.604240 -0.325011 0.366375 270.326140 -38.813278 24.361452
slice6/query/img_03541_c0_1292959246460914us.jpg 0.628851 0.603555 -0.325299 0.366673 270.969642 -38.963119 24.399346
slice6/query/img_03542_c0_1292959246527513us.jpg 0.628764 0.603581 -0.325449 0.366647 271.616257 -39.114148 24.436386
slice6/query/img_03543_c0_1292959246594138us.jpg 0.628421 0.604074 -0.325701 0.366197 272.265927 -39.266492 24.473894
slice6/query/img_03545_c0_1292959246794159us.jpg 0.627854 0.604542 -0.327111 0.365138 274.234946 -39.720695 24.591019
slice6/query/img_03546_c0_1292959246860890us.jpg 0.628179 0.603880 -0.328137 0.364755 274.898281 -39.873132 24.627491
slice6/query/img_03547_c0_1292959246927516us.jpg 0.628752 0.603004 -0.328980 0.364458 275.563600 -40.030440 24.663225
slice6/query/img_03548_c0_1292959246994141us.jpg 0.629057 0.602556 -0.329518 0.364185 276.225156 -40.185601 24.699290
slice6/query/img_03549_c0_1292959247127541us.jpg 0.630545 0.601213 -0.329095 0.364215 277.557387 -40.503534 24.769459
slice6/query/img_03550_c0_1292959247194164us.jpg 0.631864 0.599993 -0.328637 0.364354 278.223474 -40.665188 24.802386
slice6/query/img_03551_c0_1292959247260892us.jpg 0.633050 0.598953 -0.328516 0.364117 278.892496 -40.828192 24.835829
slice6/query/img_03552_c0_1292959247327520us.jpg 0.633609 0.598416 -0.328711 0.363849 279.564696 -40.989931 24.873515
slice6/query/img_03553_c0_1292959247394144us.jpg 0.633484 0.598612 -0.328772 0.363691 280.241277 -41.147271 24.911693
slice6/query/img_03554_c0_1292959247527544us.jpg 0.632334 0.599426 -0.328547 0.364554 281.602510 -41.459362 24.982739
slice6/query/img_03555_c0_1292959247594144us.jpg 0.631665 0.599982 -0.328278 0.365041 282.287043 -41.617767 25.015065
slice6/query/img_03556_c0_1292959247660894us.jpg 0.630742 0.601077 -0.327899 0.365176 282.970607 -41.775033 25.049370
slice6/query/img_03557_c0_1292959247727519us.jpg 0.630191 0.601822 -0.327693 0.365085 283.655709 -41.935909 25.084712
slice6/query/img_03558_c0_1292959247794147us.jpg 0.630107 0.602186 -0.327853 0.364485 284.343562 -42.100260 25.122287
slice6/query/img_03559_c0_1292959247927544us.jpg 0.630619 0.601674 -0.328423 0.363931 285.728589 -42.427753 25.199692
slice6/query/img_03560_c0_1292959247994145us.jpg 0.630701 0.601541 -0.328670 0.363787 286.423335 -42.591566 25.236664
slice6/query/img_03561_c0_1292959248128144us.jpg 0.630016 0.602225 -0.328273 0.364199 287.816290 -42.919178 25.305051
slice6/query/img_03562_c0_1292959248194168us.jpg 0.629873 0.602220 -0.328168 0.364552 288.515523 -43.080626 25.340964
slice6/query/img_03563_c0_1292959248260897us.jpg 0.629855 0.602112 -0.328234 0.364700 289.215429 -43.244617 25.376380
slice6/query/img_03564_c0_1292959248327524us.jpg 0.629744 0.602276 -0.328566 0.364320 289.915853 -43.411012 25.414744
slice6/query/img_03565_c0_1292959248460923us.jpg 0.630282 0.602028 -0.329291 0.363144 291.329683 -43.751118 25.493391
slice6/query/img_03566_c0_1292959248527526us.jpg 0.630896 0.601501 -0.329209 0.363028 292.036907 -43.919130 25.532364
slice6/query/img_03567_c0_1292959248594151us.jpg 0.631610 0.600747 -0.329254 0.362993 292.745918 -44.088452 25.568952
slice6/query/img_03568_c0_1292959248727529us.jpg 0.631422 0.601067 -0.329214 0.362826 294.175075 -44.421687 25.641776
slice6/query/img_03569_c0_1292959248794152us.jpg 0.630952 0.601512 -0.329343 0.362789 294.895187 -44.586291 25.677942
slice6/query/img_03570_c0_1292959248860905us.jpg 0.630429 0.601910 -0.329370 0.363014 295.610874 -44.748165 25.712899
slice6/query/img_03571_c0_1292959248994173us.jpg 0.630083 0.602181 -0.329008 0.363493 297.056184 -45.087936 25.781719
slice6/query/img_03572_c0_1292959249127537us.jpg 0.629906 0.602592 -0.328370 0.363695 298.512086 -45.429830 25.848893
slice6/query/img_03573_c0_1292959249194181us.jpg 0.630181 0.602237 -0.328768 0.363448 299.241137 -45.599800 25.888251
slice6/query/img_03574_c0_1292959249260908us.jpg 0.630687 0.601742 -0.329317 0.362893 299.972318 -45.775058 25.927082
slice6/query/img_03575_c0_1292959249327534us.jpg 0.631029 0.601346 -0.329877 0.362446 300.701054 -45.946996 25.966839
slice6/query/img_03576_c0_1292959249394160us.jpg 0.631444 0.600746 -0.330196 0.362425 301.431479 -46.120092 26.005025
slice6/query/img_03577_c0_1292959249527550us.jpg 0.631161 0.601390 -0.329468 0.362515 302.897077 -46.464206 26.076236
slice6/query/img_03578_c0_1292959249594181us.jpg 0.630854 0.601796 -0.329482 0.362364 303.631915 -46.638031 26.112735
slice6/query/img_03579_c0_1292959249660910us.jpg 0.630480 0.602103 -0.329705 0.362301 304.370508 -46.812698 26.149801
slice6/query/img_03580_c0_1292959249727537us.jpg 0.630245 0.602264 -0.329746 0.362404 305.107449 -46.988364 26.185160
slice6/query/img_03581_c0_1292959249794163us.jpg 0.630089 0.602189 -0.329415 0.363100 305.841496 -47.157085 26.220201
slice6/query/img_03582_c0_1292959249927542us.jpg 0.629559 0.602857 -0.327173 0.364934 307.319756 -47.503049 26.286156
slice6/query/img_03583_c0_1292959249994164us.jpg 0.629410 0.603057 -0.326867 0.365135 308.061320 -47.676025 26.322191
slice6/query/img_03584_c0_1292959250060914us.jpg 0.629243 0.603407 -0.327215 0.364532 308.805287 -47.851254 26.367094
slice6/query/img_03585_c0_1292959250127540us.jpg 0.629197 0.603470 -0.328074 0.363734 309.551806 -48.028068 26.412767
slice6/query/img_03586_c0_1292959250194166us.jpg 0.629230 0.603436 -0.328835 0.363045 310.297887 -48.204273 26.453173
slice6/query/img_03587_c0_1292959250327546us.jpg 0.629072 0.603817 -0.328454 0.363030 311.794823 -48.556837 26.529795
slice6/query/img_03588_c0_1292959250394188us.jpg 0.629390 0.603518 -0.327782 0.363582 312.542585 -48.729854 26.562343
slice6/query/img_03589_c0_1292959250460918us.jpg 0.629619 0.603504 -0.326861 0.364039 313.291226 -48.905662 26.598353
slice6/query/img_03590_c0_1292959250527544us.jpg 0.629832 0.603541 -0.326341 0.364077 314.042610 -49.080443 26.637703
slice6/query/img_03591_c0_1292959250594170us.jpg 0.629985 0.603496 -0.326799 0.363476 314.793414 -49.256636 26.681304
slice6/query/img_03592_c0_1292959250727550us.jpg 0.630486 0.603369 -0.328922 0.360894 316.307583 -49.609109 26.772555
slice6/query/img_03593_c0_1292959250794191us.jpg 0.630826 0.603127 -0.329438 0.360231 317.065274 -49.783096 26.815572
slice6/query/img_03594_c0_1292959250860921us.jpg 0.631052 0.603059 -0.329076 0.360281 317.819260 -49.956796 26.854452
slice6/query/img_03595_c0_1292959250927547us.jpg 0.631304 0.602946 -0.328657 0.360411 318.579064 -50.129926 26.890016
slice6/query/img_03596_c0_1292959251060920us.jpg 0.631576 0.603031 -0.327889 0.360491 320.103461 -50.473721 26.962613
slice6/query/img_03597_c0_1292959251127549us.jpg 0.631869 0.602750 -0.327761 0.360564 320.864834 -50.649807 27.000824
slice6/query/img_03598_c0_1292959251194173us.jpg 0.632200 0.602358 -0.327493 0.360882 321.625964 -50.822716 27.038602
slice6/query/img_03599_c0_1292959251327553us.jpg 0.632456 0.602353 -0.326487 0.361354 323.157971 -51.171683 27.117034
slice6/query/img_03600_c0_1292959251394175us.jpg 0.632524 0.602564 -0.326306 0.361047 323.927103 -51.348615 27.158033
slice6/query/img_03601_c0_1292959251460926us.jpg 0.632595 0.602763 -0.326517 0.360398 324.695553 -51.524668 27.201130
slice6/query/img_03602_c0_1292959251527551us.jpg 0.632818 0.602578 -0.327264 0.359639 325.465268 -51.700512 27.244388
slice6/query/img_03603_c0_1292959251594177us.jpg 0.633027 0.602459 -0.327648 0.359120 326.235839 -51.873459 27.287404
slice6/query/img_03604_c0_1292959251727570us.jpg 0.633118 0.602524 -0.326685 0.359726 327.785946 -52.219122 27.364516
slice6/query/img_03605_c0_1292959251794199us.jpg 0.632900 0.602925 -0.325674 0.360353 328.552377 -52.397316 27.405089
slice6/query/img_03606_c0_1292959251860947us.jpg 0.632776 0.603211 -0.325088 0.360623 329.323058 -52.572271 27.445675
slice6/query/img_03607_c0_1292959251927555us.jpg 0.632605 0.603502 -0.324898 0.360607 330.100120 -52.747446 27.488047
slice6/query/img_03608_c0_1292959251994180us.jpg 0.632196 0.604111 -0.324775 0.360416 330.875756 -52.920390 27.531216
slice6/query/img_03609_c0_1292959252127557us.jpg 0.631398 0.605069 -0.324596 0.360369 332.428599 -53.263445 27.615895
slice6/query/img_03610_c0_1292959252194201us.jpg 0.630985 0.605523 -0.324034 0.360835 333.213951 -53.431229 27.657644
slice6/query/img_03611_c0_1292959252260932us.jpg 0.630461 0.606019 -0.323636 0.361275 333.997138 -53.599395 27.702681
slice6/query/img_03612_c0_1292959252327557us.jpg 0.630040 0.606508 -0.323549 0.361268 334.774922 -53.771265 27.742587
slice6/query/img_03613_c0_1292959252460957us.jpg 0.629319 0.607401 -0.324449 0.360215 336.352258 -54.114751 27.829301
slice6/query/img_03614_c0_1292959252527578us.jpg 0.629501 0.607341 -0.325050 0.359456 337.143604 -54.284760 27.869805
slice6/query/img_03615_c0_1292959252594184us.jpg 0.629805 0.607088 -0.325277 0.359144 337.934331 -54.457173 27.910874
slice6/query/img_03616_c0_1292959252660934us.jpg 0.630295 0.606469 -0.325679 0.358966 338.716926 -54.635212 27.951937
slice6/query/img_03617_c0_1292959252794193us.jpg 0.631228 0.605700 -0.325244 0.359020 340.298687 -54.987602 28.025335
slice6/query/img_03618_c0_1292959252860936us.jpg 0.631511 0.605370 -0.325379 0.358956 341.089873 -55.164038 28.067478
slice6/query/img_03619_c0_1292959252927561us.jpg 0.631720 0.605191 -0.325606 0.358685 341.880426 -55.340812 28.107523
slice6/query/img_03620_c0_1292959252994187us.jpg 0.631752 0.605074 -0.326048 0.358423 342.672207 -55.513093 28.149455
slice6/query/img_03621_c0_1292959253060938us.jpg 0.631601 0.605247 -0.326495 0.357991 343.458539 -55.690124 28.190891
slice6/query/img_03622_c0_1292959253194191us.jpg 0.631075 0.605727 -0.326395 0.358199 345.058738 -56.032440 28.267634
slice6/query/img_03623_c0_1292959253260937us.jpg 0.630908 0.605813 -0.326040 0.358670 345.851479 -56.205277 28.303874
slice6/query/img_03624_c0_1292959253327564us.jpg 0.630714 0.605884 -0.325788 0.359119 346.646757 -56.379844 28.339942
slice6/query/img_03625_c0_1292959253460941us.jpg 0.630254 0.605935 -0.326152 0.359511 348.253727 -56.724485 28.421551
slice6/query/img_03626_c0_1292959253527564us.jpg 0.630203 0.605923 -0.326202 0.359574 349.057487 -56.898780 28.462036
slice6/query/img_03627_c0_1292959253594189us.jpg 0.630312 0.605579 -0.326688 0.359523 349.856501 -57.076283 28.501395
slice6/query/img_03628_c0_1292959253660940us.jpg 0.630506 0.605328 -0.327135 0.359197 350.657150 -57.257236 28.543599
slice6/query/img_03629_c0_1292959253794214us.jpg 0.631378 0.604040 -0.328617 0.358482 352.256690 -57.620930 28.626374
slice6/query/img_03630_c0_1292959253860943us.jpg 0.631966 0.603244 -0.328969 0.358463 353.063648 -57.805916 28.666291
slice6/query/img_03631_c0_1292959253927569us.jpg 0.632754 0.602167 -0.328798 0.359040 353.866881 -57.988068 28.702406
slice6/query/img_03632_c0_1292959253994194us.jpg 0.633327 0.601582 -0.327803 0.359919 354.669165 -58.170807 28.738659
slice6/query/img_03633_c0_1292959254127568us.jpg 0.634034 0.600466 -0.326257 0.361936 356.273836 -58.534786 28.811511
slice6/query/img_03634_c0_1292959254260965us.jpg 0.633619 0.600615 -0.326710 0.362007 357.892278 -58.897823 28.902149
slice6/query/img_03635_c0_1292959254327572us.jpg 0.633084 0.601153 -0.326886 0.361891 358.703986 -59.079498 28.948874
slice6/query/img_03636_c0_1292959254394198us.jpg 0.632643 0.601630 -0.327061 0.361712 359.512373 -59.261415 28.993978
