slice6/query/img_02758_c0_1299250775045864us.jpg 0.576300 0.532831 -0.423969 0.451907 234.072916 -30.268442 22.394969
slice6/query/img_02759_c0_1299250775112489us.jpg 0.581509 0.537216 -0.418040 0.445520 234.448922 -30.510606 22.402875
slice6/query/img_02760_c0_1299250775245870us.jpg 0.590210 0.546980 -0.405048 0.434052 235.230997 -30.973064 22.438101
slice6/query/img_02761_c0_1299250775312515us.jpg 0.594344 0.551456 -0.398576 0.428706 235.619570 -31.194480 22.456739
slice6/query/img_02762_c0_1299250775445868us.jpg 0.602579 0.559136 -0.386384 0.418297 236.437637 -31.607383 22.494941
slice6/query/img_02763_c0_1299250775512493us.jpg 0.606383 0.563096 -0.380348 0.412986 236.859108 -31.808619 22.512856
slice6/query/img_02765_c0_1299250775645869us.jpg 0.613268 0.570713 -0.368850 0.402663 237.723895 -32.187833 22.560663
slice6/query/img_02766_c0_1299250775779298us.jpg 0.619582 0.577070 -0.358477 0.393196 238.623162 -32.537220 22.604095
slice6/query/img_02767_c0_1299250775845869us.jpg 0.622125 0.580425 -0.353176 0.389017 239.087900 -32.695077 22.629416
slice6/query/img_02768_c0_1299250775912495us.jpg 0.624303 0.583579 -0.348321 0.385167 239.552615 -32.844230 22.658033
slice6/query/img_02769_c0_1299250776045900us.jpg 0.629089 0.589044 -0.338760 0.377513 240.502399 -33.143185 22.709293
slice6/query/img_02770_c0_1299250776112497us.jpg 0.631394 0.591258 -0.334648 0.373854 240.987706 -33.283521 22.736073
slice6/query/img_02771_c0_1299250776179247us.jpg 0.632691 0.594297 -0.331255 0.369842 241.482859 -33.414624 22.766228
slice6/query/img_02772_c0_1299250776245870us.jpg 0.633512 0.597219 -0.328563 0.366112 241.981523 -33.542236 22.793922
slice6/query/img_02773_c0_1299250776379252us.jpg 0.635267 0.601368 -0.324283 0.360046 242.996306 -33.782067 22.853656
slice6/query/img_02774_c0_1299250776445873us.jpg 0.635966 0.602926 -0.322433 0.357861 243.514976 -33.899918 22.880682
slice6/query/img_02775_c0_1299250776512499us.jpg 0.636479 0.604180 -0.320569 0.356505 244.031135 -34.012396 22.907004
slice6/query/img_02777_c0_1299250776712500us.jpg 0.636632 0.608472 -0.315820 0.353156 245.613371 -34.337516 22.980786
slice6/query/img_02778_c0_1299250776779251us.jpg 0.636995 0.608807 -0.315129 0.352541 246.150014 -34.444012 23.008478
slice6/query/img_02779_c0_1299250776845875us.jpg 0.637181 0.609060 -0.314494 0.352335 246.689047 -34.545073 23.039108
slice6/query/img_02781_c0_1299250777045882us.jpg 0.637064 0.610624 -0.311946 0.352104 248.333574 -34.853241 23.122533
slice6/query/img_02782_c0_1299250777112501us.jpg 0.636813 0.611055 -0.311643 0.352080 248.883527 -34.958601 23.151114
slice6/query/img_02783_c0_1299250777179252us.jpg 0.636379 0.611375 -0.311832 0.352140 249.438149 -35.057363 23.181424
slice6/query/img_02784_c0_1299250777312507us.jpg 0.635180 0.611726 -0.312758 0.352875 250.571396 -35.255368 23.245628
slice6/query/img_02785_c0_1299250777379279us.jpg 0.634293 0.612151 -0.313051 0.353472 251.130773 -35.360458 23.273045
slice6/query/img_02786_c0_1299250777445879us.jpg 0.633445 0.612541 -0.313170 0.354211 251.694886 -35.464746 23.302605
slice6/query/img_02787_c0_1299250777512504us.jpg 0.632931 0.612562 -0.313517 0.354786 252.268441 -35.571932 23.333352
slice6/query/img_02788_c0_1299250777645903us.jpg 0.632622 0.611777 -0.315185 0.355214 253.426469 -35.790346 23.400218
slice6/query/img_02789_c0_1299250777712504us.jpg 0.632655 0.611066 -0.316151 0.355519 254.002642 -35.907732 23.433805
slice6/query/img_02790_c0_1299250777779255us.jpg 0.632897 0.610320 -0.316946 0.355664 254.583647 -36.028523 23.463924
slice6/query/img_02791_c0_1299250777912534us.jpg 0.632665 0.609127 -0.318593 0.356648 255.763640 -36.258587 23.525392
slice6/query/img_02792_c0_1299250777979255us.jpg 0.632561 0.608621 -0.319248 0.357110 256.351882 -36.382642 23.558533
slice6/query/img_02793_c0_1299250778045880us.jpg 0.632523 0.607999 -0.319862 0.357685 256.945768 -36.505457 23.589827
slice6/query/img_02794_c0_1299250778179260us.jpg 0.631852 0.607346 -0.320625 0.359296 258.148805 -36.758131 23.652134
slice6/query/img_02795_c0_1299250778312533us.jpg 0.630813 0.607228 -0.321605 0.360443 259.357136 -37.016088 23.715605
slice6/query/img_02796_c0_1299250778379258us.jpg 0.630357 0.607032 -0.322254 0.360991 259.967099 -37.141736 23.749288
slice6/query/img_02797_c0_1299250778445884us.jpg 0.629984 0.606825 -0.322680 0.361608 260.575531 -37.280435 23.779515
slice6/query/img_02798_c0_1299250778579289us.jpg 0.629457 0.606421 -0.323285 0.362662 261.803464 -37.557275 23.847985
slice6/query/img_02799_c0_1299250778645885us.jpg 0.629192 0.606455 -0.323328 0.363027 262.421700 -37.703736 23.881171
slice6/query/img_02801_c0_1299250778779261us.jpg 0.628906 0.606369 -0.323760 0.363282 263.656400 -38.001450 23.947142
slice6/query/img_02802_c0_1299250778912516us.jpg 0.628754 0.606262 -0.323696 0.363780 264.914493 -38.296808 24.016109
slice6/query/img_02803_c0_1299250778979269us.jpg 0.628936 0.605966 -0.323611 0.364035 265.545957 -38.450487 24.052108
slice6/query/img_02804_c0_1299250779045888us.jpg 0.628924 0.605849 -0.323652 0.364212 266.172688 -38.601416 24.088337
slice6/query/img_02805_c0_1299250779179291us.jpg 0.628716 0.606143 -0.323679 0.364057 267.442292 -38.907964 24.158110
slice6/query/img_02806_c0_1299250779245914us.jpg 0.629061 0.606160 -0.323331 0.363743 268.089277 -39.064108 24.193608
slice6/query/img_02807_c0_1299250779312514us.jpg 0.629455 0.605968 -0.322999 0.363677 268.731580 -39.217992 24.227803
slice6/query/img_02808_c0_1299250779379264us.jpg 0.630162 0.605374 -0.322612 0.363786 269.375297 -39.370096 24.260706
slice6/query/img_02809_c0_1299250779512562us.jpg 0.631279 0.604125 -0.322454 0.364065 270.671765 -39.669574 24.333782
slice6/query/img_02810_c0_1299250779579289us.jpg 0.631324 0.604241 -0.322183 0.364034 271.307102 -39.818334 24.371191
slice6/query/img_02811_c0_1299250779645892us.jpg 0.631378 0.604572 -0.322019 0.363536 271.946039 -39.960847 24.405262
slice6/query/img_02812_c0_1299250779779296us.jpg 0.631226 0.605524 -0.321846 0.362366 273.287098 -40.247677 24.487661
slice6/query/img_02813_c0_1299250779845916us.jpg 0.631393 0.605724 -0.321894 0.361696 273.963000 -40.406665 24.524166
slice6/query/img_02814_c0_1299250779912518us.jpg 0.631622 0.605535 -0.322768 0.360834 274.619721 -40.556324 24.557978
slice6/query/img_02815_c0_1299250779979267us.jpg 0.631875 0.605429 -0.323378 0.360023 275.289342 -40.705942 24.592547
slice6/query/img_02816_c0_1299250780112548us.jpg 0.632130 0.605625 -0.323411 0.359215 276.654498 -41.000250 24.668368
slice6/query/img_02817_c0_1299250780179270us.jpg 0.632820 0.605352 -0.322619 0.359172 277.334652 -41.149607 24.701877
slice6/query/img_02818_c0_1299250780245895us.jpg 0.633878 0.604663 -0.321712 0.359281 278.017158 -41.305305 24.731159
slice6/query/img_02819_c0_1299250780312521us.jpg 0.635074 0.603777 -0.320935 0.359354 278.699855 -41.460922 24.760533
slice6/query/img_02820_c0_1299250780445921us.jpg 0.635708 0.603464 -0.320096 0.359508 280.077171 -41.753016 24.837278
slice6/query/img_02821_c0_1299250780512543us.jpg 0.635533 0.603754 -0.319905 0.359501 280.769749 -41.901744 24.874105
slice6/query/img_02822_c0_1299250780579271us.jpg 0.635256 0.604109 -0.319753 0.359527 281.465993 -42.046161 24.912308
slice6/query/img_02823_c0_1299250780645895us.jpg 0.634744 0.604666 -0.319557 0.359671 282.164096 -42.189323 24.948080
slice6/query/img_02824_c0_1299250780779276us.jpg 0.633710 0.605927 -0.319441 0.359474 283.573511 -42.480307 25.026819
slice6/query/img_02825_c0_1299250780845898us.jpg 0.633409 0.606344 -0.319629 0.359134 284.280353 -42.625256 25.065385
slice6/query/img_02826_c0_1299250780912523us.jpg 0.633302 0.606534 -0.319803 0.358847 284.990183 -42.771275 25.101185
slice6/query/img_02827_c0_1299250780979276us.jpg 0.633159 0.606669 -0.320002 0.358694 285.703832 -42.921371 25.140168
slice6/query/img_02828_c0_1299250781112552us.jpg 0.632102 0.607180 -0.320504 0.359244 287.126230 -43.218953 25.220364
slice6/query/img_02829_c0_1299250781179278us.jpg 0.631810 0.607074 -0.320702 0.359761 287.841966 -43.370897 25.256837
slice6/query/img_02830_c0_1299250781245922us.jpg 0.631599 0.606782 -0.321025 0.360335 288.561805 -43.519934 25.289780
slice6/query/img_02831_c0_1299250781312525us.jpg 0.631433 0.606435 -0.321584 0.360712 289.286169 -43.670200 25.327342
slice6/query/img_02832_c0_1299250781379276us.jpg 0.631349 0.606214 -0.322403 0.360498 290.010157 -43.820673 25.365782
slice6/query/img_02833_c0_1299250781512558us.jpg 0.631688 0.605306 -0.323956 0.360037 291.434580 -44.167183 25.461321
slice6/query/img_02834_c0_1299250781579280us.jpg 0.632459 0.604020 -0.324410 0.360436 292.161538 -44.325480 25.501883
slice6/query/img_02835_c0_1299250781645930us.jpg 0.632988 0.603109 -0.324782 0.360698 292.889012 -44.495923 25.538734
slice6/query/img_02836_c0_1299250781712529us.jpg 0.632891 0.602860 -0.325233 0.360877 293.619842 -44.667222 25.577094
slice6/query/img_02837_c0_1299250781779279us.jpg 0.632384 0.603065 -0.325524 0.361160 294.351378 -44.839340 25.615595
slice6/query/img_02838_c0_1299250781912529us.jpg 0.631150 0.603492 -0.326408 0.361808 295.833178 -45.188600 25.687896
slice6/query/img_02839_c0_1299250781979309us.jpg 0.630585 0.603533 -0.326697 0.362462 296.573030 -45.367555 25.728271
slice6/query/img_02840_c0_1299250782045911us.jpg 0.629976 0.603698 -0.326878 0.363082 297.314198 -45.541919 25.763959
slice6/query/img_02841_c0_1299250782112531us.jpg 0.629533 0.603743 -0.326943 0.363719 298.054814 -45.723020 25.801401
slice6/query/img_02842_c0_1299250782179319us.jpg 0.629341 0.603592 -0.327146 0.364118 298.797704 -45.905499 25.840143
slice6/query/img_02843_c0_1299250782312530us.jpg 0.629832 0.602535 -0.328352 0.363933 300.305570 -46.276363 25.919374
slice6/query/img_02844_c0_1299250782379282us.jpg 0.630533 0.601444 -0.329021 0.363921 301.062027 -46.458946 25.959369
slice6/query/img_02845_c0_1299250782445906us.jpg 0.631196 0.600525 -0.328899 0.364400 301.815901 -46.643120 25.999236
slice6/query/img_02846_c0_1299250782512533us.jpg 0.631513 0.600120 -0.328814 0.364593 302.566856 -46.830405 26.039760
slice6/query/img_02847_c0_1299250782645941us.jpg 0.631754 0.599707 -0.329439 0.364291 304.117093 -47.180607 26.114989
slice6/query/img_02848_c0_1299250782712561us.jpg 0.631952 0.599342 -0.329990 0.364051 304.879932 -47.355279 26.152477
slice6/query/img_02849_c0_1299250782779284us.jpg 0.632147 0.599157 -0.329912 0.364087 305.656677 -47.542363 26.196611
slice6/query/img_02850_c0_1299250782845910us.jpg 0.632163 0.599168 -0.329233 0.364654 306.432759 -47.721175 26.234654
slice6/query/img_02851_c0_1299250782912535us.jpg 0.632119 0.599371 -0.328231 0.365299 307.206038 -47.905306 26.269260
slice6/query/img_02852_c0_1299250783045937us.jpg 0.631237 0.600726 -0.327566 0.365198 308.760286 -48.265165 26.350113
slice6/query/img_02853_c0_1299250783112537us.jpg 0.630859 0.601322 -0.327816 0.364645 309.548153 -48.448170 26.392106
slice6/query/img_02854_c0_1299250783179285us.jpg 0.630379 0.601985 -0.328052 0.364167 310.339028 -48.624815 26.437362
slice6/query/img_02855_c0_1299250783245910us.jpg 0.629969 0.602500 -0.328039 0.364037 311.133740 -48.802678 26.477487
slice6/query/img_02856_c0_1299250783312537us.jpg 0.629684 0.602780 -0.327684 0.364385 311.921947 -48.981352 26.513588
slice6/query/img_02857_c0_1299250783445940us.jpg 0.629750 0.602782 -0.326801 0.365062 313.509534 -49.336043 26.591933
slice6/query/img_02858_c0_1299250783512561us.jpg 0.630052 0.602534 -0.326876 0.364883 314.300927 -49.518246 26.637365
slice6/query/img_02859_c0_1299250783579289us.jpg 0.630424 0.602475 -0.327337 0.363923 315.093534 -49.704761 26.683839
slice6/query/img_02860_c0_1299250783712568us.jpg 0.632691 0.601068 -0.328908 0.360886 316.699440 -50.080723 26.768983
slice6/query/img_02861_c0_1299250783779288us.jpg 0.633801 0.600039 -0.329079 0.360494 317.499311 -50.267279 26.813183
slice6/query/img_02862_c0_1299250783845915us.jpg 0.634714 0.599199 -0.328864 0.360482 318.293758 -50.455415 26.854584
slice6/query/img_02863_c0_1299250783912539us.jpg 0.634995 0.599250 -0.328391 0.360333 319.097940 -50.645517 26.895756
slice6/query/img_02864_c0_1299250784045942us.jpg 0.634200 0.600442 -0.327367 0.360681 320.719673 -51.020164 26.974369
slice6/query/img_02865_c0_1299250784112541us.jpg 0.634021 0.600708 -0.326910 0.360966 321.538853 -51.205202 27.014386
slice6/query/img_02866_c0_1299250784179291us.jpg 0.634205 0.600508 -0.326533 0.361317 322.356554 -51.392641 27.054042
slice6/query/img_02867_c0_1299250784245916us.jpg 0.634414 0.600352 -0.326236 0.361477 323.177300 -51.572568 27.097808
slice6/query/img_02868_c0_1299250784379294us.jpg 0.635194 0.600293 -0.325870 0.360536 324.812963 -51.950046 27.187077
slice6/query/img_02869_c0_1299250784445916us.jpg 0.635583 0.600391 -0.325908 0.359650 325.637815 -52.138995 27.236709
slice6/query/img_02870_c0_1299250784512542us.jpg 0.635897 0.600314 -0.325753 0.359365 326.453566 -52.330521 27.285161
slice6/query/img_02871_c0_1299250784645922us.jpg 0.635555 0.600825 -0.324800 0.359978 328.103021 -52.708400 27.372232
slice6/query/img_02872_c0_1299250784712572us.jpg 0.634802 0.601682 -0.324212 0.360405 328.937635 -52.888502 27.411685
slice6/query/img_02873_c0_1299250784779294us.jpg 0.634078 0.602699 -0.323623 0.360510 329.777013 -53.066412 27.449491
slice6/query/img_02874_c0_1299250784845920us.jpg 0.633130 0.603948 -0.322929 0.360707 330.613465 -53.249192 27.496945
slice6/query/img_02875_c0_1299250784912545us.jpg 0.632772 0.604600 -0.322559 0.360576 331.454899 -53.430510 27.540371
slice6/query/img_02876_c0_1299250785045926us.jpg 0.632642 0.604860 -0.321729 0.361107 333.150871 -53.792515 27.627056
slice6/query/img_02877_c0_1299250785112568us.jpg 0.632381 0.605067 -0.321607 0.361327 333.990478 -53.977104 27.679405
slice6/query/img_02878_c0_1299250785179296us.jpg 0.632102 0.605388 -0.321920 0.360999 334.836179 -54.164984 27.726888
slice6/query/img_02879_c0_1299250785245922us.jpg 0.631735 0.606009 -0.322300 0.360259 335.693094 -54.344547 27.771612
slice6/query/img_02880_c0_1299250785379323us.jpg 0.631037 0.606943 -0.323329 0.358985 337.400359 -54.721026 27.874836
slice6/query/img_02881_c0_1299250785445947us.jpg 0.631248 0.606669 -0.323690 0.358753 338.264355 -54.905209 27.914438
slice6/query/img_02882_c0_1299250785512550us.jpg 0.631392 0.606562 -0.323666 0.358701 339.121549 -55.089380 27.958281
slice6/query/img_02883_c0_1299250785579300us.jpg 0.631722 0.606171 -0.323606 0.358835 339.976468 -55.279248 27.999129
slice6/query/img_02884_c0_1299250785712552us.jpg 0.632777 0.605223 -0.324068 0.358159 341.711233 -55.658707 28.085330
slice6/query/img_02885_c0_1299250785779300us.jpg 0.633402 0.604705 -0.324430 0.357602 342.573565 -55.850245 28.132317
slice6/query/img_02886_c0_1299250785845928us.jpg 0.633758 0.604548 -0.324641 0.357045 343.429095 -56.043416 28.180385
slice6/query/img_02887_c0_1299250785912551us.jpg 0.634111 0.604385 -0.324658 0.356677 344.288490 -56.242118 28.228808
slice6/query/img_02888_c0_1299250786045926us.jpg 0.634425 0.603967 -0.324157 0.357282 346.019417 -56.609358 28.309560
slice6/query/img_02889_c0_1299250786112554us.jpg 0.634377 0.604039 -0.324060 0.357334 346.885500 -56.804367 28.343852
slice6/query/img_02890_c0_1299250786179303us.jpg 0.633889 0.604542 -0.323966 0.357435 347.746446 -56.977938 28.388542
slice6/query/img_02891_c0_1299250786245928us.jpg 0.633577 0.604937 -0.323718 0.357545 348.621793 -57.173990 28.428260
slice6/query/img_02892_c0_1299250786379333us.jpg 0.633471 0.605099 -0.323908 0.357286 350.382171 -57.542598 28.511625
slice6/query/img_02893_c0_1299250786445934us.jpg 0.633760 0.604765 -0.324572 0.356737 351.266558 -57.725751 28.561750
slice6/query/img_02894_c0_1299250786579311us.jpg 0.635467 0.603042 -0.325767 0.355526 353.028185 -58.116568 28.648031
slice6/query/img_02895_c0_1299250786645931us.jpg 0.636412 0.602002 -0.325327 0.356000 353.907791 -58.305976 28.688386
slice6/query/img_02896_c0_1299250786779309us.jpg 0.638243 0.600373 -0.322935 0.357647 355.660311 -58.701606 28.766785
slice6/query/img_02897_c0_1299250786979329us.jpg 0.637042 0.601505 -0.322037 0.358694 358.304526 -59.264700 28.904540
