slice6/database/img_01850_c0_1303398632313502us.jpg 0.125874 0.125877 -0.697687 0.693933 267.049565 77.857004 22.615668
slice6/database/img_01851_c0_1303398632446895us.jpg 0.124706 0.126247 -0.697389 0.694376 266.411625 76.368697 22.586032
slice6/database/img_01852_c0_1303398632513528us.jpg 0.124431 0.126376 -0.697143 0.694649 266.092362 75.636964 22.575794
slice6/database/img_01853_c0_1303398632580253us.jpg 0.124670 0.125800 -0.696610 0.695245 265.771448 74.905747 22.570175
slice6/database/img_01854_c0_1303398632646879us.jpg 0.125293 0.124990 -0.696249 0.695641 265.448831 74.176072 22.566535
slice6/database/img_01855_c0_1303398632780279us.jpg 0.126562 0.124114 -0.696075 0.695743 264.800344 72.711632 22.558111
slice6/database/img_01856_c0_1303398632846879us.jpg 0.126994 0.124138 -0.696341 0.695393 264.480971 71.983558 22.552898
slice6/database/img_01857_c0_1303398632980256us.jpg 0.126874 0.123892 -0.696748 0.695051 263.845358 70.523769 22.543344
slice6/database/img_01858_c0_1303398633180253us.jpg 0.125764 0.124065 -0.695906 0.696065 262.895808 68.337535 22.516900
slice6/database/img_01859_c0_1303398633313532us.jpg 0.126626 0.124829 -0.696883 0.694794 262.259253 66.894367 22.507613
slice6/database/img_01860_c0_1303398633380282us.jpg 0.127136 0.124281 -0.697094 0.694587 261.943068 66.173944 22.505786
slice6/database/img_01861_c0_1303398633446884us.jpg 0.127457 0.123521 -0.697037 0.694721 261.628426 65.457783 22.499809
slice6/database/img_01862_c0_1303398633580263us.jpg 0.126434 0.123434 -0.697169 0.694790 261.004230 64.021789 22.483407
slice6/database/img_01863_c0_1303398633713531us.jpg 0.125262 0.124925 -0.697824 0.694079 260.383315 62.598821 22.463413
slice6/database/img_01864_c0_1303398633780258us.jpg 0.125308 0.125040 -0.697829 0.694044 260.071011 61.892199 22.455594
slice6/database/img_01865_c0_1303398633846884us.jpg 0.125444 0.124865 -0.697368 0.694514 259.760672 61.191093 22.450298
slice6/database/img_01866_c0_1303398633980261us.jpg 0.126488 0.124023 -0.696877 0.694969 259.137651 59.786634 22.441538
slice6/database/img_01867_c0_1303398634046885us.jpg 0.126694 0.124293 -0.697214 0.694545 258.830111 59.086727 22.438817
slice6/database/img_01868_c0_1303398634113510us.jpg 0.126782 0.124383 -0.697395 0.694331 258.524901 58.388767 22.432054
slice6/database/img_01869_c0_1303398634180262us.jpg 0.126494 0.124602 -0.697462 0.694277 258.221018 57.693234 22.425631
slice6/database/img_01870_c0_1303398634313539us.jpg 0.125727 0.124889 -0.696984 0.694844 257.615643 56.302236 22.406895
slice6/database/img_01871_c0_1303398634380264us.jpg 0.125330 0.125126 -0.696916 0.694942 257.315612 55.613686 22.400242
slice6/database/img_01872_c0_1303398634446889us.jpg 0.125490 0.125246 -0.696860 0.694947 257.014376 54.930866 22.397038
slice6/database/img_01873_c0_1303398634580264us.jpg 0.126857 0.124531 -0.696312 0.695377 256.408482 53.564604 22.394249
slice6/database/img_01874_c0_1303398634646889us.jpg 0.128027 0.124407 -0.695729 0.695768 256.102527 52.887327 22.389775
slice6/database/img_01875_c0_1303398634713516us.jpg 0.129096 0.124195 -0.695229 0.696109 255.801311 52.213133 22.387982
slice6/database/img_01876_c0_1303398634846920us.jpg 0.131129 0.124214 -0.695138 0.695816 255.205932 50.862734 22.383476
slice6/database/img_01877_c0_1303398634913561us.jpg 0.131747 0.124455 -0.695119 0.695674 254.913043 50.188193 22.380286
slice6/database/img_01878_c0_1303398634980267us.jpg 0.132037 0.125100 -0.695104 0.695519 254.623937 49.514788 22.372770
slice6/database/img_01879_c0_1303398635046893us.jpg 0.131975 0.126363 -0.695167 0.695239 254.337807 48.847474 22.366241
slice6/database/img_01880_c0_1303398635180269us.jpg 0.132937 0.127737 -0.695049 0.694923 253.767424 47.511678 22.352265
slice6/database/img_01881_c0_1303398635246894us.jpg 0.133355 0.128337 -0.695145 0.694636 253.487434 46.846620 22.349395
slice6/database/img_01882_c0_1303398635313519us.jpg 0.133953 0.128579 -0.695237 0.694384 253.206320 46.179513 22.345212
slice6/database/img_01883_c0_1303398635446895us.jpg 0.135170 0.129279 -0.695824 0.693429 252.645579 44.850241 22.336455
slice6/database/img_01884_c0_1303398635513543us.jpg 0.135316 0.129559 -0.695875 0.693298 252.371160 44.189392 22.331551
slice6/database/img_01885_c0_1303398635580268us.jpg 0.135389 0.130062 -0.696047 0.693016 252.098103 43.529665 22.325236
slice6/database/img_01886_c0_1303398635713530us.jpg 0.135217 0.131384 -0.696105 0.692743 251.554562 42.219263 22.313186
slice6/database/img_01887_c0_1303398635780276us.jpg 0.135297 0.131429 -0.696181 0.692642 251.284799 41.563403 22.307732
slice6/database/img_01888_c0_1303398635846895us.jpg 0.135347 0.131435 -0.696306 0.692506 251.017063 40.910920 22.301660
slice6/database/img_01889_c0_1303398635913521us.jpg 0.135640 0.131130 -0.696434 0.692377 250.749745 40.263052 22.296311
slice6/database/img_01890_c0_1303398636046925us.jpg 0.135410 0.130115 -0.697113 0.691930 250.218791 38.972096 22.288836
slice6/database/img_01891_c0_1303398636113523us.jpg 0.135474 0.129574 -0.697415 0.691715 249.955066 38.331433 22.283888
slice6/database/img_01892_c0_1303398636180273us.jpg 0.135198 0.128510 -0.697839 0.691540 249.691423 37.692564 22.279965
slice6/database/img_01893_c0_1303398636313526us.jpg 0.134988 0.125494 -0.698472 0.691496 249.158994 36.425941 22.272067
slice6/database/img_01894_c0_1303398636380273us.jpg 0.134978 0.124154 -0.698729 0.691480 248.893455 35.799337 22.268720
slice6/database/img_01896_c0_1303398636513526us.jpg 0.134564 0.122561 -0.697519 0.693065 248.357672 34.564002 22.248260
slice6/database/img_01897_c0_1303398636646927us.jpg 0.131941 0.124646 -0.694361 0.696361 247.831337 33.349691 22.221211
slice6/database/img_01898_c0_1303398636713526us.jpg 0.130475 0.126018 -0.693683 0.697065 247.573018 32.747766 22.210146
slice6/database/img_01899_c0_1303398636780277us.jpg 0.129786 0.126177 -0.693978 0.696871 247.317574 32.149936 22.205953
slice6/database/img_01900_c0_1303398636913528us.jpg 0.129407 0.124925 -0.698147 0.692993 246.812062 30.942855 22.214134
slice6/database/img_01901_c0_1303398636980302us.jpg 0.128975 0.125207 -0.700494 0.690649 246.562958 30.352194 22.217651
slice6/database/img_01902_c0_1303398637046902us.jpg 0.128750 0.125366 -0.701973 0.689160 246.314626 29.767827 22.216093
slice6/database/img_01903_c0_1303398637113528us.jpg 0.128700 0.125182 -0.702448 0.688718 246.064909 29.194446 22.214807
slice6/database/img_01904_c0_1303398637246906us.jpg 0.129031 0.124206 -0.701184 0.690120 245.570322 28.064975 22.202390
slice6/database/img_01906_c0_1303398637380280us.jpg 0.129150 0.124199 -0.699586 0.691719 245.086109 26.966934 22.187226
slice6/database/img_01907_c0_1303398637513557us.jpg 0.129405 0.123957 -0.699360 0.691942 244.615462 25.895512 22.180660
slice6/database/img_01908_c0_1303398637646909us.jpg 0.129304 0.123642 -0.700498 0.690866 244.162921 24.844541 22.179903
slice6/database/img_01910_c0_1303398637780281us.jpg 0.128905 0.124040 -0.701219 0.690138 243.724748 23.825239 22.178137
slice6/database/img_01911_c0_1303398637913560us.jpg 0.128867 0.124401 -0.701295 0.690002 243.293907 22.832390 22.171003
slice6/database/img_01913_c0_1303398638046908us.jpg 0.129307 0.124543 -0.701030 0.690163 242.874600 21.874986 22.165534
slice6/database/img_01914_c0_1303398638113534us.jpg 0.129470 0.124301 -0.700921 0.690287 242.670682 21.409198 22.165401
slice6/database/img_01915_c0_1303398638246935us.jpg 0.129920 0.124133 -0.700825 0.690331 242.270992 20.491031 22.159736
slice6/database/img_01916_c0_1303398638313535us.jpg 0.130237 0.124244 -0.700810 0.690266 242.074719 20.044914 22.157305
slice6/database/img_01917_c0_1303398638380284us.jpg 0.130355 0.124210 -0.700746 0.690315 241.886757 19.609461 22.157001
slice6/database/img_01918_c0_1303398638513538us.jpg 0.130592 0.124527 -0.700940 0.690016 241.517743 18.757813 22.152185
slice6/database/img_01919_c0_1303398638580305us.jpg 0.130707 0.124782 -0.701040 0.689846 241.339282 18.347240 22.149829
slice6/database/img_01921_c0_1303398638780287us.jpg 0.130726 0.125215 -0.700942 0.689863 240.824967 17.149251 22.144349
slice6/database/img_01922_c0_1303398638846934us.jpg 0.130583 0.125218 -0.701046 0.689785 240.659558 16.766789 22.142375
slice6/database/img_01923_c0_1303398638913535us.jpg 0.130397 0.125294 -0.701108 0.689743 240.498291 16.392229 22.140072
slice6/database/img_01924_c0_1303398639046913us.jpg 0.130207 0.125639 -0.701457 0.689361 240.186141 15.663261 22.133588
slice6/database/img_01926_c0_1303398639180288us.jpg 0.129650 0.125789 -0.701620 0.689273 239.886813 14.968640 22.129741
slice6/database/img_01928_c0_1303398639380293us.jpg 0.129384 0.124899 -0.701661 0.689443 239.457385 13.984853 22.126344
slice6/database/img_01929_c0_1303398639446914us.jpg 0.129205 0.124463 -0.701661 0.689556 239.322137 13.671351 22.123653
slice6/database/img_01931_c0_1303398639646919us.jpg 0.128505 0.124189 -0.702185 0.689202 238.934235 12.781188 22.120675
slice6/database/img_01932_c0_1303398639713542us.jpg 0.128390 0.123769 -0.702171 0.689314 238.812252 12.502166 22.121601
slice6/database/img_01935_c0_1303398639980320us.jpg 0.127588 0.123054 -0.702216 0.689545 238.353074 11.448174 22.115970
slice6/database/img_01936_c0_1303398640046919us.jpg 0.127486 0.123042 -0.701964 0.689822 238.243958 11.207165 22.114323
slice6/database/img_01938_c0_1303398640246952us.jpg 0.127246 0.122147 -0.701231 0.690771 237.937632 10.516295 22.109566
slice6/database/img_01941_c0_1303398640513568us.jpg 0.125701 0.122900 -0.701039 0.691114 237.573443 9.678443 22.101990
slice6/database/img_01944_c0_1303398640780296us.jpg 0.125776 0.122218 -0.700805 0.691459 237.235559 8.925879 22.103920
slice6/database/img_01946_c0_1303398640913548us.jpg 0.125877 0.122176 -0.700466 0.691791 237.077472 8.582824 22.103659
slice6/database/img_01949_c0_1303398641180300us.jpg 0.125640 0.122678 -0.700537 0.691674 236.796008 7.947156 22.097463
slice6/database/img_01953_c0_1303398641580305us.jpg 0.126314 0.122209 -0.699358 0.692827 236.437125 7.143697 22.096931
slice6/database/img_01957_c0_1303398641913554us.jpg 0.125639 0.123143 -0.699450 0.692690 236.193280 6.585307 22.091828
slice6/database/img_01963_c0_1303398642446966us.jpg 0.125908 0.122570 -0.698614 0.693587 235.885437 5.893146 22.088096
slice6/database/img_01971_c0_1303398643113559us.jpg 0.127028 0.122458 -0.698378 0.693640 235.636126 5.335904 22.087288
slice6/database/img_02317_c0_1303398673980500us.jpg 0.124262 0.125160 -0.695935 0.696110 235.345587 4.705151 22.073991
slice6/database/img_02326_c0_1303398674780502us.jpg 0.123857 0.125478 -0.694544 0.697512 235.055846 4.049710 22.066616
slice6/database/img_02331_c0_1303398675180480us.jpg 0.124581 0.124610 -0.693292 0.698783 234.801978 3.491579 22.063941
slice6/database/img_02334_c0_1303398675513737us.jpg 0.124328 0.125092 -0.693083 0.698949 234.530181 2.875279 22.061543
slice6/database/img_02337_c0_1303398675780483us.jpg 0.124348 0.125210 -0.693335 0.698675 234.270317 2.288018 22.058681
slice6/database/img_02340_c0_1303398676047109us.jpg 0.124371 0.125060 -0.693523 0.698511 233.978489 1.626546 22.054826
slice6/database/img_02342_c0_1303398676247112us.jpg 0.125104 0.124521 -0.693498 0.698501 233.736929 1.089945 22.055656
slice6/database/img_02345_c0_1303398676513761us.jpg 0.125697 0.124254 -0.693618 0.698323 233.393913 0.320008 22.055092
slice6/database/img_02347_c0_1303398676781426us.jpg 0.124687 0.124757 -0.693769 0.698265 233.033749 -0.509724 22.046330
slice6/database/img_02348_c0_1303398676847114us.jpg 0.124645 0.124941 -0.693648 0.698360 232.938703 -0.722628 22.045790
slice6/database/img_02350_c0_1303398677047245us.jpg 0.125291 0.124259 -0.692882 0.699125 232.638739 -1.387778 22.045187
slice6/database/img_02353_c0_1303398677247119us.jpg 0.125225 0.124418 -0.693067 0.698926 232.328801 -2.093310 22.042683
slice6/database/img_02354_c0_1303398677380518us.jpg 0.124788 0.124962 -0.693670 0.698308 232.115943 -2.583803 22.040562
slice6/database/img_02357_c0_1303398677647117us.jpg 0.126334 0.124083 -0.693214 0.698640 231.658281 -3.600007 22.043411
slice6/database/img_02358_c0_1303398677713746us.jpg 0.126683 0.123807 -0.692954 0.698884 231.540369 -3.860798 22.043326
slice6/database/img_02360_c0_1303398677913766us.jpg 0.127089 0.124409 -0.692932 0.698724 231.183425 -4.669327 22.035753
slice6/database/img_02362_c0_1303398678113774us.jpg 0.128542 0.125427 -0.693072 0.698137 230.815889 -5.494999 22.035141
slice6/database/img_02363_c0_1303398678180498us.jpg 0.129575 0.125210 -0.692517 0.698536 230.689894 -5.769118 22.036831
slice6/database/img_02365_c0_1303398678380530us.jpg 0.132618 0.125638 -0.689797 0.700577 230.312120 -6.604750 22.035309
slice6/database/img_02366_c0_1303398678447126us.jpg 0.133802 0.126215 -0.690256 0.699796 230.186957 -6.887235 22.035914
slice6/database/img_02368_c0_1303398678647269us.jpg 0.137898 0.128719 -0.692644 0.696175 229.814271 -7.760590 22.036922
slice6/database/img_02370_c0_1303398678780501us.jpg 0.140720 0.130229 -0.693311 0.694664 229.566227 -8.347621 22.040550
slice6/database/img_02371_c0_1303398678913755us.jpg 0.144291 0.131943 -0.692050 0.694865 229.314414 -8.937449 22.040457
slice6/database/img_02373_c0_1303398679047127us.jpg 0.148713 0.135053 -0.689544 0.695826 229.060320 -9.526182 22.026879
slice6/database/img_02374_c0_1303398679180504us.jpg 0.153437 0.139671 -0.688139 0.695280 228.819214 -10.130042 22.011922
slice6/database/img_02376_c0_1303398679313751us.jpg 0.159221 0.145470 -0.688637 0.692291 228.586014 -10.750882 22.007869
slice6/database/img_02377_c0_1303398679447133us.jpg 0.168046 0.149861 -0.688724 0.689174 228.352369 -11.376539 22.010227
slice6/database/img_02379_c0_1303398679580507us.jpg 0.179289 0.154480 -0.685770 0.688266 228.121092 -11.999745 22.013677
slice6/database/img_02381_c0_1303398679780508us.jpg 0.195933 0.170878 -0.679227 0.686339 227.814695 -12.933408 21.997745
slice6/database/img_02382_c0_1303398679847134us.jpg 0.201974 0.177868 -0.676356 0.685647 227.721411 -13.243270 21.987230
slice6/database/img_02384_c0_1303398680047158us.jpg 0.224439 0.196680 -0.667773 0.681926 227.472732 -14.203099 21.973992
slice6/database/img_02386_c0_1303398680180510us.jpg 0.240362 0.210635 -0.664220 0.675775 227.339897 -14.865495 21.973198
slice6/database/img_02387_c0_1303398680313762us.jpg 0.257697 0.224866 -0.660446 0.668460 227.230950 -15.537823 21.977232
slice6/database/img_02389_c0_1303398680447135us.jpg 0.275959 0.239509 -0.654063 0.662332 227.150110 -16.211094 21.972629
slice6/database/img_02390_c0_1303398680580514us.jpg 0.294176 0.254989 -0.645329 0.657261 227.095104 -16.904859 21.959731
slice6/database/img_02392_c0_1303398680713762us.jpg 0.313007 0.270445 -0.635290 0.652145 227.076442 -17.601466 21.945398
slice6/database/img_02393_c0_1303398680847163us.jpg 0.328738 0.288501 -0.624192 0.647366 227.113545 -18.293204 21.924713
slice6/database/img_02394_c0_1303398680913784us.jpg 0.335106 0.300136 -0.618837 0.643943 227.150653 -18.641073 21.917407
slice6/database/img_02396_c0_1303398681047139us.jpg 0.349488 0.320936 -0.606778 0.637714 227.245531 -19.345035 21.911286
slice6/database/img_02397_c0_1303398681180534us.jpg 0.367983 0.333465 -0.594151 0.632751 227.371540 -20.057160 21.921075
slice6/database/img_02399_c0_1303398681380540us.jpg 0.390603 0.359857 -0.580209 0.617486 227.651400 -21.115467 21.950843
slice6/database/img_02401_c0_1303398681513766us.jpg 0.408193 0.375080 -0.569128 0.607278 227.882632 -21.823380 21.978807
slice6/database/img_02403_c0_1303398681713777us.jpg 0.436127 0.393386 -0.550576 0.593217 228.279803 -22.878272 22.024078
slice6/database/img_02405_c0_1303398681847144us.jpg 0.452282 0.408971 -0.538366 0.581675 228.598468 -23.565751 22.059668
slice6/database/img_02406_c0_1303398681980521us.jpg 0.465949 0.424768 -0.527055 0.569804 228.975182 -24.232975 22.093167
slice6/database/img_02408_c0_1303398682113770us.jpg 0.479265 0.440516 -0.515682 0.557066 229.383986 -24.898986 22.124836
slice6/database/img_02409_c0_1303398682180521us.jpg 0.485703 0.448256 -0.509800 0.550694 229.606190 -25.218707 22.141765
slice6/database/img_02410_c0_1303398682313795us.jpg 0.497959 0.462176 -0.499638 0.537394 230.084651 -25.845506 22.178164
slice6/database/img_02412_c0_1303398682447147us.jpg 0.511244 0.474019 -0.489409 0.523845 230.587697 -26.457950 22.221303
slice6/database/img_02413_c0_1303398682580543us.jpg 0.523819 0.484553 -0.478557 0.511669 231.132527 -27.046947 22.261222
slice6/database/img_02414_c0_1303398682647148us.jpg 0.529079 0.490454 -0.472706 0.506043 231.416795 -27.330045 22.279017
slice6/database/img_02415_c0_1303398682780519us.jpg 0.539840 0.502382 -0.460149 0.494416 232.006572 -27.886382 22.308656
slice6/database/img_02416_c0_1303398682847149us.jpg 0.545787 0.507159 -0.454301 0.488381 232.309917 -28.157753 22.326186
slice6/database/img_02418_c0_1303398683047178us.jpg 0.562578 0.521588 -0.437347 0.469234 233.275589 -28.943467 22.387091
slice6/database/img_02420_c0_1303398683180526us.jpg 0.572721 0.531416 -0.425277 0.456867 233.957155 -29.424961 22.426661
slice6/database/img_02422_c0_1303398683380554us.jpg 0.585539 0.546707 -0.407238 0.438648 235.037268 -30.100966 22.481983
slice6/database/img_02424_c0_1303398683513778us.jpg 0.593466 0.556420 -0.394665 0.427123 235.799907 -30.512670 22.513990
slice6/database/img_02425_c0_1303398683580528us.jpg 0.597440 0.560509 -0.388673 0.421698 236.188781 -30.713293 22.532507
slice6/database/img_02426_c0_1303398683713807us.jpg 0.604828 0.568883 -0.376045 0.411272 236.998254 -31.092376 22.569096
slice6/database/img_02427_c0_1303398683780527us.jpg 0.608650 0.572532 -0.369879 0.406132 237.407399 -31.273890 22.589984
slice6/database/img_02429_c0_1303398683980554us.jpg 0.618345 0.582954 -0.353363 0.391087 238.710831 -31.774448 22.657426
slice6/database/img_02430_c0_1303398684047154us.jpg 0.620563 0.586736 -0.347942 0.386754 239.154434 -31.926444 22.681673
slice6/database/img_02432_c0_1303398684180529us.jpg 0.625624 0.591452 -0.338757 0.379503 240.080547 -32.216438 22.730586
slice6/database/img_02433_c0_1303398684313782us.jpg 0.628642 0.595794 -0.330944 0.374585 241.027218 -32.480493 22.781940
slice6/database/img_02434_c0_1303398684380532us.jpg 0.629346 0.598287 -0.327922 0.372080 241.504048 -32.606092 22.809356
slice6/database/img_02435_c0_1303398684447157us.jpg 0.630395 0.600180 -0.325684 0.369208 241.996864 -32.730704 22.838993
slice6/database/img_02436_c0_1303398684513783us.jpg 0.631448 0.601752 -0.324028 0.366298 242.495892 -32.852023 22.870803
slice6/database/img_02438_c0_1303398684713786us.jpg 0.633527 0.605665 -0.320625 0.359184 244.026531 -33.194467 22.966879
slice6/database/img_02439_c0_1303398684780535us.jpg 0.633842 0.606227 -0.320332 0.357938 244.546033 -33.304000 22.997269
slice6/database/img_02440_c0_1303398684847160us.jpg 0.633710 0.606898 -0.320021 0.357315 245.071555 -33.409827 23.024023
slice6/database/img_02442_c0_1303398685047163us.jpg 0.631896 0.608898 -0.318702 0.358300 246.673480 -33.725587 23.096863
slice6/database/img_02443_c0_1303398685113787us.jpg 0.631421 0.608946 -0.318623 0.359128 247.207106 -33.828968 23.124781
slice6/database/img_02445_c0_1303398685247161us.jpg 0.631454 0.608371 -0.318496 0.360155 248.296003 -34.051573 23.176703
slice6/database/img_02446_c0_1303398685380561us.jpg 0.631818 0.607476 -0.319764 0.359902 249.408465 -34.282702 23.238816
slice6/database/img_02447_c0_1303398685447161us.jpg 0.631671 0.607410 -0.320259 0.359833 249.963438 -34.401964 23.270959
slice6/database/img_02448_c0_1303398685513788us.jpg 0.631346 0.607430 -0.320730 0.359949 250.515704 -34.517265 23.303170
slice6/database/img_02449_c0_1303398685647190us.jpg 0.630438 0.607408 -0.321266 0.361098 251.658842 -34.748955 23.362931
slice6/database/img_02450_c0_1303398685713789us.jpg 0.629920 0.607552 -0.321213 0.361807 252.230853 -34.869555 23.391264
slice6/database/img_02451_c0_1303398685780538us.jpg 0.629468 0.607576 -0.321470 0.362324 252.805026 -34.988010 23.418389
slice6/database/img_02452_c0_1303398685913797us.jpg 0.628898 0.607446 -0.322521 0.362597 253.959363 -35.238888 23.479655
slice6/database/img_02454_c0_1303398686113814us.jpg 0.629521 0.605832 -0.324110 0.362799 255.721043 -35.616154 23.579848
slice6/database/img_02455_c0_1303398686180541us.jpg 0.630094 0.604989 -0.324630 0.362746 256.310842 -35.748188 23.614423
slice6/database/img_02456_c0_1303398686247167us.jpg 0.630409 0.604539 -0.324883 0.362723 256.899176 -35.879199 23.646130
slice6/database/img_02457_c0_1303398686313792us.jpg 0.630548 0.604443 -0.324683 0.362820 257.494327 -36.012545 23.676467
slice6/database/img_02458_c0_1303398686447196us.jpg 0.630325 0.604903 -0.324524 0.362582 258.698558 -36.281372 23.738056
slice6/database/img_02460_c0_1303398686580543us.jpg 0.630125 0.604944 -0.324788 0.362627 259.919369 -36.545889 23.804757
slice6/database/img_02461_c0_1303398686713797us.jpg 0.629298 0.605874 -0.323993 0.363220 261.152341 -36.814401 23.866441
slice6/database/img_02462_c0_1303398686780544us.jpg 0.629037 0.606267 -0.323538 0.363423 261.771924 -36.951866 23.895470
slice6/database/img_02463_c0_1303398686847171us.jpg 0.628907 0.606498 -0.323344 0.363435 262.392132 -37.089724 23.926342
slice6/database/img_02464_c0_1303398686913796us.jpg 0.628746 0.606822 -0.323337 0.363178 263.016330 -37.227135 23.957358
slice6/database/img_02465_c0_1303398687047174us.jpg 0.628551 0.607283 -0.323082 0.362972 264.273414 -37.503517 24.024224
slice6/database/img_02466_c0_1303398687113820us.jpg 0.628457 0.607424 -0.322784 0.363163 264.907074 -37.640028 24.059299
slice6/database/img_02467_c0_1303398687180547us.jpg 0.628408 0.607460 -0.322214 0.363694 265.544133 -37.778395 24.093198
slice6/database/img_02468_c0_1303398687247173us.jpg 0.628540 0.607250 -0.321817 0.364170 266.185162 -37.918169 24.126033
slice6/database/img_02469_c0_1303398687380550us.jpg 0.628337 0.607429 -0.321849 0.364193 267.466555 -38.198422 24.196455
slice6/database/img_02470_c0_1303398687447199us.jpg 0.628285 0.607553 -0.321841 0.364082 268.115847 -38.340502 24.234431
slice6/database/img_02471_c0_1303398687513799us.jpg 0.628415 0.607328 -0.321876 0.364201 268.767757 -38.486542 24.273426
slice6/database/img_02472_c0_1303398687580550us.jpg 0.628707 0.606790 -0.321740 0.364714 269.419115 -38.629775 24.311076
slice6/database/img_02473_c0_1303398687713827us.jpg 0.629424 0.605331 -0.321776 0.365869 270.738812 -38.920218 24.386976
slice6/database/img_02474_c0_1303398687780573us.jpg 0.629456 0.605079 -0.322120 0.365928 271.403479 -39.065384 24.426111
slice6/database/img_02475_c0_1303398687847176us.jpg 0.629141 0.605407 -0.322408 0.365674 272.068673 -39.214095 24.467913
slice6/database/img_02476_c0_1303398687913801us.jpg 0.628734 0.605868 -0.322832 0.365235 272.738700 -39.364352 24.509966
slice6/database/img_02477_c0_1303398688047178us.jpg 0.628485 0.605914 -0.324331 0.364259 274.084504 -39.672622 24.592023
slice6/database/img_02478_c0_1303398688113802us.jpg 0.628568 0.605406 -0.325408 0.364000 274.766993 -39.823047 24.630272
slice6/database/img_02479_c0_1303398688180554us.jpg 0.628832 0.604505 -0.326270 0.364268 275.449349 -39.977104 24.667537
slice6/database/img_02480_c0_1303398688247178us.jpg 0.628984 0.603972 -0.327012 0.364226 276.130794 -40.134649 24.704989
slice6/database/img_02481_c0_1303398688380577us.jpg 0.630182 0.602511 -0.326884 0.364690 277.506231 -40.459456 24.775706
slice6/database/img_02482_c0_1303398688447179us.jpg 0.631321 0.601238 -0.326803 0.364894 278.194489 -40.621571 24.808808
slice6/database/img_02483_c0_1303398688580575us.jpg 0.632806 0.599428 -0.327242 0.364904 279.585716 -40.948413 24.881586
slice6/database/img_02484_c0_1303398688647177us.jpg 0.632728 0.599328 -0.327694 0.364798 280.283861 -41.110786 24.918686
slice6/database/img_02485_c0_1303398688713802us.jpg 0.632240 0.599442 -0.327884 0.365285 280.985210 -41.270565 24.953099
slice6/database/img_02486_c0_1303398688847441us.jpg 0.630380 0.600264 -0.327993 0.367048 282.400417 -41.587533 25.025214
slice6/database/img_02487_c0_1303398688913806us.jpg 0.629330 0.601185 -0.327883 0.367440 283.109749 -41.747914 25.058220
slice6/database/img_02488_c0_1303398688980554us.jpg 0.628733 0.601771 -0.327931 0.367462 283.821881 -41.913994 25.094020
slice6/database/img_02489_c0_1303398689047179us.jpg 0.628540 0.601937 -0.328395 0.367105 284.535745 -42.086551 25.132118
slice6/database/img_02490_c0_1303398689180586us.jpg 0.628843 0.600969 -0.329728 0.366978 285.970957 -42.425171 25.213912
slice6/database/img_02491_c0_1303398689247215us.jpg 0.628789 0.600750 -0.330221 0.366985 286.690463 -42.598242 25.251957
slice6/database/img_02492_c0_1303398689313809us.jpg 0.628307 0.600909 -0.330328 0.367453 287.409861 -42.768837 25.287818
slice6/database/img_02493_c0_1303398689380560us.jpg 0.627924 0.600962 -0.330220 0.368119 288.131579 -42.943822 25.324557
slice6/database/img_02494_c0_1303398689514202us.jpg 0.627348 0.600848 -0.330789 0.368774 289.584073 -43.293099 25.401546
slice6/database/img_02495_c0_1303398689580586us.jpg 0.627318 0.600847 -0.331304 0.368364 290.314867 -43.472175 25.442222
slice6/database/img_02496_c0_1303398689647195us.jpg 0.627482 0.600581 -0.331965 0.367924 291.045993 -43.652532 25.483111
slice6/database/img_02497_c0_1303398689713810us.jpg 0.627821 0.600039 -0.332329 0.367901 291.781969 -43.833099 25.523007
slice6/database/img_02498_c0_1303398689780561us.jpg 0.628294 0.599259 -0.332360 0.368336 292.515258 -44.015948 25.559220
slice6/database/img_02499_c0_1303398689913815us.jpg 0.628169 0.599187 -0.332692 0.368369 293.997360 -44.377444 25.637374
slice6/database/img_02500_c0_1303398689980584us.jpg 0.627872 0.599432 -0.332770 0.368405 294.747426 -44.563438 25.674006
slice6/database/img_02501_c0_1303398690047198us.jpg 0.627530 0.599582 -0.332946 0.368585 295.496121 -44.741518 25.708250
slice6/database/img_02502_c0_1303398690113812us.jpg 0.627292 0.599633 -0.332990 0.368866 296.245066 -44.923460 25.743044
slice6/database/img_02503_c0_1303398690247191us.jpg 0.626768 0.599892 -0.332615 0.369674 297.749867 -45.286124 25.817616
slice6/database/img_02504_c0_1303398690313837us.jpg 0.626707 0.599992 -0.332411 0.369798 298.503406 -45.471900 25.853777
slice6/database/img_02505_c0_1303398690380565us.jpg 0.626951 0.599733 -0.332557 0.369673 299.260010 -45.659005 25.892418
slice6/database/img_02506_c0_1303398690447191us.jpg 0.627364 0.599359 -0.333025 0.369156 300.017341 -45.850636 25.932293
slice6/database/img_02507_c0_1303398690580566us.jpg 0.628791 0.598286 -0.333202 0.368308 301.543988 -46.235771 26.013336
slice6/database/img_02508_c0_1303398690647191us.jpg 0.629302 0.598184 -0.332700 0.368055 302.312664 -46.427286 26.047969
slice6/database/img_02509_c0_1303398690780568us.jpg 0.629932 0.598626 -0.331834 0.367040 303.865439 -46.817119 26.126226
slice6/database/img_02510_c0_1303398690847230us.jpg 0.630163 0.598727 -0.331731 0.366573 304.646885 -47.007083 26.164287
slice6/database/img_02511_c0_1303398690913817us.jpg 0.630274 0.598842 -0.331404 0.366489 305.429722 -47.195757 26.202460
slice6/database/img_02512_c0_1303398690980568us.jpg 0.630338 0.599109 -0.330400 0.366849 306.213799 -47.379754 26.239828
slice6/database/img_02513_c0_1303398691113836us.jpg 0.629859 0.600548 -0.327676 0.367760 307.788217 -47.751521 26.310577
slice6/database/img_02514_c0_1303398691180568us.jpg 0.629614 0.601394 -0.327288 0.367143 308.581546 -47.939439 26.354491
slice6/database/img_02515_c0_1303398691247198us.jpg 0.629526 0.601996 -0.327595 0.366031 309.378975 -48.129436 26.399184
slice6/database/img_02516_c0_1303398691380596us.jpg 0.629296 0.602971 -0.328202 0.364275 310.984246 -48.497577 26.490489
slice6/database/img_02517_c0_1303398691447227us.jpg 0.629226 0.603366 -0.328005 0.363918 311.782280 -48.683633 26.530566
slice6/database/img_02518_c0_1303398691513820us.jpg 0.629408 0.603557 -0.327188 0.364022 312.579550 -48.870695 26.567703
slice6/database/img_02519_c0_1303398691580571us.jpg 0.629655 0.603719 -0.326078 0.364323 313.378134 -49.056787 26.607948
slice6/database/img_02520_c0_1303398691713848us.jpg 0.630212 0.603653 -0.325186 0.364266 314.987657 -49.421584 26.694950
slice6/database/img_02521_c0_1303398691780595us.jpg 0.630614 0.603555 -0.326031 0.362975 315.803221 -49.607081 26.742783
slice6/database/img_02522_c0_1303398691847200us.jpg 0.631142 0.603194 -0.326868 0.361903 316.617833 -49.790097 26.790009
slice6/database/img_02523_c0_1303398691913823us.jpg 0.631566 0.602914 -0.327199 0.361331 317.430817 -49.971731 26.833351
slice6/database/img_02524_c0_1303398692047218us.jpg 0.632086 0.602811 -0.326667 0.361075 319.073529 -50.341131 26.913379
slice6/database/img_02525_c0_1303398692113822us.jpg 0.632101 0.602964 -0.326541 0.360906 319.899674 -50.524118 26.953177
slice6/database/img_02526_c0_1303398692180574us.jpg 0.632161 0.602901 -0.326285 0.361138 320.719462 -50.708239 26.989565
slice6/database/img_02527_c0_1303398692247208us.jpg 0.632394 0.602572 -0.326103 0.361444 321.548058 -50.886994 27.029893
slice6/database/img_02528_c0_1303398692380600us.jpg 0.632537 0.602238 -0.325116 0.362637 323.208645 -51.253876 27.113812
slice6/database/img_02529_c0_1303398692447232us.jpg 0.632480 0.602373 -0.325028 0.362591 324.046037 -51.439166 27.156236
slice6/database/img_02530_c0_1303398692513826us.jpg 0.632325 0.602492 -0.325481 0.362256 324.877682 -51.622416 27.202071
slice6/database/img_02531_c0_1303398692580577us.jpg 0.632320 0.602484 -0.326245 0.361592 325.714345 -51.809227 27.251876
slice6/database/img_02532_c0_1303398692713854us.jpg 0.632817 0.602028 -0.326492 0.361259 327.402785 -52.191265 27.342861
slice6/database/img_02533_c0_1303398692780577us.jpg 0.633024 0.601711 -0.326173 0.361711 328.244608 -52.378344 27.379999
slice6/database/img_02534_c0_1303398692847205us.jpg 0.632760 0.601779 -0.325818 0.362380 329.086102 -52.567612 27.423113
slice6/database/img_02535_c0_1303398692913829us.jpg 0.632367 0.602041 -0.325585 0.362839 329.929324 -52.754575 27.464954
slice6/database/img_02536_c0_1303398693047205us.jpg 0.630613 0.603804 -0.325300 0.363217 331.630664 -53.133873 27.558105
slice6/database/img_02537_c0_1303398693113851us.jpg 0.629996 0.604413 -0.325118 0.363440 332.487540 -53.321011 27.601984
slice6/database/img_02538_c0_1303398693180580us.jpg 0.629524 0.604740 -0.324921 0.363889 333.341262 -53.510549 27.647364
slice6/database/img_02539_c0_1303398693247208us.jpg 0.629254 0.604878 -0.324758 0.364273 334.196570 -53.702537 27.692605
slice6/database/img_02540_c0_1303398693380608us.jpg 0.628451 0.605732 -0.325514 0.363565 335.916133 -54.089097 27.787353
slice6/database/img_02541_c0_1303398693447240us.jpg 0.628083 0.606047 -0.326280 0.362987 336.778546 -54.280719 27.839172
slice6/database/img_02542_c0_1303398693513833us.jpg 0.628078 0.605944 -0.326958 0.362558 337.639886 -54.474012 27.885405
slice6/database/img_02543_c0_1303398693647208us.jpg 0.628536 0.605057 -0.327561 0.362701 339.357063 -54.869465 27.971704
slice6/database/img_02544_c0_1303398693713854us.jpg 0.628887 0.604557 -0.327517 0.362967 340.221789 -55.067831 28.012662
slice6/database/img_02545_c0_1303398693780583us.jpg 0.629347 0.603925 -0.327766 0.362998 341.091515 -55.268211 28.053754
slice6/database/img_02546_c0_1303398693847206us.jpg 0.629591 0.603641 -0.328099 0.362744 341.952529 -55.475215 28.100702
slice6/database/img_02547_c0_1303398693980605us.jpg 0.630015 0.603175 -0.328838 0.362113 343.686450 -55.876946 28.188602
slice6/database/img_02548_c0_1303398694047239us.jpg 0.630066 0.603164 -0.328963 0.361930 344.562559 -56.077619 28.230968
slice6/database/img_02549_c0_1303398694113832us.jpg 0.630200 0.602913 -0.328877 0.362192 345.436246 -56.275038 28.272134
slice6/database/img_02550_c0_1303398694247214us.jpg 0.630035 0.603029 -0.328533 0.362598 347.187392 -56.674956 28.353434
slice6/database/img_02551_c0_1303398694313835us.jpg 0.629694 0.603322 -0.328500 0.362734 348.063437 -56.867776 28.396604
slice6/database/img_02552_c0_1303398694380584us.jpg 0.629520 0.603534 -0.328282 0.362881 348.937961 -57.066748 28.439822
slice6/database/img_02553_c0_1303398694447212us.jpg 0.629568 0.603439 -0.328265 0.362970 349.807935 -57.265292 28.482714
slice6/database/img_02554_c0_1303398694580612us.jpg 0.630755 0.602571 -0.329315 0.361398 351.566574 -57.670917 28.577271
slice6/database/img_02555_c0_1303398694647212us.jpg 0.631878 0.601640 -0.329964 0.360392 352.443068 -57.875277 28.622729
slice6/database/img_02556_c0_1303398694713838us.jpg 0.633152 0.600626 -0.329997 0.359818 353.322238 -58.077192 28.667820
slice6/database/img_02557_c0_1303398694847219us.jpg 0.635504 0.598954 -0.327612 0.360638 355.067522 -58.480841 28.743438
slice6/database/img_02558_c0_1303398694913860us.jpg 0.636340 0.598450 -0.326110 0.361360 355.946982 -58.682348 28.786011
slice6/database/img_02559_c0_1303398694980589us.jpg 0.636525 0.598510 -0.325330 0.361636 356.832257 -58.879282 28.829204
slice6/database/img_02560_c0_1303398695047214us.jpg 0.636108 0.599262 -0.324931 0.361484 357.715518 -59.077084 28.877316
