slice6/query/img_04210_c1_1283348121556806us.jpg 0.071491 0.000635 -0.712314 0.698210 231.068248 -30.488086 22.226670
slice6/query/img_04211_c1_1283348121889993us.jpg 0.110827 0.044204 -0.709985 0.694035 232.588615 -31.746736 22.301446
slice6/query/img_04212_c1_1283348122223312us.jpg 0.154250 0.083960 -0.704693 0.687434 234.282353 -32.853878 22.363167
slice6/query/img_04213_c1_1283348122556651us.jpg 0.193333 0.123905 -0.695182 0.681170 236.124386 -33.783636 22.459423
slice6/query/img_04214_c1_1283348122889857us.jpg 0.223268 0.155354 -0.685119 0.675743 238.160173 -34.486564 22.569599
slice6/query/img_04215_c1_1283348123156549us.jpg 0.240505 0.172049 -0.677438 0.673524 239.858009 -34.941342 22.664832
slice6/query/img_04216_c1_1283348123423101us.jpg 0.246606 0.181667 -0.673395 0.672846 241.637592 -35.317922 22.770416
slice6/query/img_04217_c1_1283348123689712us.jpg 0.245230 0.182854 -0.673003 0.673419 243.475152 -35.663163 22.880747
slice6/query/img_04218_c1_1283348124023008us.jpg 0.241170 0.178553 -0.674287 0.674754 245.858590 -36.129663 23.006964
slice6/query/img_04219_c1_1283348124156341us.jpg 0.240545 0.176366 -0.674743 0.675096 246.843037 -36.336393 23.058107
slice6/query/img_04220_c1_1283348124289585us.jpg 0.240107 0.175103 -0.674431 0.675893 247.850441 -36.549264 23.109233
slice6/query/img_04221_c1_1283348124422915us.jpg 0.239712 0.175168 -0.674149 0.676297 248.878692 -36.772285 23.166220
slice6/query/img_04222_c1_1283348124556265us.jpg 0.239256 0.175211 -0.674559 0.676039 249.920331 -36.997623 23.222808
slice6/query/img_04223_c1_1283348124689491us.jpg 0.239226 0.176286 -0.673715 0.676611 250.985247 -37.221853 23.285703
slice6/query/img_04224_c1_1283348124822845us.jpg 0.240037 0.176499 -0.673784 0.676199 252.068094 -37.455968 23.344245
slice6/query/img_04225_c1_1283348124956193us.jpg 0.239892 0.177365 -0.674253 0.675556 253.173305 -37.697396 23.404365
slice6/query/img_04226_c1_1283348125089420us.jpg 0.240342 0.177606 -0.674767 0.674819 254.293661 -37.940481 23.464421
slice6/query/img_04227_c1_1283348125222771us.jpg 0.240697 0.178372 -0.674429 0.674829 255.440837 -38.187917 23.525158
slice6/query/img_04228_c1_1283348125423960us.jpg 0.242009 0.178221 -0.674957 0.673871 257.204052 -38.570302 23.612513
slice6/query/img_04229_c1_1283348125556093us.jpg 0.242597 0.178975 -0.674422 0.673995 258.395311 -38.830103 23.676207
slice6/query/img_04230_c1_1283348125689315us.jpg 0.242576 0.179790 -0.674018 0.674191 259.602763 -39.082950 23.741286
slice6/query/img_04231_c1_1283348125822698us.jpg 0.242429 0.179972 -0.673329 0.674883 260.829186 -39.330244 23.806249
slice6/query/img_04232_c1_1283348125956042us.jpg 0.242493 0.180563 -0.672246 0.675781 262.063793 -39.580763 23.874744
slice6/query/img_04233_c1_1283348126089266us.jpg 0.242069 0.180768 -0.671975 0.676148 263.325853 -39.841988 23.939951
slice6/query/img_04235_c1_1283348126289208us.jpg 0.241495 0.180393 -0.671403 0.677021 265.235659 -40.240096 24.048931
slice6/query/img_04236_c1_1283348126422583us.jpg 0.240646 0.180079 -0.671416 0.677393 266.550306 -40.502866 24.110235
slice6/query/img_04237_c1_1283348126489172us.jpg 0.240495 0.179825 -0.671633 0.677299 267.205689 -40.634605 24.147665
slice6/query/img_04238_c1_1283348126622545us.jpg 0.240452 0.179025 -0.671710 0.677450 268.528217 -40.912293 24.216602
slice6/query/img_04239_c1_1283348126755898us.jpg 0.240568 0.176916 -0.672484 0.677195 269.860793 -41.197005 24.287988
slice6/query/img_04240_c1_1283348126822488us.jpg 0.240399 0.176266 -0.672840 0.677071 270.530331 -41.338006 24.326602
slice6/query/img_04241_c1_1283348126955843us.jpg 0.239611 0.176077 -0.672738 0.677500 271.893137 -41.625015 24.406480
slice6/query/img_04242_c1_1283348127022452us.jpg 0.238806 0.176609 -0.672775 0.677609 272.573951 -41.777678 24.449798
slice6/query/img_04243_c1_1283348127155805us.jpg 0.236707 0.176707 -0.674161 0.676943 273.955728 -42.078210 24.523034
slice6/query/img_04244_c1_1283348127222419us.jpg 0.235606 0.176501 -0.674959 0.676585 274.648133 -42.229661 24.557401
slice6/query/img_04245_c1_1283348127355768us.jpg 0.234313 0.176070 -0.676133 0.675974 276.038865 -42.534412 24.633586
slice6/query/img_04246_c1_1283348127489001us.jpg 0.235349 0.174768 -0.676499 0.675586 277.428159 -42.859013 24.697357
slice6/query/img_04247_c1_1283348127555733us.jpg 0.236371 0.173385 -0.676867 0.675217 278.124885 -43.020524 24.723941
slice6/query/img_04248_c1_1283348127688960us.jpg 0.237197 0.171646 -0.677571 0.674665 279.533050 -43.345895 24.795362
slice6/query/img_04249_c1_1283348127755698us.jpg 0.236972 0.171299 -0.677486 0.674918 280.232980 -43.505001 24.834042
slice6/query/img_04250_c1_1283348127888925us.jpg 0.235758 0.171129 -0.676495 0.676379 281.661383 -43.827821 24.919000
slice6/query/img_04251_c1_1283348128022282us.jpg 0.234255 0.171735 -0.675687 0.677554 283.103297 -44.142491 25.006502
slice6/query/img_04252_c1_1283348128088910us.jpg 0.233664 0.172202 -0.675594 0.677731 283.827484 -44.312780 25.047801
slice6/query/img_04253_c1_1283348128155627us.jpg 0.233132 0.172436 -0.675797 0.677654 284.554322 -44.481670 25.089613
slice6/query/img_04254_c1_1283348128222242us.jpg 0.232899 0.172270 -0.676003 0.677570 285.281808 -44.646861 25.128409
slice6/query/img_04255_c1_1283348128355615us.jpg 0.232161 0.172438 -0.675642 0.678140 286.743963 -44.987631 25.204696
slice6/query/img_04256_c1_1283348128422204us.jpg 0.231835 0.172021 -0.675578 0.678421 287.480763 -45.154461 25.244991
slice6/query/img_04257_c1_1283348128488818us.jpg 0.231724 0.171762 -0.675512 0.678590 288.210396 -45.324706 25.285686
slice6/query/img_04258_c1_1283348128555557us.jpg 0.231245 0.171695 -0.675659 0.678624 288.946369 -45.492535 25.325612
slice6/query/img_04259_c1_1283348128688784us.jpg 0.230059 0.172869 -0.676657 0.677734 290.429085 -45.836875 25.410417
slice6/query/img_04260_c1_1283348128755520us.jpg 0.230411 0.172781 -0.677368 0.676927 291.166899 -46.019172 25.448741
slice6/query/img_04261_c1_1283348128822153us.jpg 0.231048 0.172192 -0.678085 0.676142 291.902379 -46.195156 25.480449
slice6/query/img_04262_c1_1283348128955488us.jpg 0.231516 0.172412 -0.678761 0.675247 293.384316 -46.546108 25.556905
slice6/query/img_04263_c1_1283348129022101us.jpg 0.231444 0.172834 -0.678766 0.675158 294.124170 -46.715082 25.596908
slice6/query/img_04264_c1_1283348129088712us.jpg 0.231109 0.173677 -0.678508 0.675316 294.862643 -46.883799 25.640289
slice6/query/img_04265_c1_1283348129155450us.jpg 0.230847 0.174081 -0.678223 0.675588 295.600868 -47.050919 25.678234
slice6/query/img_04266_c1_1283348129288700us.jpg 0.230616 0.174572 -0.677396 0.676370 297.077527 -47.379397 25.753324
slice6/query/img_04267_c1_1283348129355441us.jpg 0.230736 0.174970 -0.676986 0.676636 297.807770 -47.542054 25.790468
slice6/query/img_04268_c1_1283348129422028us.jpg 0.231017 0.175282 -0.676788 0.676658 298.540749 -47.710443 25.828004
slice6/query/img_04269_c1_1283348129488642us.jpg 0.231542 0.175357 -0.676714 0.676532 299.273061 -47.875705 25.865158
slice6/query/img_04270_c1_1283348129622016us.jpg 0.232914 0.174574 -0.677693 0.675283 300.753223 -48.224107 25.932594
slice6/query/img_04271_c1_1283348129688612us.jpg 0.234328 0.173908 -0.677778 0.674880 301.486978 -48.393113 25.968718
slice6/query/img_04272_c1_1283348129755345us.jpg 0.235118 0.173853 -0.677789 0.674609 302.221279 -48.557480 26.005317
slice6/query/img_04273_c1_1283348129821957us.jpg 0.235378 0.174375 -0.677713 0.674460 302.960829 -48.724288 26.044149
slice6/query/img_04274_c1_1283348129955313us.jpg 0.235033 0.175064 -0.678339 0.673772 304.441610 -49.048720 26.125412
slice6/query/img_04275_c1_1283348130021960us.jpg 0.235166 0.175063 -0.678068 0.673999 305.183152 -49.213794 26.162116
slice6/query/img_04276_c1_1283348130088535us.jpg 0.235485 0.174935 -0.677307 0.674685 305.924220 -49.376510 26.200243
slice6/query/img_04277_c1_1283348130155274us.jpg 0.236022 0.174699 -0.676248 0.675620 306.663245 -49.541143 26.235179
slice6/query/img_04278_c1_1283348130288502us.jpg 0.235749 0.175799 -0.675042 0.676635 308.147090 -49.862379 26.315309
slice6/query/img_04279_c1_1283348130355261us.jpg 0.234993 0.176476 -0.675143 0.676622 308.895682 -50.025122 26.359479
slice6/query/img_04280_c1_1283348130421852us.jpg 0.234161 0.177443 -0.675182 0.676618 309.642639 -50.187798 26.405292
slice6/query/img_04281_c1_1283348130488465us.jpg 0.233594 0.178111 -0.675021 0.676799 310.387839 -50.352922 26.447367
slice6/query/img_04282_c1_1283348130555204us.jpg 0.233379 0.178365 -0.674819 0.677008 311.128430 -50.516282 26.485568
slice6/query/img_04283_c1_1283348130688433us.jpg 0.234131 0.177972 -0.674257 0.677411 312.609282 -50.847928 26.558013
slice6/query/img_04284_c1_1283348130755172us.jpg 0.234683 0.177520 -0.674159 0.677436 313.345531 -51.011698 26.594931
slice6/query/img_04285_c1_1283348130821785us.jpg 0.234679 0.177848 -0.674543 0.676969 314.079335 -51.175294 26.635371
slice6/query/img_04286_c1_1283348130888395us.jpg 0.234013 0.178515 -0.675490 0.676079 314.815837 -51.338919 26.676873
slice6/query/img_04287_c1_1283348130955132us.jpg 0.233415 0.179000 -0.676640 0.675007 315.547047 -51.502417 26.718520
slice6/query/img_04288_c1_1283348131089685us.jpg 0.232905 0.179555 -0.677701 0.673971 317.008187 -51.827534 26.795964
slice6/query/img_04289_c1_1283348131155119us.jpg 0.233192 0.179101 -0.677712 0.673981 317.729516 -51.984911 26.830402
slice6/query/img_04290_c1_1283348131221711us.jpg 0.233347 0.178919 -0.677620 0.674069 318.446731 -52.143005 26.863986
slice6/query/img_04291_c1_1283348131288325us.jpg 0.233228 0.178962 -0.677482 0.674237 319.164255 -52.299828 26.897343
slice6/query/img_04292_c1_1283348131355064us.jpg 0.233544 0.178623 -0.677411 0.674289 319.870217 -52.459366 26.931427
slice6/query/img_04293_c1_1283348131488357us.jpg 0.233752 0.177579 -0.677201 0.674704 321.293427 -52.765310 27.002889
slice6/query/img_04294_c1_1283348131555030us.jpg 0.233720 0.176776 -0.677249 0.674877 322.002126 -52.922170 27.036454
slice6/query/img_04295_c1_1283348131621641us.jpg 0.233517 0.176385 -0.677251 0.675047 322.707171 -53.079635 27.072505
slice6/query/img_04296_c1_1283348131688253us.jpg 0.233229 0.176129 -0.677326 0.675139 323.407542 -53.235296 27.109461
slice6/query/img_04297_c1_1283348131754991us.jpg 0.232979 0.176039 -0.677753 0.674819 324.097466 -53.395537 27.147265
slice6/query/img_04298_c1_1283348131888223us.jpg 0.232394 0.176092 -0.678710 0.674045 325.488393 -53.711287 27.223183
slice6/query/img_04299_c1_1283348131954957us.jpg 0.232706 0.175471 -0.678755 0.674054 326.177397 -53.870965 27.256646
slice6/query/img_04300_c1_1283348132021570us.jpg 0.233232 0.174550 -0.678590 0.674278 326.864671 -54.026851 27.289022
slice6/query/img_04301_c1_1283348132088183us.jpg 0.233761 0.173552 -0.678322 0.674622 327.543625 -54.181142 27.322613
slice6/query/img_04302_c1_1283348132154921us.jpg 0.233816 0.172866 -0.678025 0.675078 328.225701 -54.339427 27.357564
slice6/query/img_04303_c1_1283348132288153us.jpg 0.233277 0.172512 -0.677025 0.676357 329.597613 -54.655679 27.434080
slice6/query/img_04304_c1_1283348132354889us.jpg 0.232700 0.172821 -0.676511 0.676991 330.282914 -54.810873 27.476103
slice6/query/img_04305_c1_1283348132488113us.jpg 0.232169 0.173011 -0.675653 0.677981 331.651605 -55.128071 27.556697
slice6/query/img_04306_c1_1283348132554852us.jpg 0.232144 0.172513 -0.675409 0.678360 332.336180 -55.289317 27.592918
slice6/query/img_04307_c1_1283348132621464us.jpg 0.232075 0.172092 -0.675335 0.678563 333.020208 -55.450563 27.630876
slice6/query/img_04308_c1_1283348132688077us.jpg 0.231794 0.171926 -0.675094 0.678941 333.704362 -55.609258 27.672029
slice6/query/img_04309_c1_1283348132821432us.jpg 0.230620 0.173124 -0.674975 0.679155 335.084959 -55.931892 27.752598
slice6/query/img_04310_c1_1283348132888064us.jpg 0.230204 0.173942 -0.675175 0.678888 335.772155 -56.097612 27.796810
slice6/query/img_04311_c1_1283348132954780us.jpg 0.229939 0.174609 -0.675422 0.678561 336.459650 -56.258776 27.837162
slice6/query/img_04312_c1_1283348133021394us.jpg 0.230011 0.174772 -0.675784 0.678134 337.144036 -56.420358 27.873332
slice6/query/img_04313_c1_1283348133154767us.jpg 0.230576 0.175093 -0.676142 0.677502 338.518817 -56.741851 27.945982
slice6/query/img_04314_c1_1283348133221357us.jpg 0.231214 0.175276 -0.676365 0.677014 339.201251 -56.902533 27.981954
slice6/query/img_04315_c1_1283348133287970us.jpg 0.231915 0.175418 -0.676699 0.676404 339.886475 -57.063305 28.016706
slice6/query/img_04316_c1_1283348133354709us.jpg 0.232651 0.175783 -0.677029 0.675726 340.570194 -57.223269 28.051042
slice6/query/img_04317_c1_1283348133421321us.jpg 0.233094 0.176223 -0.677478 0.675008 341.252727 -57.382384 28.085752
slice6/query/img_04318_c1_1283348133554680us.jpg 0.233953 0.177303 -0.677885 0.674019 342.616269 -57.693711 28.154202
slice6/query/img_04319_c1_1283348133621308us.jpg 0.234438 0.177973 -0.677705 0.673855 343.298899 -57.848162 28.187745
slice6/query/img_04320_c1_1283348133687899us.jpg 0.235063 0.178080 -0.677537 0.673778 343.979827 -58.001964 28.220533
slice6/query/img_04321_c1_1283348133754638us.jpg 0.235647 0.178166 -0.677319 0.673770 344.660916 -58.152412 28.253416
slice6/query/img_04322_c1_1283348133821252us.jpg 0.236298 0.178358 -0.676963 0.673850 345.337665 -58.302846 28.287026
slice6/query/img_04323_c1_1283348133954626us.jpg 0.236947 0.179091 -0.676257 0.674136 346.696835 -58.602853 28.355586
slice6/query/img_04324_c1_1283348134021221us.jpg 0.237062 0.179895 -0.675897 0.674242 347.377822 -58.755647 28.392543
slice6/query/img_04325_c1_1283348134087832us.jpg 0.237283 0.180091 -0.675896 0.674113 348.063995 -58.900277 28.427649
slice6/query/img_04326_c1_1283348134154568us.jpg 0.237631 0.180196 -0.675929 0.673929 348.741015 -59.051701 28.459022
slice6/query/img_04327_c1_1283348134221181us.jpg 0.237762 0.180550 -0.676068 0.673649 349.415719 -59.199511 28.494461
slice6/query/img_04328_c1_1283348134287794us.jpg 0.237525 0.180712 -0.676452 0.673304 350.095046 -59.343780 28.528982
slice6/query/img_04329_c1_1283348134421169us.jpg 0.237363 0.180846 -0.677215 0.672557 351.467836 -59.636611 28.591099
slice6/query/img_04330_c1_1283348134487759us.jpg 0.237523 0.180750 -0.677670 0.672068 352.148050 -59.786027 28.617949
slice6/query/img_04331_c1_1283348134554498us.jpg 0.238450 0.180030 -0.678015 0.671585 352.821438 -59.933561 28.644314
slice6/query/img_04332_c1_1283348134621111us.jpg 0.239262 0.179445 -0.677895 0.671574 353.496908 -60.078951 28.676873
slice6/query/img_04333_c1_1283348134687723us.jpg 0.240296 0.178848 -0.677407 0.671856 354.168605 -60.226323 28.706466
slice6/query/img_04334_c1_1283348134821100us.jpg 0.241516 0.177462 -0.676969 0.672227 355.520732 -60.516154 28.772663
slice6/query/img_04335_c1_1283348134887705us.jpg 0.241137 0.177771 -0.676821 0.672431 356.199873 -60.660429 28.810324
slice6/query/img_04336_c1_1283348134954427us.jpg 0.240444 0.178542 -0.676618 0.672679 356.877252 -60.806442 28.851759
slice6/query/img_04337_c1_1283348135021039us.jpg 0.239861 0.179213 -0.676323 0.673006 357.552376 -60.948902 28.895139
slice6/query/img_04338_c1_1283348135087654us.jpg 0.239682 0.179839 -0.675760 0.673467 358.225065 -61.093187 28.935703
slice6/query/img_04339_c1_1283348135154391us.jpg 0.239527 0.180142 -0.675586 0.673617 358.897243 -61.236741 28.974603
