slice6/query/img_02378_c1_1284563456867674us.jpg 0.089892 0.020281 -0.711953 0.696155 230.801535 -30.232205 22.281347
slice6/query/img_02379_c1_1284563457001026us.jpg 0.109817 0.038891 -0.711226 0.693243 231.551522 -30.832606 22.310824
slice6/query/img_02380_c1_1284563457067637us.jpg 0.118985 0.048875 -0.710552 0.691787 231.942967 -31.117714 22.330649
slice6/query/img_02381_c1_1284563457134375us.jpg 0.127656 0.059560 -0.709393 0.690593 232.345176 -31.395533 22.352892
slice6/query/img_02382_c1_1284563457267608us.jpg 0.144890 0.079636 -0.706288 0.688348 233.172465 -31.912597 22.397490
slice6/query/img_02383_c1_1284563457334363us.jpg 0.153271 0.089237 -0.704454 0.687233 233.596150 -32.152253 22.420235
slice6/query/img_02385_c1_1284563457467566us.jpg 0.170220 0.105906 -0.700519 0.684896 234.485034 -32.603976 22.460649
slice6/query/img_02386_c1_1284563457600919us.jpg 0.186022 0.120677 -0.696491 0.682446 235.404071 -33.014577 22.496094
slice6/query/img_02387_c1_1284563457667530us.jpg 0.193546 0.128361 -0.694148 0.681338 235.874124 -33.211044 22.517742
slice6/query/img_02388_c1_1284563457734270us.jpg 0.200799 0.135683 -0.692003 0.680001 236.348469 -33.397399 22.540152
slice6/query/img_02389_c1_1284563457867498us.jpg 0.213060 0.148432 -0.688732 0.676921 237.319043 -33.734108 22.591636
slice6/query/img_02390_c1_1284563457934235us.jpg 0.218446 0.154355 -0.686597 0.676047 237.813157 -33.887712 22.619143
slice6/query/img_02391_c1_1284563458000848us.jpg 0.223361 0.159925 -0.684257 0.675519 238.309567 -34.032268 22.649100
slice6/query/img_02393_c1_1284563458200817us.jpg 0.235754 0.171915 -0.678301 0.674369 239.840158 -34.423554 22.731605
slice6/query/img_02394_c1_1284563458267425us.jpg 0.239110 0.175260 -0.676431 0.674204 240.354923 -34.543645 22.760397
slice6/query/img_02396_c1_1284563458400777us.jpg 0.243117 0.180627 -0.674493 0.673295 241.398326 -34.769277 22.822285
slice6/query/img_02397_c1_1284563458534132us.jpg 0.243986 0.184804 -0.673301 0.673041 242.466764 -34.979728 22.892586
slice6/query/img_02398_c1_1284563458600741us.jpg 0.244128 0.186318 -0.672936 0.672937 243.005250 -35.081322 22.926100
slice6/query/img_02400_c1_1284563458734093us.jpg 0.243487 0.187576 -0.672902 0.672854 244.086626 -35.281864 22.988402
slice6/query/img_02401_c1_1284563458867325us.jpg 0.242842 0.188246 -0.672403 0.673399 245.174683 -35.488685 23.047377
slice6/query/img_02402_c1_1284563458934058us.jpg 0.242478 0.187691 -0.672532 0.673555 245.723653 -35.591152 23.074338
slice6/query/img_02404_c1_1284563459134048us.jpg 0.242342 0.185269 -0.672164 0.674642 247.391520 -35.902704 23.155476
slice6/query/img_02405_c1_1284563459200658us.jpg 0.241955 0.184655 -0.672202 0.674911 247.954775 -36.012085 23.184403
slice6/query/img_02406_c1_1284563459267251us.jpg 0.241469 0.184243 -0.672274 0.675126 248.520444 -36.124383 23.215250
slice6/query/img_02408_c1_1284563459467218us.jpg 0.238914 0.183769 -0.672764 0.675675 250.241355 -36.465826 23.317341
slice6/query/img_02409_c1_1284563459533974us.jpg 0.238335 0.183189 -0.672663 0.676138 250.822766 -36.580721 23.350218
slice6/query/img_02410_c1_1284563459600566us.jpg 0.237779 0.182875 -0.672323 0.676757 251.409467 -36.698270 23.383292
slice6/query/img_02411_c1_1284563459667180us.jpg 0.237475 0.182233 -0.672400 0.676960 251.994371 -36.819465 23.415448
slice6/query/img_02412_c1_1284563459800533us.jpg 0.236447 0.181245 -0.673382 0.676609 253.170690 -37.066871 23.478421
slice6/query/img_02413_c1_1284563459867144us.jpg 0.235919 0.181180 -0.673456 0.676737 253.773005 -37.192335 23.510359
slice6/query/img_02414_c1_1284563459933882us.jpg 0.235640 0.180824 -0.673769 0.676618 254.374281 -37.321151 23.541383
slice6/query/img_02415_c1_1284563460067133us.jpg 0.235453 0.179431 -0.675117 0.675709 255.583111 -37.584038 23.603624
slice6/query/img_02416_c1_1284563460133849us.jpg 0.235440 0.179070 -0.675491 0.675436 256.190522 -37.716855 23.634939
slice6/query/img_02417_c1_1284563460200460us.jpg 0.235268 0.178837 -0.675830 0.675219 256.800104 -37.849670 23.668058
slice6/query/img_02418_c1_1284563460267074us.jpg 0.235120 0.178866 -0.675682 0.675410 257.419276 -37.982077 23.699880
slice6/query/img_02419_c1_1284563460400431us.jpg 0.234656 0.178872 -0.675669 0.675583 258.661884 -38.253215 23.765812
slice6/query/img_02421_c1_1284563460533776us.jpg 0.233752 0.178480 -0.675627 0.676042 259.920332 -38.526271 23.831455
slice6/query/img_02422_c1_1284563460600390us.jpg 0.233549 0.178495 -0.675007 0.676728 260.551978 -38.662683 23.865471
slice6/query/img_02423_c1_1284563460733744us.jpg 0.232946 0.178208 -0.674337 0.677678 261.827812 -38.940918 23.932177
slice6/query/img_02424_c1_1284563460800361us.jpg 0.232592 0.178391 -0.674037 0.678050 262.469325 -39.083181 23.967898
slice6/query/img_02425_c1_1284563460866969us.jpg 0.232268 0.178351 -0.673997 0.678212 263.114467 -39.226879 24.002641
slice6/query/img_02426_c1_1284563460933707us.jpg 0.231924 0.178255 -0.674110 0.678242 263.758115 -39.377094 24.038962
slice6/query/img_02427_c1_1284563461066956us.jpg 0.231845 0.177561 -0.673717 0.678841 265.053227 -39.684815 24.112924
slice6/query/img_02428_c1_1284563461133672us.jpg 0.231678 0.176933 -0.673846 0.678934 265.709130 -39.835415 24.148404
slice6/query/img_02429_c1_1284563461200285us.jpg 0.231497 0.176616 -0.673854 0.679071 266.365530 -39.988967 24.185651
slice6/query/img_02430_c1_1284563461266898us.jpg 0.231151 0.176770 -0.673762 0.679240 267.030864 -40.145196 24.223698
slice6/query/img_02431_c1_1284563461400272us.jpg 0.231276 0.175939 -0.674059 0.679118 268.359862 -40.461599 24.299709
slice6/query/img_02432_c1_1284563461466884us.jpg 0.231604 0.175259 -0.674189 0.679053 269.025637 -40.617154 24.334428
slice6/query/img_02433_c1_1284563461533607us.jpg 0.231813 0.174303 -0.674595 0.678825 269.697524 -40.773708 24.370453
slice6/query/img_02434_c1_1284563461666831us.jpg 0.231615 0.173209 -0.675142 0.678629 271.046181 -41.086653 24.445653
slice6/query/img_02435_c1_1284563461733568us.jpg 0.231362 0.173514 -0.675050 0.678728 271.717962 -41.236978 24.484044
slice6/query/img_02436_c1_1284563461800181us.jpg 0.230705 0.173991 -0.675190 0.678691 272.404778 -41.401769 24.522656
slice6/query/img_02437_c1_1284563461933534us.jpg 0.229547 0.174577 -0.675744 0.678382 273.775930 -41.724575 24.604207
slice6/query/img_02438_c1_1284563462000144us.jpg 0.228537 0.174283 -0.676674 0.677871 274.464336 -41.883758 24.641812
slice6/query/img_02439_c1_1284563462066758us.jpg 0.227884 0.173783 -0.677377 0.677516 275.159571 -42.048304 24.677566
slice6/query/img_02440_c1_1284563462200134us.jpg 0.227767 0.172745 -0.678410 0.676788 276.554988 -42.382702 24.743874
slice6/query/img_02441_c1_1284563462266723us.jpg 0.228725 0.171739 -0.678850 0.676279 277.251627 -42.553535 24.771927
slice6/query/img_02442_c1_1284563462400076us.jpg 0.230519 0.169783 -0.679973 0.675035 278.661485 -42.895017 24.833879
slice6/query/img_02443_c1_1284563462466687us.jpg 0.230781 0.169203 -0.680600 0.674458 279.372170 -43.065043 24.867833
slice6/query/img_02444_c1_1284563462533426us.jpg 0.230673 0.169095 -0.680505 0.674618 280.082910 -43.232628 24.908492
slice6/query/img_02445_c1_1284563462600039us.jpg 0.230289 0.168826 -0.680271 0.675053 280.796716 -43.399127 24.948766
slice6/query/img_02446_c1_1284563462733392us.jpg 0.229270 0.169205 -0.678526 0.677057 282.237559 -43.729076 25.033205
slice6/query/img_02447_c1_1284563462800003us.jpg 0.228670 0.169959 -0.677687 0.677912 282.955775 -43.896330 25.076295
slice6/query/img_02448_c1_1284563462866616us.jpg 0.228146 0.170704 -0.677376 0.678212 283.679415 -44.074360 25.117699
slice6/query/img_02449_c1_1284563462999974us.jpg 0.227859 0.171270 -0.677629 0.677912 285.131176 -44.424892 25.196908
slice6/query/img_02450_c1_1284563463066586us.jpg 0.227931 0.171480 -0.677899 0.677565 285.857210 -44.603625 25.235522
slice6/query/img_02451_c1_1284563463133320us.jpg 0.228078 0.171824 -0.677610 0.677718 286.586840 -44.780862 25.273701
slice6/query/img_02452_c1_1284563463199933us.jpg 0.228430 0.171895 -0.677358 0.677833 287.320955 -44.954503 25.311637
slice6/query/img_02453_c1_1284563463333290us.jpg 0.228733 0.171897 -0.677265 0.677823 288.799232 -45.308930 25.382724
slice6/query/img_02454_c1_1284563463399902us.jpg 0.228680 0.172484 -0.677538 0.677419 289.540277 -45.485951 25.422313
slice6/query/img_02455_c1_1284563463466511us.jpg 0.228643 0.173278 -0.677915 0.676851 290.284195 -45.662066 25.461401
slice6/query/img_02456_c1_1284563463599866us.jpg 0.230016 0.173442 -0.678567 0.675690 291.772778 -46.022157 25.538739
slice6/query/img_02457_c1_1284563463666479us.jpg 0.230804 0.173417 -0.678846 0.675148 292.523172 -46.202558 25.572961
slice6/query/img_02458_c1_1284563463733215us.jpg 0.231307 0.174010 -0.678851 0.674817 293.276157 -46.380451 25.611321
slice6/query/img_02459_c1_1284563463799828us.jpg 0.231645 0.174742 -0.678741 0.674623 294.030776 -46.555074 25.651676
slice6/query/img_02460_c1_1284563463933203us.jpg 0.232059 0.175852 -0.678076 0.674862 295.556844 -46.893084 25.731208
slice6/query/img_02461_c1_1284563463999792us.jpg 0.232452 0.176021 -0.677715 0.675045 296.319234 -47.061482 25.769198
slice6/query/img_02462_c1_1284563464066405us.jpg 0.232772 0.176489 -0.677016 0.675513 297.085143 -47.230195 25.807007
slice6/query/img_02463_c1_1284563464133144us.jpg 0.233315 0.177072 -0.676259 0.675931 297.851667 -47.397309 25.846279
slice6/query/img_02464_c1_1284563464266374us.jpg 0.234173 0.177964 -0.676310 0.675350 299.402280 -47.747766 25.926594
slice6/query/img_02465_c1_1284563464333111us.jpg 0.234666 0.178333 -0.676830 0.674559 300.182621 -47.922858 25.965595
slice6/query/img_02466_c1_1284563464399721us.jpg 0.235499 0.178242 -0.677383 0.673737 300.958942 -48.097717 26.000427
slice6/query/img_02467_c1_1284563464466335us.jpg 0.236485 0.178234 -0.677397 0.673380 301.738998 -48.268262 26.039030
slice6/query/img_02468_c1_1284563464599692us.jpg 0.236748 0.179373 -0.677309 0.673074 303.318384 -48.612878 26.121325
slice6/query/img_02469_c1_1284563464666322us.jpg 0.236302 0.179745 -0.677126 0.673316 304.109063 -48.780113 26.163379
slice6/query/img_02470_c1_1284563464733039us.jpg 0.235749 0.179746 -0.676711 0.673926 304.903678 -48.946752 26.203500
slice6/query/img_02471_c1_1284563464799651us.jpg 0.235321 0.179595 -0.675726 0.675102 305.696653 -49.111200 26.244835
slice6/query/img_02472_c1_1284563464866264us.jpg 0.235412 0.179219 -0.674190 0.676705 306.487858 -49.275883 26.285955
slice6/query/img_02473_c1_1284563464999617us.jpg 0.234558 0.179064 -0.672603 0.678619 308.086697 -49.614155 26.371422
slice6/query/img_02474_c1_1284563465066229us.jpg 0.233528 0.179330 -0.672899 0.678610 308.889268 -49.786083 26.418689
slice6/query/img_02475_c1_1284563465132968us.jpg 0.232641 0.179365 -0.673619 0.678191 309.690870 -49.959042 26.466252
slice6/query/img_02476_c1_1284563465266196us.jpg 0.231850 0.178772 -0.674184 0.678058 311.309904 -50.316519 26.550607
slice6/query/img_02477_c1_1284563465332955us.jpg 0.232028 0.177785 -0.674182 0.678258 312.116336 -50.495968 26.591641
slice6/query/img_02478_c1_1284563465466166us.jpg 0.232352 0.176326 -0.673891 0.678817 313.736936 -50.864573 26.671598
slice6/query/img_02479_c1_1284563465532897us.jpg 0.231619 0.176235 -0.674310 0.678675 314.555352 -51.045887 26.717867
slice6/query/img_02480_c1_1284563465599512us.jpg 0.230538 0.176547 -0.675254 0.678023 315.374674 -51.233310 26.765742
slice6/query/img_02481_c1_1284563465732885us.jpg 0.228799 0.176469 -0.676714 0.677176 317.017761 -51.610577 26.856844
slice6/query/img_02482_c1_1284563465799476us.jpg 0.228714 0.176002 -0.676837 0.677204 317.839150 -51.799189 26.895315
slice6/query/img_02483_c1_1284563465866090us.jpg 0.228653 0.175332 -0.677042 0.677193 318.661148 -51.990022 26.932524
slice6/query/img_02484_c1_1284563465999441us.jpg 0.228403 0.174047 -0.677256 0.677395 320.314000 -52.376840 27.009868
slice6/query/img_02485_c1_1284563466066054us.jpg 0.228611 0.173020 -0.677505 0.677339 321.138344 -52.570423 27.048877
slice6/query/img_02486_c1_1284563466132792us.jpg 0.228830 0.172184 -0.677538 0.677445 321.963519 -52.764552 27.088614
slice6/query/img_02487_c1_1284563466266044us.jpg 0.228791 0.171313 -0.677587 0.677630 323.624381 -53.166849 27.174743
slice6/query/img_02488_c1_1284563466332760us.jpg 0.228402 0.171437 -0.678071 0.677245 324.455968 -53.365050 27.220586
slice6/query/img_02489_c1_1284563466399370us.jpg 0.227878 0.171619 -0.678960 0.676484 325.292434 -53.568297 27.266934
slice6/query/img_02490_c1_1284563466465984us.jpg 0.228065 0.171664 -0.679397 0.675972 326.129867 -53.770153 27.311812
slice6/query/img_02491_c1_1284563466599363us.jpg 0.229064 0.171148 -0.679019 0.676145 327.814532 -54.172778 27.395018
slice6/query/img_02492_c1_1284563466665948us.jpg 0.229790 0.170791 -0.678675 0.676334 328.660619 -54.378178 27.436420
slice6/query/img_02493_c1_1284563466732689us.jpg 0.230103 0.170491 -0.678629 0.676349 329.505244 -54.580490 27.480418
slice6/query/img_02494_c1_1284563466865918us.jpg 0.230209 0.171586 -0.677561 0.677107 331.208765 -54.980974 27.574606
slice6/query/img_02495_c1_1284563466932653us.jpg 0.230196 0.172299 -0.676724 0.677766 332.063592 -55.182161 27.622464
slice6/query/img_02496_c1_1284563466999266us.jpg 0.230329 0.172642 -0.675991 0.678366 332.915038 -55.379651 27.673949
slice6/query/img_02497_c1_1284563467133865us.jpg 0.230136 0.174057 -0.675117 0.678940 334.631536 -55.776221 27.774274
slice6/query/img_02498_c1_1284563467199251us.jpg 0.230007 0.175362 -0.674880 0.678883 335.492573 -55.977079 27.823417
slice6/query/img_02499_c1_1284563467265844us.jpg 0.229904 0.176640 -0.675104 0.678363 336.356983 -56.177133 27.872145
slice6/query/img_02500_c1_1284563467332581us.jpg 0.230457 0.177229 -0.675464 0.677664 337.217619 -56.381431 27.916933
slice6/query/img_02501_c1_1284563467465812us.jpg 0.231882 0.177897 -0.676072 0.676394 338.957816 -56.780941 28.000744
slice6/query/img_02502_c1_1284563467532546us.jpg 0.232781 0.177932 -0.676252 0.675896 339.826905 -56.978742 28.042178
slice6/query/img_02503_c1_1284563467599159us.jpg 0.233403 0.178415 -0.676490 0.675316 340.692940 -57.178101 28.086138
slice6/query/img_02504_c1_1284563467733276us.jpg 0.234421 0.179598 -0.676863 0.674276 342.451176 -57.573897 28.173287
slice6/query/img_02505_c1_1284563467799125us.jpg 0.234852 0.180512 -0.676799 0.673946 343.332399 -57.765747 28.218891
slice6/query/img_02506_c1_1284563467865738us.jpg 0.235497 0.181115 -0.676632 0.673726 344.212946 -57.958616 28.263004
slice6/query/img_02507_c1_1284563467932475us.jpg 0.236026 0.181358 -0.676471 0.673638 345.095243 -58.148304 28.307790
slice6/query/img_02508_c1_1284563468065724us.jpg 0.236704 0.182184 -0.675549 0.674102 346.862784 -58.522722 28.395384
slice6/query/img_02509_c1_1284563468132441us.jpg 0.236695 0.182839 -0.674968 0.674510 347.752184 -58.710663 28.442988
slice6/query/img_02510_c1_1284563468199054us.jpg 0.236639 0.183270 -0.674428 0.674953 348.638410 -58.894999 28.487841
slice6/query/img_02511_c1_1284563468332439us.jpg 0.235910 0.183971 -0.674670 0.674775 350.419022 -59.263013 28.582489
slice6/query/img_02512_c1_1284563468399021us.jpg 0.235398 0.184203 -0.675443 0.674117 351.312060 -59.451492 28.627500
slice6/query/img_02513_c1_1284563468465632us.jpg 0.235632 0.184050 -0.676372 0.673145 352.203961 -59.643186 28.666600
slice6/query/img_02514_c1_1284563468532370us.jpg 0.236362 0.183518 -0.677086 0.672316 353.091296 -59.830383 28.704448
slice6/query/img_02515_c1_1284563468665607us.jpg 0.238962 0.181275 -0.677003 0.672089 354.869763 -60.205515 28.780211
slice6/query/img_02516_c1_1284563468732335us.jpg 0.239792 0.180033 -0.676897 0.672234 355.760166 -60.389767 28.821597
slice6/query/img_02517_c1_1284563468798949us.jpg 0.239846 0.179668 -0.676572 0.672639 356.655713 -60.576475 28.866662
slice6/query/img_02518_c1_1284563468865561us.jpg 0.239270 0.179843 -0.676177 0.673195 357.550137 -60.761173 28.918924
slice6/query/img_02519_c1_1284563468998916us.jpg 0.237699 0.180917 -0.674908 0.674735 359.342141 -61.128333 29.028304
