slice6/query/img_02645_c1_1285949901897088us.jpg 0.087339 0.020315 -0.711920 0.696512 229.935194 -30.352231 22.217674
slice6/query/img_02647_c1_1285949902030418us.jpg 0.107149 0.040236 -0.708528 0.696339 230.633745 -30.900359 22.247045
slice6/query/img_02648_c1_1285949902097032us.jpg 0.117364 0.049798 -0.707245 0.695378 230.998413 -31.165560 22.261235
slice6/query/img_02650_c1_1285949902297019us.jpg 0.142694 0.078563 -0.705823 0.689405 232.147329 -31.919622 22.319039
slice6/query/img_02652_c1_1285949902430347us.jpg 0.158263 0.097207 -0.702063 0.687467 232.964650 -32.370673 22.365292
slice6/query/img_02653_c1_1285949902496960us.jpg 0.165827 0.105785 -0.699686 0.686841 233.387006 -32.579252 22.390618
slice6/query/img_02655_c1_1285949902696948us.jpg 0.187097 0.126704 -0.693594 0.684009 234.692205 -33.161441 22.448567
slice6/query/img_02657_c1_1285949902830276us.jpg 0.198067 0.137509 -0.689692 0.682778 235.607723 -33.506370 22.491001
slice6/query/img_02658_c1_1285949902896889us.jpg 0.202319 0.142670 -0.687801 0.682380 236.074122 -33.666633 22.515839
slice6/query/img_02659_c1_1285949903030245us.jpg 0.209698 0.151173 -0.684751 0.681388 237.017995 -33.972669 22.568620
slice6/query/img_02660_c1_1285949903096858us.jpg 0.212830 0.154732 -0.683656 0.680717 237.492627 -34.118251 22.594962
slice6/query/img_02662_c1_1285949903230206us.jpg 0.218919 0.160080 -0.681440 0.679771 238.458496 -34.399390 22.644514
slice6/query/img_02663_c1_1285949903296819us.jpg 0.222032 0.161952 -0.680336 0.679423 238.944414 -34.535483 22.667523
slice6/query/img_02664_c1_1285949903430185us.jpg 0.227730 0.164613 -0.678393 0.678841 239.951683 -34.797202 22.720655
slice6/query/img_02665_c1_1285949903496785us.jpg 0.230365 0.165861 -0.677787 0.678253 240.461775 -34.928315 22.748212
slice6/query/img_02666_c1_1285949903563522us.jpg 0.232045 0.168035 -0.677240 0.677691 240.979512 -35.057679 22.781060
slice6/query/img_02667_c1_1285949903630136us.jpg 0.233356 0.170385 -0.676875 0.677019 241.508304 -35.185247 22.812671
slice6/query/img_02668_c1_1285949903763489us.jpg 0.235581 0.174516 -0.676844 0.675224 242.577743 -35.435307 22.878257
slice6/query/img_02669_c1_1285949903830128us.jpg 0.236638 0.176515 -0.676669 0.674510 243.123764 -35.557877 22.909787
slice6/query/img_02670_c1_1285949903896714us.jpg 0.237729 0.178031 -0.676246 0.674153 243.675534 -35.675119 22.938932
slice6/query/img_02671_c1_1285949903963451us.jpg 0.238685 0.179673 -0.675685 0.673942 244.227865 -35.794539 22.969320
slice6/query/img_02672_c1_1285949904096681us.jpg 0.240024 0.182642 -0.673996 0.674359 245.356043 -36.028708 23.035018
slice6/query/img_02673_c1_1285949904163437us.jpg 0.240804 0.183370 -0.673579 0.674300 245.930234 -36.143780 23.063372
slice6/query/img_02674_c1_1285949904230030us.jpg 0.241586 0.183780 -0.673375 0.674112 246.507856 -36.258899 23.091570
slice6/query/img_02675_c1_1285949904296643us.jpg 0.242519 0.184461 -0.672819 0.674147 247.092787 -36.374426 23.123917
slice6/query/img_02676_c1_1285949904430423us.jpg 0.244142 0.186273 -0.671305 0.674572 248.276793 -36.608234 23.189815
slice6/query/img_02677_c1_1285949904496629us.jpg 0.244703 0.186803 -0.671122 0.674404 248.874663 -36.722966 23.223033
slice6/query/img_02679_c1_1285949904629959us.jpg 0.244372 0.188038 -0.670837 0.674464 250.085266 -36.947893 23.294105
slice6/query/img_02680_c1_1285949904763997us.jpg 0.243413 0.188610 -0.669446 0.676031 251.321788 -37.169658 23.366522
slice6/query/img_02681_c1_1285949904829925us.jpg 0.242790 0.188743 -0.668882 0.676777 251.948270 -37.280938 23.400146
slice6/query/img_02682_c1_1285949904896537us.jpg 0.242132 0.188670 -0.668789 0.677124 252.580678 -37.396072 23.434297
slice6/query/img_02683_c1_1285949904963275us.jpg 0.241424 0.188420 -0.669094 0.677146 253.215147 -37.514827 23.467875
slice6/query/img_02684_c1_1285949905096523us.jpg 0.240197 0.187803 -0.670182 0.676677 254.498390 -37.762280 23.533459
slice6/query/img_02685_c1_1285949905163262us.jpg 0.239726 0.187192 -0.671006 0.676197 255.144660 -37.887365 23.565239
slice6/query/img_02686_c1_1285949905229853us.jpg 0.239417 0.186379 -0.671839 0.675703 255.789912 -38.014238 23.596272
slice6/query/img_02687_c1_1285949905296466us.jpg 0.239043 0.185791 -0.672438 0.675401 256.435411 -38.144477 23.630975
slice6/query/img_02688_c1_1285949905430239us.jpg 0.238240 0.184307 -0.672938 0.675594 257.748804 -38.405524 23.697533
slice6/query/img_02689_c1_1285949905496433us.jpg 0.237507 0.183968 -0.672860 0.676022 258.414371 -38.536180 23.732473
slice6/query/img_02691_c1_1285949905629782us.jpg 0.235856 0.183206 -0.672767 0.676899 259.749312 -38.803204 23.803410
slice6/query/img_02692_c1_1285949905763444us.jpg 0.234548 0.182763 -0.672304 0.677932 261.087021 -39.077028 23.876682
slice6/query/img_02693_c1_1285949905829768us.jpg 0.233876 0.182732 -0.671974 0.678500 261.759536 -39.214714 23.912334
slice6/query/img_02694_c1_1285949905896360us.jpg 0.233150 0.182777 -0.671799 0.678911 262.435260 -39.355468 23.948310
slice6/query/img_02695_c1_1285949905963098us.jpg 0.232154 0.183342 -0.671830 0.679069 263.103477 -39.501042 23.983435
slice6/query/img_02696_c1_1285949906096326us.jpg 0.230883 0.183604 -0.672374 0.678893 264.433152 -39.790364 24.060253
slice6/query/img_02697_c1_1285949906229698us.jpg 0.231310 0.182649 -0.672226 0.679152 265.748787 -40.073504 24.126883
slice6/query/img_02698_c1_1285949906363033us.jpg 0.231610 0.182731 -0.672360 0.678895 267.066201 -40.366598 24.197148
slice6/query/img_02699_c1_1285949906496259us.jpg 0.232072 0.182746 -0.672721 0.678376 268.380623 -40.655902 24.271810
slice6/query/img_02700_c1_1285949906562994us.jpg 0.232444 0.182285 -0.672911 0.678183 269.028625 -40.797428 24.305550
slice6/query/img_02701_c1_1285949906629606us.jpg 0.232569 0.181999 -0.673269 0.677862 269.679928 -40.935490 24.339498
slice6/query/img_02702_c1_1285949906696220us.jpg 0.232508 0.181917 -0.673522 0.677653 270.321382 -41.072179 24.374028
slice6/query/img_02703_c1_1285949906829653us.jpg 0.232309 0.182953 -0.673536 0.677429 271.587123 -41.340284 24.449453
slice6/query/img_02705_c1_1285949906962923us.jpg 0.231647 0.184817 -0.673876 0.676811 272.856167 -41.607929 24.526234
slice6/query/img_02706_c1_1285949907029535us.jpg 0.231248 0.185276 -0.674344 0.676356 273.477940 -41.742340 24.561423
slice6/query/img_02707_c1_1285949907096148us.jpg 0.230406 0.185926 -0.675074 0.675736 274.092343 -41.875525 24.594716
slice6/query/img_02708_c1_1285949907229523us.jpg 0.228809 0.186650 -0.676296 0.674857 275.302764 -42.129233 24.660894
slice6/query/img_02709_c1_1285949907296136us.jpg 0.228733 0.187006 -0.676676 0.674403 275.895290 -42.258136 24.692266
slice6/query/img_02710_c1_1285949907362852us.jpg 0.229203 0.186941 -0.676927 0.674009 276.476092 -42.389111 24.718236
slice6/query/img_02712_c1_1285949907562822us.jpg 0.232608 0.185025 -0.678327 0.671961 278.179545 -42.765458 24.793581
slice6/query/img_02713_c1_1285949907629452us.jpg 0.232901 0.185142 -0.678646 0.671505 278.735423 -42.886212 24.823539
slice6/query/img_02714_c1_1285949907696043us.jpg 0.232970 0.185363 -0.678656 0.671410 279.283180 -43.000923 24.852129
slice6/query/img_02716_c1_1285949907829394us.jpg 0.232487 0.185982 -0.677882 0.672188 280.360661 -43.223776 24.915532
slice6/query/img_02717_c1_1285949907962769us.jpg 0.232156 0.185772 -0.676795 0.673454 281.405430 -43.433326 24.972429
slice6/query/img_02719_c1_1285949908095972us.jpg 0.231858 0.186688 -0.675792 0.674310 282.431646 -43.642285 25.029251
slice6/query/img_02720_c1_1285949908162710us.jpg 0.231801 0.187186 -0.675803 0.674181 282.931766 -43.746037 25.056055
slice6/query/img_02721_c1_1285949908295939us.jpg 0.231816 0.187198 -0.676537 0.673435 283.911973 -43.952708 25.108227
slice6/query/img_02722_c1_1285949908362676us.jpg 0.231816 0.187222 -0.676669 0.673297 284.391710 -44.051978 25.134036
slice6/query/img_02723_c1_1285949908429288us.jpg 0.231659 0.187456 -0.676555 0.673401 284.863493 -44.149011 25.159429
slice6/query/img_02725_c1_1285949908562640us.jpg 0.230803 0.188004 -0.675731 0.674368 285.787311 -44.333373 25.214761
slice6/query/img_02726_c1_1285949908695869us.jpg 0.230511 0.188063 -0.674741 0.675442 286.682047 -44.512562 25.263178
slice6/query/img_02727_c1_1285949908762605us.jpg 0.230508 0.187899 -0.674687 0.675542 287.117787 -44.602284 25.286001
slice6/query/img_02729_c1_1285949908895831us.jpg 0.230333 0.186997 -0.675440 0.675100 287.971575 -44.779871 25.328575
slice6/query/img_02730_c1_1285949909029185us.jpg 0.230238 0.186368 -0.676168 0.674577 288.795841 -44.957066 25.369664
slice6/query/img_02731_c1_1285949909095817us.jpg 0.229916 0.186614 -0.676482 0.674304 289.197987 -45.043296 25.394513
slice6/query/img_02733_c1_1285949909229148us.jpg 0.228985 0.186744 -0.677055 0.674010 289.982143 -45.206881 25.436996
slice6/query/img_02734_c1_1285949909362501us.jpg 0.229255 0.185406 -0.676897 0.674446 290.739768 -45.370305 25.476879
slice6/query/img_02735_c1_1285949909429113us.jpg 0.229763 0.184634 -0.676532 0.674851 291.110295 -45.450408 25.494123
slice6/query/img_02737_c1_1285949909562463us.jpg 0.230387 0.182876 -0.675820 0.675829 291.839582 -45.612176 25.528840
slice6/query/img_02739_c1_1285949909762451us.jpg 0.230340 0.181346 -0.675067 0.677010 292.928156 -45.848252 25.581354
slice6/query/img_02740_c1_1285949909829045us.jpg 0.229877 0.181487 -0.675232 0.676964 293.288265 -45.928959 25.601499
slice6/query/img_02742_c1_1285949909962394us.jpg 0.228711 0.181343 -0.676251 0.676380 294.006596 -46.089699 25.643658
slice6/query/img_02743_c1_1285949910095641us.jpg 0.228121 0.180169 -0.676458 0.676686 294.715957 -46.240316 25.679652
slice6/query/img_02745_c1_1285949910228971us.jpg 0.228310 0.179313 -0.676121 0.677186 295.416259 -46.398087 25.712348
slice6/query/img_02747_c1_1285949910428942us.jpg 0.228877 0.177438 -0.676573 0.677037 296.469077 -46.638247 25.761329
slice6/query/img_02748_c1_1285949910495548us.jpg 0.228934 0.176935 -0.676430 0.677293 296.822304 -46.719195 25.779094
slice6/query/img_02749_c1_1285949910562288us.jpg 0.229041 0.176645 -0.676027 0.677735 297.180331 -46.798762 25.796824
slice6/query/img_02750_c1_1285949910695516us.jpg 0.229193 0.176452 -0.675579 0.678180 297.905016 -46.967030 25.837827
slice6/query/img_02752_c1_1285949910828865us.jpg 0.229262 0.175367 -0.676167 0.677852 298.646770 -47.140971 25.874751
slice6/query/img_02754_c1_1285949911028834us.jpg 0.228851 0.175337 -0.676094 0.678072 299.798194 -47.408406 25.934277
slice6/query/img_02755_c1_1285949911095466us.jpg 0.228755 0.175530 -0.676185 0.677963 300.187907 -47.500273 25.956346
slice6/query/img_02756_c1_1285949911162183us.jpg 0.228954 0.175033 -0.676422 0.677788 300.575597 -47.593215 25.974953
slice6/query/img_02758_c1_1285949911295408us.jpg 0.229432 0.174338 -0.675938 0.678288 301.383034 -47.786174 26.017354
slice6/query/img_02759_c1_1285949911428783us.jpg 0.229765 0.174619 -0.675032 0.679005 302.204699 -47.976247 26.056936
slice6/query/img_02760_c1_1285949911495373us.jpg 0.229678 0.174736 -0.675146 0.678891 302.625696 -48.074319 26.079875
slice6/query/img_02762_c1_1285949911628725us.jpg 0.229588 0.173905 -0.676088 0.678197 303.497068 -48.277278 26.127264
slice6/query/img_02763_c1_1285949911762080us.jpg 0.229532 0.173754 -0.675360 0.678980 304.391200 -48.487232 26.174178
slice6/query/img_02764_c1_1285949911828712us.jpg 0.229957 0.173677 -0.674712 0.679500 304.839942 -48.594040 26.193787
slice6/query/img_02765_c1_1285949911895303us.jpg 0.230350 0.173018 -0.674419 0.679826 305.302288 -48.697948 26.214125
slice6/query/img_02767_c1_1285949912095292us.jpg 0.231091 0.172396 -0.673458 0.680685 306.727064 -49.028860 26.287891
slice6/query/img_02769_c1_1285949912228618us.jpg 0.230241 0.173003 -0.673658 0.680620 307.709010 -49.257881 26.343461
slice6/query/img_02770_c1_1285949912295232us.jpg 0.229701 0.173281 -0.674029 0.680365 308.211849 -49.374220 26.374052
slice6/query/img_02771_c1_1285949912361970us.jpg 0.229154 0.173706 -0.674084 0.680386 308.717144 -49.490626 26.402982
slice6/query/img_02772_c1_1285949912495200us.jpg 0.228280 0.174584 -0.673687 0.680848 309.750526 -49.728308 26.460595
slice6/query/img_02773_c1_1285949912561935us.jpg 0.228369 0.174194 -0.673576 0.681028 310.272875 -49.850425 26.487754
slice6/query/img_02774_c1_1285949912628548us.jpg 0.228771 0.173756 -0.673492 0.681088 310.801385 -49.975632 26.513211
slice6/query/img_02775_c1_1285949912695161us.jpg 0.229285 0.173049 -0.673400 0.681186 311.331180 -50.102871 26.537156
slice6/query/img_02776_c1_1285949912828517us.jpg 0.230028 0.171931 -0.673476 0.681144 312.414427 -50.364387 26.590217
slice6/query/img_02777_c1_1285949912895147us.jpg 0.230065 0.171889 -0.673286 0.681330 312.968846 -50.494595 26.617947
slice6/query/img_02778_c1_1285949912961864us.jpg 0.229810 0.172424 -0.673220 0.681346 313.525271 -50.625865 26.650651
slice6/query/img_02779_c1_1285949913028477us.jpg 0.229184 0.172835 -0.673828 0.680852 314.084557 -50.760354 26.684638
slice6/query/img_02780_c1_1285949913161851us.jpg 0.227392 0.173657 -0.675303 0.679781 315.228909 -51.030478 26.749533
slice6/query/img_02781_c1_1285949913228464us.jpg 0.226826 0.174010 -0.675636 0.679548 315.806875 -51.167900 26.781650
slice6/query/img_02782_c1_1285949913295055us.jpg 0.226791 0.173964 -0.675634 0.679575 316.385449 -51.303863 26.811820
slice6/query/img_02783_c1_1285949913361794us.jpg 0.227099 0.173627 -0.675319 0.679871 316.969339 -51.441997 26.838103
slice6/query/img_02784_c1_1285949913428407us.jpg 0.227528 0.173184 -0.675090 0.680067 317.560291 -51.580888 26.862912
slice6/query/img_02785_c1_1285949913561760us.jpg 0.227804 0.172257 -0.675650 0.679654 318.761585 -51.867293 26.916913
slice6/query/img_02786_c1_1285949913628372us.jpg 0.227533 0.172176 -0.675954 0.679463 319.366392 -52.011124 26.949439
slice6/query/img_02788_c1_1285949913761724us.jpg 0.227162 0.172050 -0.676004 0.679570 320.601694 -52.300713 27.013555
slice6/query/img_02789_c1_1285949913894954us.jpg 0.227738 0.171005 -0.675750 0.679893 321.848994 -52.597571 27.077759
slice6/query/img_02790_c1_1285949913961693us.jpg 0.227841 0.170759 -0.675643 0.680027 322.481779 -52.746204 27.108538
slice6/query/img_02791_c1_1285949914028301us.jpg 0.227922 0.170545 -0.675706 0.679991 323.116187 -52.901198 27.140292
slice6/query/img_02792_c1_1285949914094915us.jpg 0.227824 0.170395 -0.675971 0.679798 323.753663 -53.054440 27.173903
slice6/query/img_02793_c1_1285949914228288us.jpg 0.226667 0.170860 -0.676992 0.679051 325.052132 -53.362637 27.245761
slice6/query/img_02794_c1_1285949914294878us.jpg 0.226259 0.170891 -0.677401 0.678772 325.706989 -53.518735 27.279158
slice6/query/img_02795_c1_1285949914361617us.jpg 0.226416 0.170747 -0.677290 0.678866 326.365085 -53.677450 27.311340
slice6/query/img_02796_c1_1285949914428230us.jpg 0.226809 0.170500 -0.676874 0.679212 327.024068 -53.835737 27.341657
slice6/query/img_02797_c1_1285949914561585us.jpg 0.227682 0.169552 -0.676409 0.679620 328.370293 -54.152888 27.407416
slice6/query/img_02798_c1_1285949914628196us.jpg 0.227593 0.169618 -0.676417 0.679626 329.046389 -54.314033 27.440681
slice6/query/img_02799_c1_1285949914694809us.jpg 0.227512 0.169659 -0.676439 0.679621 329.728762 -54.472403 27.473896
slice6/query/img_02800_c1_1285949914761547us.jpg 0.227311 0.169976 -0.676139 0.679908 330.413344 -54.632457 27.508821
slice6/query/img_02801_c1_1285949914894796us.jpg 0.227057 0.170736 -0.675378 0.680557 331.791390 -54.952538 27.590228
slice6/query/img_02802_c1_1285949914961514us.jpg 0.227324 0.170549 -0.674870 0.681019 332.478308 -55.118029 27.629992
slice6/query/img_02803_c1_1285949915028127us.jpg 0.227704 0.170887 -0.674376 0.681297 333.165413 -55.293576 27.670257
slice6/query/img_02804_c1_1285949915162285us.jpg 0.227675 0.171806 -0.674041 0.681407 334.580812 -55.628939 27.754774
slice6/query/img_02805_c1_1285949915228090us.jpg 0.227256 0.172845 -0.674057 0.681269 335.297801 -55.796589 27.795605
slice6/query/img_02806_c1_1285949915294703us.jpg 0.226973 0.173629 -0.674401 0.680823 336.015246 -55.970999 27.839652
slice6/query/img_02807_c1_1285949915361442us.jpg 0.227045 0.174065 -0.674713 0.680378 336.736939 -56.142358 27.878400
slice6/query/img_02808_c1_1285949915428054us.jpg 0.227432 0.174358 -0.674700 0.680186 337.460040 -56.313297 27.916399
slice6/query/img_02809_c1_1285949915561428us.jpg 0.228235 0.174611 -0.674785 0.679769 338.926787 -56.649505 27.989908
slice6/query/img_02810_c1_1285949915628018us.jpg 0.228843 0.174683 -0.674795 0.679536 339.667451 -56.823808 28.025907
slice6/query/img_02811_c1_1285949915694632us.jpg 0.229286 0.174947 -0.675123 0.678992 340.402337 -56.997748 28.063375
slice6/query/img_02812_c1_1285949915761371us.jpg 0.229662 0.175155 -0.675569 0.678367 341.136225 -57.176758 28.102736
slice6/query/img_02813_c1_1285949915894602us.jpg 0.230346 0.176371 -0.675992 0.677398 342.641406 -57.532064 28.179081
slice6/query/img_02814_c1_1285949915961340us.jpg 0.230756 0.176805 -0.675984 0.677154 343.410025 -57.707649 28.213407
slice6/query/img_02815_c1_1285949916027949us.jpg 0.231250 0.177321 -0.675688 0.677145 344.174335 -57.885246 28.247674
slice6/query/img_02816_c1_1285949916161305us.jpg 0.232231 0.177644 -0.675394 0.677019 345.713346 -58.227357 28.326013
slice6/query/img_02817_c1_1285949916227921us.jpg 0.232658 0.178158 -0.675002 0.677127 346.488035 -58.402015 28.365495
slice6/query/img_02818_c1_1285949916294528us.jpg 0.232828 0.178864 -0.674576 0.677308 347.267504 -58.576570 28.404551
slice6/query/img_02819_c1_1285949916361286us.jpg 0.233077 0.179539 -0.674194 0.677424 348.046936 -58.752489 28.445163
slice6/query/img_02820_c1_1285949916494516us.jpg 0.233707 0.180547 -0.674415 0.676719 349.624406 -59.095663 28.524662
slice6/query/img_02821_c1_1285949916561273us.jpg 0.234057 0.180988 -0.674895 0.676001 350.421736 -59.275074 28.563592
slice6/query/img_02822_c1_1285949916627865us.jpg 0.234227 0.181671 -0.675659 0.674995 351.218239 -59.451857 28.601885
slice6/query/img_02823_c1_1285949916694457us.jpg 0.234834 0.181864 -0.676358 0.674031 352.017188 -59.624867 28.639517
slice6/query/img_02824_c1_1285949916827878us.jpg 0.236984 0.181349 -0.676734 0.673039 353.630560 -59.973049 28.708333
slice6/query/img_02825_c1_1285949916894426us.jpg 0.238430 0.180426 -0.676120 0.673394 354.444315 -60.144507 28.741641
slice6/query/img_02826_c1_1285949916961160us.jpg 0.239761 0.179636 -0.675518 0.673737 355.257737 -60.315071 28.777055
slice6/query/img_02827_c1_1285949917027773us.jpg 0.240173 0.179449 -0.675141 0.674017 356.081600 -60.485502 28.818549
slice6/query/img_02828_c1_1285949917161133us.jpg 0.239197 0.180816 -0.673930 0.675210 357.738255 -60.825985 28.911310
slice6/query/img_02829_c1_1285949917227742us.jpg 0.238575 0.181679 -0.673300 0.675827 358.563298 -61.000630 28.962142
