slice6/query/img_01581_c1_1287503945814271us.jpg 0.079163 0.010626 -0.712834 0.696770 230.506797 -30.319958 22.247800
slice6/query/img_01583_c1_1287503945947622us.jpg 0.099775 0.030879 -0.711516 0.694864 231.204989 -30.915277 22.279262
slice6/query/img_01584_c1_1287503946014235us.jpg 0.109753 0.040426 -0.711229 0.693162 231.567501 -31.197853 22.297078
slice6/query/img_01586_c1_1287503946214203us.jpg 0.136718 0.071982 -0.707997 0.689106 232.729598 -31.988328 22.359774
slice6/query/img_01587_c1_1287503946280959us.jpg 0.145924 0.081762 -0.706362 0.687804 233.131437 -32.232113 22.381650
slice6/query/img_01588_c1_1287503946347551us.jpg 0.155276 0.090890 -0.704586 0.686430 233.541726 -32.466064 22.399939
slice6/query/img_01590_c1_1287503946547818us.jpg 0.181144 0.116513 -0.697854 0.683090 234.821945 -33.097314 22.458972
slice6/query/img_01592_c1_1287503946680867us.jpg 0.196196 0.131610 -0.693485 0.680636 235.719857 -33.472504 22.501782
slice6/query/img_01593_c1_1287503946747479us.jpg 0.202937 0.138701 -0.691473 0.679296 236.176032 -33.647735 22.527052
slice6/query/img_01595_c1_1287503946947783us.jpg 0.220830 0.157690 -0.685356 0.675762 237.593292 -34.115102 22.603951
slice6/query/img_01596_c1_1287503947014059us.jpg 0.225867 0.162876 -0.683334 0.674915 238.080855 -34.255606 22.628775
slice6/query/img_01598_c1_1287503947147406us.jpg 0.234508 0.171626 -0.679278 0.673893 239.069954 -34.511363 22.682857
slice6/query/img_01599_c1_1287503947214020us.jpg 0.238112 0.175116 -0.677203 0.673820 239.566349 -34.628443 22.711159
slice6/query/img_01600_c1_1287503947347373us.jpg 0.243301 0.180554 -0.674169 0.673573 240.579005 -34.848868 22.769479
slice6/query/img_01601_c1_1287503947413985us.jpg 0.244497 0.183439 -0.673192 0.673337 241.095287 -34.952853 22.802775
slice6/query/img_01602_c1_1287503947480722us.jpg 0.245583 0.185939 -0.672418 0.673030 241.612163 -35.057153 22.836119
slice6/query/img_01604_c1_1287503947613947us.jpg 0.246788 0.189219 -0.671866 0.672226 242.660761 -35.253961 22.902130
slice6/query/img_01605_c1_1287503947747321us.jpg 0.246929 0.190226 -0.671951 0.671805 243.721421 -35.447327 22.960380
slice6/query/img_01606_c1_1287503947813916us.jpg 0.246415 0.190607 -0.671629 0.672208 244.255090 -35.543161 22.991090
slice6/query/img_01608_c1_1287503947947263us.jpg 0.245257 0.190605 -0.671049 0.673211 245.329855 -35.737832 23.049250
slice6/query/img_01609_c1_1287503948080617us.jpg 0.244413 0.189106 -0.670899 0.674088 246.416444 -35.934265 23.104068
slice6/query/img_01611_c1_1287503948213839us.jpg 0.243465 0.187287 -0.670701 0.675136 247.524909 -36.134390 23.160877
slice6/query/img_01612_c1_1287503948280578us.jpg 0.242950 0.186590 -0.670763 0.675453 248.083916 -36.241580 23.189232
slice6/query/img_01613_c1_1287503948413826us.jpg 0.241380 0.185428 -0.671164 0.675937 249.217087 -36.454173 23.249821
slice6/query/img_01614_c1_1287503948480545us.jpg 0.240304 0.184939 -0.671516 0.676105 249.781846 -36.566042 23.282680
slice6/query/img_01616_c1_1287503948613768us.jpg 0.238454 0.183603 -0.671447 0.677192 250.941723 -36.790403 23.346230
slice6/query/img_01617_c1_1287503948747121us.jpg 0.236783 0.182364 -0.671270 0.678287 252.110277 -37.027492 23.411140
slice6/query/img_01618_c1_1287503948813732us.jpg 0.235966 0.181703 -0.671680 0.678343 252.698529 -37.148525 23.442336
slice6/query/img_01619_c1_1287503948880470us.jpg 0.235229 0.181158 -0.672218 0.678213 253.291013 -37.275652 23.474188
slice6/query/img_01620_c1_1287503948947083us.jpg 0.234691 0.180517 -0.672625 0.678166 253.886570 -37.403731 23.507083
slice6/query/img_01621_c1_1287503949080703us.jpg 0.233396 0.179803 -0.674324 0.677115 255.089521 -37.668760 23.570424
slice6/query/img_01622_c1_1287503949147071us.jpg 0.233092 0.179372 -0.675076 0.676584 255.695299 -37.802500 23.599865
slice6/query/img_01623_c1_1287503949213681us.jpg 0.233202 0.178772 -0.675589 0.676193 256.302511 -37.940080 23.629815
slice6/query/img_01624_c1_1287503949280399us.jpg 0.233759 0.178200 -0.675719 0.676021 256.911662 -38.075995 23.659922
slice6/query/img_01625_c1_1287503949347012us.jpg 0.234510 0.177901 -0.675461 0.676098 257.523709 -38.214661 23.690431
slice6/query/img_01626_c1_1287503949480385us.jpg 0.235245 0.177543 -0.675342 0.676056 258.769086 -38.489726 23.755568
slice6/query/img_01627_c1_1287503949546977us.jpg 0.235066 0.177513 -0.675402 0.676066 259.400522 -38.625152 23.788656
slice6/query/img_01628_c1_1287503949613589us.jpg 0.234837 0.177630 -0.675065 0.676452 260.034439 -38.762136 23.824009
slice6/query/img_01629_c1_1287503949747184us.jpg 0.234333 0.178061 -0.673897 0.677676 261.325322 -39.039336 23.896262
slice6/query/img_01631_c1_1287503949880354us.jpg 0.233883 0.178603 -0.672810 0.678768 262.632241 -39.324271 23.966522
slice6/query/img_01632_c1_1287503949946904us.jpg 0.233739 0.178833 -0.672749 0.678818 263.290083 -39.469276 24.002873
slice6/query/img_01633_c1_1287503950013518us.jpg 0.233636 0.178863 -0.672691 0.678902 263.953955 -39.612595 24.037654
slice6/query/img_01634_c1_1287503950146869us.jpg 0.233595 0.178397 -0.672525 0.679204 265.299985 -39.906346 24.110717
slice6/query/img_01635_c1_1287503950213486us.jpg 0.233744 0.177973 -0.672591 0.679198 265.975309 -40.053929 24.146824
slice6/query/img_01636_c1_1287503950280219us.jpg 0.233753 0.177754 -0.672613 0.679231 266.654755 -40.203412 24.185246
slice6/query/img_01637_c1_1287503950413574us.jpg 0.233757 0.177841 -0.672713 0.679107 268.028332 -40.511735 24.265892
slice6/query/img_01638_c1_1287503950480277us.jpg 0.234179 0.177377 -0.672587 0.679209 268.720770 -40.664451 24.301780
slice6/query/img_01639_c1_1287503950546797us.jpg 0.234455 0.176702 -0.672712 0.679166 269.416081 -40.821034 24.337656
slice6/query/img_01640_c1_1287503950613410us.jpg 0.234918 0.175951 -0.673176 0.678741 270.112644 -40.981536 24.376023
slice6/query/img_01641_c1_1287503950746782us.jpg 0.234832 0.175849 -0.673432 0.678543 271.530994 -41.293663 24.460459
slice6/query/img_01642_c1_1287503950813375us.jpg 0.234504 0.176627 -0.673374 0.678512 272.246212 -41.452652 24.504171
slice6/query/img_01643_c1_1287503950880111us.jpg 0.234218 0.177242 -0.673501 0.678324 272.965161 -41.615973 24.548650
slice6/query/img_01644_c1_1287503950946724us.jpg 0.233712 0.177481 -0.673847 0.678092 273.684542 -41.780784 24.592553
slice6/query/img_01645_c1_1287503951080079us.jpg 0.231886 0.177422 -0.675389 0.677200 275.144010 -42.099896 24.671083
slice6/query/img_01646_c1_1287503951146688us.jpg 0.231167 0.177616 -0.675832 0.676954 275.875046 -42.260374 24.708847
slice6/query/img_01647_c1_1287503951213304us.jpg 0.231268 0.177517 -0.676077 0.676699 276.605527 -42.427016 24.745070
slice6/query/img_01648_c1_1287503951280040us.jpg 0.231785 0.177161 -0.676385 0.676309 277.332963 -42.597599 24.778881
slice6/query/img_01649_c1_1287503951413286us.jpg 0.233673 0.175502 -0.677448 0.675026 278.804686 -42.940797 24.843378
slice6/query/img_01650_c1_1287503951480004us.jpg 0.234264 0.174840 -0.677799 0.674641 279.541933 -43.110180 24.879854
slice6/query/img_01651_c1_1287503951613250us.jpg 0.233594 0.174360 -0.677658 0.675139 281.033000 -43.441708 24.960966
slice6/query/img_01652_c1_1287503951679988us.jpg 0.233032 0.174313 -0.676948 0.676057 281.777457 -43.606327 25.003906
slice6/query/img_01653_c1_1287503951746581us.jpg 0.232125 0.174969 -0.675953 0.677194 282.526371 -43.769358 25.048009
slice6/query/img_01654_c1_1287503951880430us.jpg 0.230480 0.176386 -0.674909 0.678428 284.034879 -44.105742 25.139644
slice6/query/img_01655_c1_1287503951946565us.jpg 0.230072 0.176643 -0.674959 0.678450 284.787642 -44.276918 25.181856
slice6/query/img_01656_c1_1287503952013159us.jpg 0.229600 0.176638 -0.675346 0.678226 285.540919 -44.449178 25.222468
slice6/query/img_01657_c1_1287503952079895us.jpg 0.229299 0.176648 -0.675348 0.678324 286.296363 -44.623168 25.262622
slice6/query/img_01658_c1_1287503952213123us.jpg 0.229261 0.176099 -0.675243 0.678583 287.813224 -44.971034 25.338638
slice6/query/img_01659_c1_1287503952279882us.jpg 0.229201 0.175636 -0.675250 0.678717 288.572344 -45.143712 25.376107
slice6/query/img_01660_c1_1287503952346473us.jpg 0.228839 0.175514 -0.675510 0.678612 289.334147 -45.316911 25.414680
slice6/query/img_01661_c1_1287503952413086us.jpg 0.228274 0.176030 -0.675975 0.678205 290.096451 -45.493911 25.456362
slice6/query/img_01662_c1_1287503952546461us.jpg 0.228620 0.175464 -0.676780 0.677432 291.629687 -45.855680 25.532528
slice6/query/img_01663_c1_1287503952613054us.jpg 0.228902 0.175055 -0.677288 0.676935 292.394818 -46.036902 25.570483
slice6/query/img_01664_c1_1287503952679788us.jpg 0.228940 0.174996 -0.677473 0.676752 293.165421 -46.218238 25.607322
slice6/query/img_01665_c1_1287503952746400us.jpg 0.228644 0.175124 -0.677554 0.676738 293.938035 -46.396886 25.648886
slice6/query/img_01666_c1_1287503952879777us.jpg 0.227474 0.175349 -0.677023 0.677604 295.497614 -46.742581 25.734040
slice6/query/img_01667_c1_1287503952946387us.jpg 0.227030 0.175188 -0.676816 0.678002 296.276375 -46.922238 25.774574
slice6/query/img_01668_c1_1287503953012978us.jpg 0.226813 0.175035 -0.676388 0.678541 297.052817 -47.098865 25.814221
slice6/query/img_01669_c1_1287503953079716us.jpg 0.226739 0.175008 -0.675991 0.678968 297.829840 -47.278859 25.854724
slice6/query/img_01670_c1_1287503953213530us.jpg 0.226356 0.175205 -0.676717 0.678322 299.392931 -47.644803 25.932055
slice6/query/img_01671_c1_1287503953279703us.jpg 0.226303 0.174968 -0.677473 0.677646 300.173959 -47.829083 25.972232
slice6/query/img_01672_c1_1287503953346294us.jpg 0.226609 0.174249 -0.678128 0.677074 300.960916 -48.017894 26.010673
slice6/query/img_01673_c1_1287503953412906us.jpg 0.227345 0.173437 -0.678152 0.677011 301.746314 -48.207181 26.051977
slice6/query/img_01674_c1_1287503953479644us.jpg 0.227649 0.173345 -0.678068 0.677017 302.536326 -48.393189 26.088173
slice6/query/img_01675_c1_1287503953612893us.jpg 0.227512 0.173687 -0.678308 0.676734 304.123262 -48.770608 26.168210
slice6/query/img_01676_c1_1287503953679629us.jpg 0.227334 0.173699 -0.678351 0.676748 304.914122 -48.954685 26.208081
slice6/query/img_01677_c1_1287503953746221us.jpg 0.227712 0.173459 -0.677920 0.677115 305.705073 -49.139393 26.248257
slice6/query/img_01678_c1_1287503953812834us.jpg 0.228481 0.173208 -0.676898 0.677941 306.494927 -49.322983 26.285116
slice6/query/img_01679_c1_1287503953946217us.jpg 0.228859 0.173848 -0.675590 0.678954 308.090993 -49.692253 26.370304
slice6/query/img_01680_c1_1287503954012801us.jpg 0.228369 0.174593 -0.675744 0.678774 308.892553 -49.879350 26.414927
slice6/query/img_01681_c1_1287503954079537us.jpg 0.227814 0.175435 -0.676028 0.678461 309.693105 -50.067744 26.460968
slice6/query/img_01682_c1_1287503954146148us.jpg 0.227394 0.176135 -0.675904 0.678545 310.493528 -50.255671 26.504476
slice6/query/img_01683_c1_1287503954279523us.jpg 0.228234 0.175834 -0.675314 0.678928 312.100422 -50.623370 26.584182
slice6/query/img_01684_c1_1287503954346114us.jpg 0.229033 0.175572 -0.674755 0.679283 312.903927 -50.808703 26.624634
slice6/query/img_01685_c1_1287503954412726us.jpg 0.229693 0.175411 -0.674614 0.679241 313.709230 -50.992793 26.666029
slice6/query/img_01686_c1_1287503954479464us.jpg 0.229754 0.175898 -0.675135 0.678576 314.517136 -51.181793 26.710791
slice6/query/img_01687_c1_1287503954612713us.jpg 0.229106 0.177363 -0.677243 0.676309 316.147951 -51.555476 26.801407
slice6/query/img_01688_c1_1287503954679450us.jpg 0.229367 0.177683 -0.677713 0.675666 316.960351 -51.745440 26.842509
slice6/query/img_01689_c1_1287503954746041us.jpg 0.229784 0.177739 -0.677821 0.675402 317.774765 -51.930130 26.881184
slice6/query/img_01690_c1_1287503954812655us.jpg 0.230231 0.177849 -0.677758 0.675283 318.585313 -52.114672 26.919343
slice6/query/img_01691_c1_1287503954946032us.jpg 0.231067 0.178203 -0.677105 0.675559 320.232580 -52.477338 26.996735
slice6/query/img_01692_c1_1287503955012641us.jpg 0.231722 0.177866 -0.677027 0.675502 321.053268 -52.666166 27.035839
slice6/query/img_01693_c1_1287503955079357us.jpg 0.232429 0.177423 -0.676879 0.675524 321.873980 -52.845945 27.074153
slice6/query/img_01694_c1_1287503955145969us.jpg 0.232722 0.177442 -0.676721 0.675577 322.691415 -53.032660 27.118191
slice6/query/img_01695_c1_1287503955279343us.jpg 0.233002 0.178128 -0.676597 0.675423 324.355367 -53.398782 27.205893
slice6/query/img_01696_c1_1287503955345940us.jpg 0.232654 0.178944 -0.677040 0.674884 325.191893 -53.582505 27.252833
slice6/query/img_01697_c1_1287503955412547us.jpg 0.232794 0.179283 -0.677220 0.674565 326.024354 -53.765598 27.297157
slice6/query/img_01698_c1_1287503955479285us.jpg 0.233323 0.179214 -0.677116 0.674505 326.855930 -53.948348 27.338035
slice6/query/img_01699_c1_1287503955612515us.jpg 0.234462 0.178515 -0.676156 0.675258 328.524560 -54.309226 27.418695
slice6/query/img_01700_c1_1287503955679264us.jpg 0.234527 0.178828 -0.675564 0.675745 329.355764 -54.491379 27.465950
slice6/query/img_01701_c1_1287503955745862us.jpg 0.234384 0.179441 -0.674798 0.676397 330.190914 -54.673342 27.512012
slice6/query/img_01702_c1_1287503955812474us.jpg 0.234037 0.180175 -0.674105 0.677013 331.027972 -54.850984 27.557717
slice6/query/img_01703_c1_1287503955945829us.jpg 0.233979 0.180938 -0.672906 0.678021 332.697185 -55.208005 27.655265
slice6/query/img_01704_c1_1287503956012440us.jpg 0.233972 0.181117 -0.672585 0.678294 333.537046 -55.383596 27.701932
slice6/query/img_01705_c1_1287503956079177us.jpg 0.234037 0.181545 -0.672094 0.678645 334.372850 -55.564058 27.749311
slice6/query/img_01706_c1_1287503956145790us.jpg 0.233384 0.182498 -0.672034 0.678673 335.210124 -55.743663 27.801747
slice6/query/img_01707_c1_1287503956279168us.jpg 0.232567 0.183618 -0.672823 0.677869 336.895423 -56.097715 27.895738
slice6/query/img_01708_c1_1287503956345758us.jpg 0.232532 0.183637 -0.673221 0.677481 337.734507 -56.278218 27.939187
slice6/query/img_01709_c1_1287503956412367us.jpg 0.232492 0.183599 -0.673543 0.677184 338.573490 -56.461961 27.982124
slice6/query/img_01710_c1_1287503956479106us.jpg 0.232806 0.183385 -0.673538 0.677139 339.410811 -56.639096 28.020486
slice6/query/img_01711_c1_1287503956612336us.jpg 0.232876 0.183108 -0.673643 0.677085 341.096107 -57.005464 28.104535
slice6/query/img_01712_c1_1287503956679075us.jpg 0.232635 0.182855 -0.673920 0.676962 341.934709 -57.187298 28.147578
slice6/query/img_01713_c1_1287503956745683us.jpg 0.231797 0.182674 -0.674222 0.676997 342.776224 -57.373051 28.190365
slice6/query/img_01714_c1_1287503956812296us.jpg 0.230832 0.182513 -0.674345 0.677247 343.615972 -57.553794 28.235537
slice6/query/img_01715_c1_1287503956945669us.jpg 0.228774 0.181134 -0.673802 0.678855 345.306004 -57.922726 28.321962
slice6/query/img_01716_c1_1287503957012281us.jpg 0.227706 0.180030 -0.673381 0.679924 346.144299 -58.105585 28.362226
slice6/query/img_01717_c1_1287503957145614us.jpg 0.225343 0.178529 -0.673345 0.681142 347.834735 -58.484855 28.451528
slice6/query/img_01718_c1_1287503957212234us.jpg 0.224572 0.177458 -0.673761 0.681265 348.678937 -58.684575 28.494636
slice6/query/img_01719_c1_1287503957278984us.jpg 0.223907 0.176689 -0.674623 0.680831 349.520232 -58.885377 28.534605
slice6/query/img_01720_c1_1287503957345575us.jpg 0.223652 0.175870 -0.675880 0.679879 350.360760 -59.091169 28.573144
slice6/query/img_01721_c1_1287503957479120us.jpg 0.223827 0.174279 -0.678990 0.677127 352.054026 -59.508347 28.647527
slice6/query/img_01722_c1_1287503957545545us.jpg 0.224519 0.173157 -0.680258 0.675911 352.900877 -59.714851 28.681215
slice6/query/img_01723_c1_1287503957612152us.jpg 0.225826 0.172014 -0.680754 0.675268 353.745979 -59.925227 28.717933
slice6/query/img_01724_c1_1287503957678891us.jpg 0.227528 0.170855 -0.680574 0.675173 354.591321 -60.136700 28.753283
slice6/query/img_01725_c1_1287503957812520us.jpg 0.228995 0.169338 -0.679948 0.675690 356.284701 -60.544002 28.837574
slice6/query/img_01726_c1_1287503957878854us.jpg 0.228790 0.169766 -0.679471 0.676132 357.139056 -60.744994 28.885405
slice6/query/img_01727_c1_1287503957945469us.jpg 0.228327 0.170529 -0.678987 0.676582 357.994814 -60.946838 28.936845
slice6/query/img_01728_c1_1287503958012081us.jpg 0.228158 0.171401 -0.678354 0.677054 358.848036 -61.150338 28.988830
