slice6/query/img_02891_c1_1288106483178732us.jpg 0.067338 -0.003787 -0.712130 0.698800 231.168755 -30.002261 22.278490
slice6/query/img_02893_c1_1288106483311937us.jpg 0.086758 0.015383 -0.712714 0.695899 231.890164 -30.656850 22.312513
slice6/query/img_02894_c1_1288106483378674us.jpg 0.095954 0.025313 -0.712427 0.694694 232.266166 -30.968481 22.334051
slice6/query/img_02895_c1_1288106483511907us.jpg 0.113542 0.046453 -0.709946 0.693489 233.054951 -31.566447 22.377638
slice6/query/img_02896_c1_1288106483578638us.jpg 0.122364 0.056299 -0.708620 0.692615 233.465224 -31.849367 22.395903
slice6/query/img_02897_c1_1288106483645252us.jpg 0.131463 0.065220 -0.707515 0.691293 233.884026 -32.120857 22.415986
slice6/query/img_02898_c1_1288106483778625us.jpg 0.150045 0.082109 -0.704501 0.688783 234.744934 -32.646386 22.450171
slice6/query/img_02899_c1_1288106483845216us.jpg 0.159154 0.090575 -0.702513 0.687707 235.194240 -32.891241 22.467183
slice6/query/img_02900_c1_1288106483978571us.jpg 0.176937 0.106152 -0.699308 0.684392 236.115316 -33.344636 22.515508
slice6/query/img_02901_c1_1288106484045202us.jpg 0.185078 0.113767 -0.697552 0.682806 236.596214 -33.556538 22.541319
slice6/query/img_02902_c1_1288106484111792us.jpg 0.192587 0.121761 -0.695464 0.681480 237.087254 -33.765021 22.569299
slice6/query/img_02904_c1_1288106484311765us.jpg 0.212494 0.141795 -0.689544 0.677694 238.617917 -34.310826 22.666720
slice6/query/img_02905_c1_1288106484378495us.jpg 0.218157 0.147963 -0.687080 0.677079 239.150691 -34.476806 22.701035
slice6/query/img_02906_c1_1288106484445107us.jpg 0.223788 0.153960 -0.684557 0.676459 239.685969 -34.644229 22.736967
slice6/query/img_02907_c1_1288106484578524us.jpg 0.233584 0.162933 -0.681386 0.674243 240.777630 -34.942822 22.799647
slice6/query/img_02908_c1_1288106484645075us.jpg 0.237195 0.168400 -0.679873 0.673166 241.337770 -35.087022 22.836226
slice6/query/img_02909_c1_1288106484711686us.jpg 0.240495 0.173099 -0.678319 0.672370 241.896703 -35.225350 22.867483
slice6/query/img_02910_c1_1288106484845038us.jpg 0.245669 0.181133 -0.676605 0.670107 243.048519 -35.481393 22.935398
slice6/query/img_02911_c1_1288106484978391us.jpg 0.249134 0.186976 -0.674422 0.669423 244.213155 -35.708408 23.001978
slice6/query/img_02912_c1_1288106485045018us.jpg 0.250355 0.189367 -0.672874 0.669853 244.798975 -35.816535 23.036568
slice6/query/img_02913_c1_1288106485111614us.jpg 0.251183 0.191197 -0.671516 0.670386 245.389023 -35.922895 23.070380
slice6/query/img_02914_c1_1288106485178353us.jpg 0.251699 0.192330 -0.670433 0.670952 245.986872 -36.027364 23.103922
slice6/query/img_02915_c1_1288106485311581us.jpg 0.252058 0.192708 -0.669048 0.672090 247.198336 -36.223679 23.164999
slice6/query/img_02916_c1_1288106485378317us.jpg 0.252298 0.192562 -0.668230 0.672856 247.809623 -36.325304 23.197128
slice6/query/img_02918_c1_1288106485511544us.jpg 0.251239 0.192539 -0.667398 0.674083 249.051704 -36.534340 23.267502
slice6/query/img_02919_c1_1288106485644900us.jpg 0.248553 0.191094 -0.667880 0.675012 250.310052 -36.737435 23.341346
slice6/query/img_02920_c1_1288106485711513us.jpg 0.247235 0.190444 -0.667882 0.675677 250.943706 -36.845785 23.379915
slice6/query/img_02921_c1_1288106485778246us.jpg 0.245978 0.189331 -0.667866 0.676464 251.580391 -36.958612 23.415142
slice6/query/img_02922_c1_1288106485844871us.jpg 0.244731 0.188350 -0.668057 0.677002 252.224560 -37.077657 23.451075
slice6/query/img_02923_c1_1288106485978234us.jpg 0.242226 0.186695 -0.669267 0.677166 253.535185 -37.322272 23.519939
slice6/query/img_02924_c1_1288106486044825us.jpg 0.241273 0.185459 -0.669895 0.677225 254.196220 -37.447718 23.555375
slice6/query/img_02925_c1_1288106486111437us.jpg 0.240019 0.184418 -0.670644 0.677213 254.861866 -37.579922 23.590338
slice6/query/img_02926_c1_1288106486178175us.jpg 0.239027 0.183100 -0.671537 0.677036 255.526505 -37.710595 23.623832
slice6/query/img_02927_c1_1288106486311404us.jpg 0.237370 0.180691 -0.672946 0.676868 256.876046 -37.999501 23.690075
slice6/query/img_02928_c1_1288106486378139us.jpg 0.237010 0.180170 -0.673087 0.676993 257.556287 -38.143467 23.722602
slice6/query/img_02929_c1_1288106486444753us.jpg 0.236470 0.179469 -0.673230 0.677225 258.249255 -38.296146 23.755509
slice6/query/img_02930_c1_1288106486511366us.jpg 0.236073 0.178775 -0.673471 0.677308 258.936841 -38.448608 23.787406
slice6/query/img_02931_c1_1288106486644742us.jpg 0.234745 0.177404 -0.674086 0.677518 260.332991 -38.752948 23.863712
slice6/query/img_02932_c1_1288106486711351us.jpg 0.234266 0.176798 -0.673846 0.678081 261.033611 -38.910231 23.899476
slice6/query/img_02933_c1_1288106486778069us.jpg 0.233790 0.176667 -0.673345 0.678777 261.749996 -39.067799 23.938074
slice6/query/img_02934_c1_1288106486844682us.jpg 0.233151 0.176670 -0.673002 0.679335 262.468268 -39.225278 23.973594
slice6/query/img_02935_c1_1288106486978034us.jpg 0.232502 0.176598 -0.672732 0.679844 263.925115 -39.548274 24.049084
slice6/query/img_02936_c1_1288106487044650us.jpg 0.232776 0.176214 -0.672911 0.679673 264.649792 -39.714204 24.087121
slice6/query/img_02937_c1_1288106487111261us.jpg 0.233464 0.175742 -0.673004 0.679467 265.375576 -39.881431 24.125348
slice6/query/img_02938_c1_1288106487177998us.jpg 0.234005 0.175815 -0.673134 0.679133 266.117255 -40.045292 24.164452
slice6/query/img_02939_c1_1288106487311227us.jpg 0.235052 0.176472 -0.673531 0.678207 267.613145 -40.381922 24.244928
slice6/query/img_02940_c1_1288106487377970us.jpg 0.235637 0.176861 -0.673458 0.677975 268.366433 -40.548957 24.285619
slice6/query/img_02941_c1_1288106487444577us.jpg 0.236560 0.176478 -0.673464 0.677747 269.119741 -40.720788 24.321514
slice6/query/img_02942_c1_1288106487577950us.jpg 0.237246 0.176330 -0.673257 0.677752 270.636017 -41.050933 24.402262
slice6/query/img_02943_c1_1288106487644542us.jpg 0.237116 0.176760 -0.672991 0.677949 271.407961 -41.220646 24.444744
slice6/query/img_02944_c1_1288106487711156us.jpg 0.236792 0.177873 -0.672524 0.678235 272.181267 -41.386671 24.492827
slice6/query/img_02945_c1_1288106487777894us.jpg 0.236481 0.179101 -0.672327 0.678216 272.953979 -41.560889 24.542344
slice6/query/img_02946_c1_1288106487911122us.jpg 0.235251 0.179499 -0.673714 0.677160 274.518783 -41.900227 24.629278
slice6/query/img_02947_c1_1288106487977857us.jpg 0.234698 0.179193 -0.674764 0.676388 275.307773 -42.072535 24.669203
slice6/query/img_02948_c1_1288106488044471us.jpg 0.234577 0.178669 -0.675657 0.675676 276.090425 -42.247375 24.704915
slice6/query/img_02949_c1_1288106488177830us.jpg 0.236126 0.177394 -0.676048 0.675082 277.678972 -42.603005 24.770302
slice6/query/img_02950_c1_1288106488244435us.jpg 0.237147 0.176213 -0.676340 0.674740 278.474924 -42.780759 24.802862
slice6/query/img_02951_c1_1288106488311049us.jpg 0.237704 0.175485 -0.676731 0.674342 279.272422 -42.959869 24.840280
slice6/query/img_02952_c1_1288106488444403us.jpg 0.237640 0.174027 -0.677009 0.674463 280.888773 -43.309319 24.926157
slice6/query/img_02953_c1_1288106488511097us.jpg 0.236652 0.173838 -0.676612 0.675257 281.703355 -43.478431 24.968702
slice6/query/img_02954_c1_1288106488577753us.jpg 0.235413 0.174121 -0.675895 0.676334 282.526090 -43.651979 25.016533
slice6/query/img_02955_c1_1288106488644366us.jpg 0.234361 0.174914 -0.674917 0.677471 283.348144 -43.826308 25.067281
slice6/query/img_02956_c1_1288106488777719us.jpg 0.232608 0.175844 -0.674213 0.678534 285.001199 -44.187492 25.167095
slice6/query/img_02957_c1_1288106488844331us.jpg 0.232067 0.175794 -0.674395 0.678552 285.823779 -44.369621 25.212817
slice6/query/img_02958_c1_1288106488977685us.jpg 0.231880 0.174937 -0.674739 0.678495 287.471731 -44.755189 25.297650
slice6/query/img_02959_c1_1288106489110933us.jpg 0.231828 0.173757 -0.675297 0.678261 289.134868 -45.138655 25.391356
slice6/query/img_02960_c1_1288106489177647us.jpg 0.231436 0.173784 -0.675609 0.678078 289.980165 -45.323820 25.435223
slice6/query/img_02961_c1_1288106489244260us.jpg 0.231087 0.173883 -0.676087 0.677694 290.821538 -45.523655 25.481381
slice6/query/img_02962_c1_1288106489377616us.jpg 0.230533 0.173103 -0.676875 0.677296 292.529856 -45.907886 25.569348
slice6/query/img_02963_c1_1288106489444225us.jpg 0.230069 0.172896 -0.677195 0.677187 293.385654 -46.104924 25.613194
slice6/query/img_02964_c1_1288106489510838us.jpg 0.229603 0.172850 -0.677221 0.677330 294.245302 -46.299261 25.656852
slice6/query/img_02965_c1_1288106489577577us.jpg 0.229169 0.172656 -0.677065 0.677683 295.104958 -46.489668 25.702659
slice6/query/img_02966_c1_1288106489710808us.jpg 0.228606 0.171988 -0.676451 0.678655 296.824504 -46.885894 25.794323
slice6/query/img_02967_c1_1288106489777541us.jpg 0.228623 0.171798 -0.676161 0.678987 297.685085 -47.090076 25.838142
slice6/query/img_02968_c1_1288106489844155us.jpg 0.229032 0.171622 -0.676075 0.678980 298.550111 -47.294896 25.882438
slice6/query/img_02969_c1_1288106489910769us.jpg 0.228937 0.171722 -0.676563 0.678500 299.420202 -47.500104 25.924155
slice6/query/img_02970_c1_1288106490044144us.jpg 0.229471 0.171271 -0.678097 0.676900 301.174079 -47.930584 26.014079
slice6/query/img_02971_c1_1288106490110760us.jpg 0.229875 0.171304 -0.678281 0.676570 302.057734 -48.149649 26.058204
slice6/query/img_02972_c1_1288106490177471us.jpg 0.230229 0.171611 -0.678135 0.676518 302.952159 -48.363135 26.104901
slice6/query/img_02973_c1_1288106490244085us.jpg 0.230327 0.172012 -0.678048 0.676471 303.844289 -48.576699 26.146309
slice6/query/img_02974_c1_1288106490377438us.jpg 0.230919 0.171902 -0.677100 0.677246 305.630257 -48.993331 26.224677
slice6/query/img_02975_c1_1288106490444050us.jpg 0.231437 0.171858 -0.675996 0.678182 306.523163 -49.202480 26.269885
slice6/query/img_02976_c1_1288106490510664us.jpg 0.231930 0.172217 -0.674791 0.679122 307.425105 -49.422050 26.321187
slice6/query/img_02977_c1_1288106490644037us.jpg 0.231389 0.173954 -0.674335 0.679317 309.233415 -49.848633 26.433963
slice6/query/img_02978_c1_1288106490710633us.jpg 0.230772 0.175152 -0.674594 0.678962 310.146211 -50.065742 26.484169
slice6/query/img_02979_c1_1288106490777367us.jpg 0.230420 0.175930 -0.674765 0.678710 311.056599 -50.276959 26.527709
slice6/query/img_02980_c1_1288106490843980us.jpg 0.230974 0.176072 -0.674653 0.678597 311.974682 -50.489146 26.573402
slice6/query/img_02981_c1_1288106490977337us.jpg 0.233079 0.175533 -0.674068 0.678598 313.800099 -50.914048 26.664471
slice6/query/img_02982_c1_1288106491043968us.jpg 0.233371 0.175733 -0.674274 0.678240 314.722513 -51.122685 26.714510
slice6/query/img_02983_c1_1288106491110559us.jpg 0.233186 0.176321 -0.675074 0.677355 315.646742 -51.331304 26.765657
slice6/query/img_02984_c1_1288106491177298us.jpg 0.233273 0.176924 -0.675729 0.676514 316.574884 -51.542354 26.814553
slice6/query/img_02985_c1_1288106491310527us.jpg 0.234025 0.177737 -0.675906 0.675865 318.438321 -51.959135 26.911487
slice6/query/img_02986_c1_1288106491377284us.jpg 0.234213 0.178151 -0.676013 0.675583 319.374375 -52.164037 26.957595
slice6/query/img_02987_c1_1288106491443876us.jpg 0.234465 0.178331 -0.675941 0.675520 320.311487 -52.363817 26.999500
slice6/query/img_02988_c1_1288106491510489us.jpg 0.235006 0.178025 -0.675854 0.675500 321.244102 -52.566012 27.042555
slice6/query/img_02989_c1_1288106491643842us.jpg 0.236323 0.177356 -0.674757 0.676313 323.123921 -52.973042 27.129891
slice6/query/img_02990_c1_1288106491710454us.jpg 0.236261 0.177427 -0.674318 0.676754 324.069075 -53.178484 27.180099
slice6/query/img_02991_c1_1288106491777193us.jpg 0.235738 0.177720 -0.674401 0.676776 325.011913 -53.381258 27.231689
slice6/query/img_02992_c1_1288106491843806us.jpg 0.234864 0.177906 -0.674965 0.676470 325.959569 -53.584732 27.286431
slice6/query/img_02993_c1_1288106491977164us.jpg 0.234828 0.177651 -0.674962 0.676552 327.855199 -54.000231 27.392409
slice6/query/img_02994_c1_1288106492043771us.jpg 0.234888 0.177379 -0.674686 0.676878 328.804262 -54.207784 27.443572
slice6/query/img_02995_c1_1288106492110385us.jpg 0.234814 0.177302 -0.674350 0.677258 329.754895 -54.419999 27.495114
slice6/query/img_02996_c1_1288106492177124us.jpg 0.234593 0.177282 -0.674032 0.677657 330.699487 -54.629871 27.544271
slice6/query/img_02997_c1_1288106492310354us.jpg 0.234059 0.177270 -0.673016 0.678853 332.608014 -55.051031 27.653520
slice6/query/img_02998_c1_1288106492377110us.jpg 0.233638 0.177218 -0.672356 0.679665 333.564056 -55.263776 27.706033
slice6/query/img_02999_c1_1288106492443704us.jpg 0.233121 0.177358 -0.671714 0.680440 334.513144 -55.477451 27.764944
slice6/query/img_03000_c1_1288106492577161us.jpg 0.231156 0.178366 -0.671999 0.680565 336.448083 -55.896014 27.873673
slice6/query/img_03001_c1_1288106492643669us.jpg 0.230498 0.178431 -0.672745 0.680034 337.411336 -56.113942 27.925052
slice6/query/img_03002_c1_1288106492710282us.jpg 0.230377 0.178115 -0.673458 0.679453 338.375329 -56.333847 27.974817
slice6/query/img_03003_c1_1288106492777021us.jpg 0.230525 0.177738 -0.673970 0.678993 339.334752 -56.556485 28.023347
slice6/query/img_03004_c1_1288106492910252us.jpg 0.231004 0.176769 -0.674909 0.678150 341.268921 -57.005570 28.115937
slice6/query/img_03005_c1_1288106492976987us.jpg 0.230935 0.176491 -0.675459 0.677698 342.236033 -57.230770 28.165692
slice6/query/img_03006_c1_1288106493043598us.jpg 0.230625 0.176875 -0.675672 0.677492 343.198646 -57.458734 28.213197
slice6/query/img_03007_c1_1288106493177793us.jpg 0.230046 0.176937 -0.675579 0.677765 345.152758 -57.898558 28.313469
slice6/query/img_03008_c1_1288106493243564us.jpg 0.230055 0.176635 -0.675317 0.678102 346.125697 -58.118625 28.355873
slice6/query/img_03009_c1_1288106493310177us.jpg 0.230076 0.176594 -0.674986 0.678434 347.092679 -58.340153 28.404952
slice6/query/img_03010_c1_1288106493376915us.jpg 0.229843 0.176358 -0.674921 0.678640 348.069774 -58.558034 28.452538
slice6/query/img_03011_c1_1288106493510165us.jpg 0.229800 0.176576 -0.675257 0.678263 350.020150 -59.018472 28.551480
slice6/query/img_03012_c1_1288106493576881us.jpg 0.229961 0.176574 -0.676191 0.677277 351.004391 -59.247478 28.597985
slice6/query/img_03013_c1_1288106493643494us.jpg 0.230418 0.176414 -0.677448 0.675907 351.987948 -59.481964 28.641897
slice6/query/img_03014_c1_1288106493710108us.jpg 0.231160 0.175887 -0.678614 0.674621 352.971264 -59.715258 28.685412
slice6/query/img_03015_c1_1288106493843483us.jpg 0.234597 0.174036 -0.678904 0.673621 354.938194 -60.178236 28.763797
slice6/query/img_03016_c1_1288106493910095us.jpg 0.236356 0.173142 -0.678477 0.673667 355.919305 -60.405164 28.808824
slice6/query/img_03017_c1_1288106493976812us.jpg 0.237030 0.172919 -0.678322 0.673643 356.898173 -60.625488 28.859507
