slice6/query/img_03406_c1_1288792621130265us.jpg 0.075804 0.006901 -0.710303 0.699768 230.444273 -30.060880 22.215456
slice6/query/img_03407_c1_1288792621263764us.jpg 0.093803 0.024834 -0.708805 0.698698 231.145139 -30.667130 22.246181
slice6/query/img_03409_c1_1288792621396839us.jpg 0.110777 0.041712 -0.708272 0.695945 231.892179 -31.251146 22.283508
slice6/query/img_03410_c1_1288792621530213us.jpg 0.126900 0.057877 -0.707245 0.693073 232.690074 -31.806317 22.325372
slice6/query/img_03412_c1_1288792621730179us.jpg 0.149921 0.083114 -0.703585 0.689626 233.975137 -32.580712 22.387068
slice6/query/img_03414_c1_1288792621863505us.jpg 0.165646 0.098046 -0.701291 0.686396 234.870985 -33.065964 22.425985
slice6/query/img_03415_c1_1288792621996756us.jpg 0.182118 0.112771 -0.697670 0.683647 235.820017 -33.518722 22.465772
slice6/query/img_03416_c1_1288792622063468us.jpg 0.189877 0.119642 -0.696271 0.681791 236.305550 -33.730949 22.486279
slice6/query/img_03417_c1_1288792622130081us.jpg 0.196972 0.126719 -0.694797 0.680001 236.800008 -33.933989 22.509116
slice6/query/img_03418_c1_1288792622196695us.jpg 0.203614 0.134150 -0.692779 0.678677 237.305793 -34.126369 22.539953
slice6/query/img_03419_c1_1288792622330048us.jpg 0.215780 0.147504 -0.688335 0.676666 238.342417 -34.475167 22.599313
slice6/query/img_03420_c1_1288792622396657us.jpg 0.221370 0.153269 -0.686092 0.675856 238.876320 -34.641929 22.628735
slice6/query/img_03421_c1_1288792622463419us.jpg 0.226752 0.158771 -0.683317 0.675614 239.414912 -34.799106 22.656049
slice6/query/img_03422_c1_1288792622596628us.jpg 0.236659 0.167570 -0.679590 0.673848 240.511716 -35.086601 22.721898
slice6/query/img_03423_c1_1288792622663358us.jpg 0.240337 0.171999 -0.678180 0.672850 241.075487 -35.218419 22.753471
slice6/query/img_03424_c1_1288792622729972us.jpg 0.243022 0.176531 -0.676675 0.672226 241.641678 -35.346143 22.788521
slice6/query/img_03425_c1_1288792622863327us.jpg 0.247583 0.183911 -0.674620 0.670647 242.791767 -35.590229 22.862989
slice6/query/img_03426_c1_1288792622929937us.jpg 0.248549 0.186235 -0.674048 0.670223 243.373229 -35.700513 22.895939
slice6/query/img_03428_c1_1288792623063286us.jpg 0.250526 0.189828 -0.671672 0.670864 244.540174 -35.914466 22.969044
slice6/query/img_03429_c1_1288792623196516us.jpg 0.251274 0.192537 -0.669672 0.671811 245.727575 -36.122900 23.037104
slice6/query/img_03430_c1_1288792623263253us.jpg 0.251772 0.192744 -0.669277 0.671959 246.326292 -36.225958 23.070727
slice6/query/img_03431_c1_1288792623329861us.jpg 0.252172 0.192678 -0.668759 0.672343 246.928808 -36.328939 23.103277
slice6/query/img_03432_c1_1288792623463235us.jpg 0.251558 0.192116 -0.667731 0.673754 248.154441 -36.528322 23.174946
slice6/query/img_03433_c1_1288792623529847us.jpg 0.250911 0.192148 -0.667305 0.674408 248.769774 -36.633311 23.212341
slice6/query/img_03435_c1_1288792623663176us.jpg 0.248785 0.191341 -0.667835 0.674901 250.020825 -36.840585 23.285583
slice6/query/img_03436_c1_1288792623796416us.jpg 0.247532 0.190285 -0.667675 0.675818 251.297981 -37.064303 23.357172
slice6/query/img_03437_c1_1288792623863142us.jpg 0.247062 0.189412 -0.667840 0.676072 251.940387 -37.181073 23.392042
slice6/query/img_03438_c1_1288792623929751us.jpg 0.246627 0.188731 -0.668178 0.676087 252.585601 -37.300377 23.426508
slice6/query/img_03439_c1_1288792623996367us.jpg 0.245762 0.188385 -0.668620 0.676061 253.237046 -37.422041 23.463637
slice6/query/img_03440_c1_1288792624129719us.jpg 0.244470 0.186921 -0.669860 0.675709 254.566613 -37.664686 23.532856
slice6/query/img_03441_c1_1288792624196328us.jpg 0.244046 0.186314 -0.670323 0.675571 255.231121 -37.793298 23.568791
slice6/query/img_03442_c1_1288792624263067us.jpg 0.243483 0.185545 -0.671093 0.675221 255.902770 -37.923499 23.603255
slice6/query/img_03443_c1_1288792624329679us.jpg 0.242903 0.184596 -0.671671 0.675115 256.578364 -38.055560 23.639490
slice6/query/img_03444_c1_1288792624463053us.jpg 0.241943 0.183460 -0.671472 0.675967 257.952750 -38.327937 23.711856
slice6/query/img_03445_c1_1288792624529665us.jpg 0.241204 0.182826 -0.671572 0.676303 258.642780 -38.466154 23.748390
slice6/query/img_03446_c1_1288792624596255us.jpg 0.240435 0.182125 -0.671797 0.676543 259.343831 -38.602285 23.785170
slice6/query/img_03447_c1_1288792624662993us.jpg 0.239622 0.181459 -0.671949 0.676859 260.046108 -38.741837 23.821558
slice6/query/img_03448_c1_1288792624729606us.jpg 0.238895 0.180680 -0.671968 0.677306 260.756162 -38.883297 23.859785
slice6/query/img_03449_c1_1288792624862959us.jpg 0.236994 0.180101 -0.671297 0.678792 262.188054 -39.177967 23.940264
slice6/query/img_03450_c1_1288792624929571us.jpg 0.236056 0.179704 -0.671204 0.679316 262.910564 -39.327387 23.980036
slice6/query/img_03451_c1_1288792624996182us.jpg 0.235300 0.179322 -0.671124 0.679758 263.630996 -39.480944 24.021202
slice6/query/img_03452_c1_1288792625062921us.jpg 0.234649 0.178652 -0.671092 0.680190 264.358224 -39.635701 24.063764
slice6/query/img_03453_c1_1288792625129533us.jpg 0.234073 0.177656 -0.671024 0.680716 265.087972 -39.790947 24.102688
slice6/query/img_03454_c1_1288792625262888us.jpg 0.232876 0.176155 -0.671455 0.681092 266.564524 -40.111690 24.182051
slice6/query/img_03455_c1_1288792625329498us.jpg 0.232471 0.175456 -0.671765 0.681105 267.306247 -40.275990 24.224509
slice6/query/img_03456_c1_1288792625396108us.jpg 0.232288 0.174895 -0.672087 0.680994 268.049023 -40.447811 24.268549
slice6/query/img_03457_c1_1288792625529463us.jpg 0.232565 0.172778 -0.672933 0.680604 269.551334 -40.796700 24.348285
slice6/query/img_03458_c1_1288792625596078us.jpg 0.232615 0.171698 -0.673662 0.680139 270.307279 -40.972226 24.390323
slice6/query/img_03459_c1_1288792625662811us.jpg 0.232426 0.171409 -0.674027 0.679915 271.071978 -41.146662 24.433211
slice6/query/img_03460_c1_1288792625729423us.jpg 0.232142 0.171515 -0.674314 0.679701 271.838287 -41.328449 24.479924
slice6/query/img_03461_c1_1288792625796036us.jpg 0.231734 0.172147 -0.674383 0.679612 272.608524 -41.508707 24.527977
slice6/query/img_03462_c1_1288792625929391us.jpg 0.230382 0.173017 -0.675513 0.678728 274.159768 -41.872014 24.616869
slice6/query/img_03463_c1_1288792625996021us.jpg 0.229660 0.172648 -0.676286 0.678296 274.945080 -42.053509 24.657241
slice6/query/img_03464_c1_1288792626062738us.jpg 0.228807 0.173099 -0.677018 0.677739 275.726625 -42.244562 24.699459
slice6/query/img_03465_c1_1288792626129351us.jpg 0.228975 0.172628 -0.677353 0.677468 276.509794 -42.433048 24.738729
slice6/query/img_03466_c1_1288792626262722us.jpg 0.231078 0.171583 -0.677699 0.676673 278.103164 -42.810375 24.806326
slice6/query/img_03467_c1_1288792626329313us.jpg 0.232290 0.170518 -0.678202 0.676023 278.903033 -43.002490 24.839183
slice6/query/img_03468_c1_1288792626395926us.jpg 0.233247 0.169594 -0.678610 0.675517 279.703508 -43.194235 24.875156
slice6/query/img_03469_c1_1288792626462666us.jpg 0.233697 0.169213 -0.678747 0.675318 280.507064 -43.384975 24.917389
slice6/query/img_03470_c1_1288792626595895us.jpg 0.232774 0.169260 -0.677661 0.676714 282.139222 -43.750718 25.009784
slice6/query/img_03471_c1_1288792626662628us.jpg 0.231845 0.170540 -0.676635 0.677738 282.956343 -43.936629 25.059906
slice6/query/img_03472_c1_1288792626795855us.jpg 0.230372 0.172351 -0.675395 0.679019 284.597749 -44.316126 25.157155
slice6/query/img_03473_c1_1288792626862592us.jpg 0.229965 0.172882 -0.675434 0.678983 285.412740 -44.513126 25.204679
slice6/query/img_03474_c1_1288792626995819us.jpg 0.229889 0.173296 -0.675370 0.678966 287.060117 -44.909984 25.288828
slice6/query/img_03475_c1_1288792627062556us.jpg 0.230289 0.172902 -0.675462 0.678839 287.887911 -45.104879 25.330716
slice6/query/img_03476_c1_1288792627195801us.jpg 0.230228 0.172927 -0.676030 0.678288 289.551851 -45.493050 25.417542
slice6/query/img_03477_c1_1288792627329134us.jpg 0.230375 0.173381 -0.676831 0.677323 291.223861 -45.898309 25.509191
slice6/query/img_03478_c1_1288792627462482us.jpg 0.231448 0.173247 -0.677769 0.676052 292.904617 -46.302459 25.593693
slice6/query/img_03479_c1_1288792627529098us.jpg 0.231669 0.174121 -0.677868 0.675653 293.744221 -46.509021 25.641166
slice6/query/img_03480_c1_1288792627662445us.jpg 0.230979 0.175878 -0.677458 0.675845 295.469128 -46.892505 25.725737
slice6/query/img_03481_c1_1288792627729058us.jpg 0.230428 0.176505 -0.677408 0.675920 296.323697 -47.081791 25.768522
slice6/query/img_03482_c1_1288792627795671us.jpg 0.230480 0.177095 -0.677088 0.676069 297.170995 -47.275300 25.812487
slice6/query/img_03483_c1_1288792627862409us.jpg 0.230823 0.177202 -0.676563 0.676448 298.018858 -47.465209 25.854773
slice6/query/img_03484_c1_1288792627995637us.jpg 0.232143 0.177594 -0.675648 0.676809 299.714867 -47.848402 25.939907
slice6/query/img_03485_c1_1288792628129009us.jpg 0.234249 0.177399 -0.676435 0.675346 301.427913 -48.240831 26.024071
slice6/query/img_03486_c1_1288792628195626us.jpg 0.235288 0.177508 -0.676765 0.674626 302.280869 -48.435533 26.062080
slice6/query/img_03487_c1_1288792628262340us.jpg 0.235886 0.178030 -0.677163 0.673879 303.130367 -48.625131 26.104362
slice6/query/img_03488_c1_1288792628462326us.jpg 0.236179 0.179492 -0.676803 0.673750 305.700504 -49.181318 26.241978
slice6/query/img_03489_c1_1288792628662507us.jpg 0.237048 0.181189 -0.672404 0.677386 308.286322 -49.712122 26.377275
slice6/query/img_03490_c1_1288792628728880us.jpg 0.236423 0.181890 -0.672125 0.677693 309.150984 -49.890034 26.429317
slice6/query/img_03491_c1_1288792628795489us.jpg 0.235641 0.182679 -0.671944 0.677932 310.021664 -50.069686 26.481015
slice6/query/img_03492_c1_1288792628928843us.jpg 0.235028 0.182239 -0.671793 0.678413 311.752027 -50.425679 26.573861
slice6/query/img_03493_c1_1288792628995473us.jpg 0.235340 0.181798 -0.671490 0.678723 312.613722 -50.605559 26.616398
slice6/query/img_03494_c1_1288792629062188us.jpg 0.235561 0.181424 -0.671357 0.678878 313.474342 -50.791528 26.659790
slice6/query/img_03495_c1_1288792629195823us.jpg 0.234734 0.181310 -0.672710 0.677856 315.210668 -51.147854 26.752235
slice6/query/img_03496_c1_1288792629262153us.jpg 0.233754 0.181303 -0.673795 0.677118 316.079278 -51.331884 26.799442
slice6/query/img_03497_c1_1288792629328765us.jpg 0.233388 0.181230 -0.674317 0.676744 316.938886 -51.519254 26.845949
slice6/query/img_03498_c1_1288792629395377us.jpg 0.233197 0.181052 -0.674251 0.676923 317.802202 -51.703227 26.888963
slice6/query/img_03499_c1_1288792629528752us.jpg 0.232620 0.180360 -0.674053 0.677504 319.534466 -52.071311 26.972562
slice6/query/img_03500_c1_1288792629595363us.jpg 0.232358 0.179678 -0.674080 0.677747 320.396998 -52.259200 27.011850
slice6/query/img_03501_c1_1288792629662080us.jpg 0.232526 0.178829 -0.674103 0.677891 321.259761 -52.449316 27.054718
slice6/query/img_03502_c1_1288792629795330us.jpg 0.232747 0.177498 -0.673823 0.678443 322.997918 -52.829572 27.141235
slice6/query/img_03503_c1_1288792629862043us.jpg 0.232884 0.176945 -0.673885 0.678480 323.857969 -53.023256 27.185010
slice6/query/img_03504_c1_1288792629995270us.jpg 0.231473 0.177172 -0.675264 0.677532 325.598706 -53.419364 27.282017
slice6/query/img_03505_c1_1288792630062005us.jpg 0.231369 0.176728 -0.675725 0.677224 326.471942 -53.615993 27.328865
slice6/query/img_03506_c1_1288792630128620us.jpg 0.231304 0.176420 -0.675562 0.677488 327.341473 -53.813919 27.372842
slice6/query/img_03507_c1_1288792630195232us.jpg 0.231529 0.175932 -0.675108 0.677991 328.209215 -54.015309 27.416032
slice6/query/img_03508_c1_1288792630328589us.jpg 0.231407 0.175258 -0.674438 0.678874 329.951087 -54.416751 27.506868
slice6/query/img_03509_c1_1288792630395196us.jpg 0.231075 0.175390 -0.674172 0.679216 330.821429 -54.618318 27.556061
slice6/query/img_03510_c1_1288792630461934us.jpg 0.230363 0.175556 -0.673830 0.679754 331.692463 -54.818892 27.607127
slice6/query/img_03511_c1_1288792630595188us.jpg 0.229896 0.175435 -0.672664 0.681097 333.439509 -55.221796 27.708984
slice6/query/img_03512_c1_1288792630661898us.jpg 0.229465 0.175569 -0.672102 0.681763 334.312333 -55.424011 27.758100
slice6/query/img_03513_c1_1288792630728510us.jpg 0.228523 0.175979 -0.672008 0.682066 335.181497 -55.631653 27.809644
slice6/query/img_03514_c1_1288792630861884us.jpg 0.226668 0.176769 -0.672959 0.681542 336.939272 -56.038212 27.910436
slice6/query/img_03515_c1_1288792630928494us.jpg 0.226453 0.176842 -0.673637 0.680926 337.813862 -56.249255 27.957109
slice6/query/img_03516_c1_1288792630995086us.jpg 0.226702 0.176584 -0.674184 0.680368 338.691513 -56.461636 28.000627
slice6/query/img_03517_c1_1288792631128464us.jpg 0.227693 0.175614 -0.674962 0.679516 340.448978 -56.885041 28.080578
slice6/query/img_03518_c1_1288792631195049us.jpg 0.228198 0.175604 -0.675427 0.678887 341.318887 -57.103975 28.124664
slice6/query/img_03519_c1_1288792631328401us.jpg 0.227653 0.175809 -0.675952 0.678494 343.081911 -57.520702 28.211417
slice6/query/img_03520_c1_1288792631395033us.jpg 0.227449 0.176034 -0.675920 0.678536 343.966947 -57.726088 28.255229
slice6/query/img_03521_c1_1288792631461751us.jpg 0.227624 0.175905 -0.675706 0.678724 344.848747 -57.932912 28.294658
slice6/query/img_03522_c1_1288792631594980us.jpg 0.227848 0.175590 -0.675362 0.679073 346.610533 -58.349947 28.375580
slice6/query/img_03523_c1_1288792631661715us.jpg 0.227973 0.175765 -0.675217 0.679130 347.493931 -58.560684 28.419884
slice6/query/img_03524_c1_1288792631728327us.jpg 0.228265 0.176035 -0.675087 0.679091 348.371905 -58.774338 28.464501
slice6/query/img_03525_c1_1288792631861678us.jpg 0.228384 0.176304 -0.675789 0.678282 350.144959 -59.193153 28.549335
slice6/query/img_03526_c1_1288792631928299us.jpg 0.228316 0.176681 -0.676498 0.677500 351.031842 -59.405651 28.592437
slice6/query/img_03527_c1_1288792631994903us.jpg 0.228587 0.176621 -0.677509 0.676413 351.915865 -59.616417 28.632315
slice6/query/img_03528_c1_1288792632128256us.jpg 0.230556 0.175203 -0.678514 0.675104 353.688054 -60.038500 28.706501
slice6/query/img_03529_c1_1288792632194889us.jpg 0.232242 0.174101 -0.678246 0.675082 354.576504 -60.247904 28.741909
slice6/query/img_03530_c1_1288792632261604us.jpg 0.233495 0.173169 -0.677703 0.675434 355.462815 -60.454115 28.781030
slice6/query/img_03531_c1_1288792632328218us.jpg 0.234078 0.172955 -0.677365 0.675626 356.348345 -60.659234 28.825164
slice6/query/img_03532_c1_1288792632461572us.jpg 0.233733 0.174366 -0.676559 0.676191 358.129640 -61.061805 28.930530
