slice6/query/img_02784_c1_1289589880901228us.jpg 0.110354 0.040886 -0.709079 0.695239 231.145542 -30.221384 22.259709
slice6/query/img_02785_c1_1289589881034459us.jpg 0.127966 0.058477 -0.707893 0.692165 231.948950 -30.778036 22.296077
slice6/query/img_02786_c1_1289589881101216us.jpg 0.136122 0.067400 -0.706888 0.690824 232.367639 -31.044037 22.316784
slice6/query/img_02787_c1_1289589881167807us.jpg 0.143929 0.076015 -0.705627 0.689635 232.794535 -31.297934 22.338213
slice6/query/img_02789_c1_1289589881367775us.jpg 0.166397 0.102495 -0.699895 0.686989 234.136074 -32.011448 22.415656
slice6/query/img_02790_c1_1289589881434408us.jpg 0.173947 0.110549 -0.697932 0.685866 234.600825 -32.230917 22.440744
slice6/query/img_02792_c1_1289589881634351us.jpg 0.197298 0.131631 -0.692091 0.681730 236.038174 -32.843971 22.507529
slice6/query/img_02794_c1_1289589881767701us.jpg 0.211338 0.144504 -0.688207 0.678841 237.033987 -33.207228 22.555222
slice6/query/img_02795_c1_1289589881834315us.jpg 0.217025 0.150846 -0.685946 0.677956 237.542068 -33.370997 22.582871
slice6/query/img_02796_c1_1289589881967696us.jpg 0.225700 0.162740 -0.680933 0.677426 238.574844 -33.670477 22.649178
slice6/query/img_02797_c1_1289589882034301us.jpg 0.229195 0.166867 -0.678692 0.677497 239.099115 -33.805645 22.680135
slice6/query/img_02798_c1_1289589882101018us.jpg 0.232556 0.169585 -0.676715 0.677655 239.620444 -33.935248 22.708957
slice6/query/img_02799_c1_1289589882167631us.jpg 0.235490 0.171503 -0.674931 0.677938 240.151615 -34.058457 22.737861
slice6/query/img_02800_c1_1289589882301007us.jpg 0.239107 0.174302 -0.672334 0.678538 241.223523 -34.298881 22.802914
slice6/query/img_02801_c1_1289589882367601us.jpg 0.239580 0.175840 -0.671918 0.678387 241.774980 -34.418362 22.838887
slice6/query/img_02802_c1_1289589882434230us.jpg 0.239517 0.177058 -0.671993 0.678017 242.331070 -34.536470 22.875625
slice6/query/img_02803_c1_1289589882500947us.jpg 0.238840 0.177747 -0.672580 0.677494 242.891346 -34.655047 22.912477
slice6/query/img_02804_c1_1289589882567560us.jpg 0.237957 0.178275 -0.673222 0.677028 243.456770 -34.774441 22.948386
slice6/query/img_02805_c1_1289589882700914us.jpg 0.236924 0.178525 -0.674050 0.676500 244.591871 -35.018210 23.014039
slice6/query/img_02806_c1_1289589882767527us.jpg 0.236526 0.178223 -0.674259 0.676511 245.165832 -35.142966 23.043892
slice6/query/img_02807_c1_1289589882834138us.jpg 0.236342 0.177616 -0.674194 0.676800 245.744951 -35.266981 23.072856
slice6/query/img_02808_c1_1289589882900876us.jpg 0.236223 0.176757 -0.674040 0.677219 246.328815 -35.391814 23.102954
slice6/query/img_02809_c1_1289589883034609us.jpg 0.235988 0.174686 -0.673868 0.678009 247.516568 -35.648615 23.162217
slice6/query/img_02810_c1_1289589883100844us.jpg 0.235682 0.174011 -0.673847 0.678310 248.111643 -35.781545 23.195525
slice6/query/img_02812_c1_1289589883234067us.jpg 0.234111 0.173636 -0.674196 0.678603 249.340981 -36.053334 23.266513
slice6/query/img_02813_c1_1289589883300806us.jpg 0.233116 0.173469 -0.674432 0.678754 249.958760 -36.193140 23.304072
slice6/query/img_02814_c1_1289589883434034us.jpg 0.231720 0.172505 -0.674555 0.679355 251.215546 -36.476113 23.374692
slice6/query/img_02815_c1_1289589883500772us.jpg 0.231291 0.171862 -0.674608 0.679612 251.847483 -36.622568 23.409158
slice6/query/img_02816_c1_1289589883567383us.jpg 0.230769 0.171561 -0.674780 0.679694 252.486084 -36.770742 23.442877
slice6/query/img_02817_c1_1289589883633997us.jpg 0.230419 0.171410 -0.675071 0.679563 253.124801 -36.922024 23.477560
slice6/query/img_02818_c1_1289589883700734us.jpg 0.230238 0.171537 -0.675381 0.679283 253.764513 -37.075143 23.513716
slice6/query/img_02819_c1_1289589883833967us.jpg 0.230360 0.171426 -0.676411 0.678244 255.066938 -37.388344 23.582661
slice6/query/img_02820_c1_1289589883900699us.jpg 0.230773 0.171214 -0.677085 0.677485 255.724402 -37.548572 23.615234
slice6/query/img_02821_c1_1289589883967313us.jpg 0.231082 0.171209 -0.677676 0.676789 256.387533 -37.706105 23.649666
slice6/query/img_02822_c1_1289589884033926us.jpg 0.231584 0.171599 -0.677642 0.676553 257.053573 -37.865054 23.684192
slice6/query/img_02823_c1_1289589884167813us.jpg 0.232605 0.172834 -0.677059 0.676472 258.399098 -38.179902 23.754477
slice6/query/img_02824_c1_1289589884233913us.jpg 0.232964 0.173426 -0.676935 0.676321 259.077380 -38.337565 23.790792
slice6/query/img_02825_c1_1289589884300629us.jpg 0.233412 0.173940 -0.676737 0.676233 259.758073 -38.495120 23.825694
slice6/query/img_02826_c1_1289589884367242us.jpg 0.233805 0.174380 -0.676327 0.676393 260.441930 -38.650334 23.861887
slice6/query/img_02827_c1_1289589884433855us.jpg 0.234232 0.174914 -0.675687 0.676747 261.128576 -38.803202 23.897530
slice6/query/img_02828_c1_1289589884567209us.jpg 0.235067 0.176541 -0.674254 0.677464 262.520271 -39.114457 23.974816
slice6/query/img_02829_c1_1289589884633820us.jpg 0.235119 0.177512 -0.673801 0.677644 263.225895 -39.270574 24.013521
slice6/query/img_02830_c1_1289589884700558us.jpg 0.235383 0.178133 -0.673353 0.677835 263.932456 -39.423393 24.052075
slice6/query/img_02831_c1_1289589884767171us.jpg 0.235730 0.178539 -0.673051 0.677907 264.639035 -39.578492 24.091247
slice6/query/img_02832_c1_1289589884900546us.jpg 0.236638 0.178398 -0.672743 0.677933 266.066661 -39.887600 24.168127
slice6/query/img_02833_c1_1289589884967139us.jpg 0.237138 0.178672 -0.672591 0.677837 266.788686 -40.044913 24.205104
slice6/query/img_02834_c1_1289589885033750us.jpg 0.237215 0.179140 -0.672442 0.677835 267.514403 -40.202181 24.245766
slice6/query/img_02835_c1_1289589885100489us.jpg 0.237845 0.179376 -0.672164 0.677827 268.248251 -40.358321 24.284745
slice6/query/img_02836_c1_1289589885233714us.jpg 0.239259 0.178778 -0.672378 0.677275 269.715891 -40.673253 24.360296
slice6/query/img_02837_c1_1289589885300476us.jpg 0.239707 0.178558 -0.672588 0.676966 270.454549 -40.828891 24.400891
slice6/query/img_02838_c1_1289589885367066us.jpg 0.239894 0.178719 -0.672717 0.676729 271.195804 -40.987682 24.445219
slice6/query/img_02839_c1_1289589885433678us.jpg 0.239511 0.179344 -0.672585 0.676831 271.942323 -41.146159 24.492183
slice6/query/img_02840_c1_1289589885567033us.jpg 0.237939 0.180768 -0.672414 0.677176 273.444375 -41.462185 24.585246
slice6/query/img_02841_c1_1289589885633648us.jpg 0.236775 0.180904 -0.672930 0.677035 274.195408 -41.619797 24.629454
slice6/query/img_02842_c1_1289589885700381us.jpg 0.235871 0.180206 -0.673567 0.676903 274.952347 -41.778934 24.669860
slice6/query/img_02843_c1_1289589885766995us.jpg 0.235172 0.179700 -0.674352 0.676500 275.709558 -41.940892 24.709495
slice6/query/img_02844_c1_1289589885900349us.jpg 0.235376 0.177612 -0.675010 0.676323 277.234727 -42.272865 24.780512
slice6/query/img_02845_c1_1289589885966980us.jpg 0.236003 0.176220 -0.675581 0.675899 278.000511 -42.447438 24.814145
slice6/query/img_02846_c1_1289589886033573us.jpg 0.236248 0.175271 -0.676339 0.675302 278.768015 -42.623027 24.848615
slice6/query/img_02847_c1_1289589886100311us.jpg 0.236144 0.174514 -0.677102 0.674770 279.539267 -42.799060 24.888132
slice6/query/img_02848_c1_1289589886233542us.jpg 0.234729 0.172591 -0.677702 0.675155 281.092666 -43.140170 24.971496
slice6/query/img_02849_c1_1289589886300276us.jpg 0.233645 0.171967 -0.677183 0.676210 281.875163 -43.312141 25.016085
slice6/query/img_02850_c1_1289589886366889us.jpg 0.232471 0.172063 -0.676234 0.677539 282.659551 -43.483870 25.061592
slice6/query/img_02851_c1_1289589886500246us.jpg 0.230199 0.172731 -0.674918 0.679454 284.242249 -43.838370 25.153310
slice6/query/img_02852_c1_1289589886566874us.jpg 0.229245 0.172478 -0.675283 0.679478 285.030907 -44.021562 25.198262
slice6/query/img_02853_c1_1289589886633469us.jpg 0.228834 0.172004 -0.675814 0.679209 285.820313 -44.213709 25.241689
slice6/query/img_02854_c1_1289589886766841us.jpg 0.228648 0.171057 -0.676477 0.678851 287.411905 -44.598814 25.321747
slice6/query/img_02855_c1_1289589886833436us.jpg 0.228716 0.170745 -0.676577 0.678807 288.211120 -44.792047 25.360564
slice6/query/img_02856_c1_1289589886900171us.jpg 0.228713 0.170444 -0.676913 0.678548 289.011094 -44.985697 25.400913
slice6/query/img_02857_c1_1289589887033420us.jpg 0.228024 0.171293 -0.677763 0.677718 290.615106 -45.375271 25.489280
slice6/query/img_02858_c1_1289589887100157us.jpg 0.228226 0.171334 -0.678083 0.677319 291.414676 -45.572429 25.531523
slice6/query/img_02859_c1_1289589887166749us.jpg 0.228419 0.171336 -0.678183 0.677153 292.216571 -45.767676 25.572481
slice6/query/img_02860_c1_1289589887233361us.jpg 0.228500 0.171783 -0.678246 0.676949 293.020674 -45.962898 25.613855
slice6/query/img_02861_c1_1289589887366735us.jpg 0.227986 0.173001 -0.677903 0.677157 294.651445 -46.348191 25.701090
slice6/query/img_02862_c1_1289589887433325us.jpg 0.227821 0.173443 -0.677831 0.677171 295.466735 -46.543348 25.744975
slice6/query/img_02863_c1_1289589887500072us.jpg 0.227991 0.173419 -0.677648 0.677303 296.276690 -46.736056 25.784662
slice6/query/img_02864_c1_1289589887633316us.jpg 0.229151 0.173184 -0.676724 0.677895 297.907478 -47.118722 25.863954
slice6/query/img_02865_c1_1289589887700028us.jpg 0.229694 0.173184 -0.676507 0.677928 298.725715 -47.313301 25.904629
slice6/query/img_02866_c1_1289589887766647us.jpg 0.229910 0.173485 -0.676781 0.677504 299.551257 -47.509655 25.948430
slice6/query/img_02867_c1_1289589887833256us.jpg 0.229905 0.173786 -0.677417 0.676792 300.368471 -47.707170 25.990032
slice6/query/img_02868_c1_1289589887966631us.jpg 0.230649 0.174085 -0.677610 0.676269 302.026094 -48.089165 26.068631
slice6/query/img_02869_c1_1289589888033221us.jpg 0.230789 0.174638 -0.677336 0.676354 302.848112 -48.280408 26.109404
slice6/query/img_02870_c1_1289589888099959us.jpg 0.230590 0.175329 -0.677052 0.676527 303.679304 -48.474082 26.152548
slice6/query/img_02871_c1_1289589888233211us.jpg 0.231151 0.174819 -0.676255 0.677264 305.348998 -48.857088 26.232550
slice6/query/img_02872_c1_1289589888299924us.jpg 0.231755 0.174464 -0.675121 0.678280 306.184420 -49.044438 26.273181
slice6/query/img_02873_c1_1289589888366536us.jpg 0.231985 0.174344 -0.673953 0.679392 307.023849 -49.235576 26.317883
slice6/query/img_02874_c1_1289589888433150us.jpg 0.231843 0.174740 -0.673150 0.680136 307.866207 -49.427553 26.364321
slice6/query/img_02875_c1_1289589888566505us.jpg 0.230151 0.175908 -0.673726 0.679838 309.562466 -49.810842 26.462898
slice6/query/img_02876_c1_1289589888633113us.jpg 0.229613 0.176203 -0.674096 0.679577 310.415844 -50.005542 26.510089
slice6/query/img_02877_c1_1289589888699852us.jpg 0.229404 0.176228 -0.674114 0.679623 311.264922 -50.201001 26.555551
slice6/query/img_02878_c1_1289589888833105us.jpg 0.230415 0.175045 -0.673608 0.680088 312.965804 -50.590492 26.639272
slice6/query/img_02879_c1_1289589888899839us.jpg 0.230728 0.174697 -0.673486 0.680193 313.818621 -50.788136 26.682802
slice6/query/img_02880_c1_1289589888966430us.jpg 0.230421 0.174826 -0.673941 0.679813 314.673455 -50.984643 26.728960
slice6/query/img_02881_c1_1289589889033044us.jpg 0.229568 0.175261 -0.675063 0.678875 315.532617 -51.182564 26.779914
slice6/query/img_02882_c1_1289589889166403us.jpg 0.228599 0.175736 -0.676076 0.678072 317.260942 -51.585225 26.867919
slice6/query/img_02883_c1_1289589889233009us.jpg 0.228483 0.175598 -0.676041 0.678181 318.123514 -51.779240 26.910819
slice6/query/img_02884_c1_1289589889366360us.jpg 0.228510 0.175225 -0.676128 0.678182 319.854703 -52.179227 26.994164
slice6/query/img_02885_c1_1289589889432974us.jpg 0.228816 0.174595 -0.676182 0.678187 320.719761 -52.383502 27.036691
slice6/query/img_02886_c1_1289589889499711us.jpg 0.229507 0.173641 -0.676250 0.678130 321.581671 -52.588534 27.078848
slice6/query/img_02887_c1_1289589889632959us.jpg 0.230144 0.172646 -0.675861 0.678556 323.315709 -52.992938 27.165011
slice6/query/img_02888_c1_1289589889766309us.jpg 0.229342 0.173152 -0.676607 0.677955 325.059622 -53.403189 27.260603
slice6/query/img_02889_c1_1289589889832902us.jpg 0.228929 0.173299 -0.677245 0.677420 325.938573 -53.607420 27.309625
slice6/query/img_02890_c1_1289589889966259us.jpg 0.229166 0.172797 -0.677026 0.677688 327.694382 -54.021093 27.396742
slice6/query/img_02891_c1_1289589890032870us.jpg 0.229617 0.172454 -0.676608 0.678039 328.572478 -54.229996 27.440105
slice6/query/img_02892_c1_1289589890099605us.jpg 0.229774 0.172326 -0.676235 0.678391 329.451414 -54.437138 27.484819
slice6/query/img_02893_c1_1289589890166218us.jpg 0.229849 0.172557 -0.675847 0.678693 330.330125 -54.647106 27.531604
slice6/query/img_02894_c1_1289589890299575us.jpg 0.229434 0.173372 -0.674787 0.679680 332.098908 -55.058074 27.630161
slice6/query/img_02895_c1_1289589890366183us.jpg 0.229518 0.173341 -0.674327 0.680116 332.985982 -55.261968 27.678939
slice6/query/img_02896_c1_1289589890432797us.jpg 0.229576 0.173448 -0.673877 0.680515 333.871692 -55.465798 27.727097
slice6/query/img_02897_c1_1289589890566173us.jpg 0.229015 0.175038 -0.673805 0.680368 335.655824 -55.876127 27.830353
slice6/query/img_02898_c1_1289589890632782us.jpg 0.228696 0.176030 -0.674162 0.679866 336.550316 -56.082559 27.880911
slice6/query/img_02899_c1_1289589890699499us.jpg 0.228950 0.176531 -0.674610 0.679205 337.442361 -56.290405 27.928262
slice6/query/img_02900_c1_1289589890766114us.jpg 0.229381 0.176813 -0.675004 0.678595 338.335764 -56.497591 27.972183
slice6/query/img_02901_c1_1289589890899464us.jpg 0.230936 0.176822 -0.675545 0.677525 340.128301 -56.915724 28.058185
slice6/query/img_02902_c1_1289589890966077us.jpg 0.231552 0.176925 -0.675876 0.676959 341.026161 -57.123561 28.099882
slice6/query/img_02903_c1_1289589891032690us.jpg 0.231882 0.177382 -0.676145 0.676458 341.922866 -57.331281 28.144615
slice6/query/img_02904_c1_1289589891166044us.jpg 0.232215 0.178947 -0.676044 0.676032 343.730775 -57.737250 28.234836
slice6/query/img_02905_c1_1289589891232660us.jpg 0.232276 0.179512 -0.675801 0.676104 344.639263 -57.938483 28.280060
slice6/query/img_02906_c1_1289589891299397us.jpg 0.232777 0.179616 -0.675609 0.676096 345.540927 -58.139315 28.322009
slice6/query/img_02907_c1_1289589891432650us.jpg 0.232955 0.180188 -0.674817 0.676673 347.357444 -58.542091 28.414130
slice6/query/img_02908_c1_1289589891499359us.jpg 0.233206 0.180552 -0.674418 0.676887 348.265532 -58.738293 28.458431
slice6/query/img_02909_c1_1289589891565972us.jpg 0.233398 0.180961 -0.674179 0.676949 349.169238 -58.934402 28.506175
slice6/query/img_02910_c1_1289589891699325us.jpg 0.233510 0.181568 -0.675341 0.675589 350.988578 -59.333746 28.597372
slice6/query/img_02911_c1_1289589891832557us.jpg 0.234165 0.181325 -0.677144 0.673620 352.815085 -59.736303 28.681118
slice6/query/img_02912_c1_1289589891899291us.jpg 0.235435 0.180512 -0.677317 0.673222 353.724801 -59.938238 28.718619
slice6/query/img_02913_c1_1289589891965902us.jpg 0.236947 0.179679 -0.676961 0.673272 354.633081 -60.136541 28.756788
slice6/query/img_02914_c1_1289589892099259us.jpg 0.238766 0.178204 -0.676056 0.673930 356.455912 -60.528059 28.844526
slice6/query/img_02915_c1_1289589892165886us.jpg 0.238498 0.178266 -0.675722 0.674344 357.369654 -60.720768 28.897086
slice6/query/img_02916_c1_1289589892232477us.jpg 0.237775 0.178821 -0.675074 0.675101 358.280603 -60.914080 28.953721
