slice6/query/img_02815_c1_1290444885692855us.jpg 0.061549 -0.000297 -0.714504 0.696919 228.653766 -30.045848 22.153878
slice6/query/img_02817_c1_1290444885892841us.jpg 0.097399 0.025821 -0.712611 0.694286 229.605066 -30.903050 22.164054
slice6/query/img_02818_c1_1290444885959450us.jpg 0.107654 0.035817 -0.711416 0.693553 229.945307 -31.170076 22.178284
slice6/query/img_02819_c1_1290444886026062us.jpg 0.116746 0.047250 -0.709592 0.693266 230.295445 -31.420949 22.201329
slice6/query/img_02821_c1_1290444886226048us.jpg 0.143539 0.081020 -0.705791 0.688978 231.398742 -32.130212 22.274244
slice6/query/img_02822_c1_1290444886292763us.jpg 0.152178 0.090625 -0.704635 0.687108 231.780018 -32.342727 22.293411
slice6/query/img_02824_c1_1290444886425988us.jpg 0.170223 0.108300 -0.700833 0.684200 232.555879 -32.741751 22.329515
slice6/query/img_02825_c1_1290444886559340us.jpg 0.187488 0.124446 -0.696729 0.681124 233.353426 -33.102408 22.364418
slice6/query/img_02826_c1_1290444886625971us.jpg 0.195426 0.132321 -0.694388 0.679798 233.759786 -33.268851 22.383154
slice6/query/img_02828_c1_1290444886759300us.jpg 0.209710 0.146996 -0.689312 0.677689 234.596047 -33.571826 22.427048
slice6/query/img_02829_c1_1290444886825913us.jpg 0.215874 0.153254 -0.687180 0.676531 235.021453 -33.708705 22.448477
slice6/query/img_02830_c1_1290444886959263us.jpg 0.225410 0.164567 -0.682420 0.675581 235.887695 -33.954844 22.498511
slice6/query/img_02831_c1_1290444887025875us.jpg 0.229027 0.169951 -0.679700 0.675774 236.325016 -34.065519 22.526991
slice6/query/img_02833_c1_1290444887159225us.jpg 0.235546 0.177674 -0.676035 0.675224 237.211631 -34.276584 22.577938
slice6/query/img_02834_c1_1290444887292580us.jpg 0.239801 0.181786 -0.674253 0.674412 238.111100 -34.467993 22.628192
slice6/query/img_02835_c1_1290444887359188us.jpg 0.241342 0.183513 -0.672854 0.674792 238.562182 -34.559457 22.654263
slice6/query/img_02836_c1_1290444887492562us.jpg 0.243448 0.184817 -0.671097 0.675429 239.478512 -34.736308 22.705175
slice6/query/img_02837_c1_1290444887559152us.jpg 0.243793 0.184366 -0.671041 0.675484 239.938943 -34.824418 22.730069
slice6/query/img_02838_c1_1290444887625762us.jpg 0.244018 0.183912 -0.670878 0.675688 240.402463 -34.914416 22.756119
slice6/query/img_02840_c1_1290444887826148us.jpg 0.242782 0.184852 -0.671070 0.675686 241.839567 -35.192178 22.842007
slice6/query/img_02842_c1_1290444887959075us.jpg 0.241724 0.184633 -0.672644 0.674560 242.814815 -35.383163 22.900906
slice6/query/img_02843_c1_1290444888092425us.jpg 0.240419 0.184104 -0.672997 0.674818 243.798030 -35.574861 22.954682
slice6/query/img_02844_c1_1290444888159037us.jpg 0.239383 0.183808 -0.673194 0.675070 244.295331 -35.671555 22.980644
slice6/query/img_02845_c1_1290444888225650us.jpg 0.238581 0.183767 -0.673072 0.675488 244.791013 -35.770458 23.008977
slice6/query/img_02846_c1_1290444888359766us.jpg 0.237672 0.182901 -0.672822 0.676291 245.802602 -35.977071 23.063331
slice6/query/img_02847_c1_1290444888425635us.jpg 0.237328 0.181721 -0.673407 0.676147 246.313829 -36.079307 23.086765
slice6/query/img_02848_c1_1290444888492351us.jpg 0.237016 0.180697 -0.673778 0.676162 246.825240 -36.183672 23.112542
slice6/query/img_02849_c1_1290444888558962us.jpg 0.236912 0.180154 -0.673450 0.676669 247.340153 -36.290447 23.141648
slice6/query/img_02850_c1_1290444888625576us.jpg 0.236781 0.179771 -0.672902 0.677362 247.857405 -36.401741 23.171762
slice6/query/img_02851_c1_1290444888758928us.jpg 0.235700 0.178581 -0.673394 0.677565 248.909338 -36.623039 23.229154
slice6/query/img_02852_c1_1290444888825558us.jpg 0.234810 0.178334 -0.673540 0.677795 249.439880 -36.735022 23.261223
slice6/query/img_02853_c1_1290444888892275us.jpg 0.233793 0.178417 -0.673287 0.678375 249.975094 -36.848142 23.296173
slice6/query/img_02854_c1_1290444889025502us.jpg 0.232830 0.177683 -0.673316 0.678870 251.054332 -37.083032 23.355246
slice6/query/img_02855_c1_1290444889092237us.jpg 0.232656 0.177443 -0.673158 0.679149 251.597980 -37.204995 23.386736
slice6/query/img_02856_c1_1290444889158849us.jpg 0.232447 0.177328 -0.673020 0.679388 252.146645 -37.329323 23.416792
slice6/query/img_02857_c1_1290444889225463us.jpg 0.232191 0.177116 -0.673432 0.679122 252.698935 -37.455137 23.445956
slice6/query/img_02858_c1_1290444889358833us.jpg 0.231911 0.176453 -0.674716 0.678115 253.815114 -37.710540 23.507828
slice6/query/img_02859_c1_1290444889425425us.jpg 0.231863 0.176721 -0.674729 0.678049 254.378874 -37.842005 23.539259
slice6/query/img_02860_c1_1290444889492162us.jpg 0.231866 0.176592 -0.674882 0.677929 254.944178 -37.973844 23.568439
slice6/query/img_02861_c1_1290444889558775us.jpg 0.231750 0.176222 -0.675283 0.677666 255.511922 -38.104862 23.597713
slice6/query/img_02862_c1_1290444889692132us.jpg 0.231755 0.176152 -0.675428 0.677538 256.665177 -38.371607 23.656674
slice6/query/img_02864_c1_1290444889825351us.jpg 0.231832 0.175527 -0.675508 0.677594 257.834880 -38.633755 23.714604
slice6/query/img_02865_c1_1290444889958707us.jpg 0.231555 0.175924 -0.674802 0.678288 259.012226 -38.897417 23.777760
slice6/query/img_02866_c1_1290444890025313us.jpg 0.231367 0.175710 -0.674934 0.678277 259.601269 -39.028295 23.808288
slice6/query/img_02867_c1_1290444890092054us.jpg 0.231262 0.175642 -0.674979 0.678286 260.196371 -39.163101 23.838648
slice6/query/img_02868_c1_1290444890225282us.jpg 0.231754 0.175748 -0.674285 0.678780 261.405171 -39.437738 23.900490
slice6/query/img_02870_c1_1290444890358625us.jpg 0.231911 0.176187 -0.673944 0.678951 262.636398 -39.720294 23.954001
slice6/query/img_02871_c1_1290444890425238us.jpg 0.232012 0.176767 -0.673555 0.679152 263.250411 -39.858007 23.987226
slice6/query/img_02872_c1_1290444890558589us.jpg 0.232464 0.177045 -0.673326 0.679152 264.496236 -40.140185 24.055511
slice6/query/img_02873_c1_1290444890625222us.jpg 0.233077 0.177278 -0.673010 0.679194 265.130304 -40.281340 24.088940
slice6/query/img_02874_c1_1290444890691938us.jpg 0.233631 0.177725 -0.672836 0.679060 265.756860 -40.425604 24.123601
slice6/query/img_02875_c1_1290444890758551us.jpg 0.234004 0.178205 -0.673024 0.678619 266.391224 -40.569872 24.159415
slice6/query/img_02876_c1_1290444890891901us.jpg 0.235653 0.179326 -0.672967 0.677810 267.672683 -40.861322 24.231185
slice6/query/img_02877_c1_1290444890958533us.jpg 0.236651 0.179508 -0.672929 0.677451 268.314312 -41.005756 24.264900
slice6/query/img_02878_c1_1290444891025125us.jpg 0.237611 0.179511 -0.672992 0.677051 268.963030 -41.147313 24.297751
slice6/query/img_02879_c1_1290444891158478us.jpg 0.239061 0.179703 -0.673091 0.676391 270.272055 -41.429344 24.368899
slice6/query/img_02881_c1_1290444891291825us.jpg 0.239560 0.181420 -0.672557 0.676287 271.589609 -41.708454 24.447937
slice6/query/img_02882_c1_1290444891358438us.jpg 0.239753 0.182571 -0.672083 0.676381 272.250853 -41.848489 24.484579
slice6/query/img_02883_c1_1290444891491793us.jpg 0.239524 0.184036 -0.672731 0.675420 273.590995 -42.132261 24.564149
slice6/query/img_02884_c1_1290444891558401us.jpg 0.238856 0.184664 -0.673244 0.674974 274.269407 -42.269126 24.604517
slice6/query/img_02885_c1_1290444891625013us.jpg 0.238447 0.184916 -0.673718 0.674576 274.944437 -42.409649 24.640669
slice6/query/img_02886_c1_1290444891691751us.jpg 0.238269 0.185175 -0.674151 0.674135 275.621281 -42.547268 24.675977
slice6/query/img_02887_c1_1290444891825207us.jpg 0.239396 0.184638 -0.673944 0.674090 276.987751 -42.831785 24.729617
slice6/query/img_02888_c1_1290444891891718us.jpg 0.240434 0.183846 -0.674144 0.673737 277.668783 -42.980001 24.757471
slice6/query/img_02889_c1_1290444891958325us.jpg 0.241482 0.183008 -0.674309 0.673426 278.353210 -43.123422 24.787761
slice6/query/img_02890_c1_1290444892024937us.jpg 0.242321 0.182428 -0.674410 0.673181 279.041246 -43.268587 24.819704
slice6/query/img_02891_c1_1290444892158290us.jpg 0.242041 0.182173 -0.674249 0.673511 280.430445 -43.551914 24.893525
slice6/query/img_02892_c1_1290444892224922us.jpg 0.241723 0.182129 -0.673683 0.674203 281.124227 -43.687655 24.930093
slice6/query/img_02893_c1_1290444892291637us.jpg 0.241033 0.181950 -0.673247 0.674934 281.818317 -43.822693 24.966749
slice6/query/img_02894_c1_1290444892358250us.jpg 0.240254 0.182298 -0.672623 0.675739 282.512498 -43.957247 25.004856
slice6/query/img_02895_c1_1290444892491942us.jpg 0.238624 0.182271 -0.672278 0.676667 283.924520 -44.234894 25.091944
slice6/query/img_02896_c1_1290444892558236us.jpg 0.237582 0.182214 -0.672326 0.677001 284.630420 -44.378065 25.128922
slice6/query/img_02897_c1_1290444892624825us.jpg 0.236749 0.181974 -0.672361 0.677323 285.334357 -44.523087 25.167325
slice6/query/img_02898_c1_1290444892691563us.jpg 0.235845 0.181587 -0.672492 0.677612 286.040196 -44.670593 25.210756
slice6/query/img_02899_c1_1290444892758176us.jpg 0.235140 0.180874 -0.672497 0.678042 286.750460 -44.818157 25.249133
slice6/query/img_02900_c1_1290444892891531us.jpg 0.234196 0.179124 -0.672597 0.678734 288.176082 -45.125396 25.324498
slice6/query/img_02901_c1_1290444892958141us.jpg 0.233477 0.178237 -0.673144 0.678673 288.890810 -45.281930 25.362944
slice6/query/img_02902_c1_1290444893024750us.jpg 0.232741 0.178036 -0.673627 0.678499 289.610524 -45.446745 25.401012
slice6/query/img_02903_c1_1290444893091488us.jpg 0.232064 0.177751 -0.674335 0.678102 290.329340 -45.616039 25.438914
slice6/query/img_02904_c1_1290444893224718us.jpg 0.231733 0.176141 -0.675631 0.677345 291.793191 -45.940469 25.514030
slice6/query/img_02905_c1_1290444893291450us.jpg 0.231846 0.175297 -0.676241 0.676917 292.527202 -46.109941 25.547516
slice6/query/img_02906_c1_1290444893358063us.jpg 0.231523 0.175170 -0.676576 0.676726 293.265553 -46.276570 25.585518
slice6/query/img_02907_c1_1290444893491751us.jpg 0.231226 0.175487 -0.676488 0.676833 294.758507 -46.602466 25.665444
slice6/query/img_02908_c1_1290444893558048us.jpg 0.231020 0.175251 -0.676485 0.676967 295.502673 -46.761232 25.704317
slice6/query/img_02909_c1_1290444893624638us.jpg 0.230933 0.175126 -0.676151 0.677363 296.245158 -46.920858 25.744342
slice6/query/img_02910_c1_1290444893691376us.jpg 0.231152 0.174858 -0.675896 0.677612 296.991804 -47.086704 25.782071
slice6/query/img_02911_c1_1290444893757987us.jpg 0.231340 0.175154 -0.675492 0.677874 297.737385 -47.245368 25.823096
slice6/query/img_02912_c1_1290444893891340us.jpg 0.231637 0.175573 -0.675776 0.677381 299.248734 -47.576048 25.909969
slice6/query/img_02913_c1_1290444893957973us.jpg 0.231531 0.175813 -0.676559 0.676573 300.007490 -47.741258 25.955683
slice6/query/img_02914_c1_1290444894024563us.jpg 0.231972 0.175778 -0.677301 0.675688 300.772085 -47.908050 26.001357
slice6/query/img_02915_c1_1290444894091300us.jpg 0.232925 0.175531 -0.677510 0.675215 301.541674 -48.086728 26.046323
slice6/query/img_02916_c1_1290444894224548us.jpg 0.233859 0.177093 -0.676710 0.675287 303.068929 -48.431333 26.110394
slice6/query/img_02917_c1_1290444894291263us.jpg 0.234042 0.177495 -0.676891 0.674936 303.836524 -48.596096 26.153302
slice6/query/img_02918_c1_1290444894357876us.jpg 0.234281 0.177969 -0.676732 0.674887 304.616276 -48.766802 26.195441
slice6/query/img_02919_c1_1290444894424489us.jpg 0.235001 0.177945 -0.676038 0.675339 305.389524 -48.933974 26.231734
slice6/query/img_02920_c1_1290444894557870us.jpg 0.236253 0.178418 -0.673374 0.677436 306.943659 -49.264389 26.312617
slice6/query/img_02921_c1_1290444894624450us.jpg 0.236643 0.178840 -0.672348 0.678207 307.725084 -49.438083 26.353905
slice6/query/img_02922_c1_1290444894757828us.jpg 0.235543 0.180429 -0.672542 0.677976 309.304773 -49.773683 26.448333
slice6/query/img_02923_c1_1290444894824413us.jpg 0.234845 0.180860 -0.672720 0.677927 310.097963 -49.940882 26.494041
slice6/query/img_02924_c1_1290444894891153us.jpg 0.234369 0.181202 -0.672459 0.678260 310.891169 -50.108235 26.533360
slice6/query/img_02925_c1_1290444895024398us.jpg 0.235025 0.180445 -0.671698 0.678987 312.490317 -50.450350 26.614429
slice6/query/img_02926_c1_1290444895091135us.jpg 0.235415 0.179939 -0.671309 0.679371 313.290040 -50.619545 26.653096
slice6/query/img_02927_c1_1290444895157726us.jpg 0.235534 0.179919 -0.671346 0.679300 314.092054 -50.794131 26.695474
slice6/query/img_02928_c1_1290444895224339us.jpg 0.234962 0.180022 -0.672081 0.678743 314.892357 -50.967053 26.741136
slice6/query/img_02929_c1_1290444895357694us.jpg 0.232825 0.180808 -0.673817 0.677548 316.519308 -51.318901 26.833151
slice6/query/img_02930_c1_1290444895424316us.jpg 0.232384 0.180575 -0.674008 0.677571 317.330469 -51.495261 26.873353
slice6/query/img_02931_c1_1290444895491039us.jpg 0.232199 0.180407 -0.673765 0.677922 318.142640 -51.668080 26.911752
slice6/query/img_02932_c1_1290444895624287us.jpg 0.231938 0.179270 -0.673902 0.678176 319.782330 -52.017008 26.986281
slice6/query/img_02933_c1_1290444895691003us.jpg 0.232061 0.178480 -0.674043 0.678202 320.598892 -52.198856 27.024711
slice6/query/img_02934_c1_1290444895757613us.jpg 0.232309 0.177386 -0.674167 0.678281 321.417438 -52.378312 27.062033
slice6/query/img_02935_c1_1290444895824226us.jpg 0.232418 0.176884 -0.673908 0.678633 322.242687 -52.553933 27.101339
slice6/query/img_02936_c1_1290444895957578us.jpg 0.232089 0.176031 -0.673855 0.679019 323.897533 -52.923429 27.182489
slice6/query/img_02937_c1_1290444896024188us.jpg 0.231194 0.176238 -0.674294 0.678835 324.724712 -53.110776 27.230556
slice6/query/img_02938_c1_1290444896157585us.jpg 0.229523 0.175965 -0.675558 0.678216 326.390493 -53.487901 27.323931
slice6/query/img_02939_c1_1290444896224153us.jpg 0.229456 0.175469 -0.675430 0.678495 327.218204 -53.675276 27.367743
slice6/query/img_02940_c1_1290444896424136us.jpg 0.229605 0.173964 -0.674788 0.679470 329.701594 -54.262833 27.498229
slice6/query/img_02941_c1_1290444896490849us.jpg 0.229123 0.173730 -0.674843 0.679638 330.535188 -54.459971 27.540452
slice6/query/img_02942_c1_1290444896557463us.jpg 0.228675 0.173823 -0.674706 0.679901 331.368970 -54.654361 27.585655
slice6/query/img_02943_c1_1290444896624076us.jpg 0.228136 0.173720 -0.674305 0.680506 332.200624 -54.850881 27.636444
slice6/query/img_02944_c1_1290444896757450us.jpg 0.227657 0.173614 -0.672914 0.682068 333.872713 -55.245215 27.731577
slice6/query/img_02945_c1_1290444896824064us.jpg 0.227246 0.173716 -0.672678 0.682412 334.716348 -55.444933 27.780813
slice6/query/img_02946_c1_1290444896890776us.jpg 0.226707 0.174246 -0.672771 0.682365 335.560367 -55.642076 27.830250
slice6/query/img_02947_c1_1290444896957388us.jpg 0.226099 0.174627 -0.673298 0.681949 336.404047 -55.841530 27.879434
slice6/query/img_02948_c1_1290444897024002us.jpg 0.225747 0.174833 -0.673937 0.681381 337.248916 -56.047029 27.925806
slice6/query/img_02949_c1_1290444897157357us.jpg 0.226010 0.174911 -0.675000 0.680221 338.938747 -56.452969 28.016443
slice6/query/img_02950_c1_1290444897223968us.jpg 0.226555 0.174796 -0.675253 0.679818 339.794478 -56.656170 28.055077
slice6/query/img_02951_c1_1290444897290702us.jpg 0.227005 0.174612 -0.675585 0.679385 340.644838 -56.861127 28.095465
slice6/query/img_02952_c1_1290444897423931us.jpg 0.227552 0.174640 -0.676620 0.678164 342.348738 -57.260819 28.177268
slice6/query/img_02953_c1_1290444897490663us.jpg 0.227579 0.175162 -0.676702 0.677939 343.203936 -57.465131 28.221446
slice6/query/img_02954_c1_1290444897557276us.jpg 0.227573 0.175729 -0.676543 0.677953 344.061316 -57.664995 28.263488
slice6/query/img_02955_c1_1290444897623888us.jpg 0.227790 0.175970 -0.676083 0.678276 344.920825 -57.863503 28.304065
slice6/query/img_02956_c1_1290444897757258us.jpg 0.228761 0.176299 -0.675243 0.678701 346.640018 -58.267858 28.385667
slice6/query/img_02957_c1_1290444897823852us.jpg 0.228980 0.176762 -0.674903 0.678844 347.500102 -58.470952 28.428176
slice6/query/img_02958_c1_1290444897890589us.jpg 0.229277 0.177319 -0.674802 0.678699 348.366487 -58.674590 28.469638
slice6/query/img_02959_c1_1290444897957201us.jpg 0.229782 0.177765 -0.674816 0.678397 349.232496 -58.875717 28.508962
slice6/query/img_02960_c1_1290444898023816us.jpg 0.230078 0.178223 -0.675434 0.677562 350.096116 -59.077931 28.549076
slice6/query/img_02961_c1_1290444898157187us.jpg 0.230907 0.179013 -0.677120 0.675385 351.829406 -59.476494 28.627011
slice6/query/img_02962_c1_1290444898223804us.jpg 0.231631 0.178917 -0.677799 0.674481 352.702287 -59.676576 28.663996
slice6/query/img_02963_c1_1290444898290514us.jpg 0.233194 0.178542 -0.677862 0.673978 353.566751 -59.876113 28.699089
slice6/query/img_02964_c1_1290444898357127us.jpg 0.234874 0.177995 -0.677523 0.673880 354.438474 -60.072465 28.738469
slice6/query/img_02965_c1_1290444898490482us.jpg 0.237460 0.177144 -0.676410 0.674316 356.197626 -60.453896 28.824339
slice6/query/img_02966_c1_1290444898557088us.jpg 0.237585 0.177714 -0.676051 0.674482 357.082816 -60.641837 28.871572
slice6/query/img_02967_c1_1290444898623702us.jpg 0.237391 0.178538 -0.675417 0.674968 357.967621 -60.825469 28.923927
slice6/query/img_02968_c1_1290444898690439us.jpg 0.236831 0.179474 -0.674634 0.675699 358.851928 -61.011255 28.977959
