slice6/query/img_03475_c1_1292959241194138us.jpg 0.065538 0.000665 -0.713467 0.697617 230.503367 -30.128150 22.267709
slice6/query/img_03476_c1_1292959241260910us.jpg 0.076889 0.011489 -0.712975 0.696867 230.826644 -30.432039 22.279850
slice6/query/img_03478_c1_1292959241394138us.jpg 0.099533 0.031811 -0.712664 0.693680 231.504609 -31.008958 22.304255
slice6/query/img_03479_c1_1292959241460888us.jpg 0.110059 0.042291 -0.712269 0.691933 231.855615 -31.279942 22.320532
slice6/query/img_03480_c1_1292959241594142us.jpg 0.129892 0.064749 -0.709860 0.689227 232.585373 -31.788345 22.361703
slice6/query/img_03482_c1_1292959241727516us.jpg 0.149180 0.087185 -0.705941 0.686871 233.350045 -32.251142 22.404973
slice6/query/img_03483_c1_1292959241794142us.jpg 0.158944 0.097424 -0.703779 0.685522 233.739171 -32.464104 22.425308
slice6/query/img_03485_c1_1292959241994698us.jpg 0.187605 0.124408 -0.696726 0.681102 234.951736 -33.042191 22.476988
slice6/query/img_03487_c1_1292959242127541us.jpg 0.204480 0.140701 -0.691901 0.677985 235.793624 -33.376045 22.515496
slice6/query/img_03489_c1_1292959242260896us.jpg 0.218862 0.156115 -0.687077 0.675020 236.658774 -33.668656 22.563637
slice6/query/img_03490_c1_1292959242327529us.jpg 0.224871 0.163000 -0.684897 0.673632 237.099430 -33.795730 22.590967
slice6/query/img_03491_c1_1292959242460904us.jpg 0.235425 0.174900 -0.679729 0.672275 237.995943 -34.025430 22.644386
slice6/query/img_03492_c1_1292959242527528us.jpg 0.239804 0.179799 -0.676962 0.672227 238.447368 -34.127831 22.669537
slice6/query/img_03494_c1_1292959242660899us.jpg 0.245262 0.186243 -0.672513 0.672968 239.364687 -34.305353 22.724331
slice6/query/img_03495_c1_1292959242727524us.jpg 0.246892 0.187740 -0.670822 0.673644 239.821107 -34.387567 22.750842
slice6/query/img_03496_c1_1292959242860902us.jpg 0.248902 0.189644 -0.668582 0.674597 240.737159 -34.548563 22.804758
slice6/query/img_03497_c1_1292959242927548us.jpg 0.249269 0.190489 -0.668556 0.674249 241.195494 -34.631244 22.833227
slice6/query/img_03499_c1_1292959243060901us.jpg 0.249631 0.191879 -0.669847 0.672437 242.127895 -34.795606 22.890645
slice6/query/img_03500_c1_1292959243127528us.jpg 0.249623 0.192475 -0.670357 0.671762 242.596251 -34.879162 22.918716
slice6/query/img_03501_c1_1292959243260909us.jpg 0.248852 0.192569 -0.671416 0.670962 243.545425 -35.036903 22.972827
slice6/query/img_03502_c1_1292959243327531us.jpg 0.248036 0.192075 -0.671695 0.671127 244.024941 -35.114097 22.997149
slice6/query/img_03503_c1_1292959243460908us.jpg 0.246309 0.191741 -0.670446 0.673104 244.985707 -35.272086 23.051706
slice6/query/img_03504_c1_1292959243527553us.jpg 0.245610 0.191549 -0.669985 0.673873 245.469271 -35.355952 23.080026
slice6/query/img_03505_c1_1292959243594157us.jpg 0.244982 0.190653 -0.670095 0.674246 245.963128 -35.443275 23.103886
slice6/query/img_03507_c1_1292959243727532us.jpg 0.244365 0.188291 -0.670684 0.674548 246.955992 -35.619245 23.151434
slice6/query/img_03508_c1_1292959243860912us.jpg 0.243581 0.186490 -0.671471 0.674550 247.972237 -35.809030 23.202882
slice6/query/img_03509_c1_1292959243927556us.jpg 0.242897 0.185633 -0.672029 0.674477 248.484400 -35.904998 23.231778
slice6/query/img_03510_c1_1292959243994159us.jpg 0.241887 0.185113 -0.672272 0.674740 248.999870 -36.002960 23.260347
slice6/query/img_03511_c1_1292959244060911us.jpg 0.240852 0.184791 -0.672218 0.675253 249.516795 -36.102011 23.291139
slice6/query/img_03512_c1_1292959244127536us.jpg 0.239769 0.184335 -0.672229 0.675751 250.037204 -36.201316 23.322276
slice6/query/img_03513_c1_1292959244260934us.jpg 0.238098 0.182821 -0.672138 0.676843 251.087183 -36.403791 23.380219
slice6/query/img_03514_c1_1292959244327542us.jpg 0.237514 0.182091 -0.671843 0.677537 251.616440 -36.511557 23.409115
slice6/query/img_03515_c1_1292959244394184us.jpg 0.236879 0.181321 -0.672007 0.677804 252.147407 -36.619402 23.437265
slice6/query/img_03517_c1_1292959244527539us.jpg 0.235994 0.179344 -0.673632 0.677025 253.228128 -36.845497 23.491874
slice6/query/img_03518_c1_1292959244594164us.jpg 0.235451 0.179002 -0.673954 0.676984 253.766704 -36.958676 23.520635
slice6/query/img_03519_c1_1292959244727542us.jpg 0.234668 0.178580 -0.674728 0.676596 254.875434 -37.193504 23.581936
slice6/query/img_03521_c1_1292959244860916us.jpg 0.234490 0.177262 -0.675941 0.675793 255.988743 -37.447219 23.640829
slice6/query/img_03522_c1_1292959244927542us.jpg 0.234171 0.176927 -0.676140 0.675792 256.554789 -37.571677 23.672375
slice6/query/img_03523_c1_1292959244994168us.jpg 0.234091 0.176855 -0.675801 0.676178 257.124821 -37.695759 23.698717
slice6/query/img_03524_c1_1292959245127566us.jpg 0.233833 0.177073 -0.675088 0.676922 258.275339 -37.948894 23.757781
slice6/query/img_03526_c1_1292959245260920us.jpg 0.233376 0.176673 -0.675923 0.676351 259.438114 -38.210891 23.820813
slice6/query/img_03527_c1_1292959245327545us.jpg 0.233117 0.176391 -0.675991 0.676446 260.027627 -38.337530 23.850550
slice6/query/img_03528_c1_1292959245394170us.jpg 0.232836 0.176435 -0.675511 0.677010 260.619574 -38.468323 23.883585
slice6/query/img_03529_c1_1292959245460921us.jpg 0.232601 0.176435 -0.675084 0.677517 261.213328 -38.599453 23.915450
slice6/query/img_03530_c1_1292959245594175us.jpg 0.232167 0.176279 -0.674461 0.678326 262.418358 -38.867812 23.980594
slice6/query/img_03531_c1_1292959245660924us.jpg 0.231612 0.176610 -0.674127 0.678762 263.026683 -39.000895 24.012060
slice6/query/img_03533_c1_1292959245794174us.jpg 0.230862 0.176708 -0.673723 0.679392 264.249089 -39.271505 24.077977
slice6/query/img_03534_c1_1292959245860924us.jpg 0.230703 0.176473 -0.673466 0.679762 264.863231 -39.408936 24.110718
slice6/query/img_03535_c1_1292959245994179us.jpg 0.230721 0.175096 -0.673711 0.679869 266.105741 -39.687406 24.177381
slice6/query/img_03536_c1_1292959246060948us.jpg 0.230506 0.174851 -0.673791 0.679926 266.732389 -39.830820 24.211209
slice6/query/img_03537_c1_1292959246127551us.jpg 0.230396 0.174935 -0.673670 0.680062 267.361066 -39.976166 24.246826
slice6/query/img_03538_c1_1292959246194177us.jpg 0.230364 0.174813 -0.673859 0.679917 267.993056 -40.123490 24.281195
slice6/query/img_03539_c1_1292959246260928us.jpg 0.230560 0.174343 -0.674088 0.679744 268.627703 -40.267598 24.314037
slice6/query/img_03540_c1_1292959246394180us.jpg 0.231077 0.172584 -0.674728 0.679383 269.906675 -40.563703 24.380889
slice6/query/img_03541_c1_1292959246460934us.jpg 0.231135 0.171897 -0.675158 0.679109 270.548556 -40.713031 24.416164
slice6/query/img_03542_c1_1292959246527555us.jpg 0.230895 0.171940 -0.675152 0.679186 271.194702 -40.864004 24.453694
slice6/query/img_03543_c1_1292959246594181us.jpg 0.230452 0.172604 -0.675047 0.679273 271.845009 -41.016430 24.493029
slice6/query/img_03545_c1_1292959246794185us.jpg 0.228917 0.173680 -0.675942 0.678627 273.812903 -41.470410 24.610015
slice6/query/img_03546_c1_1292959246860933us.jpg 0.228342 0.173469 -0.676715 0.678104 274.474318 -41.622521 24.644046
slice6/query/img_03547_c1_1292959246927559us.jpg 0.227962 0.172967 -0.677595 0.677482 275.137457 -41.779197 24.676223
slice6/query/img_03548_c1_1292959246994183us.jpg 0.227914 0.172853 -0.678175 0.676946 275.798982 -41.934340 24.709809
slice6/query/img_03549_c1_1292959247127561us.jpg 0.229213 0.171817 -0.678874 0.676070 277.131856 -42.252547 24.773534
slice6/query/img_03550_c1_1292959247194185us.jpg 0.230463 0.170824 -0.679393 0.675375 277.798819 -42.414411 24.800932
slice6/query/img_03551_c1_1292959247260935us.jpg 0.231303 0.170312 -0.679959 0.674647 278.468965 -42.577600 24.829889
slice6/query/img_03552_c1_1292959247327562us.jpg 0.231643 0.170008 -0.680467 0.674094 279.141321 -42.739446 24.864372
slice6/query/img_03553_c1_1292959247394186us.jpg 0.231531 0.170260 -0.680410 0.674126 279.818145 -42.896807 24.903171
slice6/query/img_03554_c1_1292959247527567us.jpg 0.230649 0.170366 -0.679414 0.675406 281.177235 -43.208343 24.980458
slice6/query/img_03555_c1_1292959247594208us.jpg 0.230180 0.170500 -0.678672 0.676277 281.860652 -43.366559 25.017098
slice6/query/img_03556_c1_1292959247660938us.jpg 0.229828 0.171182 -0.677628 0.677271 282.544939 -43.524026 25.057177
slice6/query/img_03557_c1_1292959247727564us.jpg 0.229528 0.171866 -0.677005 0.677822 283.230823 -43.684952 25.096302
slice6/query/img_03558_c1_1292959247794190us.jpg 0.229316 0.172449 -0.676998 0.677753 283.919709 -43.849535 25.134836
slice6/query/img_03559_c1_1292959247927567us.jpg 0.229224 0.172382 -0.677704 0.677095 285.304245 -44.177091 25.209373
slice6/query/img_03560_c1_1292959247994191us.jpg 0.229093 0.172424 -0.677929 0.676903 285.998972 -44.340788 25.245629
slice6/query/img_03561_c1_1292959248128170us.jpg 0.228869 0.172617 -0.677075 0.677785 287.391639 -44.668390 25.318360
slice6/query/img_03562_c1_1292959248194199us.jpg 0.228739 0.172428 -0.676908 0.678043 288.089942 -44.829575 25.355064
slice6/query/img_03563_c1_1292959248260944us.jpg 0.228702 0.172282 -0.676784 0.678217 288.789373 -44.993446 25.391101
slice6/query/img_03564_c1_1292959248327570us.jpg 0.228486 0.172667 -0.676921 0.678055 289.490202 -45.159956 25.429553
slice6/query/img_03565_c1_1292959248460948us.jpg 0.228174 0.173479 -0.677749 0.677124 290.905639 -45.500412 25.505760
slice6/query/img_03566_c1_1292959248527592us.jpg 0.228724 0.173163 -0.678153 0.676616 291.613471 -45.668602 25.541558
slice6/query/img_03567_c1_1292959248594197us.jpg 0.229202 0.172668 -0.678560 0.676172 292.322633 -45.837915 25.574845
slice6/query/img_03568_c1_1292959248727577us.jpg 0.228931 0.173146 -0.678477 0.676225 293.752239 -46.171270 25.649109
slice6/query/img_03569_c1_1292959248794198us.jpg 0.228378 0.173520 -0.678284 0.676509 294.471850 -46.335844 25.687478
slice6/query/img_03570_c1_1292959248860948us.jpg 0.228118 0.173652 -0.677892 0.676956 295.187050 -46.497524 25.724803
slice6/query/img_03571_c1_1292959248994202us.jpg 0.228097 0.173583 -0.677293 0.677581 296.632072 -46.837200 25.796380
slice6/query/img_03572_c1_1292959249127598us.jpg 0.228342 0.173566 -0.676689 0.678105 298.088391 -47.179275 25.865527
slice6/query/img_03573_c1_1292959249194206us.jpg 0.228305 0.173446 -0.677140 0.677698 298.817148 -47.349217 25.903122
slice6/query/img_03574_c1_1292959249260951us.jpg 0.228253 0.173456 -0.677779 0.677074 299.548389 -47.524410 25.939194
slice6/query/img_03575_c1_1292959249327576us.jpg 0.228171 0.173528 -0.678415 0.676446 300.277087 -47.696383 25.976299
slice6/query/img_03576_c1_1292959249394202us.jpg 0.228297 0.173024 -0.678769 0.676177 301.006694 -47.869163 26.012322
slice6/query/img_03577_c1_1292959249527583us.jpg 0.228765 0.173309 -0.678036 0.676682 302.474142 -48.213739 26.086161
slice6/query/img_03578_c1_1292959249594205us.jpg 0.228500 0.173868 -0.677905 0.676758 303.209614 -48.387791 26.124151
slice6/query/img_03579_c1_1292959249660954us.jpg 0.228027 0.174176 -0.677832 0.676912 303.947827 -48.562434 26.162626
slice6/query/img_03580_c1_1292959249727579us.jpg 0.227903 0.174294 -0.677643 0.677113 304.684696 -48.737959 26.199111
slice6/query/img_03581_c1_1292959249794206us.jpg 0.228185 0.173844 -0.677231 0.677546 305.418348 -48.906507 26.235088
slice6/query/img_03582_c1_1292959249927604us.jpg 0.229225 0.173184 -0.675187 0.679401 306.897050 -49.252536 26.307541
slice6/query/img_03583_c1_1292959249994229us.jpg 0.229279 0.173362 -0.674705 0.679816 307.639214 -49.425623 26.345622
slice6/query/img_03584_c1_1292959250060957us.jpg 0.228979 0.173865 -0.675012 0.679484 308.383802 -49.601098 26.390206
slice6/query/img_03585_c1_1292959250127583us.jpg 0.228554 0.174404 -0.675657 0.678847 309.130592 -49.778080 26.434287
slice6/query/img_03586_c1_1292959250194209us.jpg 0.227978 0.174940 -0.676098 0.678465 309.876646 -49.954085 26.474364
slice6/query/img_03587_c1_1292959250327611us.jpg 0.228070 0.175233 -0.675668 0.678786 311.374620 -50.306832 26.552942
slice6/query/img_03588_c1_1292959250394210us.jpg 0.228656 0.174728 -0.675190 0.679194 312.122501 -50.479947 26.586121
slice6/query/img_03589_c1_1292959250460961us.jpg 0.229414 0.174429 -0.674623 0.679579 312.872184 -50.656051 26.622979
slice6/query/img_03590_c1_1292959250527586us.jpg 0.229930 0.174469 -0.674381 0.679635 313.624931 -50.831156 26.662382
slice6/query/img_03591_c1_1292959250594212us.jpg 0.229723 0.174950 -0.674852 0.679113 314.376727 -51.007558 26.704660
slice6/query/img_03592_c1_1292959250727588us.jpg 0.228797 0.176342 -0.676819 0.677105 315.892311 -51.360502 26.790120
slice6/query/img_03593_c1_1292959250794217us.jpg 0.228696 0.176714 -0.677395 0.676466 316.650819 -51.534684 26.830988
slice6/query/img_03594_c1_1292959250860964us.jpg 0.229178 0.176683 -0.677289 0.676417 317.406047 -51.708674 26.869431
slice6/query/img_03595_c1_1292959250927589us.jpg 0.229661 0.176555 -0.677152 0.676423 318.166530 -51.881920 26.904528
slice6/query/img_03596_c1_1292959251060986us.jpg 0.230283 0.176736 -0.676790 0.676528 319.693148 -52.226347 26.977750
slice6/query/img_03597_c1_1292959251127590us.jpg 0.230797 0.176378 -0.676778 0.676457 320.455072 -52.402519 27.014716
slice6/query/img_03598_c1_1292959251194217us.jpg 0.231270 0.175993 -0.676786 0.676389 321.216253 -52.575364 27.051246
slice6/query/img_03599_c1_1292959251327615us.jpg 0.232260 0.175510 -0.676311 0.676650 322.749580 -52.924721 27.129477
slice6/query/img_03600_c1_1292959251394239us.jpg 0.232371 0.175898 -0.676131 0.676691 323.519868 -53.101933 27.171199
slice6/query/img_03601_c1_1292959251460968us.jpg 0.232309 0.176391 -0.676324 0.676391 324.289564 -53.278289 27.214074
slice6/query/img_03602_c1_1292959251527593us.jpg 0.231991 0.176787 -0.676990 0.675730 325.059640 -53.454183 27.255343
slice6/query/img_03603_c1_1292959251594219us.jpg 0.231782 0.177215 -0.677435 0.675243 325.830982 -53.627219 27.297125
slice6/query/img_03604_c1_1292959251727597us.jpg 0.232289 0.176928 -0.676769 0.675812 327.381409 -53.973040 27.375954
slice6/query/img_03605_c1_1292959251794222us.jpg 0.232915 0.176729 -0.676026 0.676393 328.148743 -54.151445 27.418350
slice6/query/img_03606_c1_1292959251860975us.jpg 0.233197 0.176745 -0.675508 0.676808 328.920202 -54.326545 27.460794
slice6/query/img_03607_c1_1292959251927597us.jpg 0.233255 0.177025 -0.675230 0.676992 329.698074 -54.501881 27.504546
slice6/query/img_03608_c1_1292959251994223us.jpg 0.233085 0.177628 -0.674866 0.677256 330.474739 -54.675045 27.550096
slice6/query/img_03609_c1_1292959252127621us.jpg 0.232480 0.178542 -0.674068 0.678018 332.028235 -55.018185 27.640172
slice6/query/img_03610_c1_1292959252194229us.jpg 0.232604 0.178525 -0.673371 0.678672 332.813752 -55.185956 27.684682
slice6/query/img_03611_c1_1292959252260975us.jpg 0.232493 0.178577 -0.672862 0.679201 333.596586 -55.354083 27.732230
slice6/query/img_03612_c1_1292959252327599us.jpg 0.232332 0.178915 -0.672499 0.679527 334.374875 -55.525941 27.774332
slice6/query/img_03613_c1_1292959252460977us.jpg 0.231133 0.180302 -0.672711 0.679359 335.952668 -55.869556 27.863516
slice6/query/img_03614_c1_1292959252527604us.jpg 0.230717 0.180735 -0.673094 0.679006 336.744139 -56.039574 27.903445
slice6/query/img_03615_c1_1292959252594227us.jpg 0.230877 0.180684 -0.673468 0.678594 337.535261 -56.212064 27.942477
slice6/query/img_03616_c1_1292959252660977us.jpg 0.230992 0.180435 -0.673986 0.678107 338.317565 -56.390125 27.980786
slice6/query/img_03617_c1_1292959252794231us.jpg 0.231963 0.179769 -0.674229 0.677711 339.900206 -56.742784 28.050796
slice6/query/img_03618_c1_1292959252861001us.jpg 0.232061 0.179666 -0.674523 0.677411 340.691401 -56.919232 28.091310
slice6/query/img_03619_c1_1292959252927604us.jpg 0.231971 0.179792 -0.674696 0.677237 341.482131 -57.095992 28.130972
slice6/query/img_03620_c1_1292959252994230us.jpg 0.231882 0.179663 -0.675086 0.676913 342.273420 -57.268219 28.171253
slice6/query/img_03621_c1_1292959253060980us.jpg 0.231348 0.180274 -0.675223 0.676796 343.059991 -57.445253 28.213587
slice6/query/img_03622_c1_1292959253194232us.jpg 0.231085 0.180286 -0.674898 0.677207 344.659354 -57.787477 28.292344
slice6/query/img_03623_c1_1292959253260983us.jpg 0.231010 0.180247 -0.674368 0.677771 345.451762 -57.960153 28.330900
slice6/query/img_03624_c1_1292959253327608us.jpg 0.231097 0.180061 -0.673999 0.678157 346.246782 -58.134537 28.368295
slice6/query/img_03625_c1_1292959253461007us.jpg 0.230511 0.179755 -0.673960 0.678477 347.851400 -58.478683 28.450994
slice6/query/img_03626_c1_1292959253527630us.jpg 0.230316 0.179647 -0.673994 0.678537 348.654361 -58.652843 28.491660
slice6/query/img_03627_c1_1292959253594236us.jpg 0.230153 0.179525 -0.674343 0.678278 349.452681 -58.830145 28.529758
slice6/query/img_03628_c1_1292959253660986us.jpg 0.229973 0.179633 -0.674789 0.677867 350.253213 -59.011021 28.570333
slice6/query/img_03629_c1_1292959253794240us.jpg 0.229663 0.179105 -0.676464 0.676441 351.850928 -59.374529 28.645973
slice6/query/img_03630_c1_1292959253860988us.jpg 0.229720 0.178573 -0.677103 0.675923 352.656550 -59.559296 28.682340
slice6/query/img_03631_c1_1292959253927612us.jpg 0.230463 0.177409 -0.677392 0.675687 353.458905 -59.741241 28.714895
slice6/query/img_03632_c1_1292959253994238us.jpg 0.231545 0.176417 -0.677139 0.675831 354.261501 -59.924053 28.749588
slice6/query/img_03633_c1_1292959254127635us.jpg 0.233358 0.174277 -0.676395 0.676507 355.865180 -60.287813 28.820654
slice6/query/img_03634_c1_1292959254260989us.jpg 0.232748 0.174519 -0.676429 0.676621 357.482496 -60.650600 28.912341
slice6/query/img_03635_c1_1292959254327615us.jpg 0.232225 0.174930 -0.676129 0.676994 358.293779 -60.832111 28.961719
slice6/query/img_03636_c1_1292959254394241us.jpg 0.231808 0.175515 -0.675742 0.677371 359.102866 -61.014104 29.009614
