slice6/query/img_02753_c1_1299250774645908us.jpg 0.076187 0.011459 -0.711150 0.698806 230.872997 -30.079723 22.250155
slice6/query/img_02754_c1_1299250774712534us.jpg 0.084916 0.019017 -0.711360 0.697420 231.223465 -30.388746 22.255987
slice6/query/img_02755_c1_1299250774846542us.jpg 0.101425 0.034976 -0.710562 0.695408 231.956368 -30.981810 22.290750
slice6/query/img_02756_c1_1299250774912561us.jpg 0.109301 0.044124 -0.709423 0.694856 232.337328 -31.258937 22.317145
slice6/query/img_02758_c1_1299250775045911us.jpg 0.124832 0.061178 -0.707244 0.693167 233.133972 -31.803443 22.348640
slice6/query/img_02759_c1_1299250775112536us.jpg 0.132511 0.068733 -0.706252 0.692044 233.543564 -32.065669 22.357246
slice6/query/img_02760_c1_1299250775245938us.jpg 0.147812 0.083829 -0.703419 0.690164 234.394044 -32.566076 22.396485
slice6/query/img_02761_c1_1299250775312544us.jpg 0.155174 0.090972 -0.701896 0.689193 234.815844 -32.804660 22.417012
slice6/query/img_02762_c1_1299250775445916us.jpg 0.169258 0.104095 -0.699100 0.686859 235.697529 -33.247761 22.456917
slice6/query/img_02763_c1_1299250775512545us.jpg 0.176261 0.110718 -0.697376 0.685814 236.151315 -33.463230 22.476941
slice6/query/img_02765_c1_1299250775645943us.jpg 0.189123 0.123776 -0.694382 0.683188 237.078557 -33.867825 22.527996
slice6/query/img_02766_c1_1299250775779324us.jpg 0.200944 0.134811 -0.691416 0.680729 238.033911 -34.237682 22.573553
slice6/query/img_02767_c1_1299250775845915us.jpg 0.206357 0.140126 -0.689684 0.679792 238.525082 -34.404687 22.601536
slice6/query/img_02768_c1_1299250775912540us.jpg 0.210624 0.145724 -0.687977 0.679036 239.014514 -34.561700 22.634928
slice6/query/img_02769_c1_1299250776045922us.jpg 0.221090 0.154916 -0.684494 0.677191 240.013643 -34.875466 22.689611
slice6/query/img_02770_c1_1299250776112565us.jpg 0.225645 0.159074 -0.683146 0.676085 240.521174 -35.021917 22.717374
slice6/query/img_02771_c1_1299250776179292us.jpg 0.228804 0.164069 -0.681793 0.675195 241.037033 -35.158541 22.751492
slice6/query/img_02772_c1_1299250776245961us.jpg 0.231375 0.168649 -0.680423 0.674572 241.553872 -35.290678 22.784229
slice6/query/img_02773_c1_1299250776379318us.jpg 0.235319 0.176287 -0.678477 0.673214 242.598368 -35.537622 22.851141
slice6/query/img_02774_c1_1299250776445943us.jpg 0.237153 0.178860 -0.677688 0.672686 243.128516 -35.658017 22.880116
slice6/query/img_02775_c1_1299250776512543us.jpg 0.238908 0.180581 -0.676729 0.672571 243.653627 -35.772405 22.908678
slice6/query/img_02777_c1_1299250776712582us.jpg 0.242389 0.186021 -0.673438 0.673145 245.258848 -36.102116 22.994179
slice6/query/img_02778_c1_1299250776779295us.jpg 0.242982 0.186713 -0.673310 0.672868 245.798892 -36.209377 23.021801
slice6/query/img_02779_c1_1299250776845922us.jpg 0.243763 0.186906 -0.673136 0.672706 246.340365 -36.310940 23.051784
slice6/query/img_02781_c1_1299250777045947us.jpg 0.245549 0.188175 -0.671298 0.673539 247.992588 -36.620539 23.140865
slice6/query/img_02782_c1_1299250777112547us.jpg 0.245510 0.188525 -0.670914 0.673838 248.543232 -36.726044 23.171468
slice6/query/img_02783_c1_1299250777179298us.jpg 0.245065 0.188775 -0.670627 0.674216 249.097333 -36.824617 23.204156
slice6/query/img_02784_c1_1299250777312576us.jpg 0.243584 0.188396 -0.670599 0.674885 250.225651 -37.021679 23.271027
slice6/query/img_02785_c1_1299250777379301us.jpg 0.242827 0.188216 -0.670139 0.675666 250.782372 -37.126213 23.301798
slice6/query/img_02786_c1_1299250777445924us.jpg 0.242279 0.188014 -0.669562 0.676490 251.344415 -37.229993 23.334860
slice6/query/img_02787_c1_1299250777512549us.jpg 0.241794 0.187555 -0.669463 0.676889 251.915427 -37.336693 23.366680
slice6/query/img_02788_c1_1299250777645931us.jpg 0.240104 0.186811 -0.670588 0.676582 253.067189 -37.553895 23.431255
slice6/query/img_02789_c1_1299250777712618us.jpg 0.239475 0.186134 -0.671377 0.676209 253.640079 -37.670638 23.462037
slice6/query/img_02790_c1_1299250777779301us.jpg 0.239166 0.185377 -0.672006 0.675902 254.218532 -37.790875 23.489511
slice6/query/img_02791_c1_1299250777912558us.jpg 0.238014 0.183707 -0.672926 0.675849 255.391160 -38.019528 23.547884
slice6/query/img_02792_c1_1299250777979300us.jpg 0.237562 0.182976 -0.673352 0.675781 255.976443 -38.142929 23.579463
slice6/query/img_02793_c1_1299250778045926us.jpg 0.237074 0.182009 -0.673797 0.675770 256.566607 -38.264976 23.609033
slice6/query/img_02794_c1_1299250778179304us.jpg 0.236113 0.180449 -0.673876 0.676446 257.762948 -38.516206 23.671689
slice6/query/img_02795_c1_1299250778312555us.jpg 0.234749 0.179474 -0.673803 0.677253 258.965157 -38.772765 23.737383
slice6/query/img_02796_c1_1299250778379305us.jpg 0.234001 0.178977 -0.674014 0.677433 259.571804 -38.897662 23.771193
slice6/query/img_02797_c1_1299250778445930us.jpg 0.233399 0.178486 -0.674057 0.677728 260.177325 -39.035770 23.802007
slice6/query/img_02798_c1_1299250778579308us.jpg 0.232585 0.177471 -0.674145 0.678187 261.400580 -39.311464 23.870932
slice6/query/img_02799_c1_1299250778645955us.jpg 0.232361 0.177209 -0.673976 0.678500 262.017513 -39.457659 23.905072
slice6/query/img_02801_c1_1299250778779306us.jpg 0.231793 0.177141 -0.673921 0.678766 263.250564 -39.754965 23.972238
slice6/query/img_02802_c1_1299250778912583us.jpg 0.231548 0.176645 -0.673823 0.679077 264.506625 -40.049786 24.041721
slice6/query/img_02803_c1_1299250778979312us.jpg 0.231544 0.176277 -0.673888 0.679109 265.137209 -40.203325 24.077264
slice6/query/img_02804_c1_1299250779045934us.jpg 0.231533 0.176184 -0.673936 0.679089 265.763679 -40.354191 24.113158
slice6/query/img_02805_c1_1299250779179312us.jpg 0.231558 0.176507 -0.673923 0.679010 267.034138 -40.660864 24.183069
slice6/query/img_02806_c1_1299250779245936us.jpg 0.231902 0.176665 -0.673873 0.678901 267.682461 -40.817347 24.218336
slice6/query/img_02807_c1_1299250779312560us.jpg 0.232212 0.176729 -0.673845 0.678806 268.325687 -40.971411 24.252049
slice6/query/img_02808_c1_1299250779379311us.jpg 0.232868 0.176167 -0.673914 0.678658 268.969707 -41.123694 24.283007
slice6/query/img_02809_c1_1299250779512595us.jpg 0.234071 0.175016 -0.674700 0.677761 270.266470 -41.423263 24.349413
slice6/query/img_02810_c1_1299250779579316us.jpg 0.234477 0.175222 -0.674693 0.677575 270.903487 -41.572354 24.386261
slice6/query/img_02811_c1_1299250779645937us.jpg 0.234720 0.175886 -0.674513 0.677497 271.544790 -41.715447 24.421221
slice6/query/img_02812_c1_1299250779779318us.jpg 0.234530 0.177458 -0.674690 0.676977 272.889422 -42.003214 24.504266
slice6/query/img_02813_c1_1299250779845941us.jpg 0.234569 0.177797 -0.674990 0.676575 273.566358 -42.162393 24.539653
slice6/query/img_02814_c1_1299250779912562us.jpg 0.234077 0.178473 -0.675570 0.675988 274.223691 -42.312178 24.572504
slice6/query/img_02815_c1_1299250779979314us.jpg 0.233553 0.179122 -0.675985 0.675583 274.893749 -42.461792 24.606737
slice6/query/img_02816_c1_1299250780112566us.jpg 0.233793 0.179689 -0.676342 0.674992 276.261038 -42.756614 24.681002
slice6/query/img_02817_c1_1299250780179325us.jpg 0.234642 0.179619 -0.676255 0.674803 276.943196 -42.906546 24.713179
slice6/query/img_02818_c1_1299250780245939us.jpg 0.235980 0.178984 -0.676155 0.674605 277.627590 -43.062648 24.739783
slice6/query/img_02819_c1_1299250780312566us.jpg 0.237050 0.178453 -0.676154 0.674372 278.311809 -43.218567 24.766756
slice6/query/img_02820_c1_1299250780445942us.jpg 0.238126 0.178235 -0.676139 0.674065 279.691331 -43.511234 24.841275
slice6/query/img_02821_c1_1299250780512568us.jpg 0.238283 0.178348 -0.675821 0.674299 280.384540 -43.660064 24.879186
slice6/query/img_02822_c1_1299250780579317us.jpg 0.238103 0.178617 -0.675438 0.674675 281.080939 -43.804552 24.919678
slice6/query/img_02823_c1_1299250780645942us.jpg 0.237740 0.179015 -0.674818 0.675318 281.779094 -43.947568 24.959190
slice6/query/img_02824_c1_1299250780779324us.jpg 0.237139 0.180047 -0.673867 0.676204 283.189325 -44.238795 25.044133
slice6/query/img_02825_c1_1299250780845950us.jpg 0.236664 0.180629 -0.673700 0.676381 283.896425 -44.383701 25.084786
slice6/query/img_02826_c1_1299250780912569us.jpg 0.236228 0.181178 -0.673603 0.676483 284.606365 -44.529764 25.122143
slice6/query/img_02827_c1_1299250780979319us.jpg 0.236081 0.181249 -0.673623 0.676496 285.320055 -44.679815 25.161430
slice6/query/img_02828_c1_1299250781112575us.jpg 0.235205 0.181165 -0.673130 0.677314 286.739675 -44.976835 25.245561
slice6/query/img_02829_c1_1299250781179347us.jpg 0.234732 0.180685 -0.673009 0.677726 287.452892 -45.128172 25.283088
slice6/query/img_02830_c1_1299250781245950us.jpg 0.234454 0.180028 -0.673005 0.678001 288.170331 -45.276647 25.316099
slice6/query/img_02831_c1_1299250781312633us.jpg 0.234041 0.179457 -0.673102 0.678199 288.892058 -45.426367 25.353420
slice6/query/img_02832_c1_1299250781379322us.jpg 0.233278 0.179582 -0.673479 0.678055 289.614496 -45.576498 25.391911
slice6/query/img_02833_c1_1299250781512575us.jpg 0.232802 0.179267 -0.675006 0.676782 291.037138 -45.922663 25.481435
slice6/query/img_02834_c1_1299250781579346us.jpg 0.232936 0.178236 -0.675827 0.676189 291.761875 -46.080559 25.517403
slice6/query/img_02835_c1_1299250781645951us.jpg 0.232883 0.177456 -0.676286 0.675953 292.487253 -46.250512 25.551672
slice6/query/img_02836_c1_1299250781712573us.jpg 0.232546 0.177145 -0.676422 0.676014 293.216531 -46.421356 25.589741
slice6/query/img_02837_c1_1299250781779323us.jpg 0.231976 0.177186 -0.676370 0.676251 293.946638 -46.593165 25.629531
slice6/query/img_02838_c1_1299250781912602us.jpg 0.230330 0.176942 -0.675930 0.677317 295.423345 -46.941267 25.706839
slice6/query/img_02839_c1_1299250781979330us.jpg 0.229926 0.176406 -0.675786 0.677737 296.160719 -47.119611 25.748259
slice6/query/img_02840_c1_1299250782045950us.jpg 0.229453 0.175961 -0.675444 0.678355 296.899460 -47.293350 25.786048
slice6/query/img_02841_c1_1299250782112575us.jpg 0.229069 0.175632 -0.675190 0.678822 297.638111 -47.473907 25.824920
slice6/query/img_02842_c1_1299250782179345us.jpg 0.228514 0.175501 -0.675336 0.678898 298.379227 -47.656039 25.864056
slice6/query/img_02843_c1_1299250782312600us.jpg 0.228165 0.174689 -0.676492 0.678074 299.884368 -48.026243 25.938223
slice6/query/img_02844_c1_1299250782379327us.jpg 0.227993 0.173995 -0.677359 0.677444 300.638620 -48.208409 25.974158
slice6/query/img_02845_c1_1299250782445953us.jpg 0.228701 0.172917 -0.677794 0.677046 301.391704 -48.392381 26.009906
slice6/query/img_02846_c1_1299250782512578us.jpg 0.228959 0.172562 -0.677949 0.676894 302.142467 -48.579645 26.048986
slice6/query/img_02847_c1_1299250782645961us.jpg 0.228424 0.172408 -0.678469 0.676592 303.690968 -48.929445 26.122800
slice6/query/img_02848_c1_1299250782712582us.jpg 0.228266 0.172530 -0.678883 0.676200 304.453920 -49.104080 26.158908
slice6/query/img_02849_c1_1299250782779329us.jpg 0.228508 0.172218 -0.678950 0.676131 305.230422 -49.291154 26.202049
slice6/query/img_02850_c1_1299250782845955us.jpg 0.228955 0.171811 -0.678485 0.676550 306.006503 -49.469941 26.240882
slice6/query/img_02851_c1_1299250782912580us.jpg 0.229546 0.171634 -0.677595 0.677286 306.780726 -49.654272 26.278119
slice6/query/img_02852_c1_1299250783045959us.jpg 0.229913 0.172428 -0.676508 0.678045 308.337771 -50.014777 26.363780
slice6/query/img_02853_c1_1299250783112606us.jpg 0.229436 0.173260 -0.676386 0.678116 309.126424 -50.198058 26.407880
slice6/query/img_02854_c1_1299250783179331us.jpg 0.228929 0.174129 -0.676215 0.678236 309.918290 -50.374896 26.455620
slice6/query/img_02855_c1_1299250783245957us.jpg 0.228397 0.174834 -0.675543 0.678903 310.713414 -50.552754 26.500325
slice6/query/img_02856_c1_1299250783312582us.jpg 0.228432 0.174833 -0.675008 0.679424 311.501365 -50.731324 26.538531
slice6/query/img_02857_c1_1299250783445964us.jpg 0.229426 0.174357 -0.674399 0.679816 313.090319 -51.086314 26.617231
slice6/query/img_02858_c1_1299250783512584us.jpg 0.229729 0.174208 -0.674742 0.679411 313.882100 -51.268704 26.660451
slice6/query/img_02859_c1_1299250783579335us.jpg 0.229735 0.174838 -0.675583 0.678411 314.676599 -51.455744 26.703911
slice6/query/img_02860_c1_1299250783712591us.jpg 0.230087 0.176077 -0.677822 0.675732 316.287101 -51.832862 26.779404
slice6/query/img_02861_c1_1299250783779335us.jpg 0.230826 0.175673 -0.678854 0.674548 317.088006 -52.019783 26.817312
slice6/query/img_02862_c1_1299250783845960us.jpg 0.231889 0.175168 -0.679379 0.673786 317.884170 -52.208135 26.853853
slice6/query/img_02863_c1_1299250783912586us.jpg 0.232380 0.175391 -0.679118 0.673822 318.690176 -52.398660 26.895327
slice6/query/img_02864_c1_1299250784045968us.jpg 0.232470 0.176248 -0.677699 0.674995 320.314010 -52.773917 26.981002
slice6/query/img_02865_c1_1299250784112610us.jpg 0.232675 0.176173 -0.677271 0.675374 321.133489 -52.958921 27.022314
slice6/query/img_02866_c1_1299250784179336us.jpg 0.233054 0.175837 -0.677193 0.675408 321.951319 -53.146424 27.061297
slice6/query/img_02867_c1_1299250784245961us.jpg 0.233381 0.175728 -0.677115 0.675402 322.772574 -53.326485 27.104673
slice6/query/img_02868_c1_1299250784379363us.jpg 0.234422 0.176325 -0.677330 0.674671 324.412588 -53.704972 27.191412
slice6/query/img_02869_c1_1299250784445962us.jpg 0.234869 0.176916 -0.677612 0.674077 325.240255 -53.894544 27.239410
slice6/query/img_02870_c1_1299250784512589us.jpg 0.235252 0.177223 -0.677780 0.673693 326.057854 -54.086465 27.286578
slice6/query/img_02871_c1_1299250784645988us.jpg 0.235765 0.177255 -0.676869 0.674421 327.708565 -54.464638 27.376770
slice6/query/img_02872_c1_1299250784712592us.jpg 0.235511 0.177658 -0.675940 0.675335 328.543291 -54.644770 27.421149
slice6/query/img_02873_c1_1299250784779364us.jpg 0.235345 0.178289 -0.674918 0.676248 329.383738 -54.822853 27.464249
slice6/query/img_02874_c1_1299250784845965us.jpg 0.235226 0.179177 -0.673855 0.677115 330.221925 -55.006037 27.517351
slice6/query/img_02875_c1_1299250784912591us.jpg 0.235091 0.179752 -0.673157 0.677703 331.064398 -55.187473 27.564471
slice6/query/img_02876_c1_1299250785045992us.jpg 0.235541 0.179769 -0.672256 0.678436 332.761448 -55.549649 27.654309
slice6/query/img_02877_c1_1299250785112593us.jpg 0.235471 0.179820 -0.672202 0.678500 333.600905 -55.734283 27.707128
slice6/query/img_02878_c1_1299250785179343us.jpg 0.235139 0.180345 -0.672129 0.678549 334.447146 -55.922101 27.755901
slice6/query/img_02879_c1_1299250785245969us.jpg 0.234440 0.181195 -0.672085 0.678607 335.304440 -56.101855 27.802818
slice6/query/img_02880_c1_1299250785379349us.jpg 0.233375 0.182683 -0.672393 0.678271 337.012881 -56.478522 27.907911
slice6/query/img_02881_c1_1299250785445973us.jpg 0.233133 0.182855 -0.672582 0.678120 337.876694 -56.662704 27.947269
slice6/query/img_02882_c1_1299250785512594us.jpg 0.233191 0.182872 -0.672729 0.677949 338.734124 -56.846869 27.990355
slice6/query/img_02883_c1_1299250785579345us.jpg 0.233582 0.182442 -0.672802 0.677859 339.588974 -57.036767 28.029728
slice6/query/img_02884_c1_1299250785712621us.jpg 0.233702 0.182069 -0.673726 0.676999 341.323206 -57.416289 28.111415
slice6/query/img_02885_c1_1299250785779368us.jpg 0.233765 0.182305 -0.674352 0.676290 342.186408 -57.607995 28.155752
slice6/query/img_02886_c1_1299250785845971us.jpg 0.233818 0.182812 -0.674763 0.675724 343.043590 -57.801480 28.202262
slice6/query/img_02887_c1_1299250785912597us.jpg 0.234013 0.183106 -0.675045 0.675296 343.904343 -58.000522 28.249229
slice6/query/img_02888_c1_1299250786045999us.jpg 0.234555 0.182588 -0.675090 0.675203 345.635356 -58.367818 28.328359
slice6/query/img_02889_c1_1299250786112623us.jpg 0.234775 0.182412 -0.674781 0.675482 346.501455 -58.562821 28.363448
slice6/query/img_02890_c1_1299250786179371us.jpg 0.234581 0.182837 -0.674423 0.675793 347.362949 -58.736454 28.410401
slice6/query/img_02891_c1_1299250786245974us.jpg 0.234460 0.183176 -0.673942 0.676222 348.238749 -58.932566 28.452608
slice6/query/img_02892_c1_1299250786379352us.jpg 0.234088 0.183547 -0.673925 0.676268 349.999151 -59.301176 28.537139
slice6/query/img_02893_c1_1299250786446001us.jpg 0.233795 0.183713 -0.674620 0.675631 350.883319 -59.484312 28.584909
slice6/query/img_02894_c1_1299250786579378us.jpg 0.234286 0.183264 -0.676378 0.673823 352.645382 -59.875377 28.662156
slice6/query/img_02895_c1_1299250786646000us.jpg 0.235373 0.182333 -0.676837 0.673236 353.525519 -60.064892 28.697698
slice6/query/img_02896_c1_1299250786779361us.jpg 0.238386 0.179923 -0.676226 0.673438 355.279633 -60.460865 28.771170
slice6/query/img_02897_c1_1299250786979356us.jpg 0.237833 0.180388 -0.674699 0.675038 357.923176 -61.023835 28.917045
