slice6/database/img_01850_c1_1303398632313569us.jpg 0.384923 0.401570 0.586242 -0.588978 265.410288 78.575080 22.647371
slice6/database/img_01851_c1_1303398632448380us.jpg 0.385615 0.401677 0.585405 -0.589286 264.772267 77.106129 22.628731
slice6/database/img_01852_c1_1303398632513549us.jpg 0.385645 0.401750 0.585120 -0.589499 264.451701 76.375796 22.620648
slice6/database/img_01853_c1_1303398632580296us.jpg 0.384997 0.402490 0.585013 -0.589524 264.130736 75.645031 22.611730
slice6/database/img_01854_c1_1303398632646922us.jpg 0.384356 0.403290 0.585135 -0.589275 263.808315 74.915631 22.604550
slice6/database/img_01855_c1_1303398632780303us.jpg 0.383406 0.404075 0.585903 -0.588593 263.159345 73.450770 22.591033
slice6/database/img_01856_c1_1303398632846923us.jpg 0.383300 0.403710 0.586488 -0.588329 262.839433 72.721455 22.585910
slice6/database/img_01857_c1_1303398632980305us.jpg 0.383558 0.403693 0.586804 -0.587858 262.204093 71.262156 22.576919
slice6/database/img_01858_c1_1303398633180323us.jpg 0.384099 0.404447 0.585160 -0.588624 261.256390 69.079786 22.550863
slice6/database/img_01859_c1_1303398633313556us.jpg 0.384360 0.402946 0.586453 -0.588196 260.618028 67.632915 22.545278
slice6/database/img_01860_c1_1303398633380303us.jpg 0.384129 0.403298 0.586995 -0.587565 260.302107 66.912846 22.541384
slice6/database/img_01861_c1_1303398633446926us.jpg 0.383966 0.403897 0.587050 -0.587205 259.987833 66.197729 22.533628
slice6/database/img_01862_c1_1303398633580302us.jpg 0.384977 0.404049 0.586297 -0.587191 259.365281 64.765071 22.519364
slice6/database/img_01863_c1_1303398633713559us.jpg 0.386542 0.402502 0.585828 -0.587692 258.744502 63.342166 22.507663
slice6/database/img_01864_c1_1303398633780304us.jpg 0.386706 0.402406 0.585750 -0.587729 258.432305 62.635728 22.500709
slice6/database/img_01865_c1_1303398633846929us.jpg 0.386192 0.402891 0.585516 -0.587967 258.122062 61.934331 22.493149
slice6/database/img_01866_c1_1303398633980334us.jpg 0.385279 0.403876 0.585825 -0.587583 257.499035 60.530488 22.479314
slice6/database/img_01867_c1_1303398634047001us.jpg 0.385380 0.403498 0.586192 -0.587410 257.190932 59.829451 22.477480
slice6/database/img_01868_c1_1303398634113555us.jpg 0.385628 0.403102 0.586417 -0.587295 256.885606 59.131185 22.472049
slice6/database/img_01869_c1_1303398634180305us.jpg 0.385958 0.402988 0.586208 -0.587365 256.582097 58.436248 22.466823
slice6/database/img_01870_c1_1303398634313557us.jpg 0.386588 0.403032 0.585175 -0.587950 255.977631 57.047245 22.450309
slice6/database/img_01871_c1_1303398634380306us.jpg 0.386874 0.402892 0.584814 -0.588216 255.677731 56.359392 22.444895
slice6/database/img_01872_c1_1303398634446942us.jpg 0.386739 0.402757 0.584844 -0.588368 255.376209 55.675336 22.441773
slice6/database/img_01873_c1_1303398634580333us.jpg 0.385268 0.403666 0.585236 -0.588321 254.769600 54.307896 22.432954
slice6/database/img_01874_c1_1303398634646944us.jpg 0.384329 0.403894 0.585539 -0.588477 254.462474 53.628557 22.425417
slice6/database/img_01875_c1_1303398634713558us.jpg 0.383225 0.404192 0.585914 -0.588619 254.160459 52.952137 22.420096
slice6/database/img_01876_c1_1303398634846937us.jpg 0.381879 0.403893 0.587244 -0.588373 253.562867 51.596898 22.412457
slice6/database/img_01877_c1_1303398634913582us.jpg 0.381341 0.403676 0.587648 -0.588468 253.268941 50.920185 22.408227
slice6/database/img_01878_c1_1303398634980310us.jpg 0.381240 0.402983 0.587888 -0.588768 252.978737 50.245017 22.402078
slice6/database/img_01879_c1_1303398635046940us.jpg 0.381093 0.401976 0.587985 -0.589454 252.691353 49.574259 22.398220
slice6/database/img_01880_c1_1303398635180337us.jpg 0.380299 0.400646 0.588493 -0.590365 252.118431 48.232558 22.385516
slice6/database/img_01881_c1_1303398635246960us.jpg 0.379769 0.400174 0.588947 -0.590574 251.837069 47.564652 22.382604
slice6/database/img_01882_c1_1303398635313560us.jpg 0.379330 0.399893 0.589474 -0.590521 251.555241 46.895537 22.377608
slice6/database/img_01883_c1_1303398635446974us.jpg 0.378926 0.398810 0.590591 -0.590397 250.992607 45.561896 22.370118
slice6/database/img_01884_c1_1303398635513564us.jpg 0.378745 0.398565 0.590786 -0.590482 250.717532 44.899747 22.365298
slice6/database/img_01885_c1_1303398635580313us.jpg 0.378741 0.398038 0.591036 -0.590591 250.444017 44.238759 22.360249
slice6/database/img_01886_c1_1303398635713567us.jpg 0.378656 0.396949 0.591178 -0.591236 249.899235 42.924915 22.351015
slice6/database/img_01887_c1_1303398635780320us.jpg 0.378698 0.396912 0.591230 -0.591182 249.629382 42.269019 22.345645
slice6/database/img_01888_c1_1303398635846948us.jpg 0.378826 0.396796 0.591327 -0.591080 249.361381 41.616649 22.340277
slice6/database/img_01889_c1_1303398635913565us.jpg 0.378799 0.396818 0.591597 -0.590813 249.094282 40.968704 22.334450
slice6/database/img_01890_c1_1303398636046943us.jpg 0.379354 0.397478 0.591827 -0.589782 248.564652 39.680930 22.326196
slice6/database/img_01891_c1_1303398636113566us.jpg 0.379584 0.397641 0.592100 -0.589250 248.301454 39.041394 22.320983
slice6/database/img_01892_c1_1303398636180317us.jpg 0.380113 0.398361 0.592184 -0.588338 248.039230 38.406039 22.316041
slice6/database/img_01893_c1_1303398636313593us.jpg 0.380523 0.400580 0.592460 -0.586284 247.509804 37.146713 22.302619
slice6/database/img_01894_c1_1303398636380317us.jpg 0.380495 0.401703 0.592552 -0.585440 247.245508 36.523080 22.296118
slice6/database/img_01896_c1_1303398636513567us.jpg 0.380161 0.403784 0.591214 -0.585578 246.711968 35.292856 22.270125
slice6/database/img_01897_c1_1303398636646948us.jpg 0.379840 0.404534 0.586968 -0.589527 246.186625 34.080610 22.243694
slice6/database/img_01898_c1_1303398636713569us.jpg 0.380462 0.404002 0.585519 -0.590930 245.928526 33.478929 22.236871
slice6/database/img_01899_c1_1303398636780319us.jpg 0.381114 0.403703 0.585292 -0.590939 245.673350 32.881664 22.235388
slice6/database/img_01900_c1_1303398636913597us.jpg 0.384650 0.401792 0.588006 -0.587245 245.169752 31.678844 22.254438
slice6/database/img_01901_c1_1303398636980321us.jpg 0.386466 0.399989 0.589440 -0.585844 244.920672 31.087586 22.265849
slice6/database/img_01902_c1_1303398637046950us.jpg 0.387675 0.398896 0.590346 -0.584878 244.672419 30.503386 22.269079
slice6/database/img_01903_c1_1303398637113572us.jpg 0.387903 0.398752 0.590658 -0.584509 244.423084 29.930213 22.268382
slice6/database/img_01904_c1_1303398637246982us.jpg 0.386794 0.400362 0.589970 -0.584839 243.929061 28.802251 22.249746
slice6/database/img_01906_c1_1303398637380323us.jpg 0.385648 0.401345 0.588943 -0.585956 243.444503 27.703856 22.230239
slice6/database/img_01907_c1_1303398637513575us.jpg 0.385189 0.401590 0.588888 -0.586145 242.973641 26.632095 22.221844
slice6/database/img_01908_c1_1303398637646982us.jpg 0.385945 0.401020 0.589649 -0.585272 242.521253 25.581614 22.223633
slice6/database/img_01910_c1_1303398637780325us.jpg 0.386548 0.400287 0.589852 -0.585172 242.083012 24.561655 22.225364
slice6/database/img_01911_c1_1303398637913581us.jpg 0.386759 0.399862 0.589838 -0.585337 241.651888 23.568239 22.219866
slice6/database/img_01913_c1_1303398638046951us.jpg 0.386231 0.399882 0.589848 -0.585662 241.231989 22.609556 22.213117
slice6/database/img_01914_c1_1303398638113577us.jpg 0.385838 0.400245 0.589947 -0.585573 241.028102 22.143528 22.210877
slice6/database/img_01915_c1_1303398638246969us.jpg 0.385718 0.400279 0.590096 -0.585478 240.627766 21.225048 22.204853
slice6/database/img_01916_c1_1303398638313577us.jpg 0.385600 0.400184 0.590243 -0.585473 240.431758 20.778539 22.202332
slice6/database/img_01917_c1_1303398638380329us.jpg 0.385303 0.400292 0.590358 -0.585479 240.243554 20.342557 22.200769
slice6/database/img_01918_c1_1303398638513603us.jpg 0.385312 0.399774 0.590634 -0.585548 239.873909 19.489755 22.197363
slice6/database/img_01919_c1_1303398638580333us.jpg 0.385239 0.399494 0.590775 -0.585645 239.695061 19.077380 22.195690
slice6/database/img_01921_c1_1303398638780356us.jpg 0.385104 0.399345 0.590705 -0.585906 239.179983 17.879193 22.190398
slice6/database/img_01922_c1_1303398638846959us.jpg 0.385301 0.399208 0.590713 -0.585862 239.014674 17.497015 22.188848
slice6/database/img_01923_c1_1303398638913581us.jpg 0.385435 0.399197 0.590593 -0.585903 238.853358 17.122641 22.186942
slice6/database/img_01924_c1_1303398639046960us.jpg 0.386200 0.398503 0.590622 -0.585841 238.541630 16.393831 22.184183
slice6/database/img_01926_c1_1303398639180332us.jpg 0.386889 0.398279 0.590386 -0.585778 238.243374 15.700143 22.182569
slice6/database/img_01928_c1_1303398639380360us.jpg 0.387172 0.399119 0.590137 -0.585269 237.815109 14.719335 22.178059
slice6/database/img_01929_c1_1303398639446960us.jpg 0.387468 0.399435 0.589957 -0.585040 237.680399 14.407822 22.175309
slice6/database/img_01931_c1_1303398639646962us.jpg 0.388289 0.399474 0.589960 -0.584465 237.293785 13.520107 22.174183
slice6/database/img_01932_c1_1303398639713607us.jpg 0.388225 0.399952 0.589856 -0.584286 237.172161 13.242120 22.173440
slice6/database/img_01935_c1_1303398639980340us.jpg 0.388822 0.400771 0.589297 -0.583891 236.714805 12.192516 22.166948
slice6/database/img_01936_c1_1303398640046962us.jpg 0.388768 0.400988 0.589006 -0.584072 236.606382 11.951557 22.164885
slice6/database/img_01938_c1_1303398640246989us.jpg 0.388480 0.402337 0.588204 -0.584143 236.301023 11.264087 22.156546
slice6/database/img_01941_c1_1303398640513591us.jpg 0.389102 0.402252 0.587118 -0.584880 235.937424 10.427949 22.151578
slice6/database/img_01944_c1_1303398640780364us.jpg 0.388536 0.403265 0.587105 -0.584573 235.599657 9.676673 22.149470
slice6/database/img_01946_c1_1303398640913592us.jpg 0.388161 0.403536 0.586944 -0.584797 235.441968 9.332860 22.147921
slice6/database/img_01949_c1_1303398641180343us.jpg 0.388619 0.402970 0.586714 -0.585113 235.160798 8.696888 22.144111
slice6/database/img_01953_c1_1303398641580371us.jpg 0.387394 0.404158 0.586407 -0.585413 234.801077 7.893985 22.137896
slice6/database/img_01957_c1_1303398641913596us.jpg 0.387984 0.403368 0.586068 -0.585907 234.557302 7.334538 22.136854
slice6/database/img_01963_c1_1303398642447002us.jpg 0.387467 0.404368 0.585601 -0.586027 234.249791 6.644440 22.129784
slice6/database/img_01971_c1_1303398643113604us.jpg 0.386737 0.404391 0.586113 -0.585981 233.998458 6.084981 22.127115
slice6/database/img_02317_c1_1303398673980522us.jpg 0.386321 0.404445 0.582601 -0.589708 233.710534 5.453388 22.114241
slice6/database/img_02326_c1_1303398674780530us.jpg 0.386006 0.404960 0.581238 -0.590906 233.420132 4.799104 22.106389
slice6/database/img_02331_c1_1303398675180525us.jpg 0.384825 0.406432 0.580740 -0.591154 233.166388 4.241854 22.097721
slice6/database/img_02334_c1_1303398675513777us.jpg 0.385004 0.406122 0.580511 -0.591475 232.894542 3.625492 22.097131
slice6/database/img_02337_c1_1303398675780529us.jpg 0.385259 0.405865 0.580651 -0.591349 232.634495 3.037959 22.095124
slice6/database/img_02340_c1_1303398676047155us.jpg 0.385496 0.405857 0.580764 -0.591089 232.342564 2.377234 22.091269
slice6/database/img_02342_c1_1303398676247182us.jpg 0.385028 0.406265 0.581208 -0.590677 232.100954 1.840215 22.089799
slice6/database/img_02345_c1_1303398676513786us.jpg 0.384916 0.406362 0.581664 -0.590234 231.758216 1.070276 22.088265
slice6/database/img_02347_c1_1303398676781448us.jpg 0.385940 0.405912 0.581066 -0.590464 231.398630 0.242107 22.083604
slice6/database/img_02348_c1_1303398676847181us.jpg 0.385834 0.405955 0.580921 -0.590647 231.303679 0.029095 22.083056
slice6/database/img_02350_c1_1303398677047264us.jpg 0.384871 0.407050 0.580809 -0.590631 231.003805 -0.635588 22.077363
slice6/database/img_02353_c1_1303398677247162us.jpg 0.385139 0.406804 0.580922 -0.590516 230.693572 -1.341083 22.075828
slice6/database/img_02354_c1_1303398677380543us.jpg 0.385953 0.406125 0.581049 -0.590327 230.481250 -1.831182 22.077302
slice6/database/img_02357_c1_1303398677647188us.jpg 0.384680 0.407128 0.581699 -0.589826 230.023218 -2.848212 22.073833
slice6/database/img_02358_c1_1303398677713788us.jpg 0.384246 0.407582 0.581720 -0.589774 229.905301 -3.109081 22.071639
slice6/database/img_02360_c1_1303398677913790us.jpg 0.384245 0.406967 0.581880 -0.590041 229.547388 -3.919118 22.065761
slice6/database/img_02362_c1_1303398678113796us.jpg 0.383342 0.406089 0.582877 -0.590250 229.177270 -4.749508 22.064791
slice6/database/img_02363_c1_1303398678180542us.jpg 0.382096 0.406634 0.583233 -0.590331 229.050623 -5.026080 22.062087
slice6/database/img_02365_c1_1303398678380548us.jpg 0.378203 0.407767 0.583320 -0.591969 228.669459 -5.869019 22.048555
slice6/database/img_02366_c1_1303398678447167us.jpg 0.377532 0.406910 0.584514 -0.591808 228.542381 -6.156137 22.048969
slice6/database/img_02368_c1_1303398678647288us.jpg 0.376511 0.402828 0.589211 -0.590593 228.162996 -7.043667 22.055014
slice6/database/img_02370_c1_1303398678780546us.jpg 0.375059 0.400770 0.591704 -0.590424 227.910975 -7.640801 22.058765
slice6/database/img_02371_c1_1303398678913818us.jpg 0.371587 0.399719 0.593299 -0.591730 227.653475 -8.243106 22.052499
slice6/database/img_02373_c1_1303398679047172us.jpg 0.366625 0.397928 0.594793 -0.594526 227.391775 -8.851287 22.032140
slice6/database/img_02374_c1_1303398679180573us.jpg 0.362383 0.394084 0.597301 -0.597167 227.141674 -9.477563 22.016244
slice6/database/img_02376_c1_1303398679313797us.jpg 0.358641 0.388195 0.601804 -0.598759 226.898045 -10.125678 22.016272
slice6/database/img_02377_c1_1303398679447201us.jpg 0.352547 0.383101 0.607921 -0.599481 226.653088 -10.782919 22.013206
slice6/database/img_02379_c1_1303398679580548us.jpg 0.342441 0.379309 0.613778 -0.601776 226.408575 -11.445227 21.999134
slice6/database/img_02381_c1_1303398679780577us.jpg 0.325839 0.366762 0.620945 -0.611344 226.077894 -12.460702 21.974403
slice6/database/img_02382_c1_1303398679847175us.jpg 0.319441 0.361256 0.623180 -0.615709 225.975978 -12.804068 21.963021
slice6/database/img_02384_c1_1303398680047191us.jpg 0.296995 0.345386 0.632960 -0.625990 225.704134 -13.871159 21.934428
slice6/database/img_02386_c1_1303398680180552us.jpg 0.283110 0.331034 0.641766 -0.631191 225.558149 -14.613035 21.932436
slice6/database/img_02387_c1_1303398680313828us.jpg 0.267708 0.315779 0.651495 -0.635744 225.439217 -15.370862 21.931957
slice6/database/img_02389_c1_1303398680447179us.jpg 0.249901 0.300804 0.659952 -0.641506 225.352610 -16.134973 21.918196
slice6/database/img_02390_c1_1303398680580562us.jpg 0.230998 0.286042 0.666634 -0.648397 225.296277 -16.921166 21.895895
slice6/database/img_02392_c1_1303398680713805us.jpg 0.210581 0.271117 0.672823 -0.655332 225.281566 -17.713752 21.870033
slice6/database/img_02393_c1_1303398680847193us.jpg 0.191558 0.254515 0.676049 -0.664444 225.327242 -18.500924 21.850617
slice6/database/img_02394_c1_1303398680913810us.jpg 0.183282 0.243711 0.676922 -0.669918 225.370430 -18.899445 21.854770
slice6/database/img_02396_c1_1303398681047181us.jpg 0.164510 0.224600 0.678682 -0.679620 225.481972 -19.702375 21.860171
slice6/database/img_02397_c1_1303398681180557us.jpg 0.142591 0.212278 0.682682 -0.684508 225.628767 -20.502525 21.851540
slice6/database/img_02399_c1_1303398681380564us.jpg 0.117141 0.182133 0.689109 -0.691545 225.949894 -21.700211 21.896103
slice6/database/img_02401_c1_1303398681513809us.jpg 0.097489 0.163477 0.693541 -0.694818 226.216091 -22.501147 21.922649
slice6/database/img_02403_c1_1303398681713810us.jpg 0.063865 0.141315 0.699846 -0.697257 226.673862 -23.687205 21.942362
slice6/database/img_02405_c1_1303398681847186us.jpg 0.043480 0.122194 0.703172 -0.699090 227.040959 -24.464078 21.976451
slice6/database/img_02406_c1_1303398681980586us.jpg 0.025827 0.102489 0.704879 -0.701409 227.467260 -25.212595 22.018087
slice6/database/img_02408_c1_1303398682113812us.jpg 0.008543 0.082201 0.706142 -0.703230 227.929827 -25.957939 22.059476
slice6/database/img_02409_c1_1303398682180563us.jpg 0.000018 -0.072184 -0.706543 0.703979 228.180031 -26.315651 22.081245
slice6/database/img_02410_c1_1303398682313815us.jpg 0.015644 -0.052640 -0.707922 0.704153 228.714800 -27.012005 22.126012
slice6/database/img_02412_c1_1303398682447193us.jpg 0.032513 -0.034759 -0.709945 0.702647 229.276841 -27.690504 22.167498
slice6/database/img_02413_c1_1303398682580569us.jpg 0.048771 -0.018382 -0.710957 0.701301 229.880270 -28.338689 22.205838
slice6/database/img_02414_c1_1303398682647192us.jpg 0.056626 -0.010230 -0.710639 0.701200 230.194057 -28.649873 22.225828
slice6/database/img_02415_c1_1303398682780588us.jpg 0.072731 0.006733 -0.709410 0.701001 230.846611 -29.262050 22.261259
slice6/database/img_02416_c1_1303398682847199us.jpg 0.081026 0.014447 -0.709478 0.699905 231.181526 -29.559373 22.276611
slice6/database/img_02418_c1_1303398683047207us.jpg 0.104084 0.038090 -0.709159 0.696282 232.242837 -30.416776 22.335920
slice6/database/img_02420_c1_1303398683180568us.jpg 0.119463 0.053878 -0.707830 0.694120 232.990757 -30.942702 22.376930
slice6/database/img_02422_c1_1303398683380572us.jpg 0.141946 0.077273 -0.704029 0.691537 234.172041 -31.678848 22.439740
slice6/database/img_02424_c1_1303398683513821us.jpg 0.156429 0.092715 -0.700541 0.690055 235.002827 -32.126243 22.479768
slice6/database/img_02425_c1_1303398683580571us.jpg 0.163552 0.099729 -0.699049 0.688938 235.424684 -32.342754 22.500067
slice6/database/img_02426_c1_1303398683713825us.jpg 0.177844 0.113234 -0.695444 0.686955 236.299847 -32.751208 22.541228
slice6/database/img_02427_c1_1303398683780572us.jpg 0.184929 0.119559 -0.693732 0.685743 236.741397 -32.945846 22.563252
slice6/database/img_02429_c1_1303398683980577us.jpg 0.203101 0.138117 -0.688800 0.682076 238.134582 -33.479623 22.637417
slice6/database/img_02430_c1_1303398684047223us.jpg 0.208581 0.144018 -0.686585 0.681435 238.606495 -33.640932 22.666728
slice6/database/img_02432_c1_1303398684180575us.jpg 0.218596 0.152671 -0.683573 0.679438 239.579390 -33.945146 22.717846
slice6/database/img_02433_c1_1303398684313851us.jpg 0.226151 0.159482 -0.680395 0.678590 240.562264 -34.219522 22.774686
slice6/database/img_02434_c1_1303398684380598us.jpg 0.228932 0.163189 -0.678787 0.678386 241.055866 -34.349467 22.807266
slice6/database/img_02435_c1_1303398684447200us.jpg 0.231260 0.166569 -0.677893 0.677668 241.562968 -34.477591 22.838810
slice6/database/img_02436_c1_1303398684513826us.jpg 0.233181 0.169843 -0.677421 0.676669 242.075515 -34.602220 22.871973
slice6/database/img_02438_c1_1303398684713852us.jpg 0.237186 0.177603 -0.676349 0.674353 243.636657 -34.951720 22.971272
slice6/database/img_02439_c1_1303398684780577us.jpg 0.237720 0.178814 -0.676285 0.673909 244.160606 -35.062268 23.001819
slice6/database/img_02440_c1_1303398684847202us.jpg 0.237803 0.179773 -0.675881 0.674030 244.688898 -35.168677 23.030927
slice6/database/img_02442_c1_1303398685047204us.jpg 0.237632 0.180432 -0.673490 0.676304 246.291449 -35.484521 23.115091
slice6/database/img_02443_c1_1303398685113828us.jpg 0.237554 0.179943 -0.673140 0.676809 246.823683 -35.587525 23.144433
slice6/database/img_02445_c1_1303398685247204us.jpg 0.237723 0.178758 -0.672948 0.677255 247.909818 -35.809553 23.195978
slice6/database/img_02446_c1_1303398685380585us.jpg 0.236935 0.178232 -0.673904 0.676719 249.018963 -36.039856 23.254905
slice6/database/img_02447_c1_1303398685447205us.jpg 0.236474 0.178171 -0.674173 0.676629 249.572618 -36.158955 23.286759
slice6/database/img_02448_c1_1303398685513830us.jpg 0.236089 0.178130 -0.674305 0.676642 250.123996 -36.273986 23.319013
slice6/database/img_02449_c1_1303398685647211us.jpg 0.234974 0.177274 -0.674106 0.677453 251.261661 -36.504503 23.381262
slice6/database/img_02450_c1_1303398685713832us.jpg 0.234615 0.176869 -0.673718 0.678069 251.831701 -36.624653 23.411730
slice6/database/img_02451_c1_1303398685780582us.jpg 0.234057 0.176648 -0.673520 0.678516 252.403745 -36.742544 23.440493
slice6/database/img_02452_c1_1303398685913835us.jpg 0.232986 0.176268 -0.673876 0.678630 253.554382 -36.992580 23.501857
slice6/database/img_02454_c1_1303398686113837us.jpg 0.232377 0.174950 -0.675437 0.677627 255.311277 -37.368878 23.595443
slice6/database/img_02455_c1_1303398686180584us.jpg 0.232469 0.174313 -0.676262 0.676937 255.899865 -37.500623 23.625716
slice6/database/img_02456_c1_1303398686247209us.jpg 0.232527 0.174114 -0.676663 0.676567 256.487886 -37.631628 23.655315
slice6/database/img_02457_c1_1303398686313835us.jpg 0.232766 0.174086 -0.676644 0.676511 257.083635 -37.765035 23.685226
slice6/database/img_02458_c1_1303398686447213us.jpg 0.232865 0.174496 -0.676430 0.676585 258.289197 -38.034159 23.748086
slice6/database/img_02460_c1_1303398686580586us.jpg 0.232497 0.174491 -0.676476 0.676667 259.508964 -38.298426 23.815185
slice6/database/img_02461_c1_1303398686713864us.jpg 0.232275 0.174949 -0.675295 0.677803 260.742334 -38.566971 23.882922
slice6/database/img_02462_c1_1303398686780611us.jpg 0.232266 0.175163 -0.674723 0.678321 261.362367 -38.704593 23.914741
slice6/database/img_02463_c1_1303398686847213us.jpg 0.232208 0.175409 -0.674497 0.678502 261.983068 -38.842494 23.946797
slice6/database/img_02464_c1_1303398686913839us.jpg 0.232089 0.175905 -0.674289 0.678621 262.608009 -38.980087 23.979312
slice6/database/img_02465_c1_1303398687047239us.jpg 0.232138 0.176328 -0.673990 0.678791 263.866376 -39.256720 24.047726
slice6/database/img_02466_c1_1303398687113839us.jpg 0.232286 0.176286 -0.673807 0.678933 264.500085 -39.393360 24.083214
slice6/database/img_02467_c1_1303398687180589us.jpg 0.232511 0.176074 -0.673447 0.679268 265.137333 -39.531702 24.118239
slice6/database/img_02468_c1_1303398687247215us.jpg 0.232815 0.175549 -0.673321 0.679425 265.777587 -39.671306 24.150425
slice6/database/img_02469_c1_1303398687380617us.jpg 0.232848 0.175717 -0.673236 0.679455 267.059618 -39.951650 24.221295
slice6/database/img_02470_c1_1303398687447217us.jpg 0.232886 0.175878 -0.673136 0.679499 267.709430 -40.093806 24.259978
slice6/database/img_02471_c1_1303398687513841us.jpg 0.233001 0.175569 -0.673277 0.679400 268.360795 -40.239792 24.297706
slice6/database/img_02472_c1_1303398687580591us.jpg 0.233347 0.174841 -0.673487 0.679261 269.011230 -40.382853 24.333311
slice6/database/img_02473_c1_1303398687713847us.jpg 0.233853 0.172968 -0.674077 0.678981 270.327647 -40.672343 24.404086
slice6/database/img_02474_c1_1303398687780594us.jpg 0.233739 0.172649 -0.674305 0.678875 270.991060 -40.817557 24.442239
slice6/database/img_02475_c1_1303398687847218us.jpg 0.233280 0.173101 -0.674287 0.678935 271.656250 -40.966102 24.485340
slice6/database/img_02476_c1_1303398687913844us.jpg 0.232797 0.173556 -0.674413 0.678860 272.326260 -41.116334 24.528178
slice6/database/img_02477_c1_1303398688047245us.jpg 0.231427 0.174434 -0.675321 0.678201 273.670883 -41.424434 24.609575
slice6/database/img_02478_c1_1303398688113867us.jpg 0.230595 0.174236 -0.676030 0.677829 274.350867 -41.574270 24.646087
slice6/database/img_02479_c1_1303398688180595us.jpg 0.230201 0.173302 -0.676754 0.677479 275.029828 -41.727488 24.680275
slice6/database/img_02480_c1_1303398688247219us.jpg 0.229819 0.172938 -0.677416 0.677040 275.709580 -41.884638 24.715270
slice6/database/img_02481_c1_1303398688380600us.jpg 0.230766 0.171479 -0.678000 0.676504 277.083748 -42.209208 24.780339
slice6/database/img_02482_c1_1303398688447244us.jpg 0.231630 0.170388 -0.678609 0.675874 277.771676 -42.371161 24.808228
slice6/database/img_02483_c1_1303398688580601us.jpg 0.232148 0.169244 -0.679840 0.674745 279.161583 -42.697749 24.873741
slice6/database/img_02484_c1_1303398688647232us.jpg 0.231880 0.169198 -0.679957 0.674732 279.858853 -42.859906 24.910628
slice6/database/img_02485_c1_1303398688713847us.jpg 0.231201 0.169161 -0.679548 0.675385 280.558411 -43.019237 24.948236
slice6/database/img_02486_c1_1303398688847474us.jpg 0.229830 0.168523 -0.678399 0.677165 281.967928 -43.334881 25.027446
slice6/database/img_02487_c1_1303398688913858us.jpg 0.229147 0.168966 -0.677444 0.678242 282.676302 -43.494872 25.066268
slice6/database/img_02488_c1_1303398688980599us.jpg 0.228553 0.169380 -0.676834 0.678947 283.388021 -43.660784 25.106373
slice6/database/img_02489_c1_1303398689047225us.jpg 0.228073 0.169661 -0.676977 0.678896 284.101418 -43.833186 25.144965
slice6/database/img_02490_c1_1303398689180602us.jpg 0.227474 0.168927 -0.677937 0.678321 285.533247 -44.171116 25.223012
slice6/database/img_02491_c1_1303398689247241us.jpg 0.226973 0.168830 -0.678074 0.678376 286.251211 -44.343835 25.261415
slice6/database/img_02492_c1_1303398689313851us.jpg 0.226477 0.168710 -0.677799 0.678848 286.969032 -44.514100 25.299408
slice6/database/img_02493_c1_1303398689380602us.jpg 0.226246 0.168267 -0.677490 0.679342 287.688841 -44.688576 25.337476
slice6/database/img_02494_c1_1303398689514225us.jpg 0.225529 0.167781 -0.677575 0.679617 289.138299 -45.036937 25.415147
slice6/database/img_02495_c1_1303398689580603us.jpg 0.224999 0.168056 -0.677953 0.679347 289.868355 -45.215912 25.455330
slice6/database/img_02496_c1_1303398689647228us.jpg 0.224701 0.168192 -0.678425 0.678941 290.599371 -45.396109 25.494862
slice6/database/img_02497_c1_1303398689713853us.jpg 0.224702 0.167721 -0.678827 0.678655 291.334053 -45.576481 25.532504
slice6/database/img_02498_c1_1303398689780604us.jpg 0.224912 0.167045 -0.679132 0.678447 292.066293 -45.759005 25.566397
slice6/database/img_02499_c1_1303398689913880us.jpg 0.224627 0.166887 -0.679418 0.678294 293.547230 -46.120332 25.643767
slice6/database/img_02500_c1_1303398689980609us.jpg 0.224293 0.167035 -0.679214 0.678572 294.296686 -46.306099 25.682000
slice6/database/img_02501_c1_1303398690047230us.jpg 0.223803 0.167145 -0.679001 0.678920 295.044558 -46.483951 25.718461
slice6/database/img_02502_c1_1303398690113855us.jpg 0.223609 0.167024 -0.678794 0.679220 295.792531 -46.665612 25.754338
slice6/database/img_02503_c1_1303398690247238us.jpg 0.223273 0.166870 -0.678254 0.679908 297.295955 -47.027830 25.831771
slice6/database/img_02504_c1_1303398690313859us.jpg 0.223319 0.166952 -0.677981 0.680145 298.049757 -47.213789 25.869001
slice6/database/img_02505_c1_1303398690380608us.jpg 0.223446 0.166800 -0.678186 0.679936 298.806363 -47.400925 25.906420
slice6/database/img_02506_c1_1303398690447231us.jpg 0.223582 0.166930 -0.678836 0.679211 299.564483 -47.592748 25.943314
slice6/database/img_02507_c1_1303398690580632us.jpg 0.224734 0.166597 -0.679981 0.677766 301.093577 -47.978493 26.016928
slice6/database/img_02508_c1_1303398690647233us.jpg 0.225393 0.166670 -0.679818 0.677692 301.864093 -48.170464 26.051049
slice6/database/img_02509_c1_1303398690780633us.jpg 0.226308 0.167800 -0.679685 0.677241 303.422059 -48.561700 26.129048
slice6/database/img_02510_c1_1303398690847248us.jpg 0.226498 0.168240 -0.679725 0.677029 304.205366 -48.752143 26.166891
slice6/database/img_02511_c1_1303398690913860us.jpg 0.226894 0.168331 -0.679550 0.677049 304.989281 -48.941031 26.205142
slice6/database/img_02512_c1_1303398690980609us.jpg 0.227665 0.168255 -0.678793 0.677568 305.775071 -49.125392 26.244398
slice6/database/img_02513_c1_1303398691113864us.jpg 0.229181 0.168791 -0.676452 0.679263 307.354380 -49.498341 26.322913
slice6/database/img_02514_c1_1303398691180611us.jpg 0.229158 0.169891 -0.676019 0.679427 308.150334 -49.686974 26.369619
slice6/database/img_02515_c1_1303398691247236us.jpg 0.228795 0.171027 -0.676181 0.679104 308.949843 -49.877518 26.415146
slice6/database/img_02516_c1_1303398691380614us.jpg 0.228254 0.173006 -0.676416 0.678551 310.558678 -50.246528 26.508162
slice6/database/img_02517_c1_1303398691447256us.jpg 0.228347 0.173606 -0.676132 0.678649 311.358678 -50.432994 26.549892
slice6/database/img_02518_c1_1303398691513863us.jpg 0.229089 0.173617 -0.675662 0.678864 312.157713 -50.620489 26.587601
slice6/database/img_02519_c1_1303398691580613us.jpg 0.229847 0.173786 -0.675013 0.679209 312.958745 -50.807060 26.629368
slice6/database/img_02520_c1_1303398691713868us.jpg 0.230848 0.173889 -0.674885 0.678971 314.570996 -51.172609 26.715083
slice6/database/img_02521_c1_1303398691780615us.jpg 0.230534 0.174474 -0.675743 0.678074 315.387443 -51.358333 26.760196
slice6/database/img_02522_c1_1303398691847240us.jpg 0.230359 0.174861 -0.676660 0.677119 316.202917 -51.541632 26.804040
slice6/database/img_02523_c1_1303398691913865us.jpg 0.230532 0.175053 -0.677079 0.676591 317.016701 -51.723421 26.845337
slice6/database/img_02524_c1_1303398692047246us.jpg 0.231182 0.175116 -0.677016 0.676416 318.661416 -52.093319 26.924477
slice6/database/img_02525_c1_1303398692113890us.jpg 0.231201 0.175331 -0.676907 0.676462 319.488299 -52.276510 26.964980
slice6/database/img_02526_c1_1303398692180617us.jpg 0.231518 0.175139 -0.676768 0.676543 320.308101 -52.460468 27.000837
slice6/database/img_02527_c1_1303398692247242us.jpg 0.231823 0.174637 -0.676663 0.676674 321.136366 -52.639171 27.040989
slice6/database/img_02528_c1_1303398692380621us.jpg 0.232678 0.173709 -0.676184 0.677098 322.796728 -53.006057 27.124643
slice6/database/img_02529_c1_1303398692447257us.jpg 0.232520 0.173897 -0.675964 0.677323 323.633918 -53.191429 27.168305
slice6/database/img_02530_c1_1303398692513869us.jpg 0.232239 0.174211 -0.676176 0.677127 324.465725 -53.374747 27.214153
slice6/database/img_02531_c1_1303398692580619us.jpg 0.231736 0.174699 -0.676803 0.676547 325.302687 -53.561414 27.262568
slice6/database/img_02532_c1_1303398692713872us.jpg 0.231772 0.174543 -0.677245 0.676133 326.990808 -53.943412 27.351271
slice6/database/img_02533_c1_1303398692780643us.jpg 0.231979 0.174133 -0.676938 0.676475 327.832033 -54.130443 27.389193
slice6/database/img_02534_c1_1303398692847245us.jpg 0.232247 0.173766 -0.676525 0.676890 328.673162 -54.319503 27.433041
slice6/database/img_02535_c1_1303398692913870us.jpg 0.232145 0.173481 -0.676100 0.677423 329.515338 -54.506294 27.476916
slice6/database/img_02536_c1_1303398693047252us.jpg 0.231193 0.174645 -0.674670 0.678873 331.216863 -54.885557 27.579158
slice6/database/img_02537_c1_1303398693113872us.jpg 0.230747 0.174966 -0.673997 0.679611 332.073250 -55.072569 27.627082
slice6/database/img_02538_c1_1303398693180621us.jpg 0.230661 0.174805 -0.673506 0.680168 332.926226 -55.261833 27.674671
slice6/database/img_02539_c1_1303398693247248us.jpg 0.230525 0.174661 -0.673205 0.680549 333.780759 -55.453594 27.721253
slice6/database/img_02540_c1_1303398693380628us.jpg 0.229194 0.175847 -0.673124 0.680773 335.499883 -55.840039 27.819937
slice6/database/img_02541_c1_1303398693447250us.jpg 0.228317 0.176515 -0.673509 0.680514 336.361822 -56.031505 27.872279
slice6/database/img_02542_c1_1303398693513874us.jpg 0.227842 0.176757 -0.673875 0.680249 337.222759 -56.224617 27.918122
slice6/database/img_02543_c1_1303398693647255us.jpg 0.227807 0.176063 -0.674680 0.679641 338.937976 -56.619819 28.000272
slice6/database/img_02544_c1_1303398693713880us.jpg 0.228098 0.175510 -0.674901 0.679467 339.802146 -56.818102 28.039373
slice6/database/img_02545_c1_1303398693780625us.jpg 0.228261 0.174952 -0.675300 0.679160 340.670989 -57.018039 28.077825
slice6/database/img_02546_c1_1303398693847252us.jpg 0.228241 0.174935 -0.675788 0.678686 341.531941 -57.225399 28.122696
slice6/database/img_02547_c1_1303398693980631us.jpg 0.228157 0.174922 -0.676530 0.677978 343.265846 -57.626959 28.207569
slice6/database/img_02548_c1_1303398694047253us.jpg 0.227914 0.175050 -0.676661 0.677895 344.141569 -57.827710 28.249833
slice6/database/img_02549_c1_1303398694113877us.jpg 0.228072 0.174638 -0.676657 0.677953 345.014692 -58.024953 28.290541
slice6/database/img_02550_c1_1303398694247275us.jpg 0.227958 0.174461 -0.676159 0.678534 346.764979 -58.424470 28.374023
slice6/database/img_02551_c1_1303398694313902us.jpg 0.227513 0.174782 -0.675872 0.678886 347.640641 -58.617220 28.419584
slice6/database/img_02552_c1_1303398694380627us.jpg 0.227603 0.174795 -0.675667 0.679056 348.515263 -58.816336 28.463250
slice6/database/img_02553_c1_1303398694447254us.jpg 0.227783 0.174696 -0.675652 0.679037 349.385557 -59.014828 28.505909
slice6/database/img_02554_c1_1303398694580632us.jpg 0.227888 0.175112 -0.677204 0.677346 351.145822 -59.421018 28.594004
slice6/database/img_02555_c1_1303398694647255us.jpg 0.228335 0.175106 -0.678348 0.676052 352.023790 -59.625736 28.633571
slice6/database/img_02556_c1_1303398694713881us.jpg 0.229383 0.174762 -0.679299 0.674830 352.904945 -59.828177 28.672104
slice6/database/img_02557_c1_1303398694847276us.jpg 0.233108 0.173008 -0.679135 0.674170 354.655489 -60.233105 28.739708
slice6/database/img_02558_c1_1303398694913882us.jpg 0.234713 0.172212 -0.678669 0.674286 355.537003 -60.435056 28.780524
slice6/database/img_02559_c1_1303398694980631us.jpg 0.235246 0.172134 -0.678147 0.674645 356.423334 -60.632270 28.825060
slice6/database/img_02560_c1_1303398695047258us.jpg 0.235219 0.172838 -0.677492 0.675133 357.308253 -60.830293 28.876740
