1.161266916530582366e-02 1.057480124580047545e-02 4.105227233372370915e-02 4.026083308792015314e-02 3.995511750139827539e-02 4.190082751261541699e-02
1.059072351404148800e-02 1.118756455180716994e-02 3.747534735724993710e-02 3.608196911941992380e-02 3.816441875450535259e-02 4.081514252104699592e-02
1.099722331242988793e-02 9.865054348999695299e-03 4.475372237696628730e-02 4.570843827848278945e-02 3.492606005255025764e-02 3.592658615828665802e-02
9.640678539199296071e-03 1.097018843166479643e-02 3.725016799378116916e-02 3.576695165381491709e-02 3.478713434624178952e-02 3.680559013059969686e-02
1.139843268620531307e-02 1.156176166403406931e-02 4.839249025999717985e-02 4.946289371623393410e-02 4.293439970926684474e-02 4.445987911330995940e-02
1.087300251041398678e-02 1.033082908122399425e-02 4.078351999474650463e-02 1.676411706134314089e-02 5.092641987135887449e-02 5.043259967588738929e-02
1.071753681138561815e-02 1.005558499485550289e-02 4.405784554220654875e-02 4.440687131349109473e-02 3.497867993367512890e-02 3.520414442248290948e-02
1.025697494107000521e-02 9.959364350545063527e-03 4.087341149861270506e-02 4.076292789851419102e-02 3.228200376535200061e-02 3.402912471637879743e-02
9.961832168487620015e-03 9.990683106597054303e-03 3.906183442566049657e-02 4.016117848560137038e-02 1.256793652997901557e-02 4.190481132108880846e-02
9.919814634990396091e-03 1.028801527418647839e-02 4.575696738528447355e-02 4.514633306533903656e-02 3.455781112622230422e-02 3.555577653316741721e-02
