4.843750000000000139e-02 3.410852713178294526e-02 4.497991967871485530e-02 4.618473895582329847e-02 3.467741935483871496e-02 4.032258064516129614e-02
3.740458015267176389e-02 4.370370370370370294e-02 4.372294372294371900e-02 4.415584415584415667e-02 3.982683982683982854e-02 4.632034632034632421e-02
3.999999999999999389e-02 2.974683544303797708e-02 4.571428571428570731e-02 4.285714285714285754e-02 4.291497975708501167e-02 4.372469635627530132e-02
2.835820895522387849e-02 3.576642335766423014e-02 5.045454545454546025e-02 4.454545454545454086e-02 4.255319148936170109e-02 4.468085106382978233e-02
4.297520661157025468e-02 4.112903225806451013e-02 4.640883977900552015e-02 5.138121546961325892e-02 4.484304932735425769e-02 4.349775784753363156e-02
3.949579831932772955e-02 3.278688524590163411e-02 4.187192118226601423e-02 5.000000000000000278e-02 4.028436018957345238e-02 4.360189573459714862e-02
3.839999999999999664e-02 3.565891472868217005e-02 5.104166666666666574e-02 4.635416666666666158e-02 4.861660079051383088e-02 4.189723320158102865e-02
3.357142857142857151e-02 3.472222222222222376e-02 4.947368421052631554e-02 4.210526315789473589e-02 3.706563706563706373e-02 4.555984555984556039e-02
3.517241379310344362e-02 3.825503355704697878e-02 3.930348258706467535e-02 4.029850746268655998e-02 4.698795180722891568e-02 4.306220095693779476e-02
3.308823529411765441e-02 3.857142857142856901e-02 4.866310160427807230e-02 4.545454545454544887e-02 3.643410852713178244e-02 3.992248062015503474e-02
