3.140625000000000222e-01 3.069767441860465351e-01 3.457831325301204961e-01 3.714859437751004134e-01 3.298387096774193505e-01 3.294354838709677713e-01
3.236641221374045863e-01 3.185185185185185341e-01 3.779220779220779369e-01 3.554112554112554001e-01 3.515151515151515582e-01 3.662337662337662447e-01
3.341935483870967505e-01 3.227848101265823333e-01 3.702857142857142736e-01 3.685714285714286054e-01 3.668016194331984448e-01 3.627530364372469895e-01
2.955223880597014352e-01 3.021897810218978075e-01 3.631818181818181612e-01 3.622727272727272463e-01 3.472340425531914021e-01 3.787234042553191959e-01
3.479338842975207013e-01 3.435483870967742104e-01 3.651933701657458786e-01 3.955801104972375137e-01 3.708520179372197245e-01 3.668161434977578184e-01
3.470588235294117530e-01 3.352459016393442570e-01 3.788177339901477869e-01 4.090909090909091717e-01 3.535545023696681777e-01 3.578199052132701175e-01
3.231999999999999873e-01 3.372093023255814392e-01 3.749999999999999445e-01 3.723958333333333703e-01 3.577075098814229692e-01 3.588932806324111047e-01
2.992857142857142660e-01 3.194444444444444198e-01 3.694736842105262875e-01 3.810526315789473650e-01 3.691119691119691404e-01 3.768339768339767915e-01
3.131034482758621174e-01 3.174496644295302095e-01 3.771144278606965439e-01 3.865671641791045277e-01 4.036144578313253239e-01 3.612440191387559785e-01
3.088235294117646634e-01 3.214285714285713969e-01 3.909090909090909838e-01 3.887700534759358506e-01 3.596899224806202056e-01 3.658914728682171047e-01
