5.406250000000000222e-01 5.108527131782946151e-01 6.084337349397590522e-01 6.076305220883534419e-01 5.536290322580644796e-01 5.536290322580643686e-01
5.213740458015267976e-01 5.377777777777776880e-01 6.216450216450216670e-01 5.926406926406925235e-01 5.904761904761904878e-01 6.025974025974025761e-01
5.464516129032257474e-01 5.303797468354429778e-01 6.182857142857142163e-01 6.217142857142857748e-01 5.955465587044533882e-01 5.935222672064778271e-01
5.246268656716418510e-01 5.503649635036496068e-01 6.127272727272725650e-01 6.186363636363636509e-01 5.634042553191489500e-01 6.029787234042554012e-01
5.603305785123967597e-01 5.685483870967742437e-01 6.193370165745856193e-01 6.348066298342540659e-01 6.053811659192824823e-01 5.950672645739910616e-01
5.546218487394957153e-01 5.393442622950819221e-01 6.256157635467981537e-01 6.363636363636364646e-01 5.905213270142180004e-01 5.919431279620852582e-01
5.584000000000000075e-01 5.635658914728682856e-01 6.171875000000000000e-01 6.218749999999999556e-01 5.948616600790512798e-01 5.909090909090910504e-01
5.378571428571428115e-01 5.111111111111110716e-01 6.099999999999999867e-01 6.221052631578948278e-01 6.084942084942085438e-01 6.177606177606176363e-01
5.393103448275862188e-01 5.583892617449665030e-01 6.154228855721392000e-01 6.258706467661692141e-01 6.614457831325301074e-01 6.009569377990431338e-01
5.345588235294117530e-01 5.285714285714285809e-01 6.251336898395722930e-01 6.165775401069518713e-01 6.023255813953489746e-01 6.011627906976745317e-01
