1.718750000000000000e-01 1.674418604651162767e-01 1.855421686746988041e-01 1.971887550200803196e-01 1.737903225806451402e-01 1.826612903225806328e-01
1.748091603053434917e-01 1.777777777777777846e-01 2.051948051948052076e-01 1.948051948051947868e-01 1.887445887445887704e-01 2.112554112554112518e-01
1.883870967741935465e-01 1.702531645569620167e-01 1.937142857142857000e-01 1.971428571428571197e-01 2.174089068825910687e-01 2.089068825910931348e-01
1.604477611940298698e-01 1.649635036496350238e-01 1.936363636363636620e-01 1.954545454545454641e-01 1.893617021276595702e-01 2.127659574468085124e-01
1.859504132231404872e-01 1.967741935483871274e-01 1.944751381215469865e-01 2.265193370165745623e-01 2.008968609865470489e-01 2.094170403587443940e-01
1.882352941176470285e-01 1.893442622950819720e-01 1.995073891625615548e-01 2.272727272727272929e-01 1.957345971563980991e-01 1.990521327014218023e-01
1.743999999999999995e-01 1.744186046511627952e-01 2.119791666666666630e-01 2.005208333333333426e-01 2.003952569169960563e-01 1.833992094861660038e-01
1.642857142857142849e-01 1.770833333333333148e-01 2.031578947368420651e-01 2.042105263157894535e-01 2.042471042471042664e-01 2.034749034749034902e-01
1.724137931034482596e-01 1.765100671140939492e-01 2.074626865671641840e-01 2.149253731343283569e-01 2.012048192771083988e-01 2.047846889952153193e-01
1.632352941176470895e-01 1.685714285714285388e-01 2.106951871657753994e-01 2.187165775401069823e-01 2.003875968992248069e-01 2.054263565891472909e-01
