slice8/query/img_04775_c0_1283348173480844us.jpg 0.593586 0.568102 -0.414825 0.390942 571.768816 -110.956286 28.798554
slice8/query/img_04776_c0_1283348173614197us.jpg 0.591237 0.566410 -0.417014 0.394611 572.647364 -111.372941 28.764404
slice8/query/img_04777_c0_1283348173680808us.jpg 0.589003 0.566725 -0.418475 0.395951 573.129002 -111.586033 28.744161
slice8/query/img_04778_c0_1283348173747545us.jpg 0.587345 0.565993 -0.419753 0.398101 573.597064 -111.782424 28.715957
slice8/query/img_04780_c0_1283348173947514us.jpg 0.589666 0.554463 -0.423343 0.406996 574.966805 -112.414265 28.653973
slice8/query/img_04781_c0_1283348174014124us.jpg 0.588784 0.552279 -0.424170 0.410368 575.421997 -112.632040 28.635006
slice8/query/img_04783_c0_1283348174147478us.jpg 0.584403 0.551910 -0.426726 0.414455 576.345251 -113.079889 28.590497
slice8/query/img_04784_c0_1283348174280708us.jpg 0.580111 0.549488 -0.433636 0.416526 577.282490 -113.544682 28.570178
slice8/query/img_04786_c0_1283348174414056us.jpg 0.574970 0.547204 -0.439718 0.420268 578.220448 -114.025835 28.545238
slice8/query/img_04787_c0_1283348174480677us.jpg 0.572447 0.545756 -0.442039 0.423151 578.684941 -114.273203 28.529117
slice8/query/img_04788_c0_1283348174614042us.jpg 0.568863 0.540803 -0.445892 0.430240 579.608831 -114.790094 28.494195
slice8/query/img_04789_c0_1283348174680634us.jpg 0.567534 0.537621 -0.447784 0.434003 580.065239 -115.058504 28.478205
slice8/query/img_04790_c0_1283348174747372us.jpg 0.566215 0.534817 -0.449420 0.437485 580.518916 -115.333962 28.461855
slice8/query/img_04791_c0_1283348174813985us.jpg 0.564574 0.532245 -0.451958 0.440120 580.972221 -115.615469 28.448643
slice8/query/img_04793_c0_1283348175013975us.jpg 0.556594 0.527065 -0.462715 0.445308 582.356956 -116.487677 28.422921
slice8/query/img_04794_c0_1283348175080563us.jpg 0.553066 0.525718 -0.466267 0.447587 582.818473 -116.785999 28.413123
slice8/query/img_04796_c0_1283348175280544us.jpg 0.541189 0.521015 -0.471343 0.462053 584.193409 -117.694030 28.346348
slice8/query/img_04797_c0_1283348175413897us.jpg 0.534494 0.516556 -0.474777 0.471247 585.108195 -118.349299 28.304693
slice8/query/img_04799_c0_1283348175547231us.jpg 0.529919 0.510980 -0.479734 0.477431 586.014140 -119.052591 28.286398
slice8/query/img_04800_c0_1283348175680461us.jpg 0.526362 0.504159 -0.485430 0.482830 586.919993 -119.801916 28.279957
slice8/query/img_04801_c0_1283348175747215us.jpg 0.523976 0.501128 -0.488453 0.485523 587.368276 -120.183869 28.273445
slice8/query/img_04802_c0_1283348175813808us.jpg 0.521183 0.498492 -0.491589 0.488071 587.809457 -120.569779 28.264892
slice8/query/img_04804_c0_1283348176013781us.jpg 0.510288 0.493866 -0.499976 0.495708 589.133591 -121.760980 28.245480
slice8/query/img_04805_c0_1283348176080407us.jpg 0.507422 0.491940 -0.502712 0.497793 589.565743 -122.173652 28.237743
slice8/query/img_04806_c0_1283348176147125us.jpg 0.505280 0.489280 -0.505611 0.499655 589.993941 -122.594772 28.233145
slice8/query/img_04807_c0_1283348176280351us.jpg 0.500875 0.484139 -0.511553 0.503038 590.839122 -123.454693 28.228888
slice8/query/img_04808_c0_1283348176347089us.jpg 0.498942 0.482018 -0.513722 0.504782 591.258038 -123.892298 28.223113
slice8/query/img_04809_c0_1283348176413701us.jpg 0.496880 0.480207 -0.515556 0.506669 591.674895 -124.334432 28.215779
slice8/query/img_04810_c0_1283348176480316us.jpg 0.495019 0.478284 -0.517215 0.508615 592.086317 -124.782525 28.206235
slice8/query/img_04811_c0_1283348176613671us.jpg 0.491499 0.474299 -0.520567 0.512327 592.912652 -125.693572 28.188074
slice8/query/img_04812_c0_1283348176680280us.jpg 0.489531 0.472439 -0.522390 0.514071 593.319597 -126.154430 28.179113
slice8/query/img_04814_c0_1283348176880245us.jpg 0.482901 0.468929 -0.527528 0.518291 594.545220 -127.570262 28.150946
slice8/query/img_04815_c0_1283348176947005us.jpg 0.481090 0.467307 -0.529393 0.519538 594.948321 -128.052753 28.144038
slice8/query/img_04816_c0_1283348177013596us.jpg 0.479375 0.465627 -0.531153 0.520834 595.348222 -128.536775 28.134714
slice8/query/img_04817_c0_1283348177146950us.jpg 0.475889 0.461957 -0.534707 0.523654 596.145574 -129.524846 28.115305
slice8/query/img_04818_c0_1283348177213628us.jpg 0.473758 0.460486 -0.536493 0.525054 596.537211 -130.019666 28.103634
slice8/query/img_04819_c0_1283348177413533us.jpg 0.466449 0.457370 -0.541341 0.529328 597.724130 -131.530472 28.068994
slice8/query/img_04820_c0_1283348177746860us.jpg 0.457791 0.451623 -0.546821 0.536145 599.660714 -134.161908 27.995294
slice8/query/img_04821_c0_1283348177813455us.jpg 0.456860 0.450803 -0.547600 0.536834 600.040524 -134.695440 27.981742
slice8/query/img_04822_c0_1283348177880069us.jpg 0.456022 0.449872 -0.548482 0.537426 600.420480 -135.231698 27.972301
slice8/query/img_04823_c0_1283348178013430us.jpg 0.453924 0.448733 -0.549899 0.538704 601.175265 -136.306553 27.942532
slice8/query/img_04824_c0_1283348178080035us.jpg 0.452799 0.448426 -0.550179 0.539621 601.548909 -136.842153 27.929132
slice8/query/img_04825_c0_1283348178146772us.jpg 0.451659 0.448216 -0.550436 0.540488 601.920708 -137.376303 27.913903
slice8/query/img_04826_c0_1283348178213386us.jpg 0.450742 0.447862 -0.550950 0.541023 602.291190 -137.913779 27.899521
slice8/query/img_04827_c0_1283348178346763us.jpg 0.449708 0.446143 -0.551912 0.542322 603.025492 -138.996773 27.871786
slice8/query/img_04828_c0_1283348178413372us.jpg 0.449507 0.445057 -0.552625 0.542653 603.390247 -139.541837 27.861860
slice8/query/img_04829_c0_1283348178479964us.jpg 0.449778 0.443898 -0.553215 0.542778 603.753382 -140.089703 27.852215
slice8/query/img_04830_c0_1283348178546703us.jpg 0.449973 0.442753 -0.553688 0.543068 604.115995 -140.638110 27.841173
slice8/query/img_04831_c0_1283348178613315us.jpg 0.449986 0.441768 -0.553940 0.543603 604.479070 -141.187087 27.829842
slice8/query/img_04832_c0_1283348178746670us.jpg 0.449051 0.440312 -0.554325 0.545162 605.202424 -142.282449 27.803811
slice8/query/img_04833_c0_1283348178813281us.jpg 0.448346 0.439809 -0.554614 0.545855 605.563253 -142.827305 27.790606
slice8/query/img_04834_c0_1283348178879894us.jpg 0.447674 0.439437 -0.555028 0.546284 605.920199 -143.372382 27.776852
slice8/query/img_04835_c0_1283348178946633us.jpg 0.446966 0.438945 -0.555475 0.546806 606.276541 -143.916259 27.763726
slice8/query/img_04836_c0_1283348179079861us.jpg 0.446213 0.437338 -0.556043 0.548128 606.983263 -145.008756 27.738888
slice8/query/img_04837_c0_1283348179146601us.jpg 0.445701 0.436658 -0.556255 0.548873 607.335554 -145.552349 27.727730
slice8/query/img_04838_c0_1283348179213209us.jpg 0.445395 0.435974 -0.556278 0.549641 607.684583 -146.099685 27.716194
slice8/query/img_04839_c0_1283348179279824us.jpg 0.444938 0.435402 -0.556361 0.550379 608.033817 -146.647233 27.704051
slice8/query/img_04840_c0_1283348179413630us.jpg 0.443992 0.434860 -0.556547 0.551384 608.726974 -147.741471 27.681165
slice8/query/img_04841_c0_1283348179479789us.jpg 0.443921 0.434206 -0.556690 0.551811 609.072011 -148.287392 27.671899
slice8/query/img_04843_c0_1283348179613139us.jpg 0.443902 0.433575 -0.557186 0.551822 609.757285 -149.382305 27.657750
slice8/query/img_04844_c0_1283348179679753us.jpg 0.444020 0.433683 -0.557151 0.551677 610.097744 -149.926632 27.650210
slice8/query/img_04845_c0_1283348179813128us.jpg 0.445101 0.433193 -0.557351 0.550989 610.778649 -151.016385 27.633206
slice8/query/img_04846_c0_1283348179879718us.jpg 0.446792 0.432278 -0.557378 0.550312 611.115593 -151.561989 27.627282
slice8/query/img_04847_c0_1283348179946456us.jpg 0.448296 0.432106 -0.557351 0.549249 611.453836 -152.107483 27.619455
slice8/query/img_04848_c0_1283348180013068us.jpg 0.449290 0.432482 -0.557665 0.547820 611.795026 -152.649307 27.612688
slice8/query/img_04849_c0_1283348180146448us.jpg 0.452402 0.434404 -0.556086 0.545339 612.473312 -153.725230 27.589991
slice8/query/img_04850_c0_1283348180213033us.jpg 0.453784 0.435221 -0.555127 0.544516 612.819095 -154.259423 27.576362
slice8/query/img_04851_c0_1283348180279647us.jpg 0.454524 0.436666 -0.553924 0.543966 613.165567 -154.790094 27.559786
slice8/query/img_04852_c0_1283348180413024us.jpg 0.455448 0.439895 -0.551369 0.543186 613.865615 -155.842626 27.526154
slice8/query/img_04853_c0_1283348180479611us.jpg 0.455805 0.441302 -0.550269 0.542861 614.221012 -156.365488 27.511540
slice8/query/img_04854_c0_1283348180546350us.jpg 0.456031 0.442778 -0.549498 0.542250 614.575359 -156.887112 27.498535
slice8/query/img_04855_c0_1283348180612963us.jpg 0.456460 0.443888 -0.548878 0.541610 614.931810 -157.408368 27.486619
slice8/query/img_04856_c0_1283348180746317us.jpg 0.457182 0.445569 -0.548217 0.540288 615.648925 -158.451000 27.461843
slice8/query/img_04857_c0_1283348180812927us.jpg 0.457403 0.446276 -0.547957 0.539781 616.007802 -158.967182 27.450417
slice8/query/img_04858_c0_1283348180946284us.jpg 0.457731 0.446970 -0.547357 0.539538 616.728501 -160.002542 27.429661
slice8/query/img_04859_c0_1283348181146244us.jpg 0.456883 0.447859 -0.546874 0.540009 617.818455 -161.549810 27.397326
slice8/query/img_04860_c0_1283348181546194us.jpg 0.452616 0.446989 -0.548978 0.542183 619.985949 -164.665399 27.356076
slice8/query/img_04861_c0_1283348181746137us.jpg 0.452515 0.445354 -0.549009 0.543579 621.080424 -166.276820 27.329968
slice8/query/img_04862_c0_1283348181879377us.jpg 0.452689 0.444530 -0.548655 0.544466 621.806346 -167.345522 27.309391
slice8/query/img_04863_c0_1283348181946102us.jpg 0.452875 0.444397 -0.548422 0.544655 622.166364 -167.878229 27.299898
slice8/query/img_04864_c0_1283348182012716us.jpg 0.453196 0.444106 -0.548250 0.544798 622.524034 -168.410389 27.289911
slice8/query/img_04865_c0_1283348182146075us.jpg 0.454054 0.443456 -0.548119 0.544745 623.238505 -169.471660 27.275025
slice8/query/img_04866_c0_1283348182212681us.jpg 0.454769 0.443050 -0.548100 0.544499 623.592918 -169.997957 27.267423
slice8/query/img_04867_c0_1283348182279294us.jpg 0.455628 0.442806 -0.547775 0.544306 623.945374 -170.525112 27.261829
slice8/query/img_04868_c0_1283348182412670us.jpg 0.457117 0.442947 -0.547099 0.543622 624.654056 -171.575161 27.249901
slice8/query/img_04870_c0_1283348182545999us.jpg 0.458967 0.443079 -0.546007 0.543053 625.360906 -172.613688 27.237932
slice8/query/img_04871_c0_1283348182612612us.jpg 0.459610 0.443549 -0.545303 0.542834 625.717259 -173.132466 27.232010
slice8/query/img_04872_c0_1283348182745964us.jpg 0.460593 0.444932 -0.543924 0.542251 626.432004 -174.166385 27.217775
slice8/query/img_04873_c0_1283348182812576us.jpg 0.461212 0.445484 -0.543412 0.541784 626.789545 -174.683414 27.212203
slice8/query/img_04874_c0_1283348182879188us.jpg 0.462026 0.445829 -0.543090 0.541129 627.147407 -175.198433 27.207973
slice8/query/img_04875_c0_1283348183079153us.jpg 0.464948 0.446356 -0.541575 0.539709 628.223797 -176.737833 27.196456
slice8/query/img_04876_c0_1283348183279121us.jpg 0.467969 0.446274 -0.539182 0.539562 629.299129 -178.252422 27.188547
slice8/query/img_04877_c0_1283348183345856us.jpg 0.468738 0.446495 -0.538290 0.539603 629.659927 -178.759641 27.180712
slice8/query/img_04878_c0_1283348183479085us.jpg 0.469265 0.447140 -0.536990 0.539906 630.385098 -179.767152 27.170442
slice8/query/img_04879_c0_1283348183545821us.jpg 0.469398 0.447022 -0.537149 0.539729 630.751549 -180.269912 27.168680
slice8/query/img_04880_c0_1283348183612434us.jpg 0.469530 0.446815 -0.537389 0.539546 631.113640 -180.774263 27.166439
slice8/query/img_04881_c0_1283348183745789us.jpg 0.469145 0.446251 -0.538898 0.538843 631.845452 -181.784527 27.167633
slice8/query/img_04882_c0_1283348183812400us.jpg 0.469218 0.445533 -0.540314 0.537955 632.209653 -182.292614 27.167340
slice8/query/img_04883_c0_1283348183879012us.jpg 0.469477 0.444674 -0.540925 0.537826 632.571055 -182.795733 27.167955
slice8/query/img_04884_c0_1283348184012383us.jpg 0.470180 0.441882 -0.541100 0.539335 633.287211 -183.800365 27.160935
slice8/query/img_04885_c0_1283348184078979us.jpg 0.470757 0.440448 -0.540952 0.540152 633.639434 -184.304241 27.153062
slice8/query/img_04886_c0_1283348184145717us.jpg 0.471329 0.438971 -0.541259 0.540548 633.993861 -184.807724 27.150003
slice8/query/img_04887_c0_1283348184212328us.jpg 0.471845 0.437375 -0.541726 0.540923 634.346227 -185.310120 27.147357
slice8/query/img_04888_c0_1283348184345684us.jpg 0.472708 0.434707 -0.542658 0.541387 635.049775 -186.323051 27.141895
slice8/query/img_04889_c0_1283348184412314us.jpg 0.473327 0.433291 -0.542754 0.541885 635.401016 -186.828635 27.138718
slice8/query/img_04890_c0_1283348184478906us.jpg 0.473865 0.432080 -0.542424 0.542710 635.748054 -187.333340 27.134225
slice8/query/img_04891_c0_1283348184612262us.jpg 0.475438 0.429849 -0.541780 0.543749 636.438442 -188.347294 27.125099
slice8/query/img_04892_c0_1283348184678871us.jpg 0.476654 0.428239 -0.541607 0.544127 636.782660 -188.854734 27.123073
slice8/query/img_04893_c0_1283348184745609us.jpg 0.478072 0.426838 -0.541484 0.544106 637.122654 -189.361842 27.122738
slice8/query/img_04894_c0_1283348184878840us.jpg 0.479871 0.425899 -0.540866 0.543874 637.804409 -190.372982 27.119063
slice8/query/img_04896_c0_1283348185012189us.jpg 0.481066 0.425796 -0.540171 0.543589 638.490973 -191.376601 27.115354
slice8/query/img_04897_c0_1283348185078802us.jpg 0.481410 0.425711 -0.539888 0.543632 638.834633 -191.877432 27.112265
slice8/query/img_04898_c0_1283348185212155us.jpg 0.481383 0.426606 -0.538848 0.543986 639.527555 -192.872249 27.104185
slice8/query/img_04899_c0_1283348185278766us.jpg 0.481058 0.427518 -0.538395 0.544006 639.872766 -193.367721 27.099245
slice8/query/img_04900_c0_1283348185345504us.jpg 0.480586 0.428703 -0.537853 0.544027 640.216921 -193.858190 27.095895
slice8/query/img_04901_c0_1283348185478753us.jpg 0.480673 0.429593 -0.537803 0.543297 640.908975 -194.844144 27.094621
slice8/query/img_04902_c0_1283348185545468us.jpg 0.480797 0.429978 -0.537979 0.542708 641.256013 -195.338217 27.095013
slice8/query/img_04903_c0_1283348185612083us.jpg 0.480851 0.430462 -0.537857 0.542397 641.602384 -195.830030 27.094301
slice8/query/img_04904_c0_1283348185678696us.jpg 0.480650 0.431173 -0.537620 0.542245 641.951226 -196.320408 27.092037
slice8/query/img_04905_c0_1283348185812050us.jpg 0.480062 0.433056 -0.536612 0.542265 642.645646 -197.304224 27.085370
slice8/query/img_04906_c0_1283348185878661us.jpg 0.480054 0.433637 -0.535918 0.542494 642.992173 -197.791879 27.082766
slice8/query/img_04907_c0_1283348185945399us.jpg 0.479855 0.434254 -0.535342 0.542744 643.339622 -198.275934 27.081991
slice8/query/img_04908_c0_1283348186078627us.jpg 0.479305 0.436171 -0.534321 0.542700 644.036746 -199.250202 27.077000
slice8/query/img_04909_c0_1283348186145364us.jpg 0.479364 0.436600 -0.534194 0.542427 644.384918 -199.737822 27.077434
slice8/query/img_04910_c0_1283348186211976us.jpg 0.479281 0.436971 -0.534202 0.542193 644.731388 -200.222114 27.078503
slice8/query/img_04911_c0_1283348186278589us.jpg 0.479176 0.437349 -0.534223 0.541961 645.077069 -200.704097 27.077186
slice8/query/img_04912_c0_1283348186411961us.jpg 0.478071 0.438827 -0.533732 0.542227 645.774711 -201.664629 27.077065
slice8/query/img_04914_c0_1283348186611906us.jpg 0.476049 0.441540 -0.532459 0.543053 646.836035 -203.129062 27.071308
slice8/query/img_04915_c0_1283348186678517us.jpg 0.475519 0.442343 -0.532179 0.543139 647.190987 -203.615642 27.069248
slice8/query/img_04916_c0_1283348186745256us.jpg 0.474749 0.443241 -0.532298 0.542964 647.546179 -204.099609 27.067745
slice8/query/img_04917_c0_1283348186878507us.jpg 0.473699 0.444420 -0.532973 0.542254 648.253040 -205.064671 27.070943
slice8/query/img_04919_c0_1283348187011834us.jpg 0.472966 0.445708 -0.533316 0.541500 648.962624 -206.025973 27.073759
slice8/query/img_04920_c0_1283348187145188us.jpg 0.472763 0.446874 -0.533315 0.540716 649.668453 -206.986229 27.073643
slice8/query/img_04921_c0_1283348187211800us.jpg 0.473184 0.446637 -0.533623 0.540239 650.018522 -207.467442 27.075335
slice8/query/img_04922_c0_1283348187278416us.jpg 0.473937 0.445899 -0.534163 0.539655 650.367526 -207.950081 27.076320
slice8/query/img_04923_c0_1283348187345152us.jpg 0.474307 0.445517 -0.534555 0.539256 650.717891 -208.427939 27.082317
slice8/query/img_04924_c0_1283348187478380us.jpg 0.474208 0.446303 -0.534207 0.539039 651.420057 -209.381322 27.081423
slice8/query/img_04925_c0_1283348187545116us.jpg 0.474246 0.446914 -0.533812 0.538890 651.766785 -209.858687 27.077482
slice8/query/img_04926_c0_1283348187611728us.jpg 0.474483 0.447134 -0.533536 0.538773 652.113018 -210.336830 27.074914
slice8/query/img_04927_c0_1283348187745082us.jpg 0.474741 0.447603 -0.533269 0.538420 652.812256 -211.289394 27.073285
slice8/query/img_04929_c0_1283348187878308us.jpg 0.474224 0.448880 -0.533033 0.538046 653.513108 -212.238412 27.069560
slice8/query/img_04930_c0_1283348187945045us.jpg 0.474149 0.449401 -0.532881 0.537828 653.864676 -212.713523 27.068652
slice8/query/img_04931_c0_1283348188078273us.jpg 0.474120 0.450299 -0.532857 0.537126 654.564656 -213.658427 27.067247
slice8/query/img_04932_c0_1283348188145012us.jpg 0.474294 0.450561 -0.532662 0.536946 654.912846 -214.132371 27.067880
slice8/query/img_04934_c0_1283348188344978us.jpg 0.475259 0.451464 -0.531940 0.536050 655.968406 -215.552513 27.065575
slice8/query/img_04935_c0_1283348188411588us.jpg 0.475714 0.451668 -0.531486 0.535925 656.319839 -216.023779 27.063920
slice8/query/img_04936_c0_1283348188478222us.jpg 0.476160 0.451864 -0.531241 0.535605 656.670529 -216.489950 27.062892
slice8/query/img_04937_c0_1283348188611576us.jpg 0.476713 0.452830 -0.530608 0.534925 657.373990 -217.427840 27.059501
slice8/query/img_04939_c0_1283348188744905us.jpg 0.477183 0.453710 -0.530152 0.534212 658.076930 -218.355280 27.057511
slice8/query/img_04940_c0_1283348188811520us.jpg 0.477606 0.453985 -0.530020 0.533732 658.426958 -218.818928 27.055955
slice8/query/img_04941_c0_1283348188944894us.jpg 0.478512 0.454359 -0.529418 0.533199 659.131325 -219.743181 27.050590
slice8/query/img_04942_c0_1283348189011483us.jpg 0.479110 0.454451 -0.529254 0.532746 659.479824 -220.203238 27.048876
slice8/query/img_04944_c0_1283348189211452us.jpg 0.481391 0.454185 -0.528663 0.531502 660.529776 -221.570862 27.054537
slice8/query/img_04945_c0_1283348189278061us.jpg 0.482139 0.454272 -0.528426 0.530984 660.880238 -222.027459 27.051850
slice8/query/img_04946_c0_1283348189411414us.jpg 0.483352 0.454655 -0.527554 0.530421 661.583542 -222.940627 27.046729
slice8/query/img_04947_c0_1283348189478046us.jpg 0.483935 0.454873 -0.527143 0.530111 661.936051 -223.393167 27.044432
slice8/query/img_04948_c0_1283348189544764us.jpg 0.484470 0.454931 -0.526963 0.529751 662.289036 -223.844181 27.043094
slice8/query/img_04949_c0_1283348189611377us.jpg 0.484944 0.455098 -0.526703 0.529433 662.643561 -224.291768 27.040586
slice8/query/img_04950_c0_1283348189744751us.jpg 0.485472 0.456116 -0.525933 0.528838 663.349566 -225.188378 27.035701
slice8/query/img_04952_c0_1283348189877955us.jpg 0.486361 0.456837 -0.525462 0.527866 664.060073 -226.081353 27.031750
slice8/query/img_04953_c0_1283348189944693us.jpg 0.486998 0.456875 -0.525210 0.527496 664.414367 -226.524554 27.030815
slice8/query/img_04954_c0_1283348190077943us.jpg 0.487815 0.457497 -0.524724 0.526685 665.128637 -227.411248 27.027759
slice8/query/img_04955_c0_1283348190211295us.jpg 0.488341 0.457991 -0.523908 0.526581 665.840357 -228.293393 27.022324
slice8/query/img_04956_c0_1283348190344623us.jpg 0.488571 0.458920 -0.522968 0.526493 666.552959 -229.171032 27.014266
slice8/query/img_04957_c0_1283348190544588us.jpg 0.488581 0.459916 -0.521953 0.526622 667.623055 -230.483607 27.007235
slice8/query/img_04958_c0_1283348190811172us.jpg 0.485985 0.460703 -0.522799 0.527497 669.051510 -232.225400 27.000700
slice8/query/img_04959_c0_1283348191011132us.jpg 0.484896 0.460079 -0.523724 0.528126 670.126756 -233.553089 26.996994
slice8/query/img_04960_c0_1283348191144487us.jpg 0.483730 0.459686 -0.524325 0.528940 670.842464 -234.430930 26.995876
slice8/query/img_04961_c0_1283348191277734us.jpg 0.482158 0.460083 -0.524135 0.530217 671.557691 -235.310545 26.989727
slice8/query/img_04962_c0_1283348191344459us.jpg 0.481507 0.460005 -0.524158 0.530853 671.915064 -235.749171 26.986335
slice8/query/img_04963_c0_1283348191411059us.jpg 0.480942 0.459639 -0.524376 0.531467 672.271484 -236.188824 26.985788
slice8/query/img_04964_c0_1283348191544433us.jpg 0.479323 0.459460 -0.525274 0.532196 672.986837 -237.073108 26.984681
slice8/query/img_04965_c0_1283348191611022us.jpg 0.478164 0.460230 -0.525668 0.532184 673.341242 -237.515493 26.983198
slice8/query/img_04967_c0_1283348191810991us.jpg 0.475405 0.461111 -0.526108 0.533457 674.402100 -238.845418 26.980019
slice8/query/img_04968_c0_1283348191877602us.jpg 0.474453 0.461174 -0.526157 0.534202 674.756787 -239.290931 26.977893
slice8/query/img_04969_c0_1283348191944340us.jpg 0.473622 0.460964 -0.526237 0.535042 675.108197 -239.736516 26.978104
slice8/query/img_04970_c0_1283348192077569us.jpg 0.472060 0.460573 -0.526019 0.536970 675.808562 -240.632224 26.973736
slice8/query/img_04971_c0_1283348192144324us.jpg 0.471302 0.460533 -0.526198 0.537493 676.156222 -241.079010 26.974731
slice8/query/img_04972_c0_1283348192277557us.jpg 0.470212 0.460330 -0.526623 0.538206 676.847401 -241.975357 26.979642
slice8/query/img_04973_c0_1283348192344275us.jpg 0.469730 0.460180 -0.526985 0.538400 677.194606 -242.424448 26.983785
slice8/query/img_04975_c0_1283348192544258us.jpg 0.466828 0.460330 -0.528780 0.539036 678.234464 -243.771654 26.997771
slice8/query/img_04976_c0_1283348192610848us.jpg 0.465611 0.460756 -0.529345 0.539169 678.583594 -244.221849 27.000702
slice8/query/img_04977_c0_1283348192677463us.jpg 0.464146 0.461220 -0.529952 0.539440 678.930020 -244.670770 27.003066
slice8/query/img_04979_c0_1283348192877447us.jpg 0.461875 0.460831 -0.531852 0.539852 679.966477 -246.033590 27.014421
slice8/query/img_04980_c0_1283348192944165us.jpg 0.461912 0.459728 -0.532593 0.540030 680.306232 -246.491967 27.018480
slice8/query/img_04981_c0_1283348193077393us.jpg 0.462819 0.457121 -0.533861 0.540215 680.978921 -247.408109 27.026585
slice8/query/img_04983_c0_1283348193210744us.jpg 0.464446 0.454471 -0.534999 0.539928 681.648436 -248.332270 27.034587
slice8/query/img_04984_c0_1283348193277356us.jpg 0.465106 0.453505 -0.535375 0.539799 681.981640 -248.793157 27.037750
slice8/query/img_04985_c0_1283348193410712us.jpg 0.466000 0.452446 -0.534739 0.540547 682.649553 -249.715091 27.036527
slice8/query/img_04986_c0_1283348193545196us.jpg 0.466391 0.451504 -0.532776 0.542931 683.319732 -250.634397 27.030832
slice8/query/img_04987_c0_1283348193610678us.jpg 0.466987 0.450305 -0.531536 0.544626 683.652781 -251.092674 27.029292
slice8/query/img_04988_c0_1283348193677297us.jpg 0.467487 0.449647 -0.530815 0.545443 683.987328 -251.552044 27.028662
slice8/query/img_04989_c0_1283348193810659us.jpg 0.467908 0.449579 -0.531090 0.544871 684.655807 -252.477447 27.037511
slice8/query/img_04991_c0_1283348193943989us.jpg 0.468776 0.449709 -0.532400 0.542734 685.328636 -253.407562 27.055174
slice8/query/img_04992_c0_1283348194010601us.jpg 0.469047 0.449549 -0.533010 0.542034 685.665247 -253.870801 27.061848
slice8/query/img_04993_c0_1283348194143954us.jpg 0.469070 0.448840 -0.532933 0.542677 686.340525 -254.794637 27.067778
slice8/query/img_04994_c0_1283348194210587us.jpg 0.468555 0.449039 -0.532394 0.543485 686.678975 -255.253976 27.065929
slice8/query/img_04996_c0_1283348194343919us.jpg 0.467022 0.450794 -0.530632 0.545073 687.358075 -256.174766 27.059731
slice8/query/img_04997_c0_1283348194477170us.jpg 0.466998 0.451193 -0.529575 0.545791 688.030695 -257.101547 27.065045
slice8/query/img_04998_c0_1283348194543883us.jpg 0.467602 0.450484 -0.529484 0.545948 688.368481 -257.566965 27.071872
slice8/query/img_04999_c0_1283348194610496us.jpg 0.468194 0.449638 -0.529498 0.546125 688.704830 -258.033723 27.077275
slice8/query/img_05001_c0_1283348194810466us.jpg 0.468026 0.449695 -0.529341 0.546374 689.713870 -259.440408 27.088994
slice8/query/img_05002_c0_1283348194877075us.jpg 0.468142 0.449345 -0.529216 0.546684 690.054776 -259.910090 27.091018
slice8/query/img_05003_c0_1283348194943813us.jpg 0.468253 0.449098 -0.529096 0.546907 690.393513 -260.378114 27.097889
slice8/query/img_05004_c0_1283348195077041us.jpg 0.468500 0.448582 -0.529129 0.547087 691.069731 -261.318321 27.113126
slice8/query/img_05005_c0_1283348195143798us.jpg 0.469350 0.447994 -0.529008 0.546957 691.412398 -261.794313 27.117432
slice8/query/img_05006_c0_1283348195210390us.jpg 0.469889 0.447549 -0.528879 0.546984 691.752508 -262.265085 27.125855
slice8/query/img_05007_c0_1283348195277004us.jpg 0.470182 0.447256 -0.528774 0.547074 692.090599 -262.734457 27.131280
slice8/query/img_05008_c0_1283348195410381us.jpg 0.470140 0.447242 -0.528125 0.547747 692.775659 -263.680262 27.138319
slice8/query/img_05009_c0_1283348195476988us.jpg 0.469964 0.447592 -0.527840 0.547887 693.115486 -264.150833 27.144529
slice8/query/img_05011_c0_1283348195610321us.jpg 0.469260 0.447838 -0.527812 0.548316 693.814529 -265.100844 27.154173
slice8/query/img_05012_c0_1283348195743694us.jpg 0.468764 0.448159 -0.527779 0.548510 694.508850 -266.061695 27.161283
slice8/query/img_05013_c0_1283348195810284us.jpg 0.468656 0.448250 -0.527794 0.548513 694.857498 -266.538769 27.168362
slice8/query/img_05014_c0_1283348195876899us.jpg 0.468689 0.448268 -0.527581 0.548676 695.205411 -267.016181 27.173136
slice8/query/img_05015_c0_1283348196010249us.jpg 0.468566 0.448261 -0.527581 0.548787 695.902367 -267.971966 27.187350
slice8/query/img_05016_c0_1283348196076883us.jpg 0.468456 0.448314 -0.527599 0.548819 696.253544 -268.447775 27.194486
slice8/query/img_05017_c0_1283348196143601us.jpg 0.468150 0.448499 -0.527430 0.549092 696.604172 -268.923368 27.202732
slice8/query/img_05018_c0_1283348196210215us.jpg 0.467649 0.449134 -0.527137 0.549280 696.955294 -269.399284 27.209443
slice8/query/img_05019_c0_1283348196343568us.jpg 0.466623 0.450136 -0.526672 0.549779 697.667064 -270.369149 27.218836
slice8/query/img_05020_c0_1283348196410181us.jpg 0.466357 0.450296 -0.526517 0.550022 698.022669 -270.850431 27.226928
slice8/query/img_05021_c0_1283348196543531us.jpg 0.466083 0.450757 -0.526267 0.550116 698.736666 -271.827645 27.243496
slice8/query/img_05022_c0_1283348196610142us.jpg 0.465882 0.451006 -0.526080 0.550261 699.091475 -272.311082 27.254006
slice8/query/img_05023_c0_1283348196676754us.jpg 0.465875 0.451106 -0.525888 0.550369 699.447304 -272.793883 27.265732
slice8/query/img_05024_c0_1283348196743494us.jpg 0.465879 0.451153 -0.525760 0.550450 699.800307 -273.274340 27.276975
slice8/query/img_05025_c0_1283348196876723us.jpg 0.465912 0.451122 -0.525480 0.550715 700.508987 -274.241066 27.298873
slice8/query/img_05026_c0_1283348196943460us.jpg 0.465891 0.451216 -0.525327 0.550801 700.863852 -274.724794 27.309715
slice8/query/img_05027_c0_1283348197010076us.jpg 0.465722 0.451305 -0.525399 0.550803 701.219197 -275.205986 27.321651
slice8/query/img_05028_c0_1283348197143462us.jpg 0.465626 0.451315 -0.525481 0.550797 701.928601 -276.174824 27.346430
slice8/query/img_05029_c0_1283348197210038us.jpg 0.465783 0.451266 -0.525389 0.550792 702.282052 -276.656937 27.359880
slice8/query/img_05030_c0_1283348197276653us.jpg 0.465959 0.451092 -0.525313 0.550858 702.635154 -277.138710 27.372384
slice8/query/img_05032_c0_1283348197476618us.jpg 0.466317 0.451082 -0.524615 0.551228 703.689557 -278.589976 27.411036
slice8/query/img_05033_c0_1283348197543354us.jpg 0.466397 0.451011 -0.524560 0.551270 704.042072 -279.071812 27.424853
slice8/query/img_05034_c0_1283348197609967us.jpg 0.466571 0.450842 -0.524470 0.551347 704.396219 -279.553785 27.438022
slice8/query/img_05035_c0_1283348197676582us.jpg 0.466507 0.450772 -0.524361 0.551563 704.749349 -280.035744 27.450924
slice8/query/img_05036_c0_1283348197809958us.jpg 0.466522 0.450955 -0.524207 0.551547 705.455264 -281.003705 27.478276
slice8/query/img_05038_c0_1283348197943284us.jpg 0.466567 0.451009 -0.523932 0.551726 706.161219 -281.969926 27.503021
slice8/query/img_05039_c0_1283348198076537us.jpg 0.466952 0.451005 -0.523833 0.551497 706.863218 -282.939729 27.531261
slice8/query/img_05040_c0_1283348198143249us.jpg 0.467221 0.450780 -0.523736 0.551546 707.216235 -283.422030 27.546215
slice8/query/img_05041_c0_1283348198209861us.jpg 0.467382 0.450756 -0.523507 0.551646 707.568583 -283.904630 27.558345
slice8/query/img_05042_c0_1283348198343244us.jpg 0.467423 0.450885 -0.523014 0.551974 708.275980 -284.868646 27.587368
slice8/query/img_05043_c0_1283348198409827us.jpg 0.467499 0.450847 -0.522471 0.552455 708.629617 -285.347445 27.600825
slice8/query/img_05044_c0_1283348198476441us.jpg 0.467538 0.450983 -0.521972 0.552782 708.981980 -285.824586 27.614237
slice8/query/img_05045_c0_1283348198543179us.jpg 0.467624 0.451016 -0.521657 0.552979 709.335873 -286.303374 27.630531
slice8/query/img_05046_c0_1283348198609792us.jpg 0.467735 0.451089 -0.521197 0.553259 709.683811 -286.784230 27.648531
slice8/query/img_05047_c0_1283348198743164us.jpg 0.467851 0.451632 -0.520551 0.553327 710.389758 -287.745672 27.681529
slice8/query/img_05049_c0_1283348198876370us.jpg 0.467881 0.452403 -0.520126 0.553072 711.095885 -288.704658 27.713637
slice8/query/img_05050_c0_1283348198943108us.jpg 0.467768 0.452673 -0.519795 0.553258 711.448103 -289.179484 27.732234
slice8/query/img_05051_c0_1283348199076358us.jpg 0.467495 0.453083 -0.519649 0.553289 712.148876 -290.132365 27.771608
