slice8/query/img_02765_c0_1284563490261778us.jpg 0.590002 0.573940 -0.414256 0.388436 573.389762 -110.355371 28.734705
slice8/query/img_02766_c0_1284563490328494us.jpg 0.587655 0.571413 -0.416731 0.393044 573.985097 -110.602410 28.707282
slice8/query/img_02767_c0_1284563490395106us.jpg 0.584262 0.569843 -0.419453 0.397463 574.577694 -110.856287 28.683270
slice8/query/img_02768_c0_1284563490461720us.jpg 0.580093 0.568372 -0.421406 0.403562 575.170723 -111.112340 28.658685
slice8/query/img_02769_c0_1284563490595093us.jpg 0.571165 0.564665 -0.427338 0.415098 576.361683 -111.656347 28.609251
slice8/query/img_02770_c0_1284563490661685us.jpg 0.566248 0.562333 -0.432769 0.419351 576.956875 -111.943449 28.598518
slice8/query/img_02771_c0_1284563490728423us.jpg 0.561114 0.560146 -0.439156 0.422526 577.551958 -112.239812 28.590440
slice8/query/img_02772_c0_1284563490795036us.jpg 0.555872 0.557735 -0.445523 0.425966 578.138467 -112.550229 28.584181
slice8/query/img_02773_c0_1284563490928390us.jpg 0.546438 0.551462 -0.456508 0.434622 579.286940 -113.197907 28.555231
slice8/query/img_02774_c0_1284563490995000us.jpg 0.542884 0.546806 -0.460878 0.440308 579.847406 -113.539307 28.534398
slice8/query/img_02775_c0_1284563491061619us.jpg 0.539632 0.541637 -0.464525 0.446815 580.394730 -113.888124 28.512154
slice8/query/img_02776_c0_1284563491194990us.jpg 0.532347 0.531997 -0.471408 0.459740 581.470089 -114.616936 28.469613
slice8/query/img_02778_c0_1284563491328317us.jpg 0.524162 0.522994 -0.482727 0.467660 582.534598 -115.389997 28.447982
slice8/query/img_02779_c0_1284563491394930us.jpg 0.519731 0.519391 -0.489883 0.469178 583.062983 -115.797063 28.444130
slice8/query/img_02780_c0_1284563491528285us.jpg 0.510197 0.512361 -0.500434 0.476184 584.095156 -116.629653 28.418162
slice8/query/img_02781_c0_1284563491594895us.jpg 0.505949 0.508515 -0.502848 0.482256 584.593673 -117.055820 28.394170
slice8/query/img_02782_c0_1284563491661508us.jpg 0.502611 0.504305 -0.503902 0.489021 585.079905 -117.490248 28.364859
slice8/query/img_02783_c0_1284563491794882us.jpg 0.498614 0.495374 -0.506236 0.499714 586.034373 -118.395161 28.325135
slice8/query/img_02784_c0_1284563491861472us.jpg 0.497721 0.491566 -0.507779 0.502788 586.497745 -118.862736 28.315966
slice8/query/img_02785_c0_1284563491928214us.jpg 0.497239 0.487892 -0.509713 0.504883 586.954368 -119.337156 28.311344
slice8/query/img_02786_c0_1284563491994824us.jpg 0.496878 0.484408 -0.511841 0.506438 587.407145 -119.815821 28.309379
slice8/query/img_02787_c0_1284563492128184us.jpg 0.495426 0.478973 -0.516330 0.508470 588.318159 -120.791606 28.305026
slice8/query/img_02788_c0_1284563492194788us.jpg 0.493751 0.477618 -0.518184 0.509487 588.771810 -121.281332 28.300923
slice8/query/img_02789_c0_1284563492261402us.jpg 0.491382 0.477664 -0.519386 0.510508 589.222236 -121.770999 28.292663
slice8/query/img_02790_c0_1284563492394783us.jpg 0.486934 0.477700 -0.521827 0.512245 590.131074 -122.755418 28.272183
slice8/query/img_02791_c0_1284563492461388us.jpg 0.485831 0.476534 -0.523402 0.512771 590.581611 -123.257069 28.261570
slice8/query/img_02792_c0_1284563492528120us.jpg 0.485258 0.475245 -0.524730 0.513152 591.027984 -123.762532 28.252561
slice8/query/img_02793_c0_1284563492594720us.jpg 0.484758 0.474117 -0.525737 0.513638 591.472159 -124.265421 28.244381
slice8/query/img_02794_c0_1284563492728133us.jpg 0.484413 0.471906 -0.526827 0.514881 592.356534 -125.298871 28.223387
slice8/query/img_02795_c0_1284563492794683us.jpg 0.484605 0.470373 -0.527515 0.515398 592.799046 -125.819648 28.213576
slice8/query/img_02796_c0_1284563492928055us.jpg 0.484465 0.468061 -0.528687 0.516432 593.686145 -126.865797 28.192978
slice8/query/img_02797_c0_1284563492994649us.jpg 0.484000 0.467773 -0.529308 0.516494 594.126469 -127.386865 28.179949
slice8/query/img_02798_c0_1284563493061263us.jpg 0.483293 0.467748 -0.529796 0.516677 594.569334 -127.911998 28.167470
slice8/query/img_02799_c0_1284563493194643us.jpg 0.481869 0.467868 -0.530666 0.517006 595.461521 -128.969852 28.141865
slice8/query/img_02800_c0_1284563493261227us.jpg 0.481459 0.467374 -0.531315 0.517169 595.904411 -129.500167 28.128893
slice8/query/img_02801_c0_1284563493327966us.jpg 0.480957 0.466985 -0.531917 0.517368 596.337727 -130.023353 28.114525
slice8/query/img_02802_c0_1284563493461195us.jpg 0.479454 0.467258 -0.532774 0.517634 597.235420 -131.090423 28.086281
slice8/query/img_02803_c0_1284563493527941us.jpg 0.478748 0.467172 -0.533357 0.517766 597.681838 -131.625514 28.072446
slice8/query/img_02804_c0_1284563493594544us.jpg 0.478086 0.467135 -0.533875 0.517876 598.126523 -132.161699 28.057663
slice8/query/img_02805_c0_1284563493661159us.jpg 0.477324 0.467093 -0.534248 0.518232 598.575146 -132.698252 28.042113
slice8/query/img_02806_c0_1284563493794532us.jpg 0.475290 0.467534 -0.534514 0.519429 599.472182 -133.776076 28.005292
slice8/query/img_02807_c0_1284563493861142us.jpg 0.474175 0.468093 -0.534620 0.519835 599.921041 -134.316628 27.988549
slice8/query/img_02808_c0_1284563493927860us.jpg 0.473344 0.468171 -0.535017 0.520114 600.369007 -134.861980 27.971829
slice8/query/img_02809_c0_1284563493994473us.jpg 0.472438 0.468233 -0.535543 0.520341 600.818330 -135.409166 27.956484
slice8/query/img_02810_c0_1284563494127853us.jpg 0.470344 0.468820 -0.536528 0.520694 601.718177 -136.506253 27.924090
slice8/query/img_02811_c0_1284563494194438us.jpg 0.469386 0.468905 -0.536962 0.521035 602.166811 -137.057773 27.907464
slice8/query/img_02812_c0_1284563494261051us.jpg 0.468590 0.468718 -0.537214 0.521659 602.611356 -137.609265 27.890527
slice8/query/img_02813_c0_1284563494394425us.jpg 0.467726 0.466829 -0.537907 0.523411 603.507349 -138.727215 27.859179
slice8/query/img_02814_c0_1284563494461016us.jpg 0.467511 0.465963 -0.538140 0.524134 603.950953 -139.289659 27.844269
slice8/query/img_02815_c0_1284563494527756us.jpg 0.467500 0.465021 -0.538459 0.524654 604.396563 -139.855015 27.830817
slice8/query/img_02816_c0_1284563494594369us.jpg 0.467780 0.463903 -0.538888 0.524952 604.839861 -140.421249 27.817612
slice8/query/img_02817_c0_1284563494727744us.jpg 0.467766 0.462929 -0.539740 0.524950 605.732187 -141.567597 27.788600
slice8/query/img_02818_c0_1284563494794332us.jpg 0.467386 0.462320 -0.540308 0.525242 606.179941 -142.139231 27.773396
slice8/query/img_02819_c0_1284563494860945us.jpg 0.466456 0.462018 -0.540605 0.526026 606.627864 -142.710502 27.755253
slice8/query/img_02820_c0_1284563494994327us.jpg 0.463435 0.462374 -0.540971 0.528005 607.532955 -143.859693 27.715122
slice8/query/img_02821_c0_1284563495060932us.jpg 0.461745 0.463229 -0.540984 0.528722 607.985634 -144.440219 27.694304
slice8/query/img_02822_c0_1284563495127650us.jpg 0.460299 0.464208 -0.541039 0.529067 608.436738 -145.024282 27.675464
slice8/query/img_02823_c0_1284563495194263us.jpg 0.459537 0.464225 -0.541332 0.529415 608.888617 -145.613349 27.657807
slice8/query/img_02824_c0_1284563495327615us.jpg 0.459201 0.462860 -0.542193 0.530020 609.790654 -146.801299 27.633749
slice8/query/img_02825_c0_1284563495394228us.jpg 0.458969 0.462297 -0.542707 0.530187 610.242481 -147.397508 27.620755
slice8/query/img_02826_c0_1284563495460841us.jpg 0.458333 0.462335 -0.543154 0.530246 610.693408 -147.992580 27.608654
slice8/query/img_02827_c0_1284563495594653us.jpg 0.456634 0.462832 -0.543781 0.530636 611.600221 -149.185539 27.579049
slice8/query/img_02828_c0_1284563495660827us.jpg 0.455995 0.462942 -0.544064 0.530799 612.053436 -149.786339 27.563695
slice8/query/img_02829_c0_1284563495727543us.jpg 0.455607 0.463123 -0.544243 0.530791 612.504952 -150.387281 27.548926
slice8/query/img_02830_c0_1284563495794154us.jpg 0.455452 0.462682 -0.544958 0.530575 612.955913 -150.988564 27.536614
slice8/query/img_02831_c0_1284563495927511us.jpg 0.456420 0.461727 -0.546115 0.529383 613.858669 -152.202636 27.513242
slice8/query/img_02832_c0_1284563495994122us.jpg 0.457190 0.461147 -0.546497 0.528831 614.306142 -152.811976 27.500010
slice8/query/img_02833_c0_1284563496127499us.jpg 0.458754 0.459974 -0.545919 0.529095 615.211199 -154.035911 27.465300
slice8/query/img_02834_c0_1284563496194086us.jpg 0.458907 0.459515 -0.545655 0.529633 615.663706 -154.646951 27.448183
slice8/query/img_02835_c0_1284563496260699us.jpg 0.458491 0.459712 -0.545276 0.530212 616.117978 -155.256122 27.427968
slice8/query/img_02836_c0_1284563496327438us.jpg 0.457690 0.460611 -0.545065 0.530341 616.575365 -155.865711 27.408608
slice8/query/img_02837_c0_1284563496460688us.jpg 0.456291 0.461862 -0.544933 0.530594 617.494250 -157.091402 27.375619
slice8/query/img_02838_c0_1284563496527402us.jpg 0.456153 0.462094 -0.544919 0.530524 617.952819 -157.706257 27.361506
slice8/query/img_02839_c0_1284563496594016us.jpg 0.456073 0.462098 -0.544971 0.530537 618.409906 -158.321935 27.347955
slice8/query/img_02840_c0_1284563496727370us.jpg 0.456240 0.462203 -0.544546 0.530739 619.327003 -159.557120 27.319773
slice8/query/img_02841_c0_1284563496793980us.jpg 0.456437 0.461839 -0.544227 0.531214 619.787040 -160.175033 27.305972
slice8/query/img_02842_c0_1284563496860593us.jpg 0.456508 0.461672 -0.543819 0.531714 620.246218 -160.794886 27.292172
slice8/query/img_02843_c0_1284563496995045us.jpg 0.456178 0.462269 -0.543233 0.532079 621.175075 -162.043937 27.263974
slice8/query/img_02844_c0_1284563497060556us.jpg 0.455997 0.462440 -0.543312 0.532004 621.641461 -162.670141 27.252490
slice8/query/img_02845_c0_1284563497127297us.jpg 0.456106 0.462329 -0.543378 0.531939 622.106891 -163.299525 27.241298
slice8/query/img_02846_c0_1284563497193908us.jpg 0.456376 0.461901 -0.543449 0.532007 622.572809 -163.927610 27.231654
slice8/query/img_02847_c0_1284563497327270us.jpg 0.456874 0.461705 -0.543013 0.532195 623.502235 -165.184928 27.208533
slice8/query/img_02848_c0_1284563497393876us.jpg 0.457125 0.461344 -0.542649 0.532663 623.969309 -165.814945 27.198692
slice8/query/img_02849_c0_1284563497460487us.jpg 0.457363 0.460991 -0.542171 0.533251 624.437077 -166.445736 27.186417
slice8/query/img_02850_c0_1284563497593841us.jpg 0.457296 0.460702 -0.541629 0.534109 625.374358 -167.705629 27.164514
slice8/query/img_02851_c0_1284563497660456us.jpg 0.456990 0.461017 -0.541584 0.534144 625.843671 -168.340122 27.155462
slice8/query/img_02852_c0_1284563497727191us.jpg 0.456695 0.460985 -0.541751 0.534255 626.313964 -168.974479 27.146983
slice8/query/img_02853_c0_1284563497860419us.jpg 0.456223 0.460116 -0.542537 0.534609 627.257662 -170.246078 27.133938
slice8/query/img_02854_c0_1284563497927156us.jpg 0.455891 0.459528 -0.543133 0.534794 627.730743 -170.886792 27.127145
slice8/query/img_02855_c0_1284563497993770us.jpg 0.455475 0.459134 -0.543436 0.535178 628.200319 -171.525771 27.119301
slice8/query/img_02856_c0_1284563498127126us.jpg 0.454971 0.457810 -0.543920 0.536249 629.138794 -172.808843 27.104538
slice8/query/img_02857_c0_1284563498193734us.jpg 0.455049 0.456581 -0.543885 0.537265 629.605154 -173.454527 27.095107
slice8/query/img_02858_c0_1284563498260373us.jpg 0.455002 0.455484 -0.543780 0.538341 630.068168 -174.097645 27.088551
slice8/query/img_02859_c0_1284563498393722us.jpg 0.454073 0.454730 -0.543953 0.539587 631.000150 -175.394297 27.073437
slice8/query/img_02860_c0_1284563498460312us.jpg 0.453836 0.454215 -0.544341 0.539828 631.462114 -176.045268 27.069422
slice8/query/img_02861_c0_1284563498527051us.jpg 0.453485 0.453676 -0.544735 0.540179 631.924162 -176.694191 27.064618
slice8/query/img_02862_c0_1284563498593670us.jpg 0.452991 0.453752 -0.545025 0.540237 632.383944 -177.346536 27.059992
slice8/query/img_02863_c0_1284563498727039us.jpg 0.452010 0.453925 -0.545150 0.540786 633.313172 -178.651800 27.047923
slice8/query/img_02864_c0_1284563498793628us.jpg 0.451502 0.454179 -0.545041 0.541108 633.776104 -179.305491 27.040354
slice8/query/img_02865_c0_1284563498860242us.jpg 0.451039 0.454159 -0.544981 0.541571 634.234939 -179.955680 27.034558
slice8/query/img_02866_c0_1284563498994003us.jpg 0.450707 0.453280 -0.545535 0.542025 635.156765 -181.263612 27.026433
slice8/query/img_02867_c0_1284563499060207us.jpg 0.451271 0.452391 -0.546165 0.541665 635.615715 -181.921860 27.026384
slice8/query/img_02868_c0_1284563499126945us.jpg 0.451828 0.451857 -0.546481 0.541327 636.069701 -182.578082 27.025874
slice8/query/img_02869_c0_1284563499193558us.jpg 0.452440 0.451606 -0.546680 0.540825 636.521538 -183.235025 27.024081
slice8/query/img_02870_c0_1284563499326912us.jpg 0.452973 0.451105 -0.546450 0.541030 637.429700 -184.543984 27.017694
slice8/query/img_02871_c0_1284563499393545us.jpg 0.452972 0.451003 -0.546015 0.541553 637.886414 -185.195774 27.014609
slice8/query/img_02872_c0_1284563499460135us.jpg 0.452729 0.451309 -0.545550 0.541970 638.343223 -185.851078 27.011244
slice8/query/img_02873_c0_1284563499526877us.jpg 0.452501 0.451844 -0.545344 0.541921 638.798359 -186.503904 27.007784
slice8/query/img_02874_c0_1284563499660104us.jpg 0.452598 0.452852 -0.545268 0.541075 639.713551 -187.816562 27.003381
slice8/query/img_02875_c0_1284563499726840us.jpg 0.453121 0.453048 -0.545161 0.540581 640.169715 -188.473719 27.005089
slice8/query/img_02876_c0_1284563499793453us.jpg 0.453849 0.452536 -0.545154 0.540406 640.627755 -189.131717 27.003817
slice8/query/img_02877_c0_1284563499860067us.jpg 0.454602 0.452149 -0.544995 0.540258 641.080894 -189.784740 27.001684
slice8/query/img_02878_c0_1284563499993442us.jpg 0.455849 0.452187 -0.544637 0.539536 641.996936 -191.092002 26.999087
slice8/query/img_02879_c0_1284563500060028us.jpg 0.456262 0.452326 -0.544360 0.539349 642.456853 -191.744421 26.995968
slice8/query/img_02880_c0_1284563500126769us.jpg 0.456564 0.452506 -0.544201 0.539104 642.915308 -192.395022 26.992882
slice8/query/img_02881_c0_1284563500193383us.jpg 0.456569 0.452811 -0.544127 0.538918 643.376061 -193.040448 26.990193
slice8/query/img_02882_c0_1284563500326756us.jpg 0.456256 0.454052 -0.543809 0.538460 644.305566 -194.335466 26.979562
slice8/query/img_02883_c0_1284563500393348us.jpg 0.455948 0.454841 -0.543510 0.538357 644.773889 -194.982214 26.974564
slice8/query/img_02884_c0_1284563500459961us.jpg 0.455619 0.455733 -0.543203 0.538191 645.240017 -195.630452 26.968698
slice8/query/img_02885_c0_1284563500526700us.jpg 0.455349 0.456382 -0.542878 0.538197 645.708230 -196.274167 26.963189
slice8/query/img_02886_c0_1284563500659928us.jpg 0.455081 0.457409 -0.542514 0.537919 646.637722 -197.566956 26.951903
slice8/query/img_02887_c0_1284563500793278us.jpg 0.454507 0.457820 -0.542781 0.537786 647.571651 -198.858058 26.947042
slice8/query/img_02888_c0_1284563500926630us.jpg 0.453867 0.458410 -0.542918 0.537685 648.501760 -200.147417 26.939048
slice8/query/img_02889_c0_1284563500993240us.jpg 0.453620 0.458461 -0.542935 0.537833 648.967115 -200.792887 26.934643
slice8/query/img_02890_c0_1284563501059855us.jpg 0.453309 0.458514 -0.543053 0.537931 649.431354 -201.434290 26.931298
slice8/query/img_02891_c0_1284563501193211us.jpg 0.451878 0.459024 -0.543223 0.538528 650.360315 -202.721889 26.922661
slice8/query/img_02892_c0_1284563501259819us.jpg 0.451209 0.459250 -0.543362 0.538756 650.821932 -203.364277 26.917486
slice8/query/img_02893_c0_1284563501326558us.jpg 0.450555 0.459384 -0.543548 0.539002 651.283236 -204.002454 26.911893
slice8/query/img_02894_c0_1284563501459808us.jpg 0.449665 0.459269 -0.544145 0.539240 652.199994 -205.289870 26.903030
slice8/query/img_02895_c0_1284563501526524us.jpg 0.449415 0.459079 -0.544416 0.539337 652.656158 -205.931767 26.898871
slice8/query/img_02896_c0_1284563501593135us.jpg 0.449057 0.458996 -0.544733 0.539386 653.109208 -206.569864 26.895072
slice8/query/img_02897_c0_1284563501659748us.jpg 0.448731 0.458759 -0.545004 0.539584 653.560874 -207.209565 26.893130
slice8/query/img_02898_c0_1284563501793100us.jpg 0.448396 0.458200 -0.545280 0.540059 654.460475 -208.492062 26.885413
slice8/query/img_02899_c0_1284563501859713us.jpg 0.448202 0.457790 -0.545574 0.540271 654.909431 -209.132459 26.881891
slice8/query/img_02900_c0_1284563501993067us.jpg 0.448315 0.457014 -0.545895 0.540509 655.806936 -210.417658 26.874810
slice8/query/img_02901_c0_1284563502059699us.jpg 0.448709 0.456349 -0.545984 0.540654 656.254917 -211.061316 26.871003
slice8/query/img_02902_c0_1284563502126416us.jpg 0.449161 0.455979 -0.545874 0.540702 656.699129 -211.704328 26.863735
slice8/query/img_02903_c0_1284563502193031us.jpg 0.449509 0.455882 -0.545914 0.540455 657.144800 -212.344352 26.861272
slice8/query/img_02904_c0_1284563502326398us.jpg 0.450016 0.455621 -0.545873 0.540294 658.034545 -213.631205 26.853943
slice8/query/img_02905_c0_1284563502392993us.jpg 0.450254 0.455624 -0.545817 0.540151 658.480157 -214.271198 26.848185
slice8/query/img_02906_c0_1284563502459609us.jpg 0.450174 0.455902 -0.545657 0.540143 658.927358 -214.909822 26.840831
slice8/query/img_02907_c0_1284563502592980us.jpg 0.449603 0.456979 -0.545148 0.540223 659.824303 -216.183261 26.832435
slice8/query/img_02908_c0_1284563502659595us.jpg 0.449619 0.457146 -0.544948 0.540270 660.273448 -216.822088 26.826602
slice8/query/img_02909_c0_1284563502726311us.jpg 0.449765 0.457272 -0.544782 0.540210 660.719595 -217.461508 26.821195
slice8/query/img_02910_c0_1284563502792926us.jpg 0.450100 0.457010 -0.544763 0.540172 661.166487 -218.098169 26.817755
slice8/query/img_02911_c0_1284563502926279us.jpg 0.450675 0.457034 -0.544423 0.540015 662.068113 -219.379582 26.813030
slice8/query/img_02912_c0_1284563502992890us.jpg 0.451222 0.456816 -0.544172 0.539995 662.517250 -220.022933 26.810876
slice8/query/img_02913_c0_1284563503059503us.jpg 0.451695 0.456634 -0.543808 0.540120 662.968316 -220.665863 26.808320
slice8/query/img_02914_c0_1284563503126241us.jpg 0.452221 0.456385 -0.543547 0.540154 663.422657 -221.310883 26.805596
slice8/query/img_02915_c0_1284563503259469us.jpg 0.452667 0.456043 -0.543377 0.540239 664.339721 -222.607304 26.797320
slice8/query/img_02916_c0_1284563503326216us.jpg 0.452978 0.456207 -0.543242 0.539976 664.796977 -223.256744 26.793829
slice8/query/img_02917_c0_1284563503392820us.jpg 0.453262 0.455955 -0.543163 0.540030 665.257306 -223.906496 26.791901
slice8/query/img_02918_c0_1284563503459434us.jpg 0.453665 0.455496 -0.543082 0.540161 665.718181 -224.556602 26.789587
slice8/query/img_02919_c0_1284563503592786us.jpg 0.454801 0.454585 -0.543073 0.539982 666.643878 -225.873411 26.782030
slice8/query/img_02920_c0_1284563503659398us.jpg 0.455170 0.454439 -0.543050 0.539817 667.111612 -226.530658 26.778143
slice8/query/img_02921_c0_1284563503726135us.jpg 0.455423 0.454419 -0.542923 0.539748 667.576496 -227.185265 26.774659
slice8/query/img_02922_c0_1284563503792749us.jpg 0.455640 0.454283 -0.542773 0.539830 668.042952 -227.841394 26.769679
slice8/query/img_02923_c0_1284563503926123us.jpg 0.455958 0.453651 -0.542508 0.540359 668.981675 -229.155624 26.760881
slice8/query/img_02924_c0_1284563503992713us.jpg 0.455991 0.453716 -0.542272 0.540513 669.449708 -229.809932 26.756111
slice8/query/img_02925_c0_1284563504059327us.jpg 0.455637 0.454365 -0.542103 0.540437 669.917698 -230.461934 26.751166
slice8/query/img_02926_c0_1284563504193557us.jpg 0.454578 0.455473 -0.542071 0.540427 670.864039 -231.774356 26.742068
slice8/query/img_02927_c0_1284563504259293us.jpg 0.454167 0.455578 -0.542263 0.540492 671.335752 -232.427443 26.740122
slice8/query/img_02928_c0_1284563504326030us.jpg 0.453539 0.455614 -0.542715 0.540536 671.808650 -233.079143 26.738003
slice8/query/img_02929_c0_1284563504392643us.jpg 0.452958 0.456005 -0.543008 0.540398 672.278513 -233.729952 26.735193
slice8/query/img_02930_c0_1284563504526036us.jpg 0.452189 0.456842 -0.542318 0.541028 673.212945 -235.036414 26.728898
slice8/query/img_02931_c0_1284563504592652us.jpg 0.452285 0.456679 -0.541968 0.541436 673.676258 -235.686820 26.726645
slice8/query/img_02932_c0_1284563504725980us.jpg 0.452987 0.455591 -0.541987 0.541747 674.609191 -236.998784 26.729641
slice8/query/img_02933_c0_1284563504792574us.jpg 0.453110 0.455213 -0.542125 0.541823 675.073205 -237.650572 26.730458
slice8/query/img_02934_c0_1284563504859186us.jpg 0.453060 0.455082 -0.542271 0.541829 675.536993 -238.304107 26.730756
slice8/query/img_02935_c0_1284563504992538us.jpg 0.453066 0.455021 -0.541113 0.543032 676.458061 -239.605317 26.731058
slice8/query/img_02936_c0_1284563505059151us.jpg 0.453227 0.454481 -0.540220 0.544238 676.914224 -240.251773 26.729955
slice8/query/img_02937_c0_1284563505125889us.jpg 0.453203 0.454159 -0.539653 0.545088 677.368042 -240.893659 26.731769
slice8/query/img_02938_c0_1284563505259119us.jpg 0.452755 0.454433 -0.539678 0.545208 678.280589 -242.182081 26.744609
slice8/query/img_02939_c0_1284563505325875us.jpg 0.452656 0.454513 -0.540156 0.544749 678.734204 -242.824351 26.751443
slice8/query/img_02940_c0_1284563505392468us.jpg 0.452673 0.454575 -0.540464 0.544378 679.188829 -243.463991 26.759298
slice8/query/img_02941_c0_1284563505459083us.jpg 0.452350 0.455009 -0.540486 0.544261 679.641896 -244.099864 26.766130
slice8/query/img_02942_c0_1284563505592458us.jpg 0.451667 0.455743 -0.540617 0.544084 680.549142 -245.371609 26.771766
slice8/query/img_02943_c0_1284563505659048us.jpg 0.451925 0.455425 -0.540851 0.543906 680.999131 -246.006090 26.777886
slice8/query/img_02944_c0_1284563505725783us.jpg 0.452431 0.455085 -0.541195 0.543426 681.446343 -246.638804 26.785200
slice8/query/img_02945_c0_1284563505859013us.jpg 0.454754 0.453299 -0.541944 0.542232 682.337025 -247.906499 26.800696
slice8/query/img_02946_c0_1284563505925749us.jpg 0.456525 0.452398 -0.541853 0.541586 682.779540 -248.540479 26.806530
slice8/query/img_02947_c0_1284563505992365us.jpg 0.458165 0.451302 -0.541367 0.541603 683.221597 -249.172585 26.810037
slice8/query/img_02948_c0_1284563506058978us.jpg 0.459544 0.450450 -0.540240 0.542268 683.659312 -249.798568 26.811784
slice8/query/img_02949_c0_1284563506192329us.jpg 0.461778 0.447978 -0.537162 0.545467 684.544040 -251.047436 26.814076
slice8/query/img_02950_c0_1284563506258940us.jpg 0.462416 0.447681 -0.536216 0.546101 684.986445 -251.670209 26.817026
slice8/query/img_02951_c0_1284563506325678us.jpg 0.462725 0.448363 -0.535962 0.545528 685.426435 -252.289664 26.826592
slice8/query/img_02952_c0_1284563506458927us.jpg 0.463201 0.449849 -0.537017 0.542857 686.309769 -253.530983 26.848995
slice8/query/img_02953_c0_1284563506525644us.jpg 0.463810 0.449677 -0.537369 0.542130 686.754048 -254.149290 26.858787
slice8/query/img_02954_c0_1284563506592256us.jpg 0.464226 0.449007 -0.537466 0.542234 687.199975 -254.765308 26.862647
slice8/query/img_02955_c0_1284563506658870us.jpg 0.463923 0.449216 -0.536816 0.542962 687.644425 -255.379249 26.863028
slice8/query/img_02956_c0_1284563506792220us.jpg 0.462277 0.451742 -0.534735 0.544323 688.526902 -256.600786 26.863073
slice8/query/img_02957_c0_1284563506858833us.jpg 0.461880 0.452680 -0.533795 0.544803 688.968461 -257.210067 26.866545
slice8/query/img_02958_c0_1284563506925572us.jpg 0.462233 0.452638 -0.533232 0.545089 689.409638 -257.817935 26.876626
slice8/query/img_02959_c0_1284563507058818us.jpg 0.463243 0.451811 -0.532640 0.545498 690.295459 -259.041338 26.909376
slice8/query/img_02960_c0_1284563507125536us.jpg 0.463776 0.451415 -0.532385 0.545621 690.740541 -259.653713 26.926649
slice8/query/img_02961_c0_1284563507192150us.jpg 0.464238 0.451176 -0.532190 0.545616 691.183378 -260.264921 26.942388
slice8/query/img_02962_c0_1284563507325501us.jpg 0.464691 0.451360 -0.531531 0.545721 692.077245 -261.490568 26.973693
slice8/query/img_02963_c0_1284563507392114us.jpg 0.465013 0.451337 -0.531180 0.545807 692.522759 -262.104246 26.989127
slice8/query/img_02964_c0_1284563507458728us.jpg 0.465153 0.451564 -0.530697 0.545970 692.968859 -262.715247 27.003027
slice8/query/img_02965_c0_1284563507592081us.jpg 0.465318 0.452164 -0.529606 0.546393 693.872606 -263.938085 27.027838
slice8/query/img_02966_c0_1284563507658693us.jpg 0.465167 0.452717 -0.529092 0.546561 694.325042 -264.549329 27.041037
slice8/query/img_02967_c0_1284563507725432us.jpg 0.464950 0.453093 -0.528863 0.546655 694.780110 -265.158689 27.055100
slice8/query/img_02968_c0_1284563507858665us.jpg 0.464320 0.454481 -0.528798 0.546102 695.693782 -266.383455 27.086642
slice8/query/img_02969_c0_1284563507925397us.jpg 0.463822 0.455231 -0.528864 0.545835 696.152601 -266.994145 27.101606
slice8/query/img_02970_c0_1284563507992009us.jpg 0.463287 0.456081 -0.528679 0.545760 696.610697 -267.606001 27.116066
slice8/query/img_02971_c0_1284563508125368us.jpg 0.462178 0.457330 -0.528478 0.545850 697.531454 -268.832488 27.146532
slice8/query/img_02972_c0_1284563508191975us.jpg 0.461571 0.457864 -0.528330 0.546059 697.990892 -269.446238 27.163092
slice8/query/img_02973_c0_1284563508258588us.jpg 0.460806 0.458709 -0.528092 0.546227 698.451377 -270.057042 27.177960
slice8/query/img_02974_c0_1284563508325326us.jpg 0.459993 0.459103 -0.527992 0.546677 698.910682 -270.669271 27.192798
slice8/query/img_02975_c0_1284563508458554us.jpg 0.458385 0.459994 -0.527533 0.547720 699.834439 -271.898440 27.223709
slice8/query/img_02976_c0_1284563508525292us.jpg 0.457489 0.460311 -0.527523 0.548213 700.295861 -272.515681 27.240672
slice8/query/img_02977_c0_1284563508591904us.jpg 0.456541 0.460904 -0.527478 0.548548 700.757174 -273.131849 27.258268
slice8/query/img_02978_c0_1284563508725283us.jpg 0.454826 0.461096 -0.528042 0.549267 701.681097 -274.371790 27.296326
slice8/query/img_02979_c0_1284563508791869us.jpg 0.454072 0.460962 -0.528516 0.549549 702.141117 -274.993740 27.316619
slice8/query/img_02980_c0_1284563508858483us.jpg 0.453324 0.460858 -0.528989 0.549798 702.602425 -275.617507 27.337136
slice8/query/img_02981_c0_1284563508925221us.jpg 0.452555 0.460440 -0.529468 0.550321 703.059228 -276.240539 27.357602
slice8/query/img_02982_c0_1284563509058470us.jpg 0.451821 0.459388 -0.529904 0.551382 703.970657 -277.499853 27.400007
slice8/query/img_02983_c0_1284563509125186us.jpg 0.451588 0.458627 -0.530189 0.551933 704.427555 -278.130536 27.421700
slice8/query/img_02984_c0_1284563509191799us.jpg 0.451394 0.458115 -0.530328 0.552383 704.881161 -278.760146 27.442873
slice8/query/img_02985_c0_1284563509325153us.jpg 0.451228 0.456856 -0.530753 0.553153 705.793896 -280.036687 27.488509
slice8/query/img_02986_c0_1284563509391764us.jpg 0.451029 0.456339 -0.530944 0.553558 706.246967 -280.675759 27.511653
slice8/query/img_02987_c0_1284563509458377us.jpg 0.450969 0.455837 -0.531210 0.553764 706.700606 -281.312180 27.534832
slice8/query/img_02988_c0_1284563509525116us.jpg 0.450943 0.455590 -0.531317 0.553886 707.153995 -281.949021 27.557822
slice8/query/img_02989_c0_1284563509658367us.jpg 0.451497 0.454939 -0.531444 0.553848 708.056538 -283.231132 27.607448
slice8/query/img_02990_c0_1284563509791692us.jpg 0.452670 0.453719 -0.530857 0.554455 708.953510 -284.511000 27.658397
slice8/query/img_02991_c0_1284563509858307us.jpg 0.453142 0.453241 -0.530345 0.554949 709.402716 -285.148953 27.682577
slice8/query/img_02992_c0_1284563509991682us.jpg 0.453850 0.452840 -0.528966 0.556013 710.297651 -286.426282 27.731647
slice8/query/img_02993_c0_1284563510058270us.jpg 0.454009 0.452552 -0.528615 0.556452 710.751146 -287.062405 27.758183
slice8/query/img_02994_c0_1284563510125010us.jpg 0.453942 0.452823 -0.528336 0.556551 711.201975 -287.699104 27.785680
slice8/query/img_02995_c0_1284563510258549us.jpg 0.453597 0.453381 -0.527936 0.556759 712.106081 -288.974817 27.841810
slice8/query/img_02996_c0_1284563510324974us.jpg 0.453224 0.453640 -0.527615 0.557155 712.554205 -289.607675 27.869764
