slice8/query/img_03003_c0_1285949932691592us.jpg 0.577022 0.590066 -0.413197 0.384884 571.830123 -110.216160 28.781651
slice8/query/img_03004_c0_1285949932758330us.jpg 0.575028 0.585679 -0.416632 0.390820 572.605183 -110.529823 28.746828
slice8/query/img_03005_c0_1285949932891579us.jpg 0.571428 0.576122 -0.425890 0.400214 574.129913 -111.203202 28.689748
slice8/query/img_03006_c0_1285949932958314us.jpg 0.569099 0.572144 -0.429153 0.405716 574.874266 -111.554132 28.662777
slice8/query/img_03007_c0_1285949933024909us.jpg 0.567463 0.567512 -0.430472 0.413050 575.600706 -111.911314 28.629340
slice8/query/img_03008_c0_1285949933091521us.jpg 0.564584 0.563613 -0.433209 0.419422 576.324027 -112.276109 28.602259
slice8/query/img_03009_c0_1285949933224902us.jpg 0.555861 0.557898 -0.443130 0.428256 577.768344 -113.080544 28.545540
slice8/query/img_03010_c0_1285949933291486us.jpg 0.550914 0.554885 -0.449694 0.431708 578.487074 -113.480204 28.519427
slice8/query/img_03011_c0_1285949933358225us.jpg 0.545614 0.551826 -0.455960 0.435768 579.189747 -113.877952 28.497492
slice8/query/img_03012_c0_1285949933491451us.jpg 0.535855 0.544317 -0.465317 0.447279 580.573988 -114.712289 28.464998
slice8/query/img_03013_c0_1285949933558209us.jpg 0.531929 0.540267 -0.468509 0.453501 581.251310 -115.171585 28.435950
slice8/query/img_03014_c0_1285949933624803us.jpg 0.528475 0.535771 -0.472834 0.458358 581.918230 -115.635575 28.411729
slice8/query/img_03015_c0_1285949933691416us.jpg 0.525363 0.531234 -0.478383 0.461448 582.571267 -116.103888 28.397452
slice8/query/img_03016_c0_1285949933824767us.jpg 0.518771 0.522082 -0.488984 0.468189 583.875985 -117.080453 28.367980
slice8/query/img_03017_c0_1285949933891380us.jpg 0.515634 0.517325 -0.492030 0.473712 584.507603 -117.584863 28.344768
slice8/query/img_03018_c0_1285949933958124us.jpg 0.512392 0.513035 -0.494287 0.479510 585.131981 -118.097806 28.319030
slice8/query/img_03019_c0_1285949934024732us.jpg 0.508909 0.509305 -0.496340 0.485042 585.742489 -118.616203 28.297325
slice8/query/img_03020_c0_1285949934158084us.jpg 0.502480 0.503804 -0.499609 0.494051 586.943154 -119.688323 28.261073
slice8/query/img_03021_c0_1285949934224696us.jpg 0.500458 0.500378 -0.501751 0.497403 587.528799 -120.239970 28.250340
slice8/query/img_03022_c0_1285949934291309us.jpg 0.499074 0.496249 -0.504868 0.499770 588.105715 -120.800586 28.248138
slice8/query/img_03023_c0_1285949934424685us.jpg 0.496145 0.489541 -0.510789 0.503273 589.242604 -121.959466 28.241895
slice8/query/img_03024_c0_1285949934491296us.jpg 0.493991 0.487061 -0.513777 0.504756 589.806029 -122.541793 28.232876
slice8/query/img_03025_c0_1285949934558013us.jpg 0.491743 0.484724 -0.516695 0.506219 590.366381 -123.130402 28.223162
slice8/query/img_03026_c0_1285949934624626us.jpg 0.489552 0.482662 -0.519374 0.507569 590.920921 -123.719352 28.211946
slice8/query/img_03027_c0_1285949934757997us.jpg 0.485688 0.479886 -0.522291 0.510909 592.016603 -124.928273 28.178010
slice8/query/img_03028_c0_1285949934824612us.jpg 0.484600 0.478278 -0.523151 0.512568 592.559290 -125.541813 28.160288
slice8/query/img_03029_c0_1285949934891205us.jpg 0.484203 0.475964 -0.524158 0.514066 593.100237 -126.159843 28.143882
slice8/query/img_03030_c0_1285949934957943us.jpg 0.484068 0.473396 -0.525340 0.515356 593.635188 -126.778517 28.132362
slice8/query/img_03031_c0_1285949935091168us.jpg 0.483464 0.469320 -0.527692 0.517245 594.706084 -128.040769 28.103052
slice8/query/img_03032_c0_1285949935157906us.jpg 0.482623 0.468363 -0.528819 0.517746 595.247554 -128.672801 28.096149
slice8/query/img_03033_c0_1285949935291139us.jpg 0.480640 0.466901 -0.531049 0.518628 596.334298 -129.965396 28.065819
slice8/query/img_03034_c0_1285949935357871us.jpg 0.479628 0.466623 -0.531872 0.518972 596.879808 -130.620316 28.049749
slice8/query/img_03035_c0_1285949935424484us.jpg 0.478151 0.466638 -0.532741 0.519430 597.427727 -131.274497 28.032860
slice8/query/img_03036_c0_1285949935491097us.jpg 0.476887 0.466718 -0.533521 0.519720 597.974073 -131.934811 28.014295
slice8/query/img_03037_c0_1285949935624458us.jpg 0.474616 0.467077 -0.534544 0.520425 599.067042 -133.262077 27.975136
slice8/query/img_03038_c0_1285949935691062us.jpg 0.473622 0.467202 -0.534958 0.520792 599.611721 -133.928383 27.955142
slice8/query/img_03039_c0_1285949935757800us.jpg 0.472827 0.467212 -0.535532 0.520915 600.154985 -134.595740 27.936529
slice8/query/img_03040_c0_1285949935824413us.jpg 0.472170 0.467011 -0.536333 0.520867 600.697163 -135.263244 27.916406
slice8/query/img_03041_c0_1285949935957765us.jpg 0.470618 0.467734 -0.537602 0.520315 601.781322 -136.605122 27.881392
slice8/query/img_03042_c0_1285949936024378us.jpg 0.469741 0.468090 -0.538038 0.520337 602.321427 -137.273166 27.862543
slice8/query/img_03043_c0_1285949936090991us.jpg 0.469209 0.467914 -0.538305 0.520700 602.858680 -137.939913 27.843861
slice8/query/img_03044_c0_1285949936224344us.jpg 0.468789 0.466339 -0.538610 0.522171 603.926635 -139.275176 27.810389
slice8/query/img_03045_c0_1285949936290956us.jpg 0.468823 0.465560 -0.538759 0.522683 604.458052 -139.944053 27.794721
slice8/query/img_03046_c0_1285949936357696us.jpg 0.469066 0.464883 -0.538908 0.522914 604.983632 -140.613753 27.778926
slice8/query/img_03047_c0_1285949936490925us.jpg 0.469472 0.464182 -0.539472 0.522590 606.036361 -141.953767 27.748657
slice8/query/img_03048_c0_1285949936557678us.jpg 0.469158 0.463787 -0.539779 0.522907 606.563191 -142.619728 27.733593
slice8/query/img_03049_c0_1285949936624271us.jpg 0.468453 0.463355 -0.540016 0.523677 607.086939 -143.281549 27.715397
slice8/query/img_03050_c0_1285949936757648us.jpg 0.464919 0.464579 -0.540198 0.525550 608.139747 -144.599435 27.673287
slice8/query/img_03051_c0_1285949936824236us.jpg 0.462989 0.465937 -0.540329 0.525917 608.667464 -145.265008 27.652173
slice8/query/img_03052_c0_1285949936890850us.jpg 0.461504 0.466657 -0.540537 0.526369 609.191159 -145.928336 27.632426
slice8/query/img_03053_c0_1285949936957587us.jpg 0.460733 0.466680 -0.540855 0.526698 609.710296 -146.594771 27.618754
slice8/query/img_03054_c0_1285949937090839us.jpg 0.459820 0.465948 -0.541822 0.527150 610.744880 -147.930228 27.588471
slice8/query/img_03055_c0_1285949937157551us.jpg 0.459190 0.465801 -0.542379 0.527256 611.258994 -148.595937 27.573948
slice8/query/img_03056_c0_1285949937290779us.jpg 0.457345 0.465695 -0.543272 0.528033 612.295349 -149.933520 27.542710
slice8/query/img_03057_c0_1285949937357516us.jpg 0.456397 0.465531 -0.543876 0.528376 612.809371 -150.602564 27.527329
slice8/query/img_03058_c0_1285949937490768us.jpg 0.455296 0.464595 -0.545981 0.527979 613.832667 -151.958330 27.502627
slice8/query/img_03059_c0_1285949937557504us.jpg 0.454997 0.464305 -0.546805 0.527639 614.341521 -152.636974 27.487110
slice8/query/img_03060_c0_1285949937624096us.jpg 0.454845 0.463736 -0.547432 0.527619 614.845477 -153.314279 27.472504
slice8/query/img_03061_c0_1285949937690708us.jpg 0.455039 0.462706 -0.547496 0.528292 615.349451 -153.991840 27.453487
slice8/query/img_03062_c0_1285949937824064us.jpg 0.454831 0.460825 -0.547441 0.530167 616.349897 -155.337727 27.414800
slice8/query/img_03063_c0_1285949937890672us.jpg 0.454332 0.460587 -0.547529 0.530711 616.847793 -156.011694 27.395836
slice8/query/img_03064_c0_1285949937957411us.jpg 0.453580 0.460526 -0.547747 0.531181 617.344281 -156.685345 27.376187
slice8/query/img_03065_c0_1285949938091212us.jpg 0.452243 0.460373 -0.548228 0.531958 618.336426 -158.029047 27.340075
slice8/query/img_03066_c0_1285949938157378us.jpg 0.451701 0.460305 -0.548507 0.532189 618.827982 -158.700252 27.325642
slice8/query/img_03067_c0_1285949938223991us.jpg 0.451541 0.460161 -0.548460 0.532498 619.313885 -159.373633 27.310669
slice8/query/img_03068_c0_1285949938290604us.jpg 0.451379 0.459846 -0.548370 0.532999 619.799768 -160.046838 27.298575
slice8/query/img_03069_c0_1285949938423958us.jpg 0.451453 0.459085 -0.547939 0.534037 620.774441 -161.396959 27.269878
slice8/query/img_03070_c0_1285949938490590us.jpg 0.451735 0.458812 -0.547849 0.534125 621.260411 -162.071868 27.256878
slice8/query/img_03071_c0_1285949938557307us.jpg 0.452123 0.458426 -0.547893 0.534082 621.744034 -162.743067 27.243929
slice8/query/img_03072_c0_1285949938623920us.jpg 0.452464 0.457982 -0.547997 0.534067 622.224323 -163.412337 27.234054
slice8/query/img_03073_c0_1285949938757273us.jpg 0.452919 0.457624 -0.547949 0.534038 623.182837 -164.747711 27.213548
slice8/query/img_03074_c0_1285949938823884us.jpg 0.453163 0.457603 -0.547641 0.534165 623.660448 -165.413162 27.199751
slice8/query/img_03075_c0_1285949938890497us.jpg 0.453471 0.457289 -0.547221 0.534602 624.135212 -166.072610 27.186668
slice8/query/img_03076_c0_1285949939023851us.jpg 0.453951 0.456829 -0.546329 0.535500 625.087325 -167.388566 27.166240
slice8/query/img_03077_c0_1285949939090462us.jpg 0.454220 0.456967 -0.545955 0.535536 625.563601 -168.051500 27.157166
slice8/query/img_03078_c0_1285949939157202us.jpg 0.454473 0.456985 -0.545804 0.535460 626.036624 -168.710084 27.146811
slice8/query/img_03079_c0_1285949939290453us.jpg 0.455217 0.456532 -0.545800 0.535218 626.988094 -170.027930 27.132568
slice8/query/img_03080_c0_1285949939357166us.jpg 0.455666 0.456096 -0.545963 0.535041 627.460237 -170.684801 27.125895
slice8/query/img_03081_c0_1285949939423779us.jpg 0.456059 0.455971 -0.545983 0.534792 627.932167 -171.340853 27.116993
slice8/query/img_03082_c0_1285949939490392us.jpg 0.456293 0.456066 -0.545797 0.534702 628.399098 -171.990638 27.111314
slice8/query/img_03083_c0_1285949939623745us.jpg 0.456852 0.455567 -0.545369 0.535087 629.331678 -173.289124 27.094953
slice8/query/img_03084_c0_1285949939690377us.jpg 0.457267 0.455011 -0.544842 0.535742 629.798237 -173.935238 27.087626
slice8/query/img_03085_c0_1285949939757096us.jpg 0.457325 0.455052 -0.544390 0.536116 630.262512 -174.577583 27.079990
slice8/query/img_03086_c0_1285949939823709us.jpg 0.457304 0.455331 -0.544075 0.536218 630.725933 -175.216564 27.072908
slice8/query/img_03087_c0_1285949939957062us.jpg 0.457467 0.455476 -0.543964 0.536069 631.650436 -176.497858 27.060463
slice8/query/img_03088_c0_1285949940023675us.jpg 0.457264 0.455667 -0.544057 0.535984 632.113495 -177.136212 27.057488
slice8/query/img_03089_c0_1285949940090287us.jpg 0.456979 0.456055 -0.544042 0.535913 632.575364 -177.771879 27.052833
slice8/query/img_03090_c0_1285949940223658us.jpg 0.456067 0.456698 -0.543981 0.536204 633.496138 -179.035483 27.041398
slice8/query/img_03091_c0_1285949940290252us.jpg 0.455583 0.457049 -0.543778 0.536522 633.954155 -179.664637 27.035175
slice8/query/img_03092_c0_1285949940356991us.jpg 0.455117 0.457347 -0.543642 0.536802 634.405885 -180.288696 27.029722
slice8/query/img_03093_c0_1285949940423601us.jpg 0.454760 0.457334 -0.543740 0.537016 634.857752 -180.911867 27.027169
slice8/query/img_03094_c0_1285949940556955us.jpg 0.454288 0.456144 -0.545275 0.536871 635.756513 -182.161407 27.023793
slice8/query/img_03095_c0_1285949940623567us.jpg 0.454187 0.455697 -0.545809 0.536793 636.200080 -182.780733 27.022358
slice8/query/img_03096_c0_1285949940690181us.jpg 0.453874 0.455420 -0.546214 0.536881 636.638782 -183.398171 27.018278
slice8/query/img_03097_c0_1285949940756919us.jpg 0.453508 0.454858 -0.546543 0.537331 637.074228 -184.010690 27.012918
slice8/query/img_03098_c0_1285949940890168us.jpg 0.452367 0.454080 -0.546874 0.538613 637.941878 -185.231724 27.010307
slice8/query/img_03099_c0_1285949940956886us.jpg 0.451541 0.453894 -0.547054 0.539279 638.375706 -185.839989 27.006910
slice8/query/img_03100_c0_1285949941023497us.jpg 0.450848 0.453863 -0.547382 0.539553 638.802216 -186.446184 27.002498
slice8/query/img_03101_c0_1285949941090109us.jpg 0.450288 0.453750 -0.547974 0.539515 639.221354 -187.050648 27.001916
slice8/query/img_03102_c0_1285949941223485us.jpg 0.449785 0.453085 -0.549057 0.539393 640.060599 -188.253417 27.005915
slice8/query/img_03103_c0_1285949941290074us.jpg 0.450232 0.452234 -0.549247 0.539540 640.473320 -188.853718 27.004323
slice8/query/img_03104_c0_1285949941356812us.jpg 0.450898 0.451229 -0.549429 0.539640 640.876116 -189.448132 27.005583
slice8/query/img_03105_c0_1285949941490041us.jpg 0.452288 0.450000 -0.549557 0.539371 641.689203 -190.632685 27.005365
slice8/query/img_03106_c0_1285949941556782us.jpg 0.452988 0.449627 -0.549434 0.539221 642.089060 -191.219365 27.002550
slice8/query/img_03107_c0_1285949941623391us.jpg 0.453649 0.449422 -0.549162 0.539114 642.487473 -191.800798 27.000338
slice8/query/img_03108_c0_1285949941690006us.jpg 0.454290 0.449250 -0.549067 0.538815 642.885702 -192.379926 26.998850
slice8/query/img_03109_c0_1285949941823378us.jpg 0.455042 0.449678 -0.548854 0.538039 643.677173 -193.526671 26.994184
slice8/query/img_03110_c0_1285949941889969us.jpg 0.455244 0.450228 -0.548629 0.537637 644.074731 -194.090073 26.992138
slice8/query/img_03111_c0_1285949941956708us.jpg 0.455367 0.450862 -0.548374 0.537261 644.469445 -194.649328 26.991330
slice8/query/img_03112_c0_1285949942023321us.jpg 0.455611 0.451554 -0.547877 0.536981 644.859943 -195.207024 26.990415
slice8/query/img_03113_c0_1285949942156696us.jpg 0.456510 0.452745 -0.546758 0.536353 645.639782 -196.316802 26.977393
slice8/query/img_03115_c0_1285949942289900us.jpg 0.457032 0.454124 -0.545929 0.535588 646.413913 -197.403372 26.972481
slice8/query/img_03116_c0_1285949942424284us.jpg 0.457400 0.455653 -0.545461 0.534451 647.184867 -198.476197 26.968335
slice8/query/img_03117_c0_1285949942489863us.jpg 0.457711 0.456450 -0.545040 0.533934 647.567209 -199.007330 26.965291
slice8/query/img_03118_c0_1285949942556602us.jpg 0.457913 0.457343 -0.544576 0.533470 647.946684 -199.531377 26.961357
slice8/query/img_03119_c0_1285949942623216us.jpg 0.457962 0.458138 -0.544325 0.533002 648.322062 -200.048230 26.958977
slice8/query/img_03120_c0_1285949942756568us.jpg 0.458085 0.459437 -0.543825 0.532288 649.072230 -201.073550 26.951888
slice8/query/img_03121_c0_1285949942823180us.jpg 0.457833 0.460081 -0.543795 0.531978 649.444155 -201.579733 26.947474
slice8/query/img_03122_c0_1285949942889792us.jpg 0.457471 0.460616 -0.543765 0.531858 649.810294 -202.078895 26.944077
slice8/query/img_03123_c0_1285949942956531us.jpg 0.456933 0.461131 -0.543717 0.531923 650.176912 -202.571954 26.940163
slice8/query/img_03124_c0_1285949943089757us.jpg 0.456036 0.461988 -0.543772 0.531893 650.899957 -203.549800 26.931246
slice8/query/img_03125_c0_1285949943156494us.jpg 0.455590 0.462236 -0.543898 0.531932 651.255290 -204.030001 26.927518
slice8/query/img_03126_c0_1285949943223107us.jpg 0.455311 0.462263 -0.543972 0.532071 651.606576 -204.506784 26.923992
slice8/query/img_03127_c0_1285949943356487us.jpg 0.454666 0.462168 -0.544602 0.532061 652.295161 -205.450264 26.920821
slice8/query/img_03129_c0_1285949943489686us.jpg 0.454065 0.462305 -0.544875 0.532175 652.968109 -206.375785 26.915692
slice8/query/img_03130_c0_1285949943556424us.jpg 0.453629 0.462372 -0.545070 0.532289 653.301113 -206.831973 26.914515
slice8/query/img_03131_c0_1285949943689656us.jpg 0.453141 0.461541 -0.545629 0.532853 653.957973 -207.733864 26.906972
slice8/query/img_03133_c0_1285949943823001us.jpg 0.452535 0.461098 -0.546132 0.533236 654.597243 -208.616842 26.901060
slice8/query/img_03134_c0_1285949943889613us.jpg 0.452191 0.460790 -0.546435 0.533483 654.909742 -209.051773 26.898631
slice8/query/img_03135_c0_1285949944022993us.jpg 0.451911 0.459845 -0.547068 0.533886 655.526869 -209.910863 26.892748
slice8/query/img_03136_c0_1285949944089581us.jpg 0.451792 0.459504 -0.547195 0.534152 655.828051 -210.335142 26.889028
slice8/query/img_03137_c0_1285949944156319us.jpg 0.451637 0.459000 -0.547540 0.534362 656.127643 -210.751344 26.884497
slice8/query/img_03138_c0_1285949944289569us.jpg 0.451368 0.458265 -0.548030 0.534717 656.716513 -211.575864 26.877626
slice8/query/img_03139_c0_1285949944356303us.jpg 0.451282 0.458244 -0.548241 0.534592 657.003975 -211.981512 26.871555
slice8/query/img_03140_c0_1285949944422898us.jpg 0.451133 0.458052 -0.548502 0.534615 657.286786 -212.379984 26.867937
slice8/query/img_03142_c0_1285949944622864us.jpg 0.451514 0.456782 -0.548783 0.535091 658.118211 -213.556384 26.859031
slice8/query/img_03144_c0_1285949944756213us.jpg 0.451426 0.457276 -0.548593 0.534938 658.658719 -214.324854 26.850926
slice8/query/img_03145_c0_1285949944822827us.jpg 0.451436 0.457232 -0.548640 0.534919 658.923558 -214.699655 26.848661
slice8/query/img_03146_c0_1285949944956204us.jpg 0.451413 0.457409 -0.548446 0.534986 659.446003 -215.439554 26.843022
slice8/query/img_03147_c0_1285949945022792us.jpg 0.451283 0.457684 -0.548355 0.534953 659.702606 -215.801207 26.839632
slice8/query/img_03149_c0_1285949945222757us.jpg 0.451267 0.457688 -0.548210 0.535113 660.451244 -216.864180 26.830444
slice8/query/img_03151_c0_1285949945356108us.jpg 0.451561 0.458003 -0.547807 0.535007 660.937862 -217.550627 26.826715
slice8/query/img_03152_c0_1285949945489336us.jpg 0.452090 0.457445 -0.548002 0.534839 661.412661 -218.222162 26.823775
slice8/query/img_03154_c0_1285949945622686us.jpg 0.452588 0.457725 -0.547793 0.534391 661.870587 -218.875874 26.820663
slice8/query/img_03155_c0_1285949945689300us.jpg 0.452600 0.458082 -0.547750 0.534120 662.095701 -219.194338 26.820634
slice8/query/img_03156_c0_1285949945822652us.jpg 0.452686 0.458073 -0.547932 0.533868 662.540301 -219.815710 26.820598
slice8/query/img_03158_c0_1285949945956002us.jpg 0.452937 0.457994 -0.547995 0.533658 662.966950 -220.415477 26.818307
slice8/query/img_03159_c0_1285949946089228us.jpg 0.453145 0.458367 -0.547670 0.533495 663.377608 -220.991887 26.815320
slice8/query/img_03161_c0_1285949946289191us.jpg 0.453740 0.457773 -0.548277 0.532875 663.965575 -221.822944 26.816569
slice8/query/img_03162_c0_1285949946422567us.jpg 0.453861 0.457812 -0.548624 0.532381 664.337561 -222.345752 26.816306
slice8/query/img_03164_c0_1285949946555895us.jpg 0.453944 0.458021 -0.548875 0.531873 664.694585 -222.843504 26.815074
slice8/query/img_03165_c0_1285949946755870us.jpg 0.454308 0.456788 -0.549511 0.531965 665.188176 -223.540766 26.813078
slice8/query/img_03166_c0_1285949947022470us.jpg 0.454787 0.456459 -0.549502 0.531846 665.779143 -224.368402 26.810589
slice8/query/img_03167_c0_1285949947089069us.jpg 0.454837 0.456292 -0.549628 0.531819 665.912522 -224.557119 26.810301
slice8/query/img_03169_c0_1285949947289017us.jpg 0.454738 0.455794 -0.550329 0.531604 666.285265 -225.078036 26.809223
slice8/query/img_03173_c0_1285949947622335us.jpg 0.455453 0.454957 -0.550492 0.531540 666.793265 -225.790064 26.804906
slice8/query/img_03177_c0_1285949947955671us.jpg 0.455233 0.455043 -0.549983 0.532182 667.166758 -226.309230 26.800790
slice8/query/img_03184_c0_1285949948555545us.jpg 0.456026 0.453774 -0.548834 0.533770 667.578670 -226.893784 26.796959
slice8/query/img_03342_c0_1285949961953181us.jpg 0.455029 0.454150 -0.543010 0.540219 667.973216 -227.441192 26.773567
slice8/query/img_03351_c0_1285949962686302us.jpg 0.455420 0.453872 -0.542678 0.540457 668.343275 -227.956407 26.768281
slice8/query/img_03357_c0_1285949963219604us.jpg 0.456301 0.453308 -0.540528 0.542338 668.725632 -228.498470 26.762398
slice8/query/img_03362_c0_1285949963619512us.jpg 0.456949 0.453709 -0.539444 0.542537 669.171815 -229.124637 26.760065
slice8/query/img_03366_c0_1285949963952851us.jpg 0.456804 0.455560 -0.539182 0.541367 669.658124 -229.792997 26.756067
slice8/query/img_03369_c0_1285949964152792us.jpg 0.457433 0.455857 -0.538544 0.541221 669.992671 -230.255745 26.751910
slice8/query/img_03371_c0_1285949964352779us.jpg 0.457883 0.456301 -0.537939 0.541068 670.364508 -230.768556 26.748711
slice8/query/img_03374_c0_1285949964552722us.jpg 0.457971 0.457126 -0.537245 0.540987 670.779044 -231.332429 26.743477
slice8/query/img_03375_c0_1285949964685953us.jpg 0.457761 0.458015 -0.536715 0.540938 671.077536 -231.734622 26.739258
slice8/query/img_03378_c0_1285949964885913us.jpg 0.457062 0.458912 -0.536835 0.540650 671.558684 -232.383187 26.733745
slice8/query/img_03379_c0_1285949965019267us.jpg 0.456889 0.458918 -0.536857 0.540769 671.897585 -232.843890 26.731493
slice8/query/img_03382_c0_1285949965219228us.jpg 0.456271 0.459144 -0.537195 0.540764 672.435480 -233.574320 26.730680
slice8/query/img_03383_c0_1285949965352581us.jpg 0.455655 0.458504 -0.537603 0.541419 672.813749 -234.084597 26.728781
slice8/query/img_03385_c0_1285949965485807us.jpg 0.454486 0.458046 -0.537773 0.542621 673.205874 -234.613003 26.722906
slice8/query/img_03387_c0_1285949965685780us.jpg 0.453005 0.457629 -0.538177 0.543809 673.822456 -235.447599 26.715452
slice8/query/img_03388_c0_1285949965752515us.jpg 0.452715 0.457158 -0.538488 0.544139 674.032076 -235.735922 26.713954
slice8/query/img_03390_c0_1285949965885737us.jpg 0.452102 0.455730 -0.539665 0.544680 674.464694 -236.327769 26.713029
slice8/query/img_03392_c0_1285949966085703us.jpg 0.451349 0.453957 -0.540316 0.546138 675.129892 -237.256991 26.712741
slice8/query/img_03394_c0_1285949966219052us.jpg 0.450869 0.453199 -0.541155 0.546333 675.585425 -237.903712 26.711587
slice8/query/img_03396_c0_1285949966419045us.jpg 0.449966 0.452242 -0.542025 0.547007 676.281173 -238.898805 26.711445
slice8/query/img_03397_c0_1285949966485651us.jpg 0.449886 0.451804 -0.541680 0.547776 676.513886 -239.237388 26.711199
slice8/query/img_03398_c0_1285949966552369us.jpg 0.449944 0.450987 -0.540988 0.549084 676.749643 -239.579012 26.709567
slice8/query/img_03400_c0_1285949966685596us.jpg 0.449932 0.449531 -0.539669 0.551581 677.233221 -240.282524 26.711814
slice8/query/img_03401_c0_1285949966818947us.jpg 0.449466 0.449567 -0.539373 0.552220 677.736063 -241.012496 26.715989
slice8/query/img_03402_c0_1285949966885559us.jpg 0.449278 0.449711 -0.539758 0.551879 677.991673 -241.386378 26.720889
slice8/query/img_03403_c0_1285949966952299us.jpg 0.449347 0.449372 -0.540239 0.551628 678.250811 -241.766664 26.726708
slice8/query/img_03405_c0_1285949967152314us.jpg 0.449669 0.449604 -0.540489 0.550931 679.049075 -242.937410 26.736754
slice8/query/img_03407_c0_1285949967285491us.jpg 0.449400 0.450959 -0.539859 0.550662 679.598193 -243.737415 26.740655
slice8/query/img_03408_c0_1285949967352228us.jpg 0.449324 0.451352 -0.539501 0.550752 679.877368 -244.142626 26.744009
slice8/query/img_03409_c0_1285949967418842us.jpg 0.449252 0.451685 -0.539306 0.550728 680.161008 -244.553064 26.745805
slice8/query/img_03410_c0_1285949967552194us.jpg 0.449468 0.451945 -0.539627 0.550025 680.738896 -245.392613 26.752089
slice8/query/img_03411_c0_1285949967618806us.jpg 0.450125 0.451300 -0.539926 0.549723 681.029393 -245.818058 26.758022
slice8/query/img_03412_c0_1285949967685419us.jpg 0.450951 0.450650 -0.540141 0.549368 681.323911 -246.247610 26.765941
slice8/query/img_03414_c0_1285949967885385us.jpg 0.453841 0.448903 -0.540732 0.547835 682.222103 -247.576946 26.781524
slice8/query/img_03415_c0_1285949967952144us.jpg 0.455231 0.448007 -0.540595 0.547550 682.526701 -248.025948 26.786490
slice8/query/img_03417_c0_1285949968085349us.jpg 0.457366 0.447312 -0.539930 0.546995 683.149265 -248.940471 26.789287
slice8/query/img_03418_c0_1285949968218700us.jpg 0.459278 0.447143 -0.537659 0.547768 683.786867 -249.862945 26.790201
slice8/query/img_03419_c0_1285949968285311us.jpg 0.460194 0.446683 -0.536178 0.548825 684.110268 -250.328288 26.791252
slice8/query/img_03420_c0_1285949968352049us.jpg 0.461165 0.446204 -0.534824 0.549719 684.436965 -250.798803 26.791985
slice8/query/img_03421_c0_1285949968418663us.jpg 0.462131 0.446011 -0.534140 0.549731 684.767729 -251.273131 26.796219
slice8/query/img_03422_c0_1285949968552019us.jpg 0.464047 0.446911 -0.533854 0.547658 685.441043 -252.238424 26.814206
slice8/query/img_03423_c0_1285949968618627us.jpg 0.465247 0.447361 -0.534099 0.546033 685.783616 -252.728654 26.827101
slice8/query/img_03424_c0_1285949968685241us.jpg 0.466469 0.447421 -0.534321 0.544722 686.132330 -253.221990 26.836188
slice8/query/img_03425_c0_1285949968751980us.jpg 0.467274 0.447404 -0.534332 0.544035 686.483887 -253.713315 26.842670
slice8/query/img_03426_c0_1285949968885210us.jpg 0.466906 0.448500 -0.533361 0.544401 687.208401 -254.704618 26.845708
slice8/query/img_03427_c0_1285949968951945us.jpg 0.465992 0.449716 -0.532365 0.545156 687.576864 -255.201200 26.844746
slice8/query/img_03428_c0_1285949969018559us.jpg 0.465084 0.451443 -0.531283 0.545559 687.946680 -255.702133 26.843545
slice8/query/img_03430_c0_1285949969218549us.jpg 0.465584 0.452863 -0.529191 0.545989 689.072128 -257.243240 26.862866
slice8/query/img_03431_c0_1285949969285137us.jpg 0.466568 0.452410 -0.528892 0.545815 689.454228 -257.768255 26.874179
slice8/query/img_03432_c0_1285949969351877us.jpg 0.467131 0.452193 -0.528633 0.545762 689.839230 -258.295837 26.885382
slice8/query/img_03433_c0_1285949969418489us.jpg 0.467248 0.452173 -0.528459 0.545848 690.225715 -258.824004 26.897968
slice8/query/img_03434_c0_1285949969551862us.jpg 0.466557 0.452796 -0.528319 0.546059 691.021555 -259.893852 26.924589
slice8/query/img_03435_c0_1285949969618454us.jpg 0.465798 0.453096 -0.528298 0.546477 691.423680 -260.431448 26.938941
slice8/query/img_03436_c0_1285949969685068us.jpg 0.464921 0.453504 -0.528380 0.546807 691.828836 -260.974740 26.951608
slice8/query/img_03437_c0_1285949969751805us.jpg 0.464240 0.453661 -0.528496 0.547143 692.236432 -261.523424 26.963464
slice8/query/img_03438_c0_1285949969885032us.jpg 0.463906 0.452550 -0.528898 0.547958 693.058284 -262.644060 26.990634
slice8/query/img_03439_c0_1285949969951769us.jpg 0.463882 0.452082 -0.528996 0.548268 693.469994 -263.211141 27.004081
slice8/query/img_03440_c0_1285949970018384us.jpg 0.463706 0.451534 -0.528888 0.548972 693.883619 -263.779736 27.017451
slice8/query/img_03441_c0_1285949970151760us.jpg 0.463265 0.450693 -0.528825 0.550097 694.719926 -264.932828 27.042244
slice8/query/img_03442_c0_1285949970218347us.jpg 0.462603 0.450385 -0.529284 0.550463 695.142680 -265.514037 27.056835
slice8/query/img_03443_c0_1285949970351706us.jpg 0.460817 0.450772 -0.530220 0.550743 695.998056 -266.692058 27.084763
slice8/query/img_03444_c0_1285949970418317us.jpg 0.459516 0.451271 -0.530647 0.551011 696.431226 -267.284839 27.097787
slice8/query/img_03445_c0_1285949970484925us.jpg 0.458424 0.451574 -0.530929 0.551401 696.862536 -267.881626 27.110763
slice8/query/img_03446_c0_1285949970551663us.jpg 0.457571 0.451820 -0.531085 0.551758 697.293679 -268.481936 27.125544
slice8/query/img_03447_c0_1285949970684893us.jpg 0.456598 0.451542 -0.531303 0.552581 698.160052 -269.700841 27.156462
slice8/query/img_03448_c0_1285949970751628us.jpg 0.456201 0.451671 -0.531130 0.552969 698.594512 -270.313281 27.173571
slice8/query/img_03449_c0_1285949970818241us.jpg 0.455819 0.451549 -0.530982 0.553525 699.030719 -270.928315 27.188938
slice8/query/img_03450_c0_1285949970884855us.jpg 0.455484 0.451239 -0.530905 0.554128 699.470268 -271.546548 27.206288
slice8/query/img_03451_c0_1285949971018230us.jpg 0.454177 0.451340 -0.531008 0.555018 700.357796 -272.795329 27.244612
slice8/query/img_03452_c0_1285949971084823us.jpg 0.453451 0.451692 -0.531063 0.555273 700.803776 -273.422601 27.263253
slice8/query/img_03453_c0_1285949971151557us.jpg 0.452887 0.452148 -0.531076 0.555350 701.252041 -274.057930 27.282889
slice8/query/img_03454_c0_1285949971218170us.jpg 0.452561 0.452135 -0.531218 0.555492 701.699731 -274.694143 27.305158
slice8/query/img_03455_c0_1285949971284784us.jpg 0.452574 0.451769 -0.531358 0.555644 702.149347 -275.333669 27.329051
slice8/query/img_03456_c0_1285949971418137us.jpg 0.453168 0.451033 -0.531430 0.555689 703.054089 -276.628867 27.376889
slice8/query/img_03457_c0_1285949971484750us.jpg 0.453804 0.450481 -0.531147 0.555887 703.506061 -277.283133 27.399130
slice8/query/img_03458_c0_1285949971551489us.jpg 0.454525 0.450052 -0.530720 0.556055 703.961594 -277.937036 27.422557
slice8/query/img_03459_c0_1285949971618100us.jpg 0.455589 0.449643 -0.530233 0.555979 704.417726 -278.596924 27.446379
slice8/query/img_03460_c0_1285949971751478us.jpg 0.457485 0.449559 -0.529199 0.555475 705.340155 -279.928888 27.494427
slice8/query/img_03461_c0_1285949971818065us.jpg 0.458316 0.449560 -0.528784 0.555184 705.808205 -280.598621 27.518412
slice8/query/img_03462_c0_1285949971884680us.jpg 0.458918 0.450013 -0.528304 0.554777 706.278358 -281.266302 27.542153
slice8/query/img_03463_c0_1285949971951416us.jpg 0.459400 0.450604 -0.527856 0.554325 706.752372 -281.935776 27.567086
slice8/query/img_03464_c0_1285949972018030us.jpg 0.459863 0.451201 -0.527496 0.553798 707.229182 -282.608452 27.592058
slice8/query/img_03465_c0_1285949972151408us.jpg 0.461012 0.452273 -0.526432 0.552979 708.195698 -283.964090 27.643786
slice8/query/img_03466_c0_1285949972218016us.jpg 0.461585 0.452776 -0.525635 0.552848 708.683555 -284.642255 27.668648
slice8/query/img_03467_c0_1285949972284608us.jpg 0.462153 0.453453 -0.524620 0.552782 709.173895 -285.321352 27.694927
slice8/query/img_03468_c0_1285949972351346us.jpg 0.462626 0.454025 -0.523632 0.552854 709.665032 -285.999886 27.720575
slice8/query/img_03469_c0_1285949972417959us.jpg 0.462891 0.454808 -0.522594 0.552971 710.160661 -286.676933 27.747072
slice8/query/img_03470_c0_1285949972551334us.jpg 0.462623 0.456561 -0.521796 0.552504 711.167458 -288.030785 27.807904
slice8/query/img_03471_c0_1285949972617924us.jpg 0.462074 0.457867 -0.521390 0.552266 711.669905 -288.704474 27.839687
