slice8/query/img_02155_c0_1287503995005389us.jpg 0.596985 0.576429 -0.407485 0.381176 572.754587 -109.944900 28.790315
slice8/query/img_02156_c0_1287503995138741us.jpg 0.591786 0.570815 -0.412962 0.391691 573.881483 -110.390147 28.731836
slice8/query/img_02157_c0_1287503995205352us.jpg 0.588008 0.569123 -0.416558 0.396011 574.443057 -110.625611 28.711212
slice8/query/img_02159_c0_1287503995405325us.jpg 0.572205 0.565920 -0.426511 0.412801 576.147652 -111.361069 28.649928
slice8/query/img_02160_c0_1287503995472054us.jpg 0.567273 0.563170 -0.431763 0.417878 576.720531 -111.630392 28.634542
slice8/query/img_02161_c0_1287503995538669us.jpg 0.562598 0.559823 -0.438208 0.421967 577.289705 -111.912514 28.627438
slice8/query/img_02162_c0_1287503995605281us.jpg 0.557589 0.556491 -0.444813 0.426091 577.857753 -112.206251 28.618009
slice8/query/img_02163_c0_1287503995738652us.jpg 0.547267 0.551293 -0.455435 0.434917 578.971817 -112.829697 28.583620
slice8/query/img_02165_c0_1287503995871981us.jpg 0.540255 0.542529 -0.463564 0.445976 580.055136 -113.500249 28.542537
slice8/query/img_02166_c0_1287503996005235us.jpg 0.534365 0.532021 -0.470306 0.458498 581.110782 -114.213225 28.500047
slice8/query/img_02167_c0_1287503996071965us.jpg 0.531067 0.527398 -0.474182 0.463649 581.637929 -114.588554 28.483867
slice8/query/img_02168_c0_1287503996138559us.jpg 0.527398 0.523131 -0.479419 0.467271 582.165159 -114.977040 28.474509
slice8/query/img_02169_c0_1287503996205173us.jpg 0.523669 0.519535 -0.485434 0.469264 582.691308 -115.380343 28.466871
slice8/query/img_02170_c0_1287503996338524us.jpg 0.515556 0.513785 -0.496885 0.472580 583.730227 -116.207536 28.446281
slice8/query/img_02171_c0_1287503996405137us.jpg 0.511421 0.511077 -0.500144 0.476556 584.237556 -116.630971 28.425527
slice8/query/img_02172_c0_1287503996471872us.jpg 0.507716 0.507798 -0.501648 0.482405 584.734398 -117.059221 28.396501
slice8/query/img_02173_c0_1287503996605100us.jpg 0.502913 0.499628 -0.502521 0.494897 585.705429 -117.941553 28.340250
slice8/query/img_02174_c0_1287503996671836us.jpg 0.501717 0.495692 -0.503590 0.498966 586.182727 -118.401708 28.325528
slice8/query/img_02175_c0_1287503996738449us.jpg 0.501030 0.492124 -0.505161 0.501593 586.653798 -118.868311 28.318617
slice8/query/img_02176_c0_1287503996871803us.jpg 0.500119 0.485776 -0.509404 0.504391 587.588134 -119.823798 28.319128
slice8/query/img_02177_c0_1287503996938414us.jpg 0.499600 0.482848 -0.511927 0.505162 588.053338 -120.309145 28.319890
slice8/query/img_02178_c0_1287503997005026us.jpg 0.498637 0.480543 -0.514169 0.506032 588.519551 -120.796406 28.318182
slice8/query/img_02179_c0_1287503997138819us.jpg 0.493528 0.479821 -0.517461 0.508367 589.448084 -121.774798 28.300925
slice8/query/img_02180_c0_1287503997204991us.jpg 0.490484 0.480105 -0.518879 0.509597 589.915543 -122.271774 28.287919
slice8/query/img_02181_c0_1287503997271728us.jpg 0.487908 0.479643 -0.520532 0.510818 590.381445 -122.776010 28.272895
slice8/query/img_02182_c0_1287503997338342us.jpg 0.485865 0.478646 -0.522385 0.511808 590.845864 -123.288709 28.260039
slice8/query/img_02183_c0_1287503997471695us.jpg 0.482576 0.476302 -0.525572 0.513839 591.777359 -124.333299 28.240664
slice8/query/img_02184_c0_1287503997538306us.jpg 0.481610 0.474710 -0.526692 0.515070 592.240008 -124.865960 28.229539
slice8/query/img_02185_c0_1287503997604921us.jpg 0.481106 0.472561 -0.527931 0.516248 592.699321 -125.405385 28.218642
slice8/query/img_02186_c0_1287503997738293us.jpg 0.479870 0.468243 -0.530300 0.518899 593.623165 -126.500072 28.201170
slice8/query/img_02187_c0_1287503997804902us.jpg 0.478927 0.466700 -0.531655 0.519773 594.087362 -127.055908 28.191456
slice8/query/img_02188_c0_1287503997871622us.jpg 0.478087 0.465490 -0.532805 0.520452 594.552555 -127.617136 28.177726
slice8/query/img_02189_c0_1287503997938235us.jpg 0.477173 0.464707 -0.533796 0.520975 595.015058 -128.182874 28.164585
slice8/query/img_02190_c0_1287503998071606us.jpg 0.475494 0.463613 -0.535432 0.521806 595.942486 -129.330259 28.138340
slice8/query/img_02191_c0_1287503998138203us.jpg 0.475163 0.462975 -0.536083 0.522005 596.411682 -129.911375 28.122895
slice8/query/img_02192_c0_1287503998204811us.jpg 0.474558 0.462613 -0.536686 0.522256 596.883315 -130.495494 28.108378
slice8/query/img_02193_c0_1287503998338823us.jpg 0.473354 0.462141 -0.537734 0.522689 597.832869 -131.674530 28.078925
slice8/query/img_02194_c0_1287503998404774us.jpg 0.472620 0.462299 -0.538128 0.522807 598.308060 -132.266578 28.060509
slice8/query/img_02195_c0_1287503998471514us.jpg 0.471797 0.462680 -0.538278 0.523060 598.785070 -132.862890 28.042804
slice8/query/img_02196_c0_1287503998538126us.jpg 0.471132 0.463041 -0.538137 0.523485 599.261317 -133.461110 28.023370
slice8/query/img_02197_c0_1287503998671493us.jpg 0.469576 0.463534 -0.538261 0.524318 600.225284 -134.665437 27.986507
slice8/query/img_02198_c0_1287503998738089us.jpg 0.468895 0.463792 -0.538481 0.524473 600.706856 -135.273315 27.968874
slice8/query/img_02199_c0_1287503998804702us.jpg 0.468163 0.464292 -0.538846 0.524311 601.193193 -135.882886 27.951661
slice8/query/img_02200_c0_1287503998938081us.jpg 0.466524 0.465494 -0.539359 0.524178 602.167081 -137.106332 27.916954
slice8/query/img_02201_c0_1287503999004668us.jpg 0.466090 0.465414 -0.539518 0.524472 602.656215 -137.724834 27.897468
slice8/query/img_02202_c0_1287503999071404us.jpg 0.465934 0.464859 -0.539633 0.524983 603.142809 -138.344129 27.880215
slice8/query/img_02203_c0_1287503999204650us.jpg 0.465957 0.463347 -0.539859 0.526067 604.121040 -139.589292 27.848118
slice8/query/img_02204_c0_1287503999271390us.jpg 0.466374 0.462568 -0.539924 0.526315 604.604566 -140.218227 27.834818
slice8/query/img_02205_c0_1287503999337982us.jpg 0.466940 0.462009 -0.540100 0.526123 605.089171 -140.848733 27.821733
slice8/query/img_02206_c0_1287503999404594us.jpg 0.467338 0.461570 -0.540406 0.525842 605.574866 -141.477672 27.806942
slice8/query/img_02207_c0_1287503999537967us.jpg 0.467204 0.460848 -0.540863 0.526124 606.557350 -142.743481 27.772554
slice8/query/img_02208_c0_1287503999604561us.jpg 0.466285 0.460857 -0.541066 0.526722 607.052718 -143.374991 27.753804
slice8/query/img_02209_c0_1287503999671297us.jpg 0.464738 0.461469 -0.541048 0.527572 607.547262 -144.002525 27.733409
slice8/query/img_02210_c0_1287503999804545us.jpg 0.461405 0.464080 -0.540916 0.528342 608.545288 -145.274420 27.691162
slice8/query/img_02211_c0_1287503999871282us.jpg 0.460409 0.464701 -0.540930 0.528651 609.043375 -145.917629 27.673875
slice8/query/img_02212_c0_1287503999937874us.jpg 0.460041 0.464494 -0.541103 0.528975 609.542815 -146.564265 27.658880
slice8/query/img_02213_c0_1287504000004488us.jpg 0.459986 0.464049 -0.541353 0.529158 610.039895 -147.211461 27.643829
slice8/query/img_02214_c0_1287504000137836us.jpg 0.459186 0.463852 -0.542075 0.529287 611.035801 -148.509243 27.613631
slice8/query/img_02215_c0_1287504000204457us.jpg 0.458440 0.463845 -0.542425 0.529580 611.537374 -149.161843 27.596831
slice8/query/img_02216_c0_1287504000271189us.jpg 0.457440 0.463953 -0.542874 0.529891 612.038428 -149.812461 27.580080
slice8/query/img_02217_c0_1287504000404415us.jpg 0.455264 0.463565 -0.544631 0.530301 613.047770 -151.130994 27.550761
slice8/query/img_02218_c0_1287504000537786us.jpg 0.454322 0.462389 -0.546896 0.529804 614.050046 -152.466391 27.522067
slice8/query/img_02219_c0_1287504000604375us.jpg 0.454316 0.461614 -0.547602 0.529756 614.546561 -153.136360 27.506448
slice8/query/img_02220_c0_1287504000671114us.jpg 0.454571 0.460539 -0.547985 0.530077 615.041845 -153.809911 27.489079
slice8/query/img_02221_c0_1287504000804365us.jpg 0.454613 0.458150 -0.547933 0.532160 616.029810 -155.160468 27.450501
slice8/query/img_02222_c0_1287504000871135us.jpg 0.454091 0.457683 -0.547990 0.532949 616.526409 -155.839855 27.428347
slice8/query/img_02223_c0_1287504000937692us.jpg 0.453273 0.457625 -0.548042 0.533642 617.021609 -156.519290 27.408579
slice8/query/img_02224_c0_1287504001071065us.jpg 0.452052 0.457650 -0.548473 0.534213 618.014049 -157.885333 27.377557
slice8/query/img_02225_c0_1287504001137656us.jpg 0.451949 0.457579 -0.548579 0.534252 618.509737 -158.571340 27.363046
slice8/query/img_02226_c0_1287504001204268us.jpg 0.452092 0.457521 -0.548563 0.534197 619.004576 -159.260947 27.346813
slice8/query/img_02227_c0_1287504001337620us.jpg 0.452910 0.456918 -0.547730 0.534875 619.993452 -160.642767 27.314907
slice8/query/img_02228_c0_1287504001404242us.jpg 0.453380 0.456853 -0.547194 0.535080 620.490110 -161.333914 27.299445
slice8/query/img_02229_c0_1287504001537586us.jpg 0.454199 0.457282 -0.546272 0.534961 621.495332 -162.727773 27.272185
slice8/query/img_02230_c0_1287504001604196us.jpg 0.454869 0.457154 -0.546097 0.534680 621.998215 -163.423966 27.261916
slice8/query/img_02231_c0_1287504001670935us.jpg 0.455417 0.456970 -0.545935 0.534536 622.500824 -164.118760 27.253143
slice8/query/img_02232_c0_1287504001804519us.jpg 0.456392 0.457313 -0.545190 0.534171 623.516291 -165.510658 27.228483
slice8/query/img_02233_c0_1287504001870920us.jpg 0.456827 0.457573 -0.544509 0.534271 624.024400 -166.207960 27.216253
slice8/query/img_02234_c0_1287504001937512us.jpg 0.457376 0.457594 -0.543828 0.534477 624.532472 -166.904943 27.203511
slice8/query/img_02235_c0_1287504002004123us.jpg 0.457790 0.457650 -0.543135 0.534780 625.042431 -167.601892 27.191536
slice8/query/img_02236_c0_1287504002137479us.jpg 0.458076 0.458286 -0.542317 0.534819 626.066116 -168.999988 27.169853
slice8/query/img_02237_c0_1287504002204087us.jpg 0.458254 0.458487 -0.542148 0.534667 626.578134 -169.700296 27.161527
slice8/query/img_02238_c0_1287504002270825us.jpg 0.458482 0.458217 -0.542364 0.534483 627.094066 -170.399654 27.155069
slice8/query/img_02239_c0_1287504002404052us.jpg 0.458763 0.457972 -0.542520 0.534294 628.128403 -171.801767 27.137630
slice8/query/img_02240_c0_1287504002470790us.jpg 0.458758 0.457973 -0.542509 0.534309 628.645456 -172.501622 27.128034
slice8/query/img_02241_c0_1287504002537403us.jpg 0.458699 0.457650 -0.542382 0.534765 629.162198 -173.199538 27.120041
slice8/query/img_02242_c0_1287504002670754us.jpg 0.458502 0.456696 -0.541892 0.536245 630.195188 -174.599217 27.101679
slice8/query/img_02243_c0_1287504002737385us.jpg 0.458161 0.456751 -0.541774 0.536608 630.709740 -175.301142 27.093643
slice8/query/img_02244_c0_1287504002803978us.jpg 0.457682 0.456580 -0.542155 0.536778 631.224238 -176.003671 27.087539
slice8/query/img_02245_c0_1287504002870716us.jpg 0.456972 0.456460 -0.542598 0.537036 631.738659 -176.706373 27.083727
slice8/query/img_02246_c0_1287504003003967us.jpg 0.455203 0.456392 -0.543531 0.537653 632.768934 -178.109181 27.073411
slice8/query/img_02247_c0_1287504003070680us.jpg 0.454327 0.456366 -0.543649 0.538295 633.280629 -178.812111 27.066578
slice8/query/img_02248_c0_1287504003137293us.jpg 0.453517 0.456197 -0.543906 0.538863 633.787954 -179.512931 27.062601
slice8/query/img_02249_c0_1287504003270669us.jpg 0.452479 0.455570 -0.544160 0.540009 634.799478 -180.923130 27.051887
slice8/query/img_02250_c0_1287504003337256us.jpg 0.452507 0.454431 -0.544931 0.540167 635.301040 -181.632590 27.048846
slice8/query/img_02251_c0_1287504003403871us.jpg 0.452493 0.453312 -0.545786 0.540255 635.802046 -182.338867 27.049082
slice8/query/img_02252_c0_1287504003470608us.jpg 0.452685 0.452526 -0.546494 0.540038 636.297244 -183.046095 27.049527
slice8/query/img_02253_c0_1287504003603836us.jpg 0.452798 0.451556 -0.546932 0.540312 637.286164 -184.458968 27.045307
slice8/query/img_02254_c0_1287504003670571us.jpg 0.452732 0.451040 -0.546983 0.540747 637.778485 -185.163186 27.041799
slice8/query/img_02255_c0_1287504003737184us.jpg 0.452444 0.450545 -0.547265 0.541115 638.268469 -185.864528 27.037707
slice8/query/img_02256_c0_1287504003870559us.jpg 0.451762 0.450385 -0.548472 0.540595 639.239450 -187.265727 27.037220
slice8/query/img_02257_c0_1287504003937168us.jpg 0.451945 0.450399 -0.548978 0.539916 639.722835 -187.963825 27.037877
slice8/query/img_02258_c0_1287504004003761us.jpg 0.452648 0.449966 -0.549430 0.539227 640.201329 -188.657428 27.037440
slice8/query/img_02259_c0_1287504004070499us.jpg 0.453603 0.449086 -0.549830 0.538751 640.675492 -189.348574 27.039842
slice8/query/img_02260_c0_1287504004203733us.jpg 0.455709 0.447601 -0.550294 0.537735 641.617828 -190.722462 27.039266
slice8/query/img_02261_c0_1287504004270467us.jpg 0.456629 0.447314 -0.550231 0.537259 642.084684 -191.399138 27.037580
slice8/query/img_02262_c0_1287504004337078us.jpg 0.457327 0.447181 -0.550295 0.536709 642.549451 -192.069616 27.036268
slice8/query/img_02263_c0_1287504004470457us.jpg 0.458109 0.447435 -0.550326 0.535798 643.471490 -193.392752 27.027576
slice8/query/img_02264_c0_1287504004537040us.jpg 0.458081 0.447906 -0.550404 0.535348 643.929494 -194.045878 27.022288
slice8/query/img_02265_c0_1287504004603652us.jpg 0.457764 0.448578 -0.550286 0.535178 644.383365 -194.689023 27.016177
slice8/query/img_02266_c0_1287504004737028us.jpg 0.457183 0.449997 -0.549779 0.535005 645.287294 -195.963905 27.003992
slice8/query/img_02267_c0_1287504004803639us.jpg 0.456922 0.450639 -0.549366 0.535111 645.734145 -196.591948 26.998185
slice8/query/img_02268_c0_1287504004870354us.jpg 0.456887 0.451083 -0.549058 0.535083 646.176633 -197.214944 26.991669
slice8/query/img_02269_c0_1287504004936968us.jpg 0.456976 0.451399 -0.549008 0.534792 646.616794 -197.832752 26.987855
slice8/query/img_02270_c0_1287504005070344us.jpg 0.457276 0.451808 -0.548446 0.534766 647.486156 -199.055328 26.981005
slice8/query/img_02271_c0_1287504005136931us.jpg 0.457473 0.452082 -0.548091 0.534730 647.915450 -199.661030 26.976018
slice8/query/img_02272_c0_1287504005203544us.jpg 0.457404 0.452398 -0.547604 0.535021 648.340230 -200.258203 26.971213
slice8/query/img_02273_c0_1287504005336922us.jpg 0.456853 0.453212 -0.546784 0.535641 649.193493 -201.447366 26.959383
slice8/query/img_02274_c0_1287504005403508us.jpg 0.456354 0.453614 -0.546435 0.536082 649.615769 -202.035141 26.953949
slice8/query/img_02275_c0_1287504005470245us.jpg 0.455705 0.454127 -0.546279 0.536359 650.035258 -202.618282 26.948961
slice8/query/img_02276_c0_1287504005536858us.jpg 0.455008 0.454512 -0.546303 0.536600 650.454949 -203.202085 26.945316
slice8/query/img_02277_c0_1287504005670234us.jpg 0.453912 0.455190 -0.546203 0.537055 651.286127 -204.367728 26.932430
slice8/query/img_02278_c0_1287504005736821us.jpg 0.453518 0.455223 -0.546337 0.537224 651.697157 -204.946446 26.930711
slice8/query/img_02279_c0_1287504005803435us.jpg 0.453237 0.455100 -0.546528 0.537371 652.105826 -205.521061 26.927542
slice8/query/img_02280_c0_1287504005936787us.jpg 0.452646 0.454962 -0.546561 0.537952 652.919883 -206.671509 26.917316
slice8/query/img_02281_c0_1287504006003400us.jpg 0.452243 0.454851 -0.546459 0.538488 653.325336 -207.241793 26.912467
slice8/query/img_02282_c0_1287504006070138us.jpg 0.451840 0.454749 -0.546331 0.539042 653.728762 -207.811648 26.909260
slice8/query/img_02283_c0_1287504006203389us.jpg 0.451518 0.454028 -0.546491 0.539757 654.532780 -208.962212 26.897664
slice8/query/img_02284_c0_1287504006270100us.jpg 0.451296 0.453812 -0.546580 0.540035 654.934157 -209.536216 26.894683
slice8/query/img_02285_c0_1287504006336714us.jpg 0.451384 0.453356 -0.546737 0.540184 655.335183 -210.111312 26.888296
slice8/query/img_02286_c0_1287504006470065us.jpg 0.451415 0.452264 -0.547322 0.540481 656.133171 -211.261147 26.881058
slice8/query/img_02287_c0_1287504006536696us.jpg 0.451473 0.451880 -0.547602 0.540471 656.530700 -211.837903 26.875450
slice8/query/img_02288_c0_1287504006603289us.jpg 0.451574 0.451579 -0.547930 0.540305 656.928256 -212.411566 26.871288
slice8/query/img_02289_c0_1287504006736639us.jpg 0.451588 0.451086 -0.547720 0.540919 657.714656 -213.553895 26.862169
slice8/query/img_02290_c0_1287504006869990us.jpg 0.451618 0.450484 -0.547507 0.541610 658.507819 -214.697411 26.849147
slice8/query/img_02291_c0_1287504007003311us.jpg 0.451534 0.450703 -0.547147 0.541862 659.298393 -215.846020 26.836966
slice8/query/img_02292_c0_1287504007069959us.jpg 0.451805 0.450769 -0.546938 0.541791 659.694189 -216.420536 26.831722
slice8/query/img_02293_c0_1287504007136567us.jpg 0.452143 0.450979 -0.546661 0.541615 660.091358 -216.992512 26.827310
slice8/query/img_02294_c0_1287504007269945us.jpg 0.453268 0.451021 -0.546101 0.541204 660.885812 -218.147274 26.820391
slice8/query/img_02295_c0_1287504007336534us.jpg 0.453794 0.451231 -0.545731 0.540962 661.281351 -218.722207 26.816795
slice8/query/img_02296_c0_1287504007403146us.jpg 0.454386 0.451534 -0.545364 0.540582 661.681836 -219.300552 26.813235
slice8/query/img_02297_c0_1287504007536522us.jpg 0.455590 0.451753 -0.544737 0.540017 662.481099 -220.451717 26.805918
slice8/query/img_02298_c0_1287504007603130us.jpg 0.456276 0.451839 -0.544376 0.539730 662.883840 -221.028254 26.801902
slice8/query/img_02299_c0_1287504007669849us.jpg 0.456811 0.451941 -0.544160 0.539411 663.291979 -221.604984 26.798795
slice8/query/img_02300_c0_1287504007736466us.jpg 0.457189 0.452168 -0.543909 0.539153 663.698118 -222.180409 26.795935
slice8/query/img_02301_c0_1287504007869833us.jpg 0.458234 0.452659 -0.543437 0.538329 664.525964 -223.340662 26.789803
slice8/query/img_02302_c0_1287504007936425us.jpg 0.458854 0.452445 -0.543233 0.538186 664.941039 -223.921504 26.786736
slice8/query/img_02303_c0_1287504008003038us.jpg 0.459271 0.452246 -0.543162 0.538070 665.356062 -224.504508 26.783326
slice8/query/img_02304_c0_1287504008136388us.jpg 0.459581 0.451690 -0.543392 0.538039 666.192565 -225.670259 26.775205
slice8/query/img_02305_c0_1287504008203020us.jpg 0.459405 0.451575 -0.543564 0.538112 666.611676 -226.251004 26.768713
slice8/query/img_02306_c0_1287504008269740us.jpg 0.459378 0.451290 -0.543775 0.538162 667.030662 -226.832187 26.763556
slice8/query/img_02307_c0_1287504008402990us.jpg 0.459345 0.450540 -0.543671 0.538923 667.870299 -228.001496 26.752650
slice8/query/img_02308_c0_1287504008469723us.jpg 0.459433 0.449790 -0.543504 0.539642 668.287979 -228.584588 26.747364
slice8/query/img_02309_c0_1287504008536316us.jpg 0.459498 0.449073 -0.543457 0.540231 668.706020 -229.167093 26.742547
slice8/query/img_02310_c0_1287504008602927us.jpg 0.459208 0.448841 -0.543505 0.540622 669.122521 -229.748032 26.738170
slice8/query/img_02311_c0_1287504008736280us.jpg 0.458038 0.449356 -0.544116 0.540572 669.960732 -230.914836 26.733065
slice8/query/img_02312_c0_1287504008802892us.jpg 0.457488 0.449482 -0.544346 0.540701 670.376645 -231.499886 26.728436
slice8/query/img_02313_c0_1287504008869630us.jpg 0.456902 0.449145 -0.544651 0.541170 670.790390 -232.080677 26.725241
slice8/query/img_02314_c0_1287504009003472us.jpg 0.455592 0.448568 -0.545427 0.541970 671.621960 -233.248759 26.719572
slice8/query/img_02315_c0_1287504009069592us.jpg 0.454994 0.448627 -0.545827 0.542022 672.034872 -233.832307 26.718737
slice8/query/img_02316_c0_1287504009136210us.jpg 0.454724 0.448583 -0.546006 0.542104 672.445224 -234.417467 26.716284
slice8/query/img_02317_c0_1287504009202821us.jpg 0.454588 0.448232 -0.545739 0.542777 672.850245 -234.995596 26.713678
slice8/query/img_02318_c0_1287504009336193us.jpg 0.455384 0.446142 -0.545494 0.544076 673.665463 -236.164199 26.711031
slice8/query/img_02319_c0_1287504009402784us.jpg 0.455642 0.445464 -0.545632 0.544277 674.070944 -236.747798 26.711660
slice8/query/img_02320_c0_1287504009469521us.jpg 0.455695 0.445228 -0.545668 0.544390 674.476883 -237.328607 26.710791
slice8/query/img_02321_c0_1287504009602771us.jpg 0.455950 0.445520 -0.545444 0.544162 675.282585 -238.489137 26.711837
slice8/query/img_02322_c0_1287504009669506us.jpg 0.456336 0.445332 -0.544968 0.544469 675.682742 -239.069749 26.712143
slice8/query/img_02323_c0_1287504009736097us.jpg 0.457007 0.444738 -0.544281 0.545079 676.079570 -239.646290 26.712839
slice8/query/img_02324_c0_1287504009802711us.jpg 0.457621 0.444130 -0.543325 0.546013 676.476032 -240.218643 26.712938
slice8/query/img_02325_c0_1287504009936084us.jpg 0.458523 0.444458 -0.541743 0.546560 677.267108 -241.360137 26.719841
slice8/query/img_02326_c0_1287504010002675us.jpg 0.459131 0.444894 -0.541204 0.546229 677.661681 -241.930305 26.723525
slice8/query/img_02327_c0_1287504010069414us.jpg 0.459651 0.445366 -0.540899 0.545710 678.056830 -242.500609 26.728729
slice8/query/img_02328_c0_1287504010136027us.jpg 0.460087 0.445761 -0.540845 0.545072 678.452963 -243.067960 26.735493
slice8/query/img_02329_c0_1287504010269398us.jpg 0.459660 0.447661 -0.540791 0.543927 679.251985 -244.191283 26.753331
slice8/query/img_02330_c0_1287504010335989us.jpg 0.459238 0.449153 -0.540583 0.543260 679.653138 -244.750576 26.759163
slice8/query/img_02331_c0_1287504010402602us.jpg 0.459189 0.450310 -0.540615 0.542312 680.050151 -245.308640 26.762638
slice8/query/img_02332_c0_1287504010469341us.jpg 0.459529 0.450873 -0.540514 0.541657 680.448894 -245.864736 26.765193
slice8/query/img_02333_c0_1287504010602567us.jpg 0.461398 0.450495 -0.540611 0.540283 681.240218 -246.974600 26.778501
slice8/query/img_02334_c0_1287504010669304us.jpg 0.462981 0.449570 -0.540752 0.539557 681.635940 -247.530681 26.783718
slice8/query/img_02335_c0_1287504010735917us.jpg 0.464693 0.448691 -0.540861 0.538708 682.028522 -248.083887 26.789000
slice8/query/img_02336_c0_1287504010869268us.jpg 0.467524 0.447195 -0.540679 0.537684 682.819481 -249.188391 26.799986
slice8/query/img_02337_c0_1287504010935880us.jpg 0.468369 0.447130 -0.539777 0.537908 683.213129 -249.735776 26.801992
slice8/query/img_02338_c0_1287504011002495us.jpg 0.468991 0.446782 -0.538519 0.538917 683.608387 -250.280193 26.802555
slice8/query/img_02339_c0_1287504011069233us.jpg 0.469346 0.446096 -0.537015 0.540673 684.005198 -250.824083 26.800321
slice8/query/img_02340_c0_1287504011202479us.jpg 0.468766 0.446071 -0.535746 0.542454 684.802804 -251.906979 26.801756
slice8/query/img_02341_c0_1287504011269197us.jpg 0.468316 0.446635 -0.536332 0.541799 685.199866 -252.452042 26.807276
slice8/query/img_02342_c0_1287504011335806us.jpg 0.467749 0.447032 -0.537342 0.540959 685.597552 -252.999431 26.814230
slice8/query/img_02343_c0_1287504011402421us.jpg 0.467294 0.446879 -0.538586 0.540241 685.996532 -253.545031 26.820997
slice8/query/img_02344_c0_1287504011535794us.jpg 0.466731 0.444593 -0.540176 0.541026 686.786700 -254.632296 26.829874
slice8/query/img_02345_c0_1287504011602383us.jpg 0.466068 0.443890 -0.540222 0.542128 687.181678 -255.174155 26.829486
slice8/query/img_02346_c0_1287504011669136us.jpg 0.464962 0.443893 -0.539840 0.543454 687.572229 -255.712581 26.826540
slice8/query/img_02347_c0_1287504011802370us.jpg 0.463241 0.444547 -0.538540 0.545674 688.345951 -256.795177 26.827689
slice8/query/img_02348_c0_1287504011869089us.jpg 0.463472 0.443728 -0.537956 0.546721 688.728456 -257.338298 26.832036
slice8/query/img_02349_c0_1287504011935697us.jpg 0.464507 0.442277 -0.537737 0.547232 689.108054 -257.882648 26.839604
slice8/query/img_02350_c0_1287504012002310us.jpg 0.465449 0.441327 -0.537325 0.547603 689.483212 -258.425314 26.849533
slice8/query/img_02351_c0_1287504012135668us.jpg 0.465992 0.441212 -0.536158 0.548377 690.235277 -259.507349 26.879101
slice8/query/img_02352_c0_1287504012202276us.jpg 0.465778 0.441568 -0.535511 0.548904 690.615330 -260.045078 26.891795
slice8/query/img_02353_c0_1287504012269013us.jpg 0.466223 0.441545 -0.535216 0.548834 690.993426 -260.581723 26.907568
slice8/query/img_02354_c0_1287504012402244us.jpg 0.464280 0.444058 -0.534440 0.549210 691.757337 -261.649304 26.935903
slice8/query/img_02355_c0_1287504012468977us.jpg 0.463639 0.445262 -0.533861 0.549339 692.140063 -262.183095 26.949566
slice8/query/img_02357_c0_1287504012602208us.jpg 0.464214 0.446160 -0.532650 0.549300 692.903850 -263.248838 26.979461
slice8/query/img_02358_c0_1287504012735553us.jpg 0.464992 0.446555 -0.531147 0.549776 693.670585 -264.322105 27.008696
slice8/query/img_02359_c0_1287504012802167us.jpg 0.465434 0.446596 -0.530788 0.549716 694.055155 -264.858789 27.024481
slice8/query/img_02360_c0_1287504012935540us.jpg 0.465821 0.447482 -0.529914 0.549511 694.831430 -265.938177 27.056266
slice8/query/img_02361_c0_1287504013002150us.jpg 0.466137 0.447985 -0.529537 0.549195 695.223201 -266.480514 27.071448
slice8/query/img_02362_c0_1287504013068869us.jpg 0.466650 0.448193 -0.529154 0.548959 695.616895 -267.023253 27.086203
slice8/query/img_02363_c0_1287504013135481us.jpg 0.466977 0.448549 -0.528792 0.548740 696.011355 -267.566989 27.101839
slice8/query/img_02364_c0_1287504013268854us.jpg 0.466508 0.450011 -0.528090 0.548619 696.804136 -268.652853 27.137252
slice8/query/img_02365_c0_1287504013335450us.jpg 0.466076 0.450964 -0.527511 0.548760 697.203709 -269.196282 27.151146
slice8/query/img_02366_c0_1287504013402059us.jpg 0.465538 0.451924 -0.526976 0.548940 697.602978 -269.740292 27.165523
slice8/query/img_02367_c0_1287504013468797us.jpg 0.464937 0.452668 -0.526716 0.549086 698.005513 -270.283800 27.184222
slice8/query/img_02368_c0_1287504013602024us.jpg 0.463187 0.454077 -0.526360 0.549742 698.833543 -271.385964 27.217694
slice8/query/img_02369_c0_1287504013668779us.jpg 0.462494 0.454622 -0.526326 0.549908 699.253119 -271.944087 27.234941
slice8/query/img_02370_c0_1287504013735373us.jpg 0.462001 0.455009 -0.526369 0.549962 699.671082 -272.505219 27.251057
slice8/query/img_02371_c0_1287504013801987us.jpg 0.461325 0.455349 -0.526418 0.550201 700.090891 -273.064786 27.269485
slice8/query/img_02372_c0_1287504013935339us.jpg 0.460508 0.455091 -0.526781 0.550750 700.937751 -274.204685 27.306063
slice8/query/img_02373_c0_1287504014001947us.jpg 0.459961 0.455028 -0.526918 0.551128 701.361454 -274.778640 27.327454
slice8/query/img_02374_c0_1287504014068687us.jpg 0.459463 0.454916 -0.527146 0.551419 701.786227 -275.349684 27.346674
slice8/query/img_02375_c0_1287504014135299us.jpg 0.459159 0.454578 -0.527558 0.551556 702.211063 -275.928015 27.365654
slice8/query/img_02376_c0_1287504014268674us.jpg 0.458635 0.454012 -0.527875 0.552155 703.064053 -277.094151 27.409284
slice8/query/img_02377_c0_1287504014335264us.jpg 0.458487 0.453606 -0.528000 0.552491 703.491433 -277.680690 27.430635
slice8/query/img_02378_c0_1287504014401874us.jpg 0.458295 0.453257 -0.528009 0.552929 703.920190 -278.272194 27.451036
slice8/query/img_02379_c0_1287504014535230us.jpg 0.457960 0.452463 -0.528225 0.553650 704.777747 -279.461766 27.494341
slice8/query/img_02380_c0_1287504014601840us.jpg 0.457876 0.451982 -0.528435 0.553912 705.206602 -280.061378 27.515869
slice8/query/img_02381_c0_1287504014668578us.jpg 0.457638 0.451687 -0.528474 0.554311 705.638211 -280.663049 27.537611
slice8/query/img_02382_c0_1287504014735191us.jpg 0.457551 0.451342 -0.528649 0.554497 706.070567 -281.264206 27.559155
slice8/query/img_02383_c0_1287504014868544us.jpg 0.457357 0.451011 -0.528506 0.555064 706.940634 -282.477497 27.602360
slice8/query/img_02384_c0_1287504014935177us.jpg 0.457635 0.450459 -0.528620 0.555173 707.377589 -283.087812 27.624674
slice8/query/img_02385_c0_1287504015001770us.jpg 0.458112 0.449921 -0.528645 0.555193 707.812616 -283.702249 27.649625
slice8/query/img_02386_c0_1287504015068506us.jpg 0.458494 0.449640 -0.528300 0.555433 708.247327 -284.317759 27.673703
slice8/query/img_02387_c0_1287504015201756us.jpg 0.458778 0.449395 -0.527247 0.556397 709.123896 -285.552089 27.721173
slice8/query/img_02388_c0_1287504015268470us.jpg 0.458858 0.449521 -0.526503 0.556935 709.564942 -286.169280 27.745295
slice8/query/img_02389_c0_1287504015335083us.jpg 0.458846 0.449658 -0.525945 0.557361 710.009508 -286.788172 27.770698
slice8/query/img_02390_c0_1287504015401695us.jpg 0.458627 0.450069 -0.525523 0.557606 710.455385 -287.406779 27.795936
slice8/query/img_02391_c0_1287504015535068us.jpg 0.458063 0.451331 -0.524936 0.557603 711.356609 -288.655647 27.849573
slice8/query/img_02392_c0_1287504015601658us.jpg 0.457769 0.451866 -0.524670 0.557662 711.806797 -289.279492 27.877481
