slice8/query/img_03197_c0_1288106509374182us.jpg 0.573982 0.579736 -0.420434 0.397096 570.740727 -109.592404 28.812427
slice8/query/img_03198_c0_1288106509440797us.jpg 0.568868 0.580406 -0.423402 0.400310 571.575879 -109.954805 28.766568
slice8/query/img_03199_c0_1288106509574152us.jpg 0.562934 0.574404 -0.431348 0.408784 573.189442 -110.714167 28.704849
slice8/query/img_03200_c0_1288106509640775us.jpg 0.561340 0.569716 -0.435794 0.412800 573.995106 -111.112213 28.675861
slice8/query/img_03201_c0_1288106509707376us.jpg 0.560390 0.564714 -0.439281 0.417244 574.785900 -111.524381 28.647257
slice8/query/img_03202_c0_1288106509774117us.jpg 0.560197 0.559076 -0.440576 0.423681 575.554621 -111.942943 28.617035
slice8/query/img_03203_c0_1288106509840738us.jpg 0.558689 0.554620 -0.442292 0.429698 576.323515 -112.372943 28.585869
slice8/query/img_03204_c0_1288106509974106us.jpg 0.552958 0.548265 -0.449719 0.437488 577.863873 -113.269355 28.538920
slice8/query/img_03205_c0_1288106510040696us.jpg 0.549110 0.545626 -0.455024 0.440140 578.627026 -113.724738 28.519800
slice8/query/img_03206_c0_1288106510107312us.jpg 0.544666 0.543335 -0.460233 0.443071 579.388892 -114.189456 28.500854
slice8/query/img_03207_c0_1288106510174051us.jpg 0.540171 0.541088 -0.464492 0.446863 580.134010 -114.665793 28.480635
slice8/query/img_03208_c0_1288106510307281us.jpg 0.532335 0.535453 -0.471103 0.456039 581.600687 -115.648287 28.428903
slice8/query/img_03209_c0_1288106510374019us.jpg 0.529573 0.532370 -0.474918 0.458898 582.321314 -116.161864 28.407095
slice8/query/img_03210_c0_1288106510440632us.jpg 0.526929 0.529022 -0.479209 0.461346 583.035097 -116.682859 28.387878
slice8/query/img_03211_c0_1288106510507247us.jpg 0.524482 0.525083 -0.482915 0.464757 583.737159 -117.209615 28.368173
slice8/query/img_03212_c0_1288106510573991us.jpg 0.522184 0.520628 -0.485623 0.469511 584.428953 -117.742381 28.342369
slice8/query/img_03213_c0_1288106510640600us.jpg 0.519194 0.516535 -0.487861 0.474996 585.110137 -118.278440 28.314968
slice8/query/img_03214_c0_1288106510773976us.jpg 0.510874 0.511403 -0.491956 0.485236 586.449060 -119.387235 28.267019
slice8/query/img_03215_c0_1288106510840566us.jpg 0.506715 0.509216 -0.494362 0.489434 587.101890 -119.953185 28.249023
slice8/query/img_03216_c0_1288106510907181us.jpg 0.503455 0.506139 -0.497485 0.492814 587.746699 -120.531956 28.237344
slice8/query/img_03217_c0_1288106510973921us.jpg 0.500760 0.502437 -0.501408 0.495365 588.380502 -121.122281 28.233357
slice8/query/img_03218_c0_1288106511107150us.jpg 0.495170 0.495296 -0.509557 0.499840 589.624284 -122.323228 28.233190
slice8/query/img_03219_c0_1288106511173888us.jpg 0.492209 0.491679 -0.513952 0.501832 590.238440 -122.935960 28.230603
slice8/query/img_03220_c0_1288106511240503us.jpg 0.489007 0.488171 -0.518263 0.503949 590.845255 -123.554841 28.221405
slice8/query/img_03221_c0_1288106511307117us.jpg 0.485590 0.485082 -0.521821 0.506558 591.440054 -124.176127 28.207940
slice8/query/img_03222_c0_1288106511373856us.jpg 0.482142 0.482496 -0.524829 0.509207 592.017615 -124.801038 28.193430
slice8/query/img_03223_c0_1288106511507106us.jpg 0.477278 0.476935 -0.528806 0.514882 593.177324 -126.097441 28.153893
slice8/query/img_03224_c0_1288106511573831us.jpg 0.476367 0.473565 -0.530308 0.517285 593.735782 -126.757512 28.136273
slice8/query/img_03225_c0_1288106511640438us.jpg 0.476251 0.470096 -0.531575 0.519252 594.289444 -127.424435 28.124272
slice8/query/img_03226_c0_1288106511707051us.jpg 0.476703 0.466819 -0.532863 0.520472 594.836729 -128.095614 28.112913
slice8/query/img_03227_c0_1288106511840450us.jpg 0.477610 0.461806 -0.535067 0.521850 595.927372 -129.449012 28.092638
slice8/query/img_03228_c0_1288106511907021us.jpg 0.477608 0.460303 -0.536193 0.522024 596.472502 -130.130304 28.080249
slice8/query/img_03229_c0_1288106511973758us.jpg 0.476929 0.459660 -0.537016 0.522364 597.022171 -130.814592 28.061735
slice8/query/img_03230_c0_1288106512040374us.jpg 0.475673 0.459871 -0.537812 0.522505 597.572557 -131.500835 28.041207
slice8/query/img_03231_c0_1288106512173759us.jpg 0.472154 0.460930 -0.539092 0.523445 598.675307 -132.871252 27.993224
slice8/query/img_03232_c0_1288106512240361us.jpg 0.470582 0.461717 -0.539240 0.524013 599.227947 -133.560284 27.967166
slice8/query/img_03233_c0_1288106512306954us.jpg 0.469182 0.462304 -0.539282 0.524707 599.776613 -134.249816 27.941229
slice8/query/img_03234_c0_1288106512373694us.jpg 0.468404 0.462569 -0.539350 0.525099 600.325547 -134.947582 27.919947
slice8/query/img_03235_c0_1288106512440308us.jpg 0.468021 0.462671 -0.539604 0.525089 600.874548 -135.646103 27.899441
slice8/query/img_03236_c0_1288106512640300us.jpg 0.467424 0.462720 -0.540137 0.525030 602.523945 -137.739136 27.843588
slice8/query/img_03237_c0_1288106512774385us.jpg 0.466997 0.462013 -0.540272 0.525893 603.633326 -139.158814 27.799860
slice8/query/img_03238_c0_1288106512840267us.jpg 0.466931 0.461491 -0.540368 0.526311 604.181100 -139.864297 27.782543
slice8/query/img_03239_c0_1288106512906857us.jpg 0.466969 0.461282 -0.540325 0.526506 604.727123 -140.568566 27.765112
slice8/query/img_03240_c0_1288106512973596us.jpg 0.467194 0.461333 -0.540392 0.526193 605.272215 -141.274858 27.746941
slice8/query/img_03241_c0_1288106513040209us.jpg 0.467342 0.461341 -0.540296 0.526151 605.815748 -141.978875 27.729637
slice8/query/img_03242_c0_1288106513173588us.jpg 0.466978 0.460774 -0.540343 0.526923 606.907298 -143.379985 27.696408
slice8/query/img_03243_c0_1288106513240176us.jpg 0.466230 0.460871 -0.540296 0.527548 607.452151 -144.081404 27.675725
slice8/query/img_03244_c0_1288106513306791us.jpg 0.464799 0.461843 -0.540074 0.528188 607.996775 -144.781612 27.653388
slice8/query/img_03245_c0_1288106513373531us.jpg 0.463293 0.463038 -0.540003 0.528537 608.541886 -145.479259 27.634013
slice8/query/img_03246_c0_1288106513506760us.jpg 0.461048 0.464622 -0.539915 0.529200 609.636516 -146.888738 27.594888
slice8/query/img_03247_c0_1288106513573500us.jpg 0.460661 0.464835 -0.539988 0.529275 610.183179 -147.597103 27.578499
slice8/query/img_03248_c0_1288106513640112us.jpg 0.460212 0.465106 -0.540189 0.529223 610.726128 -148.304510 27.563570
slice8/query/img_03249_c0_1288106513706727us.jpg 0.459714 0.465212 -0.540486 0.529260 611.271107 -149.010872 27.550698
slice8/query/img_03250_c0_1288106513773466us.jpg 0.459179 0.465385 -0.540691 0.529362 611.813871 -149.716056 27.535246
slice8/query/img_03251_c0_1288106513906717us.jpg 0.458632 0.464811 -0.541743 0.529265 612.906086 -151.136086 27.503462
slice8/query/img_03252_c0_1288106513973435us.jpg 0.458541 0.464354 -0.542664 0.528803 613.448768 -151.847538 27.491351
slice8/query/img_03253_c0_1288106514040049us.jpg 0.458708 0.463874 -0.543564 0.528154 613.987068 -152.556359 27.476025
slice8/query/img_03254_c0_1288106514106663us.jpg 0.458994 0.463544 -0.544126 0.527615 614.521607 -153.266901 27.461025
slice8/query/img_03255_c0_1288106514173404us.jpg 0.459286 0.462959 -0.544317 0.527678 615.054649 -153.973610 27.442256
slice8/query/img_03256_c0_1288106514373373us.jpg 0.459421 0.461623 -0.543362 0.529711 616.664242 -156.096817 27.375104
slice8/query/img_03257_c0_1288106514506632us.jpg 0.458253 0.462329 -0.542945 0.530534 617.735531 -157.514067 27.334031
slice8/query/img_03258_c0_1288106514573341us.jpg 0.457590 0.462696 -0.543130 0.530597 618.268315 -158.219725 27.317675
slice8/query/img_03259_c0_1288106514639953us.jpg 0.457030 0.463080 -0.543463 0.530403 618.799271 -158.925249 27.302601
slice8/query/img_03260_c0_1288106514839948us.jpg 0.456281 0.463054 -0.543168 0.531372 620.396619 -161.063433 27.257669
slice8/query/img_03261_c0_1288106514973276us.jpg 0.455901 0.462877 -0.542894 0.532133 621.454360 -162.482603 27.228362
slice8/query/img_03262_c0_1288106515039910us.jpg 0.455961 0.462430 -0.542928 0.532436 621.982787 -163.192199 27.215043
slice8/query/img_03263_c0_1288106515106502us.jpg 0.456053 0.461950 -0.543140 0.532556 622.508917 -163.898823 27.204607
slice8/query/img_03264_c0_1288106515173242us.jpg 0.456236 0.461533 -0.543273 0.532626 623.032109 -164.606221 27.192569
slice8/query/img_03265_c0_1288106515239855us.jpg 0.456256 0.461106 -0.543267 0.532985 623.554221 -165.309983 27.180365
slice8/query/img_03266_c0_1288106515373222us.jpg 0.456395 0.460052 -0.542772 0.534279 624.597314 -166.722405 27.157207
slice8/query/img_03267_c0_1288106515439825us.jpg 0.456511 0.459673 -0.542461 0.534822 625.119051 -167.429793 27.146175
slice8/query/img_03268_c0_1288106515506440us.jpg 0.456402 0.459527 -0.542309 0.535194 625.635586 -168.134096 27.136300
slice8/query/img_03269_c0_1288106515573178us.jpg 0.456221 0.459414 -0.542287 0.535469 626.153488 -168.838476 27.127403
slice8/query/img_03270_c0_1288106515706766us.jpg 0.456374 0.458615 -0.542722 0.535582 627.189348 -170.252896 27.110374
slice8/query/img_03271_c0_1288106515773168us.jpg 0.456508 0.458042 -0.543091 0.535584 627.706827 -170.957311 27.104212
slice8/query/img_03272_c0_1288106515839761us.jpg 0.456684 0.457649 -0.543290 0.535568 628.218033 -171.659816 27.096504
slice8/query/img_03273_c0_1288106515906374us.jpg 0.456742 0.457234 -0.543236 0.535928 628.730140 -172.361461 27.087650
slice8/query/img_03274_c0_1288106516039727us.jpg 0.457395 0.455622 -0.542797 0.537188 629.750435 -173.765875 27.070516
slice8/query/img_03275_c0_1288106516106343us.jpg 0.457468 0.455087 -0.542343 0.538036 630.257671 -174.466669 27.063616
slice8/query/img_03276_c0_1288106516173082us.jpg 0.457237 0.455108 -0.542105 0.538454 630.764082 -175.163779 27.055903
slice8/query/img_03277_c0_1288106516306312us.jpg 0.456659 0.454979 -0.542362 0.538795 631.780414 -176.563227 27.045426
slice8/query/img_03278_c0_1288106516373050us.jpg 0.456098 0.455175 -0.542717 0.538747 632.286821 -177.261268 27.041922
slice8/query/img_03279_c0_1288106516439665us.jpg 0.455407 0.455433 -0.542900 0.538929 632.792808 -177.958543 27.037808
slice8/query/img_03280_c0_1288106516573021us.jpg 0.454034 0.455817 -0.543109 0.539553 633.797337 -179.349480 27.027183
slice8/query/img_03281_c0_1288106516639633us.jpg 0.453413 0.456146 -0.542827 0.540081 634.295570 -180.040713 27.022155
slice8/query/img_03282_c0_1288106516772989us.jpg 0.453099 0.455327 -0.543484 0.540374 635.289534 -181.429851 27.017712
slice8/query/img_03283_c0_1288106516839600us.jpg 0.453596 0.454600 -0.544304 0.539743 635.781909 -182.124531 27.022018
slice8/query/img_03284_c0_1288106516906215us.jpg 0.454142 0.454041 -0.544997 0.539056 636.267661 -182.813483 27.024042
slice8/query/img_03285_c0_1288106517039593us.jpg 0.454579 0.453602 -0.545826 0.538216 637.241598 -184.189529 27.020592
slice8/query/img_03286_c0_1288106517106187us.jpg 0.454509 0.453381 -0.545953 0.538333 637.724088 -184.870795 27.018405
slice8/query/img_03287_c0_1288106517172923us.jpg 0.454065 0.453542 -0.545857 0.538670 638.201412 -185.546087 27.015820
slice8/query/img_03288_c0_1288106517239538us.jpg 0.453388 0.453822 -0.545897 0.538964 638.678727 -186.217137 27.011303
slice8/query/img_03289_c0_1288106517372894us.jpg 0.452094 0.454592 -0.546431 0.538861 639.619335 -187.547728 27.004810
slice8/query/img_03290_c0_1288106517439504us.jpg 0.451740 0.454670 -0.546823 0.538693 640.086930 -188.209374 27.004570
slice8/query/img_03291_c0_1288106517506119us.jpg 0.451826 0.454287 -0.547069 0.538694 640.549231 -188.867346 27.006018
slice8/query/img_03292_c0_1288106517639670us.jpg 0.452774 0.452765 -0.547710 0.538529 641.465881 -190.178105 27.007602
slice8/query/img_03293_c0_1288106517706088us.jpg 0.453349 0.452222 -0.547792 0.538417 641.920781 -190.830279 27.006117
slice8/query/img_03294_c0_1288106517772826us.jpg 0.453735 0.451766 -0.548019 0.538245 642.370322 -191.477427 27.004317
slice8/query/img_03295_c0_1288106517839440us.jpg 0.453984 0.451332 -0.547969 0.538449 642.816636 -192.119155 27.003283
slice8/query/img_03296_c0_1288106517972816us.jpg 0.454020 0.451002 -0.548225 0.538435 643.710082 -193.397811 26.996380
slice8/query/img_03297_c0_1288106518039407us.jpg 0.453619 0.451166 -0.548344 0.538515 644.153108 -194.028533 26.993229
slice8/query/img_03298_c0_1288106518106023us.jpg 0.453252 0.451523 -0.548364 0.538505 644.589649 -194.656275 26.989613
slice8/query/img_03299_c0_1288106518172763us.jpg 0.452834 0.451829 -0.548453 0.538508 645.026108 -195.279729 26.986585
slice8/query/img_03300_c0_1288106518306015us.jpg 0.452383 0.452054 -0.548213 0.538943 645.891216 -196.519293 26.979699
slice8/query/img_03301_c0_1288106518372731us.jpg 0.452228 0.452041 -0.548276 0.539020 646.318788 -197.134675 26.977452
slice8/query/img_03302_c0_1288106518505980us.jpg 0.452184 0.451821 -0.548379 0.539136 647.169543 -198.358091 26.972444
slice8/query/img_03303_c0_1288106518572700us.jpg 0.452231 0.451874 -0.548399 0.539033 647.591114 -198.965978 26.969787
slice8/query/img_03304_c0_1288106518639314us.jpg 0.452207 0.451990 -0.548311 0.539045 648.009662 -199.568420 26.967321
slice8/query/img_03305_c0_1288106518705929us.jpg 0.452255 0.452135 -0.548293 0.538901 648.426184 -200.167056 26.964442
slice8/query/img_03306_c0_1288106518839285us.jpg 0.452354 0.452030 -0.548217 0.538984 649.251348 -201.355457 26.958310
slice8/query/img_03307_c0_1288106518905897us.jpg 0.452454 0.452213 -0.547958 0.539009 649.658985 -201.943398 26.954054
slice8/query/img_03308_c0_1288106518972637us.jpg 0.452540 0.452431 -0.547862 0.538852 650.063076 -202.526891 26.949732
slice8/query/img_03309_c0_1288106519039251us.jpg 0.452665 0.452713 -0.547516 0.538862 650.465823 -203.106442 26.946409
slice8/query/img_03310_c0_1288106519105865us.jpg 0.452927 0.453123 -0.547259 0.538557 650.863926 -203.680997 26.943312
slice8/query/img_03311_c0_1288106519239221us.jpg 0.453650 0.453968 -0.546756 0.537748 651.658223 -204.820348 26.938977
slice8/query/img_03312_c0_1288106519305833us.jpg 0.453972 0.454432 -0.546645 0.537197 652.052009 -205.380910 26.937183
slice8/query/img_03313_c0_1288106519372573us.jpg 0.454199 0.454949 -0.546652 0.536559 652.444459 -205.934563 26.934992
slice8/query/img_03314_c0_1288106519439187us.jpg 0.454544 0.455411 -0.546563 0.535966 652.831672 -206.484064 26.931771
slice8/query/img_03315_c0_1288106519505802us.jpg 0.454812 0.455960 -0.546534 0.535301 653.217797 -207.027237 26.928101
slice8/query/img_03316_c0_1288106519639179us.jpg 0.455366 0.457059 -0.546418 0.534010 653.981158 -208.095504 26.923683
slice8/query/img_03317_c0_1288106519705775us.jpg 0.455852 0.457442 -0.546221 0.533468 654.355655 -208.621456 26.920496
slice8/query/img_03318_c0_1288106519772510us.jpg 0.456246 0.458063 -0.546001 0.532823 654.728796 -209.138761 26.918762
slice8/query/img_03319_c0_1288106519839125us.jpg 0.456699 0.458635 -0.545981 0.531963 655.097864 -209.652477 26.917003
slice8/query/img_03320_c0_1288106519905741us.jpg 0.457174 0.458959 -0.545810 0.531450 655.463762 -210.154971 26.912993
slice8/query/img_03321_c0_1288106520039116us.jpg 0.458049 0.459404 -0.545724 0.530399 656.184585 -211.142921 26.908131
slice8/query/img_03322_c0_1288106520105728us.jpg 0.458324 0.459830 -0.545708 0.529810 656.537224 -211.624191 26.905299
slice8/query/img_03323_c0_1288106520172446us.jpg 0.458633 0.460238 -0.545557 0.529344 656.885311 -212.098206 26.901217
slice8/query/img_03324_c0_1288106520239060us.jpg 0.458941 0.460694 -0.545424 0.528816 657.226208 -212.562480 26.897845
slice8/query/img_03326_c0_1288106520439052us.jpg 0.459483 0.461637 -0.545038 0.527920 658.228707 -213.919383 26.882742
slice8/query/img_03327_c0_1288106520505650us.jpg 0.459317 0.462343 -0.544759 0.527736 658.553025 -214.352459 26.876996
slice8/query/img_03328_c0_1288106520572384us.jpg 0.459099 0.463108 -0.544625 0.527393 658.870514 -214.777131 26.872437
slice8/query/img_03330_c0_1288106520772377us.jpg 0.458422 0.464036 -0.544228 0.527576 659.800369 -216.011221 26.858405
slice8/query/img_03332_c0_1288106520905582us.jpg 0.457087 0.464432 -0.544817 0.527777 660.397498 -216.799489 26.850160
slice8/query/img_03333_c0_1288106520972321us.jpg 0.456123 0.464173 -0.545235 0.528408 660.686078 -217.182684 26.846719
slice8/query/img_03334_c0_1288106521105553us.jpg 0.454416 0.462955 -0.546351 0.529792 661.248495 -217.933466 26.839347
slice8/query/img_03335_c0_1288106521172311us.jpg 0.453708 0.462228 -0.547101 0.530260 661.517754 -218.298703 26.837926
slice8/query/img_03337_c0_1288106521305520us.jpg 0.452916 0.460036 -0.548453 0.531443 662.035918 -219.010910 26.835396
slice8/query/img_03339_c0_1288106521505489us.jpg 0.451478 0.457289 -0.550316 0.533110 662.769142 -220.033828 26.830868
slice8/query/img_03341_c0_1288106521638842us.jpg 0.450450 0.455486 -0.551510 0.534289 663.225281 -220.679946 26.827217
slice8/query/img_03342_c0_1288106521772195us.jpg 0.449861 0.454193 -0.551904 0.535477 663.663615 -221.302476 26.822137
slice8/query/img_03344_c0_1288106521905423us.jpg 0.450112 0.453557 -0.552366 0.535328 664.074500 -221.899897 26.818332
slice8/query/img_03345_c0_1288106522038799us.jpg 0.450845 0.452152 -0.552738 0.535516 664.468334 -222.471059 26.817348
slice8/query/img_03347_c0_1288106522238746us.jpg 0.451405 0.452053 -0.552399 0.535478 665.021995 -223.270208 26.810905
slice8/query/img_03349_c0_1288106522372101us.jpg 0.452048 0.452312 -0.552220 0.534902 665.366149 -223.765083 26.807715
slice8/query/img_03350_c0_1288106522505329us.jpg 0.452813 0.452062 -0.551934 0.534761 665.691329 -224.231758 26.805546
slice8/query/img_03352_c0_1288106522705624us.jpg 0.453513 0.452474 -0.551173 0.534604 666.145025 -224.879139 26.798301
slice8/query/img_03355_c0_1288106522905266us.jpg 0.454406 0.452831 -0.550961 0.533762 666.553385 -225.463431 26.795741
slice8/query/img_03358_c0_1288106523171975us.jpg 0.455576 0.452401 -0.550575 0.533528 667.028343 -226.141672 26.792802
slice8/query/img_03361_c0_1288106523438571us.jpg 0.455596 0.453700 -0.550077 0.532919 667.431299 -226.707160 26.786177
slice8/query/img_03364_c0_1288106523838498us.jpg 0.457450 0.452651 -0.549411 0.532912 667.878591 -227.346621 26.785323
slice8/query/img_03374_c0_1288106524771750us.jpg 0.457644 0.452410 -0.546290 0.536148 668.386219 -228.053416 26.768997
slice8/query/img_03452_c0_1288106531503943us.jpg 0.457571 0.452026 -0.539418 0.543443 668.739893 -228.550714 26.742753
slice8/query/img_03457_c0_1288106531970626us.jpg 0.457483 0.451895 -0.538147 0.544884 669.150865 -229.130891 26.740797
slice8/query/img_03460_c0_1288106532237993us.jpg 0.457285 0.451843 -0.538633 0.544613 669.509302 -229.630197 26.738415
slice8/query/img_03463_c0_1288106532437176us.jpg 0.456301 0.452174 -0.538882 0.544917 669.827862 -230.069696 26.732493
slice8/query/img_03465_c0_1288106532637165us.jpg 0.455395 0.453000 -0.539092 0.544781 670.188191 -230.569168 26.728152
slice8/query/img_03468_c0_1288106532903733us.jpg 0.455653 0.451543 -0.539087 0.545779 670.731979 -231.335768 26.727230
slice8/query/img_03470_c0_1288106533037084us.jpg 0.455187 0.451020 -0.539259 0.546430 671.036735 -231.760620 26.724466
slice8/query/img_03471_c0_1288106533237058us.jpg 0.453008 0.452894 -0.539966 0.545992 671.530909 -232.445591 26.716634
slice8/query/img_03472_c0_1288106533370443us.jpg 0.452583 0.452944 -0.540621 0.545655 671.878909 -232.933017 26.713487
slice8/query/img_03474_c0_1288106533570382us.jpg 0.453582 0.451139 -0.541202 0.545745 672.422559 -233.711621 26.714708
slice8/query/img_03475_c0_1288106533637005us.jpg 0.453569 0.451106 -0.541035 0.545949 672.610301 -233.979535 26.712381
slice8/query/img_03477_c0_1288106533770348us.jpg 0.453020 0.451964 -0.540213 0.546509 672.993612 -234.523723 26.705293
slice8/query/img_03478_c0_1288106533903580us.jpg 0.452759 0.452249 -0.540054 0.546647 673.392096 -235.089398 26.701175
slice8/query/img_03479_c0_1288106534103588us.jpg 0.453051 0.451837 -0.539916 0.546882 674.011988 -235.978707 26.697369
slice8/query/img_03480_c0_1288106534303543us.jpg 0.453803 0.451613 -0.540317 0.546046 674.665178 -236.904945 26.701703
slice8/query/img_03481_c0_1288106534370260us.jpg 0.454249 0.450561 -0.540454 0.546409 674.895764 -237.216196 26.701116
slice8/query/img_03483_c0_1288106534570233us.jpg 0.454042 0.452007 -0.540375 0.545464 675.603443 -238.181891 26.687842
slice8/query/img_03485_c0_1288106534703460us.jpg 0.454869 0.451760 -0.539166 0.546176 676.069029 -238.846824 26.674295
slice8/query/img_03487_c0_1288106534903431us.jpg 0.456299 0.450866 -0.535993 0.548837 676.785827 -239.879285 26.678513
slice8/query/img_03489_c0_1288106535036786us.jpg 0.456770 0.451572 -0.534596 0.549227 677.283364 -240.596893 26.682706
slice8/query/img_03490_c0_1288106535103400us.jpg 0.457053 0.451417 -0.534594 0.549121 677.541493 -240.964153 26.687032
slice8/query/img_03491_c0_1288106535236781us.jpg 0.457000 0.452151 -0.535021 0.548145 678.072292 -241.712003 26.696663
slice8/query/img_03492_c0_1288106535303391us.jpg 0.456820 0.452966 -0.535127 0.547517 678.342747 -242.092643 26.699777
slice8/query/img_03494_c0_1288106535436725us.jpg 0.456682 0.453563 -0.535109 0.547157 678.895214 -242.867417 26.704893
slice8/query/img_03495_c0_1288106535570105us.jpg 0.456118 0.454925 -0.534571 0.547023 679.464894 -243.659035 26.707812
slice8/query/img_03496_c0_1288106535636716us.jpg 0.455739 0.456049 -0.534196 0.546768 679.753948 -244.061037 26.709717
slice8/query/img_03497_c0_1288106535703310us.jpg 0.455714 0.456318 -0.534039 0.546718 680.046684 -244.468147 26.712096
slice8/query/img_03498_c0_1288106535770050us.jpg 0.455946 0.455994 -0.534159 0.546678 680.341358 -244.879033 26.715516
slice8/query/img_03499_c0_1288106535903284us.jpg 0.456475 0.455752 -0.534564 0.546042 680.944073 -245.717739 26.725857
slice8/query/img_03500_c0_1288106535970021us.jpg 0.456869 0.455525 -0.534934 0.545539 681.246264 -246.144627 26.731413
slice8/query/img_03501_c0_1288106536036635us.jpg 0.457276 0.455140 -0.535183 0.545275 681.554117 -246.575651 26.736815
slice8/query/img_03502_c0_1288106536103251us.jpg 0.457904 0.454565 -0.535432 0.544984 681.863743 -247.009795 26.742223
slice8/query/img_03503_c0_1288106536236605us.jpg 0.459687 0.453545 -0.535710 0.544059 682.488825 -247.896278 26.753137
slice8/query/img_03504_c0_1288106536303219us.jpg 0.460551 0.452619 -0.535872 0.543939 682.806317 -248.345318 26.756913
slice8/query/img_03505_c0_1288106536369960us.jpg 0.461108 0.452111 -0.535587 0.544170 683.128427 -248.796260 26.758369
slice8/query/img_03506_c0_1288106536503215us.jpg 0.461387 0.452258 -0.534122 0.545251 683.779733 -249.707266 26.758806
slice8/query/img_03507_c0_1288106536569930us.jpg 0.461757 0.451317 -0.533243 0.546576 684.109612 -250.167324 26.759632
slice8/query/img_03508_c0_1288106536769921us.jpg 0.463346 0.449480 -0.531674 0.548271 685.116483 -251.580100 26.774162
slice8/query/img_03509_c0_1288106536903130us.jpg 0.464482 0.449352 -0.532839 0.546281 685.802403 -252.548357 26.797698
slice8/query/img_03511_c0_1288106537103104us.jpg 0.464385 0.448825 -0.534737 0.544939 686.868534 -254.021240 26.821344
slice8/query/img_03512_c0_1288106537169841us.jpg 0.463615 0.449322 -0.534392 0.545524 687.228384 -254.517587 26.821396
slice8/query/img_03513_c0_1288106537303074us.jpg 0.461515 0.451013 -0.532920 0.547345 687.959423 -255.515899 26.817545
slice8/query/img_03514_c0_1288106537436447us.jpg 0.461200 0.451870 -0.531425 0.548358 688.693023 -256.534016 26.824124
slice8/query/img_03515_c0_1288106537503044us.jpg 0.461888 0.451202 -0.531216 0.548531 689.059782 -257.050782 26.833304
slice8/query/img_03516_c0_1288106537636396us.jpg 0.463282 0.449496 -0.531124 0.548845 689.805179 -258.098720 26.858228
slice8/query/img_03517_c0_1288106537703012us.jpg 0.463467 0.449332 -0.531102 0.548843 690.179972 -258.627115 26.870230
slice8/query/img_03518_c0_1288106537902984us.jpg 0.462585 0.449536 -0.530927 0.549590 691.328605 -260.221253 26.907567
slice8/query/img_03519_c0_1288106538036356us.jpg 0.461994 0.449633 -0.530919 0.550015 692.108861 -261.301766 26.935487
slice8/query/img_03520_c0_1288106538169715us.jpg 0.462564 0.448931 -0.530810 0.550215 692.893281 -262.403936 26.962999
slice8/query/img_03521_c0_1288106538236306us.jpg 0.463057 0.448262 -0.530645 0.550505 693.288133 -262.958875 26.976386
slice8/query/img_03522_c0_1288106538302921us.jpg 0.463233 0.447998 -0.530325 0.550880 693.681822 -263.511655 26.991511
slice8/query/img_03523_c0_1288106538502894us.jpg 0.462720 0.448376 -0.529556 0.551743 694.895720 -265.200898 27.030943
slice8/query/img_03524_c0_1288106538702865us.jpg 0.461025 0.449886 -0.529910 0.551592 696.136779 -266.918391 27.073908
slice8/query/img_03525_c0_1288106538769607us.jpg 0.460516 0.450659 -0.529679 0.551608 696.555671 -267.499208 27.087048
slice8/query/img_03526_c0_1288106538836218us.jpg 0.460188 0.450964 -0.529509 0.551796 696.975533 -268.082630 27.099791
slice8/query/img_03527_c0_1288106538902835us.jpg 0.459919 0.451068 -0.529163 0.552267 697.396492 -268.667183 27.114118
slice8/query/img_03528_c0_1288106539036211us.jpg 0.459569 0.451537 -0.528621 0.552694 698.252163 -269.858118 27.143876
slice8/query/img_03529_c0_1288106539102803us.jpg 0.459146 0.452133 -0.528241 0.552921 698.682611 -270.458242 27.158048
slice8/query/img_03530_c0_1288106539169544us.jpg 0.458654 0.452621 -0.527993 0.553167 699.119059 -271.059392 27.174044
slice8/query/img_03531_c0_1288106539236159us.jpg 0.458309 0.452875 -0.527796 0.553434 699.555634 -271.662118 27.191847
slice8/query/img_03532_c0_1288106539369516us.jpg 0.457218 0.453902 -0.527416 0.553856 700.440360 -272.886773 27.225690
slice8/query/img_03533_c0_1288106539436149us.jpg 0.456582 0.454649 -0.527311 0.553869 700.885166 -273.502531 27.243371
slice8/query/img_03534_c0_1288106539636096us.jpg 0.455593 0.455233 -0.527619 0.553910 702.239394 -275.376870 27.310376
slice8/query/img_03535_c0_1288106539769483us.jpg 0.455558 0.455328 -0.527645 0.553836 703.153749 -276.644985 27.357364
slice8/query/img_03536_c0_1288106539969429us.jpg 0.456038 0.454953 -0.526940 0.554420 704.539641 -278.584891 27.423735
slice8/query/img_03537_c0_1288106540102689us.jpg 0.456303 0.454733 -0.526624 0.554682 705.477861 -279.897657 27.468086
slice8/query/img_03538_c0_1288106540169396us.jpg 0.456528 0.454390 -0.526697 0.554709 705.950994 -280.557120 27.492244
slice8/query/img_03539_c0_1288106540236012us.jpg 0.456512 0.454258 -0.526753 0.554776 706.426899 -281.218316 27.515674
slice8/query/img_03540_c0_1288106540302626us.jpg 0.456541 0.454448 -0.526711 0.554637 706.902589 -281.881005 27.539402
slice8/query/img_03541_c0_1288106540436011us.jpg 0.456892 0.454242 -0.526738 0.554492 707.862520 -283.223276 27.591982
slice8/query/img_03542_c0_1288106540635952us.jpg 0.457691 0.453406 -0.525567 0.555627 709.315045 -285.249807 27.671698
slice8/query/img_03543_c0_1288106540835923us.jpg 0.457444 0.453532 -0.523680 0.557506 710.786182 -287.290677 27.751992
