slice8/query/img_03989_c0_1288792673320677us.jpg 0.598232 0.585448 -0.399215 0.374162 571.561420 -109.857035 28.921642
slice8/query/img_03990_c0_1288792673454052us.jpg 0.595618 0.580177 -0.402082 0.383359 572.592893 -110.220414 28.857274
slice8/query/img_03991_c0_1288792673520660us.jpg 0.593711 0.577806 -0.404698 0.387127 573.110933 -110.407082 28.830713
slice8/query/img_03992_c0_1288792673587252us.jpg 0.591724 0.575596 -0.407412 0.390599 573.633531 -110.607865 28.803300
slice8/query/img_03993_c0_1288792673720604us.jpg 0.587186 0.571628 -0.412967 0.397381 574.691994 -111.043978 28.761580
slice8/query/img_03994_c0_1288792673787214us.jpg 0.584532 0.569398 -0.414606 0.402754 575.214392 -111.264617 28.741929
slice8/query/img_03995_c0_1288792673853952us.jpg 0.581377 0.567275 -0.416388 0.408437 575.739273 -111.489748 28.716882
slice8/query/img_03996_c0_1288792673987180us.jpg 0.574031 0.562873 -0.423657 0.417346 576.821140 -111.981951 28.678103
slice8/query/img_03997_c0_1288792674053917us.jpg 0.569915 0.561000 -0.428964 0.420078 577.364333 -112.246039 28.669744
slice8/query/img_03998_c0_1288792674120529us.jpg 0.565468 0.559305 -0.434377 0.422776 577.903051 -112.514626 28.657331
slice8/query/img_04000_c0_1288792674320496us.jpg 0.554270 0.552091 -0.446939 0.433850 579.531204 -113.387595 28.592678
slice8/query/img_04001_c0_1288792674387127us.jpg 0.551914 0.547984 -0.450251 0.438609 580.064834 -113.697598 28.572398
slice8/query/img_04002_c0_1288792674453844us.jpg 0.549542 0.543887 -0.452827 0.444003 580.592937 -114.019546 28.553780
slice8/query/img_04003_c0_1288792674587095us.jpg 0.543653 0.536402 -0.458610 0.454304 581.647522 -114.691048 28.518394
slice8/query/img_04004_c0_1288792674653825us.jpg 0.540246 0.533052 -0.463384 0.457455 582.178086 -115.045934 28.506966
slice8/query/img_04006_c0_1288792674853791us.jpg 0.527566 0.525503 -0.480965 0.462809 583.772122 -116.174787 28.487608
slice8/query/img_04007_c0_1288792674920386us.jpg 0.523243 0.523329 -0.484074 0.466922 584.302784 -116.568499 28.466351
slice8/query/img_04008_c0_1288792674987000us.jpg 0.519539 0.520069 -0.485791 0.472880 584.827306 -116.970569 28.436730
slice8/query/img_04009_c0_1288792675053734us.jpg 0.516452 0.515682 -0.487013 0.479758 585.340274 -117.382151 28.405181
slice8/query/img_04010_c0_1288792675186961us.jpg 0.511172 0.506496 -0.490951 0.491052 586.360076 -118.251650 28.364330
slice8/query/img_04011_c0_1288792675253697us.jpg 0.508591 0.502399 -0.493938 0.494929 586.868634 -118.705839 28.355105
slice8/query/img_04012_c0_1288792675320312us.jpg 0.506013 0.498793 -0.497433 0.497711 587.375700 -119.170769 28.353189
slice8/query/img_04013_c0_1288792675386925us.jpg 0.503378 0.495307 -0.501293 0.499987 587.876692 -119.647180 28.349870
slice8/query/img_04014_c0_1288792675520275us.jpg 0.496926 0.488226 -0.510072 0.504506 588.872576 -120.625170 28.341205
slice8/query/img_04015_c0_1288792675586886us.jpg 0.492616 0.485794 -0.513975 0.507113 589.366105 -121.122979 28.332085
slice8/query/img_04016_c0_1288792675653631us.jpg 0.487819 0.483778 -0.517477 0.510107 589.855218 -121.627672 28.317784
slice8/query/img_04017_c0_1288792675786852us.jpg 0.478921 0.480019 -0.523811 0.515594 590.826707 -122.669637 28.290684
slice8/query/img_04018_c0_1288792675853607us.jpg 0.475937 0.477399 -0.526581 0.517963 591.302035 -123.207155 28.278226
slice8/query/img_04019_c0_1288792675920201us.jpg 0.474142 0.474369 -0.528759 0.520170 591.767375 -123.755269 28.267044
slice8/query/img_04020_c0_1288792675986813us.jpg 0.473322 0.471398 -0.530394 0.521951 592.226915 -124.310252 28.259479
slice8/query/img_04021_c0_1288792676120165us.jpg 0.473874 0.465266 -0.532444 0.524857 593.142764 -125.448098 28.237913
slice8/query/img_04022_c0_1288792676186799us.jpg 0.474608 0.462517 -0.533311 0.525741 593.598194 -126.026165 28.226744
slice8/query/img_04023_c0_1288792676253516us.jpg 0.474867 0.460622 -0.533940 0.526533 594.050264 -126.606697 28.214604
slice8/query/img_04024_c0_1288792676386742us.jpg 0.473025 0.459501 -0.535443 0.527643 594.977725 -127.771370 28.189274
slice8/query/img_04025_c0_1288792676453478us.jpg 0.471553 0.459812 -0.536203 0.527917 595.445995 -128.358881 28.175429
slice8/query/img_04026_c0_1288792676520091us.jpg 0.470068 0.459964 -0.537257 0.528038 595.912478 -128.948164 28.161363
slice8/query/img_04027_c0_1288792676586704us.jpg 0.468620 0.460253 -0.538149 0.528165 596.378259 -129.538643 28.144739
slice8/query/img_04028_c0_1288792676720078us.jpg 0.466922 0.459918 -0.539513 0.528569 597.316693 -130.750454 28.109743
slice8/query/img_04029_c0_1288792676786687us.jpg 0.466739 0.459476 -0.539841 0.528780 597.786820 -131.363798 28.094021
slice8/query/img_04030_c0_1288792676853406us.jpg 0.466744 0.459041 -0.540235 0.528752 598.258127 -131.977749 28.076822
slice8/query/img_04031_c0_1288792676920018us.jpg 0.466973 0.458233 -0.540577 0.528900 598.730224 -132.597854 28.059869
slice8/query/img_04032_c0_1288792677053381us.jpg 0.466153 0.457982 -0.540461 0.529958 599.681916 -133.848668 28.019221
slice8/query/img_04033_c0_1288792677119983us.jpg 0.465284 0.458057 -0.540673 0.530441 600.162138 -134.476898 28.000097
slice8/query/img_04034_c0_1288792677186595us.jpg 0.464089 0.458862 -0.540861 0.530600 600.644139 -135.109836 27.978025
slice8/query/img_04035_c0_1288792677319947us.jpg 0.461258 0.461034 -0.541423 0.530612 601.618310 -136.385737 27.930211
slice8/query/img_04036_c0_1288792677386581us.jpg 0.460275 0.461995 -0.541454 0.530598 602.104333 -137.027075 27.911161
slice8/query/img_04037_c0_1288792677453297us.jpg 0.459905 0.462062 -0.541442 0.530874 602.590254 -137.670619 27.893753
slice8/query/img_04038_c0_1288792677519908us.jpg 0.460078 0.461475 -0.541419 0.531258 603.073195 -138.315277 27.878401
slice8/query/img_04039_c0_1288792677653282us.jpg 0.460508 0.459903 -0.540744 0.532933 604.047042 -139.623283 27.835346
slice8/query/img_04040_c0_1288792677719871us.jpg 0.461363 0.459145 -0.540508 0.533086 604.533202 -140.282006 27.820749
slice8/query/img_04041_c0_1288792677786486us.jpg 0.462361 0.458833 -0.540356 0.532644 605.021685 -140.945624 27.807937
slice8/query/img_04042_c0_1288792677919856us.jpg 0.463463 0.458456 -0.540347 0.532020 606.008432 -142.269387 27.778116
slice8/query/img_04043_c0_1288792677986472us.jpg 0.463362 0.458427 -0.540267 0.532214 606.510598 -142.933484 27.760390
slice8/query/img_04044_c0_1288792678053206us.jpg 0.462594 0.458612 -0.540331 0.532658 607.015863 -143.597586 27.742438
slice8/query/img_04045_c0_1288792678119800us.jpg 0.461238 0.459833 -0.540082 0.533034 607.521845 -144.264841 27.722704
slice8/query/img_04046_c0_1288792678253151us.jpg 0.458196 0.462940 -0.539513 0.533544 608.539059 -145.599289 27.678228
slice8/query/img_04047_c0_1288792678319783us.jpg 0.457462 0.463897 -0.539209 0.533649 609.046856 -146.271706 27.659922
slice8/query/img_04048_c0_1288792678386383us.jpg 0.457615 0.463606 -0.539250 0.533730 609.554304 -146.950806 27.646344
slice8/query/img_04049_c0_1288792678453114us.jpg 0.457880 0.463412 -0.539056 0.533867 610.060103 -147.631984 27.633534
slice8/query/img_04050_c0_1288792678586362us.jpg 0.458019 0.463148 -0.539497 0.533532 611.081715 -148.999404 27.606936
slice8/query/img_04051_c0_1288792678653074us.jpg 0.457639 0.463455 -0.539715 0.533370 611.596273 -149.684417 27.592681
slice8/query/img_04052_c0_1288792678719687us.jpg 0.456898 0.463657 -0.540042 0.533499 612.111221 -150.369869 27.578942
slice8/query/img_04053_c0_1288792678853061us.jpg 0.455774 0.463540 -0.541794 0.532786 613.148441 -151.739261 27.547045
slice8/query/img_04054_c0_1288792678919654us.jpg 0.455706 0.463171 -0.543169 0.531763 613.668306 -152.432756 27.536173
slice8/query/img_04055_c0_1288792678986266us.jpg 0.455962 0.462800 -0.543984 0.531033 614.187011 -153.127646 27.519756
slice8/query/img_04056_c0_1288792679119624us.jpg 0.457060 0.461261 -0.544213 0.531194 615.220699 -154.526632 27.480133
slice8/query/img_04057_c0_1288792679186228us.jpg 0.457475 0.460517 -0.543650 0.532058 615.736625 -155.225927 27.458878
slice8/query/img_04058_c0_1288792679252965us.jpg 0.457380 0.460080 -0.543190 0.532986 616.255725 -155.926908 27.437275
slice8/query/img_04059_c0_1288792679319580us.jpg 0.456811 0.460256 -0.542970 0.533546 616.775602 -156.625810 27.415505
slice8/query/img_04060_c0_1288792679452955us.jpg 0.455016 0.460875 -0.543183 0.534328 617.823826 -158.030542 27.374821
slice8/query/img_04061_c0_1288792679519541us.jpg 0.454161 0.461554 -0.543414 0.534236 618.349125 -158.733916 27.359848
slice8/query/img_04062_c0_1288792679586156us.jpg 0.453232 0.462072 -0.543454 0.534535 618.871201 -159.436765 27.343929
slice8/query/img_04063_c0_1288792679719529us.jpg 0.452161 0.462063 -0.543129 0.535779 619.920328 -160.853922 27.315134
slice8/query/img_04064_c0_1288792679786119us.jpg 0.451892 0.461539 -0.543061 0.536526 620.444203 -161.557494 27.300242
slice8/query/img_04065_c0_1288792679852857us.jpg 0.451700 0.461412 -0.542930 0.536930 620.964839 -162.271079 27.286735
slice8/query/img_04066_c0_1288792679986107us.jpg 0.451609 0.460283 -0.543034 0.537869 622.010124 -163.700263 27.261598
slice8/query/img_04067_c0_1288792680052821us.jpg 0.451810 0.459524 -0.543194 0.538187 622.534158 -164.419467 27.251992
slice8/query/img_04068_c0_1288792680119433us.jpg 0.451952 0.458943 -0.543324 0.538432 623.055033 -165.135249 27.239213
slice8/query/img_04069_c0_1288792680252876us.jpg 0.451674 0.458385 -0.542865 0.539604 624.104724 -166.575564 27.215243
slice8/query/img_04070_c0_1288792680319407us.jpg 0.451656 0.457874 -0.542768 0.540150 624.631501 -167.296227 27.202183
slice8/query/img_04071_c0_1288792680386011us.jpg 0.451383 0.457699 -0.542579 0.540715 625.159189 -168.021273 27.190739
slice8/query/img_04072_c0_1288792680452748us.jpg 0.451253 0.457393 -0.542710 0.540951 625.684445 -168.745708 27.181563
slice8/query/img_04073_c0_1288792680585975us.jpg 0.451455 0.456735 -0.543001 0.541047 626.730769 -170.208104 27.163611
slice8/query/img_04074_c0_1288792680652711us.jpg 0.451673 0.456153 -0.543373 0.540982 627.256452 -170.940427 27.159393
slice8/query/img_04075_c0_1288792680719324us.jpg 0.452109 0.455635 -0.543563 0.540864 627.781104 -171.673072 27.153380
slice8/query/img_04076_c0_1288792680785937us.jpg 0.452449 0.455158 -0.543583 0.540961 628.303980 -172.406137 27.145149
slice8/query/img_04077_c0_1288792680919289us.jpg 0.452852 0.454035 -0.543111 0.542041 629.347266 -173.869131 27.126982
slice8/query/img_04078_c0_1288792680985900us.jpg 0.453116 0.453494 -0.542659 0.542725 629.868985 -174.602243 27.119810
slice8/query/img_04079_c0_1288792681052638us.jpg 0.453324 0.453411 -0.542150 0.543129 630.392991 -175.340073 27.111138
slice8/query/img_04080_c0_1288792681119250us.jpg 0.453444 0.453327 -0.541966 0.543282 630.913518 -176.078216 27.106801
slice8/query/img_04081_c0_1288792681252601us.jpg 0.453939 0.453113 -0.541968 0.543045 631.957387 -177.553861 27.094077
slice8/query/img_04082_c0_1288792681319215us.jpg 0.453983 0.453055 -0.541966 0.543059 632.481931 -178.293640 27.087203
slice8/query/img_04083_c0_1288792681385826us.jpg 0.453869 0.453044 -0.541778 0.543351 633.004390 -179.030113 27.083263
slice8/query/img_04084_c0_1288792681519178us.jpg 0.453213 0.453344 -0.541265 0.544160 634.053390 -180.491095 27.070228
slice8/query/img_04085_c0_1288792681652526us.jpg 0.453628 0.452414 -0.541592 0.544262 635.095228 -181.975440 27.058812
slice8/query/img_04086_c0_1288792681719139us.jpg 0.454521 0.451381 -0.542088 0.543881 635.615212 -182.711365 27.057661
slice8/query/img_04087_c0_1288792681852492us.jpg 0.456813 0.449608 -0.542617 0.542902 636.659925 -184.198468 27.053701
slice8/query/img_04088_c0_1288792681919106us.jpg 0.458054 0.448539 -0.542374 0.542982 637.180529 -184.942904 27.050375
slice8/query/img_04089_c0_1288792681985717us.jpg 0.458747 0.447696 -0.541827 0.543639 637.699577 -185.683012 27.044209
slice8/query/img_04090_c0_1288792682052454us.jpg 0.458879 0.447518 -0.541119 0.544379 638.220678 -186.420895 27.038304
slice8/query/img_04091_c0_1288792682185702us.jpg 0.458785 0.448055 -0.540951 0.544183 639.266778 -187.903098 27.027150
slice8/query/img_04092_c0_1288792682252419us.jpg 0.458561 0.448223 -0.541285 0.543901 639.789774 -188.642658 27.024939
slice8/query/img_04093_c0_1288792682319031us.jpg 0.458407 0.448305 -0.541622 0.543628 640.310737 -189.378385 27.024967
slice8/query/img_04094_c0_1288792682452410us.jpg 0.459136 0.447367 -0.542047 0.543361 641.349760 -190.849136 27.015480
slice8/query/img_04095_c0_1288792682519017us.jpg 0.460012 0.446964 -0.541971 0.543028 641.866683 -191.589148 27.012151
slice8/query/img_04096_c0_1288792682585607us.jpg 0.460548 0.446621 -0.541832 0.542995 642.383207 -192.324097 27.007853
slice8/query/img_04097_c0_1288792682652345us.jpg 0.461191 0.446231 -0.541921 0.542680 642.901601 -193.059454 27.004796
slice8/query/img_04098_c0_1288792682785573us.jpg 0.461290 0.446295 -0.541779 0.542686 643.939259 -194.529096 26.994147
slice8/query/img_04099_c0_1288792682852309us.jpg 0.460924 0.446748 -0.541736 0.542668 644.461877 -195.259523 26.986287
slice8/query/img_04100_c0_1288792682918921us.jpg 0.460455 0.447309 -0.541541 0.542798 644.983493 -195.990530 26.978762
slice8/query/img_04101_c0_1288792683052273us.jpg 0.459400 0.448448 -0.541484 0.542809 646.024745 -197.449603 26.966995
slice8/query/img_04102_c0_1288792683118885us.jpg 0.459176 0.448828 -0.541530 0.542637 646.541907 -198.181500 26.959686
slice8/query/img_04103_c0_1288792683185498us.jpg 0.459115 0.449070 -0.541547 0.542472 647.058981 -198.910710 26.957113
slice8/query/img_04104_c0_1288792683252236us.jpg 0.459205 0.448970 -0.541481 0.542546 647.576124 -199.638461 26.952038
slice8/query/img_04105_c0_1288792683385484us.jpg 0.459188 0.449398 -0.541078 0.542606 648.617308 -201.101168 26.941243
slice8/query/img_04106_c0_1288792683452196us.jpg 0.458878 0.449784 -0.540976 0.542651 649.135955 -201.830309 26.937728
slice8/query/img_04107_c0_1288792683585426us.jpg 0.458211 0.450682 -0.540590 0.542854 650.173614 -203.285807 26.929216
slice8/query/img_04108_c0_1288792683652162us.jpg 0.457788 0.451404 -0.540505 0.542696 650.693891 -204.014476 26.926024
slice8/query/img_04109_c0_1288792683718773us.jpg 0.457339 0.451972 -0.540297 0.542810 651.213769 -204.743231 26.920050
slice8/query/img_04110_c0_1288792683852128us.jpg 0.456495 0.453112 -0.540487 0.542379 652.257788 -206.202551 26.911693
slice8/query/img_04111_c0_1288792683918761us.jpg 0.456602 0.453107 -0.540589 0.542192 652.777967 -206.930673 26.904250
slice8/query/img_04112_c0_1288792683985352us.jpg 0.456638 0.453185 -0.540718 0.541968 653.296675 -207.658283 26.898787
slice8/query/img_04113_c0_1288792684052091us.jpg 0.456559 0.453256 -0.540890 0.541803 653.816756 -208.380558 26.898361
slice8/query/img_04114_c0_1288792684185337us.jpg 0.456464 0.453546 -0.540872 0.541659 654.852225 -209.840927 26.886206
slice8/query/img_04115_c0_1288792684252053us.jpg 0.456745 0.453213 -0.540886 0.541686 655.370214 -210.566752 26.882673
slice8/query/img_04116_c0_1288792684318666us.jpg 0.457218 0.452820 -0.540810 0.541692 655.885915 -211.291314 26.877376
slice8/query/img_04117_c0_1288792684452018us.jpg 0.457736 0.452534 -0.540903 0.541401 656.925979 -212.751272 26.864057
slice8/query/img_04118_c0_1288792684518631us.jpg 0.457751 0.452804 -0.540927 0.541138 657.444284 -213.478593 26.856199
slice8/query/img_04119_c0_1288792684585242us.jpg 0.457584 0.453093 -0.540973 0.540991 657.959260 -214.201358 26.848235
slice8/query/img_04120_c0_1288792684651980us.jpg 0.457145 0.453588 -0.540977 0.540944 658.478328 -214.923700 26.841882
slice8/query/img_04121_c0_1288792684785231us.jpg 0.456199 0.454470 -0.540881 0.541099 659.516161 -216.373928 26.829107
slice8/query/img_04122_c0_1288792684851943us.jpg 0.456023 0.454788 -0.540742 0.541118 660.032619 -217.094617 26.821383
slice8/query/img_04123_c0_1288792684918557us.jpg 0.455782 0.454908 -0.540611 0.541351 660.553418 -217.817250 26.813148
slice8/query/img_04124_c0_1288792685051908us.jpg 0.455974 0.454907 -0.540373 0.541429 661.590499 -219.266535 26.800970
slice8/query/img_04125_c0_1288792685118521us.jpg 0.456329 0.454694 -0.540477 0.541204 662.106577 -219.992227 26.796396
slice8/query/img_04126_c0_1288792685185133us.jpg 0.456691 0.454332 -0.540514 0.541166 662.619962 -220.714499 26.795147
slice8/query/img_04127_c0_1288792685318717us.jpg 0.457288 0.453460 -0.540747 0.541160 663.652171 -222.163459 26.794310
slice8/query/img_04128_c0_1288792685385117us.jpg 0.457499 0.453273 -0.540696 0.541191 664.170037 -222.887950 26.787797
slice8/query/img_04129_c0_1288792685451835us.jpg 0.457650 0.453108 -0.540733 0.541163 664.688073 -223.612359 26.785947
slice8/query/img_04130_c0_1288792685518448us.jpg 0.458144 0.452636 -0.540717 0.541156 665.204932 -224.334169 26.782351
slice8/query/img_04131_c0_1288792685651798us.jpg 0.459109 0.451281 -0.540865 0.541322 666.244098 -225.784159 26.775391
slice8/query/img_04132_c0_1288792685718412us.jpg 0.459530 0.450754 -0.540882 0.541387 666.765529 -226.506797 26.770927
slice8/query/img_04133_c0_1288792685785023us.jpg 0.459992 0.450383 -0.540930 0.541255 667.284154 -227.232148 26.764765
slice8/query/img_04134_c0_1288792685851761us.jpg 0.460439 0.450034 -0.540713 0.541382 667.802715 -227.953183 26.759513
slice8/query/img_04135_c0_1288792685985012us.jpg 0.461094 0.448964 -0.539909 0.542514 668.838133 -229.393579 26.749048
slice8/query/img_04136_c0_1288792686051726us.jpg 0.460869 0.449116 -0.539575 0.542912 669.357492 -230.112466 26.744115
slice8/query/img_04137_c0_1288792686118338us.jpg 0.460294 0.449918 -0.539399 0.542910 669.876602 -230.830153 26.738337
slice8/query/img_04138_c0_1288792686184951us.jpg 0.459677 0.450823 -0.539299 0.542781 670.395488 -231.548199 26.733354
slice8/query/img_04139_c0_1288792686318303us.jpg 0.458728 0.451230 -0.539250 0.543295 671.439305 -232.985294 26.727198
slice8/query/img_04140_c0_1288792686384936us.jpg 0.458428 0.451369 -0.539457 0.543227 671.961797 -233.705323 26.727250
slice8/query/img_04141_c0_1288792686451650us.jpg 0.458072 0.451724 -0.539676 0.543015 672.482658 -234.424812 26.727185
slice8/query/img_04142_c0_1288792686584876us.jpg 0.458246 0.451633 -0.538756 0.543857 673.520882 -235.865262 26.717716
slice8/query/img_04143_c0_1288792686651614us.jpg 0.458608 0.451249 -0.538525 0.544099 674.040025 -236.584715 26.716758
slice8/query/img_04144_c0_1288792686718227us.jpg 0.458927 0.450777 -0.538444 0.544302 674.557281 -237.304154 26.717219
slice8/query/img_04145_c0_1288792686851601us.jpg 0.458763 0.451183 -0.538208 0.544337 675.591935 -238.741713 26.718581
slice8/query/img_04146_c0_1288792686918191us.jpg 0.458714 0.451117 -0.537691 0.544944 676.107843 -239.460187 26.720067
slice8/query/img_04147_c0_1288792686984804us.jpg 0.458778 0.450710 -0.536765 0.546138 676.621207 -240.177129 26.719120
slice8/query/img_04148_c0_1288792687051542us.jpg 0.458900 0.450464 -0.536015 0.546974 677.131739 -240.896310 26.720601
slice8/query/img_04149_c0_1288792687184769us.jpg 0.458642 0.451263 -0.535242 0.547289 678.169468 -242.331473 26.732155
slice8/query/img_04150_c0_1288792687251505us.jpg 0.458712 0.451421 -0.535383 0.546963 678.684568 -243.050954 26.739404
slice8/query/img_04151_c0_1288792687318118us.jpg 0.458655 0.451646 -0.535714 0.546500 679.202714 -243.769532 26.748994
slice8/query/img_04152_c0_1288792687384731us.jpg 0.458216 0.452162 -0.535891 0.546268 679.720152 -244.485686 26.758315
slice8/query/img_04153_c0_1288792687518081us.jpg 0.456887 0.453288 -0.536814 0.545540 680.764223 -245.915090 26.767565
slice8/query/img_04154_c0_1288792687584694us.jpg 0.456741 0.453167 -0.537440 0.545147 681.284577 -246.630800 26.770423
slice8/query/img_04155_c0_1288792687651433us.jpg 0.457166 0.452588 -0.538011 0.544708 681.800534 -247.349329 26.776012
slice8/query/img_04156_c0_1288792687784661us.jpg 0.460155 0.450112 -0.538552 0.543707 682.823753 -248.796801 26.789062
slice8/query/img_04157_c0_1288792687851399us.jpg 0.462151 0.448634 -0.537939 0.543843 683.331076 -249.519177 26.791763
slice8/query/img_04158_c0_1288792687918008us.jpg 0.463970 0.446938 -0.536684 0.544930 683.837107 -250.239939 26.795003
slice8/query/img_04159_c0_1288792687984622us.jpg 0.465538 0.444953 -0.534853 0.547013 684.341392 -250.956820 26.795326
slice8/query/img_04160_c0_1288792688117975us.jpg 0.466560 0.443533 -0.533198 0.548908 685.359862 -252.386642 26.806159
slice8/query/img_04161_c0_1288792688184587us.jpg 0.466120 0.444710 -0.533483 0.548052 685.873288 -253.106532 26.816400
slice8/query/img_04162_c0_1288792688251324us.jpg 0.465686 0.445614 -0.534511 0.546683 686.388081 -253.823643 26.826001
slice8/query/img_04163_c0_1288792688317937us.jpg 0.465460 0.445903 -0.535199 0.545966 686.903104 -254.538508 26.838944
slice8/query/img_04164_c0_1288792688451311us.jpg 0.464958 0.445745 -0.534982 0.546735 687.940854 -255.966357 26.852616
slice8/query/img_04165_c0_1288792688517899us.jpg 0.464258 0.446706 -0.534021 0.547485 688.454955 -256.675841 26.854981
slice8/query/img_04166_c0_1288792688584513us.jpg 0.463683 0.447566 -0.532916 0.548346 688.969903 -257.386456 26.859550
slice8/query/img_04167_c0_1288792688651249us.jpg 0.463482 0.448019 -0.531818 0.549211 689.481775 -258.096867 26.868889
slice8/query/img_04168_c0_1288792688784477us.jpg 0.463701 0.447557 -0.530636 0.550544 690.509483 -259.523264 26.913475
slice8/query/img_04169_c0_1288792688851211us.jpg 0.463828 0.447226 -0.530519 0.550819 691.023547 -260.236722 26.939756
slice8/query/img_04170_c0_1288792688917826us.jpg 0.463759 0.446945 -0.530600 0.551028 691.536229 -260.947965 26.964692
slice8/query/img_04171_c0_1288792689051177us.jpg 0.464696 0.446493 -0.530734 0.550475 692.572406 -262.391543 26.998550
slice8/query/img_04172_c0_1288792689117788us.jpg 0.464864 0.446570 -0.530352 0.550639 693.088428 -263.109982 27.013307
slice8/query/img_04173_c0_1288792689184401us.jpg 0.464721 0.446901 -0.529852 0.550972 693.606934 -263.823740 27.030744
slice8/query/img_04174_c0_1288792689251139us.jpg 0.464554 0.447290 -0.529191 0.551433 694.120484 -264.536854 27.045220
slice8/query/img_04175_c0_1288792689384376us.jpg 0.463551 0.448336 -0.528638 0.551957 695.165212 -265.967775 27.078099
slice8/query/img_04176_c0_1288792689451123us.jpg 0.463260 0.448890 -0.528736 0.551658 695.687469 -266.684314 27.096196
slice8/query/img_04177_c0_1288792689517714us.jpg 0.462946 0.449422 -0.528798 0.551430 696.209709 -267.399259 27.115534
slice8/query/img_04178_c0_1288792689651184us.jpg 0.462654 0.450112 -0.528815 0.551094 697.251560 -268.830315 27.154969
slice8/query/img_04179_c0_1288792689717681us.jpg 0.462372 0.450668 -0.528400 0.551275 697.771703 -269.546130 27.171120
slice8/query/img_04180_c0_1288792689784294us.jpg 0.461940 0.451368 -0.527923 0.551522 698.293025 -270.259800 27.185921
slice8/query/img_04181_c0_1288792689851031us.jpg 0.461332 0.452153 -0.527538 0.551755 698.815670 -270.969108 27.203572
slice8/query/img_04182_c0_1288792689917644us.jpg 0.460564 0.452712 -0.527317 0.552150 699.339064 -271.677245 27.223930
slice8/query/img_04183_c0_1288792690051018us.jpg 0.459267 0.454266 -0.526733 0.552511 700.387134 -273.098356 27.266191
slice8/query/img_04184_c0_1288792690117636us.jpg 0.458705 0.454991 -0.526523 0.552582 700.909110 -273.809860 27.287600
slice8/query/img_04185_c0_1288792690184219us.jpg 0.458215 0.455492 -0.526413 0.552680 701.433069 -274.520211 27.312149
slice8/query/img_04186_c0_1288792690250958us.jpg 0.458008 0.455676 -0.526430 0.552684 701.956559 -275.230575 27.335547
slice8/query/img_04187_c0_1288792690384184us.jpg 0.457741 0.455830 -0.526511 0.552701 702.999087 -276.651195 27.388237
slice8/query/img_04188_c0_1288792690450921us.jpg 0.457655 0.455851 -0.526435 0.552827 703.519543 -277.362991 27.410869
slice8/query/img_04189_c0_1288792690517534us.jpg 0.457648 0.455873 -0.526199 0.553040 704.039891 -278.071909 27.435287
slice8/query/img_04190_c0_1288792690584146us.jpg 0.457606 0.455998 -0.525870 0.553284 704.560545 -278.781688 27.462225
slice8/query/img_04191_c0_1288792690650886us.jpg 0.457627 0.455971 -0.525665 0.553484 705.079658 -279.491924 27.489343
slice8/query/img_04192_c0_1288792690784112us.jpg 0.457971 0.455443 -0.525519 0.553773 706.121247 -280.920002 27.541171
slice8/query/img_04193_c0_1288792690850849us.jpg 0.457971 0.455447 -0.525442 0.553842 706.645443 -281.632917 27.567249
slice8/query/img_04194_c0_1288792690917462us.jpg 0.457935 0.455615 -0.525262 0.553905 707.166247 -282.348094 27.594295
slice8/query/img_04195_c0_1288792690984074us.jpg 0.458119 0.455542 -0.525280 0.553796 707.689209 -283.067999 27.621551
slice8/query/img_04196_c0_1288792691050813us.jpg 0.458308 0.455341 -0.525100 0.553975 708.212665 -283.785354 27.646480
slice8/query/img_04197_c0_1288792691184039us.jpg 0.458301 0.454986 -0.524307 0.555023 709.257432 -285.217776 27.699840
slice8/query/img_04198_c0_1288792691250775us.jpg 0.458340 0.454890 -0.523618 0.555719 709.778997 -285.933525 27.727668
slice8/query/img_04199_c0_1288792691317389us.jpg 0.458327 0.454688 -0.523049 0.556430 710.303223 -286.653621 27.755552
slice8/query/img_04200_c0_1288792691384002us.jpg 0.458176 0.454623 -0.522676 0.556958 710.829848 -287.371566 27.784631
slice8/query/img_04201_c0_1288792691517376us.jpg 0.457269 0.455031 -0.522416 0.557614 711.877787 -288.807116 27.849650
