slice8/query/img_03107_c0_1289589908696279us.jpg 0.575479 0.581126 -0.417908 0.395562 572.444334 -109.747028 28.781270
slice8/query/img_03108_c0_1289589908762890us.jpg 0.573602 0.576332 -0.422408 0.400493 573.237348 -110.096903 28.748948
slice8/query/img_03109_c0_1289589908829504us.jpg 0.572184 0.570921 -0.427687 0.404645 574.013614 -110.461872 28.724893
slice8/query/img_03110_c0_1289589908896242us.jpg 0.570582 0.565662 -0.431558 0.410146 574.785861 -110.835516 28.695426
slice8/query/img_03111_c0_1289589909029491us.jpg 0.565275 0.557657 -0.434689 0.424887 576.310981 -111.613936 28.629009
slice8/query/img_03112_c0_1289589909096212us.jpg 0.561158 0.554702 -0.437886 0.430885 577.066093 -112.020688 28.602393
slice8/query/img_03113_c0_1289589909229432us.jpg 0.550076 0.551099 -0.449150 0.438145 578.583650 -112.861981 28.570466
slice8/query/img_03114_c0_1289589909296190us.jpg 0.543943 0.550184 -0.454545 0.441376 579.331239 -113.300814 28.555484
slice8/query/img_03115_c0_1289589909362787us.jpg 0.538798 0.548315 -0.459146 0.445232 580.070158 -113.752611 28.536715
slice8/query/img_03116_c0_1289589909429400us.jpg 0.535021 0.544824 -0.462726 0.450338 580.794513 -114.214782 28.516166
slice8/query/img_03117_c0_1289589909562770us.jpg 0.530144 0.535190 -0.469937 0.460086 582.212422 -115.195770 28.475898
slice8/query/img_03118_c0_1289589909629364us.jpg 0.528204 0.530146 -0.475330 0.462609 582.914402 -115.707105 28.467605
slice8/query/img_03119_c0_1289589909696101us.jpg 0.525486 0.526298 -0.480766 0.464476 583.609738 -116.227772 28.458392
slice8/query/img_03120_c0_1289589909829331us.jpg 0.518680 0.519071 -0.487160 0.473510 584.960348 -117.279638 28.415647
slice8/query/img_03121_c0_1289589909896087us.jpg 0.515233 0.515336 -0.488818 0.479605 585.632488 -117.819647 28.385783
slice8/query/img_03122_c0_1289589909962681us.jpg 0.511863 0.511628 -0.490429 0.485502 586.295368 -118.369537 28.361963
slice8/query/img_03123_c0_1289589910029293us.jpg 0.508476 0.508434 -0.492157 0.490641 586.949466 -118.926920 28.343087
slice8/query/img_03124_c0_1289589910162685us.jpg 0.503422 0.501999 -0.497584 0.496963 588.229157 -120.082679 28.331154
slice8/query/img_03125_c0_1289589910229256us.jpg 0.501600 0.498332 -0.501519 0.498539 588.851283 -120.677320 28.334382
slice8/query/img_03126_c0_1289589910295995us.jpg 0.499458 0.494719 -0.505671 0.500091 589.466831 -121.277851 28.335806
slice8/query/img_03127_c0_1289589910362608us.jpg 0.496518 0.491649 -0.509902 0.501748 590.077554 -121.882097 28.333715
slice8/query/img_03128_c0_1289589910495960us.jpg 0.487472 0.487745 -0.517730 0.506391 591.292156 -123.107076 28.317768
slice8/query/img_03129_c0_1289589910562572us.jpg 0.482320 0.486664 -0.520867 0.509139 591.888290 -123.728351 28.302759
slice8/query/img_03130_c0_1289589910629186us.jpg 0.477142 0.485994 -0.523429 0.512023 592.466463 -124.348302 28.290423
slice8/query/img_03131_c0_1289589910762538us.jpg 0.471105 0.482021 -0.527579 0.517085 593.633649 -125.639974 28.247665
slice8/query/img_03132_c0_1289589910829150us.jpg 0.470233 0.478255 -0.529482 0.519425 594.190791 -126.295796 28.237778
slice8/query/img_03133_c0_1289589910895889us.jpg 0.470277 0.474050 -0.531332 0.521346 594.742356 -126.959206 28.228984
slice8/query/img_03134_c0_1289589910962502us.jpg 0.470468 0.470254 -0.533081 0.522824 595.282630 -127.623689 28.221638
slice8/query/img_03135_c0_1289589911095877us.jpg 0.470231 0.464846 -0.536566 0.524307 596.361362 -128.967596 28.198639
slice8/query/img_03136_c0_1289589911162469us.jpg 0.469551 0.463501 -0.538033 0.524605 596.900580 -129.643934 28.182949
slice8/query/img_03137_c0_1289589911229080us.jpg 0.468460 0.462465 -0.539368 0.525122 597.432180 -130.316911 28.168737
slice8/query/img_03138_c0_1289589911362455us.jpg 0.465717 0.461493 -0.541551 0.526170 598.520349 -131.679084 28.120288
slice8/query/img_03139_c0_1289589911429065us.jpg 0.464041 0.461797 -0.542307 0.526605 599.051110 -132.356519 28.097445
slice8/query/img_03140_c0_1289589911495783us.jpg 0.462414 0.462023 -0.542773 0.527357 599.578996 -133.034334 28.072240
slice8/query/img_03141_c0_1289589911562397us.jpg 0.461365 0.461517 -0.543103 0.528378 600.102919 -133.709831 28.045990
slice8/query/img_03142_c0_1289589911695747us.jpg 0.460949 0.459698 -0.543760 0.529650 601.144258 -135.072702 28.012002
slice8/query/img_03143_c0_1289589911762360us.jpg 0.461308 0.459025 -0.544113 0.529558 601.655512 -135.754836 27.995105
slice8/query/img_03144_c0_1289589911828972us.jpg 0.461349 0.458949 -0.544254 0.529444 602.166171 -136.437851 27.976626
slice8/query/img_03145_c0_1289589911962347us.jpg 0.460935 0.458502 -0.544568 0.529868 603.196496 -137.804571 27.936538
slice8/query/img_03146_c0_1289589912028937us.jpg 0.460639 0.457854 -0.544630 0.530622 603.710449 -138.483951 27.917242
slice8/query/img_03147_c0_1289589912095675us.jpg 0.460487 0.457247 -0.544576 0.531332 604.221034 -139.167358 27.896225
slice8/query/img_03148_c0_1289589912228902us.jpg 0.460202 0.457090 -0.544684 0.531604 605.244212 -140.529676 27.856415
slice8/query/img_03149_c0_1289589912295643us.jpg 0.460360 0.457110 -0.544948 0.531178 605.745827 -141.212583 27.839156
slice8/query/img_03150_c0_1289589912362253us.jpg 0.460708 0.456887 -0.545158 0.530853 606.246282 -141.893021 27.821875
slice8/query/img_03151_c0_1289589912495607us.jpg 0.460830 0.455688 -0.545182 0.531752 607.264154 -143.252946 27.780634
slice8/query/img_03152_c0_1289589912562218us.jpg 0.460114 0.455743 -0.545052 0.532458 607.772721 -143.928900 27.759361
slice8/query/img_03153_c0_1289589912628832us.jpg 0.458874 0.456834 -0.544730 0.532923 608.285650 -144.606473 27.734158
slice8/query/img_03154_c0_1289589912762211us.jpg 0.456669 0.459310 -0.544274 0.533155 609.307106 -145.962984 27.687331
slice8/query/img_03155_c0_1289589912828797us.jpg 0.456205 0.459632 -0.544314 0.533234 609.813704 -146.640618 27.668917
slice8/query/img_03156_c0_1289589912895536us.jpg 0.456023 0.459736 -0.544414 0.533197 610.315238 -147.317117 27.653099
slice8/query/img_03157_c0_1289589913028764us.jpg 0.455638 0.460196 -0.544673 0.532864 611.324551 -148.669972 27.620570
slice8/query/img_03158_c0_1289589913095519us.jpg 0.455341 0.460445 -0.544718 0.532858 611.826867 -149.345054 27.605326
slice8/query/img_03159_c0_1289589913162115us.jpg 0.455051 0.460480 -0.545025 0.532762 612.329488 -150.021033 27.589624
slice8/query/img_03160_c0_1289589913295467us.jpg 0.455008 0.459989 -0.545850 0.532378 613.332374 -151.371177 27.556977
slice8/query/img_03161_c0_1289589913362099us.jpg 0.455218 0.459723 -0.546557 0.531701 613.831714 -152.048601 27.541626
slice8/query/img_03162_c0_1289589913428692us.jpg 0.455416 0.459700 -0.547149 0.530943 614.326186 -152.720948 27.527187
slice8/query/img_03163_c0_1289589913562253us.jpg 0.456227 0.459114 -0.547632 0.530255 615.321012 -154.066228 27.492807
slice8/query/img_03164_c0_1289589913628661us.jpg 0.456845 0.458530 -0.547483 0.530383 615.811719 -154.738317 27.472913
slice8/query/img_03165_c0_1289589913695401us.jpg 0.457083 0.458262 -0.547338 0.530559 616.298167 -155.405810 27.454959
slice8/query/img_03166_c0_1289589913762008us.jpg 0.456977 0.458615 -0.547107 0.530583 616.786756 -156.068934 27.438039
slice8/query/img_03167_c0_1289589913895360us.jpg 0.456350 0.459455 -0.546841 0.530670 617.766708 -157.386593 27.401515
slice8/query/img_03168_c0_1289589913961974us.jpg 0.456123 0.459709 -0.546808 0.530680 618.252741 -158.043341 27.383789
slice8/query/img_03169_c0_1289589914028586us.jpg 0.455800 0.460231 -0.546716 0.530599 618.734314 -158.694190 27.369726
slice8/query/img_03170_c0_1289589914161963us.jpg 0.455557 0.460651 -0.546379 0.530790 619.693204 -159.986359 27.336874
slice8/query/img_03171_c0_1289589914228555us.jpg 0.455432 0.460697 -0.546126 0.531118 620.160175 -160.622593 27.325547
slice8/query/img_03172_c0_1289589914295288us.jpg 0.455453 0.460730 -0.545925 0.531278 620.629945 -161.258636 27.311229
slice8/query/img_03173_c0_1289589914361902us.jpg 0.455382 0.460882 -0.545727 0.531411 621.095007 -161.882645 27.298362
slice8/query/img_03174_c0_1289589914495252us.jpg 0.455678 0.460404 -0.545881 0.531413 622.029744 -163.151065 27.275438
slice8/query/img_03175_c0_1289589914561866us.jpg 0.455916 0.460011 -0.545947 0.531482 622.494746 -163.781158 27.263106
slice8/query/img_03176_c0_1289589914695241us.jpg 0.456136 0.459652 -0.545816 0.531738 623.418116 -165.026217 27.240889
slice8/query/img_03177_c0_1289589914761832us.jpg 0.456284 0.459473 -0.545454 0.532137 623.872478 -165.642481 27.228969
slice8/query/img_03178_c0_1289589914828445us.jpg 0.456548 0.459053 -0.545104 0.532631 624.325044 -166.259233 27.215574
slice8/query/img_03179_c0_1289589914961825us.jpg 0.456756 0.458582 -0.544315 0.533664 625.225663 -167.482584 27.190797
slice8/query/img_03180_c0_1289589915028410us.jpg 0.456684 0.458579 -0.544161 0.533887 625.671556 -168.090885 27.181840
slice8/query/img_03181_c0_1289589915095147us.jpg 0.456688 0.458515 -0.544112 0.533987 626.114569 -168.695149 27.173900
slice8/query/img_03182_c0_1289589915228436us.jpg 0.456679 0.457976 -0.544328 0.534237 626.994647 -169.893462 27.162273
slice8/query/img_03183_c0_1289589915295135us.jpg 0.456791 0.457485 -0.544567 0.534319 627.432294 -170.488449 27.155692
slice8/query/img_03184_c0_1289589915361725us.jpg 0.456808 0.457183 -0.544764 0.534361 627.865367 -171.081566 27.148055
slice8/query/img_03185_c0_1289589915428338us.jpg 0.456867 0.456881 -0.544875 0.534456 628.293111 -171.671061 27.142263
slice8/query/img_03186_c0_1289589915561705us.jpg 0.457040 0.456113 -0.544724 0.535118 629.146886 -172.841060 27.124976
slice8/query/img_03187_c0_1289589915628303us.jpg 0.457303 0.455336 -0.544501 0.535782 629.569261 -173.424835 27.116808
slice8/query/img_03188_c0_1289589915695041us.jpg 0.457493 0.454695 -0.544077 0.536593 629.987924 -174.003782 27.110614
slice8/query/img_03189_c0_1289589915828270us.jpg 0.457017 0.455008 -0.543570 0.537247 630.823036 -175.148033 27.093883
slice8/query/img_03190_c0_1289589915895006us.jpg 0.457099 0.454782 -0.543647 0.537292 631.236857 -175.717991 27.088066
slice8/query/img_03191_c0_1289589915961619us.jpg 0.457018 0.454449 -0.543732 0.537555 631.646200 -176.284059 27.084338
slice8/query/img_03192_c0_1289589916028232us.jpg 0.456674 0.454318 -0.543978 0.537711 632.053053 -176.846349 27.080537
slice8/query/img_03193_c0_1289589916161584us.jpg 0.455403 0.455070 -0.544265 0.537861 632.863144 -177.959311 27.067014
slice8/query/img_03194_c0_1289589916228197us.jpg 0.454853 0.455256 -0.544212 0.538223 633.263400 -178.513097 27.061079
slice8/query/img_03195_c0_1289589916294936us.jpg 0.454450 0.455044 -0.544321 0.538632 633.658671 -179.060891 27.055911
slice8/query/img_03196_c0_1289589916428189us.jpg 0.453801 0.454838 -0.543942 0.539735 634.445578 -180.148942 27.043076
slice8/query/img_03197_c0_1289589916494900us.jpg 0.453534 0.454571 -0.544004 0.540122 634.833382 -180.689804 27.041597
slice8/query/img_03198_c0_1289589916561512us.jpg 0.453623 0.453902 -0.544419 0.540192 635.217103 -181.229074 27.039612
slice8/query/img_03199_c0_1289589916694865us.jpg 0.453856 0.452896 -0.545544 0.539705 635.980555 -182.299487 27.037716
slice8/query/img_03200_c0_1289589916761476us.jpg 0.453875 0.452705 -0.546063 0.539324 636.355933 -182.829157 27.037171
slice8/query/img_03201_c0_1289589916828090us.jpg 0.453943 0.452556 -0.546363 0.539088 636.725066 -183.353369 27.034082
slice8/query/img_03202_c0_1289589916894827us.jpg 0.453828 0.452377 -0.546515 0.539181 637.094001 -183.873375 27.030264
slice8/query/img_03203_c0_1289589917028057us.jpg 0.453268 0.452159 -0.546701 0.539646 637.828005 -184.902147 27.021075
slice8/query/img_03204_c0_1289589917094793us.jpg 0.452580 0.452403 -0.546814 0.539905 638.188178 -185.408494 27.015383
slice8/query/img_03205_c0_1289589917161406us.jpg 0.452011 0.452698 -0.546872 0.540075 638.542930 -185.910978 27.012498
slice8/query/img_03206_c0_1289589917294761us.jpg 0.451429 0.452788 -0.547493 0.539858 639.241981 -186.905984 27.012485
slice8/query/img_03207_c0_1289589917361370us.jpg 0.451518 0.452655 -0.547685 0.539700 639.582990 -187.398914 27.011901
slice8/query/img_03208_c0_1289589917427984us.jpg 0.451816 0.452149 -0.547983 0.539572 639.917077 -187.885340 27.013964
slice8/query/img_03209_c0_1289589917561358us.jpg 0.452506 0.451204 -0.548014 0.539753 640.589707 -188.851218 27.015684
slice8/query/img_03210_c0_1289589917627949us.jpg 0.452789 0.450782 -0.547979 0.539904 640.920048 -189.329125 27.016772
slice8/query/img_03211_c0_1289589917694687us.jpg 0.453200 0.450419 -0.548148 0.539692 641.241335 -189.802903 27.018612
slice8/query/img_03212_c0_1289589917827939us.jpg 0.453597 0.450409 -0.548202 0.539311 641.886849 -190.734504 27.015174
slice8/query/img_03214_c0_1289589917961265us.jpg 0.453755 0.450513 -0.548134 0.539160 642.525292 -191.649132 27.015794
slice8/query/img_03215_c0_1289589918094649us.jpg 0.453855 0.450469 -0.548113 0.539133 643.160065 -192.551236 27.009282
slice8/query/img_03217_c0_1289589918227844us.jpg 0.453922 0.450758 -0.548089 0.538860 643.777859 -193.433067 27.004446
slice8/query/img_03218_c0_1289589918294581us.jpg 0.454096 0.450815 -0.548113 0.538641 644.081987 -193.867411 27.002968
slice8/query/img_03219_c0_1289589918427830us.jpg 0.454412 0.451012 -0.547732 0.538598 644.684402 -194.725657 26.998552
slice8/query/img_03220_c0_1289589918494547us.jpg 0.454530 0.451077 -0.547663 0.538514 644.980834 -195.148787 26.997596
slice8/query/img_03221_c0_1289589918561160us.jpg 0.454653 0.451222 -0.547525 0.538429 645.274023 -195.569689 26.993423
slice8/query/img_03222_c0_1289589918694511us.jpg 0.454401 0.451951 -0.547039 0.538524 645.855491 -196.395058 26.985290
slice8/query/img_03223_c0_1289589918761125us.jpg 0.454343 0.452247 -0.546955 0.538410 646.138458 -196.799986 26.984033
slice8/query/img_03224_c0_1289589918827738us.jpg 0.454408 0.452301 -0.547056 0.538207 646.419147 -197.202614 26.980294
slice8/query/img_03225_c0_1289589918961091us.jpg 0.454548 0.452698 -0.546971 0.537841 646.974645 -197.997363 26.971783
slice8/query/img_03226_c0_1289589919027702us.jpg 0.454433 0.452908 -0.546919 0.537815 647.250952 -198.384421 26.971218
slice8/query/img_03227_c0_1289589919094442us.jpg 0.454508 0.453028 -0.546902 0.537668 647.521896 -198.768132 26.972196
slice8/query/img_03228_c0_1289589919227669us.jpg 0.454828 0.453411 -0.546940 0.537034 648.060410 -199.524755 26.969030
slice8/query/img_03229_c0_1289589919294404us.jpg 0.454715 0.453683 -0.546977 0.536864 648.323081 -199.894372 26.968561
slice8/query/img_03230_c0_1289589919427661us.jpg 0.454739 0.453758 -0.547321 0.536429 648.840531 -200.621209 26.964139
slice8/query/img_03232_c0_1289589919560983us.jpg 0.454598 0.454082 -0.547806 0.535778 649.341522 -201.321340 26.961101
slice8/query/img_03233_c0_1289589919694357us.jpg 0.454306 0.454635 -0.548326 0.535025 649.817192 -201.995002 26.958182
slice8/query/img_03234_c0_1289589919760948us.jpg 0.454407 0.454542 -0.548833 0.534498 650.044854 -202.319383 26.958087
slice8/query/img_03236_c0_1289589919960935us.jpg 0.454636 0.454696 -0.549854 0.533122 650.703237 -203.236879 26.959030
slice8/query/img_03237_c0_1289589920027526us.jpg 0.454495 0.454868 -0.549785 0.533167 650.905094 -203.523988 26.956881
slice8/query/img_03239_c0_1289589920227515us.jpg 0.454196 0.455159 -0.550159 0.532786 651.478259 -204.328156 26.955802
slice8/query/img_03240_c0_1289589920294228us.jpg 0.454106 0.455279 -0.550225 0.532692 651.656001 -204.575924 26.953672
slice8/query/img_03242_c0_1289589920495283us.jpg 0.453829 0.455614 -0.549799 0.533081 652.146392 -205.262382 26.948988
slice8/query/img_03245_c0_1289589920694158us.jpg 0.453318 0.456102 -0.549300 0.533613 652.584981 -205.875883 26.941134
slice8/query/img_03247_c0_1289589920894122us.jpg 0.453702 0.455826 -0.548901 0.533933 652.972307 -206.420292 26.937101
slice8/query/img_03249_c0_1289589921094108us.jpg 0.453401 0.455990 -0.548463 0.534499 653.319198 -206.903955 26.931520
slice8/query/img_03253_c0_1289589921427278us.jpg 0.452846 0.456437 -0.548167 0.534891 653.807818 -207.592124 26.924706
slice8/query/img_03257_c0_1289589921760595us.jpg 0.453332 0.455699 -0.546929 0.536374 654.191011 -208.136749 26.920075
slice8/query/img_03261_c0_1289589922160549us.jpg 0.452508 0.456339 -0.545129 0.538355 654.582140 -208.685109 26.906822
slice8/query/img_03267_c0_1289589922693829us.jpg 0.452837 0.455796 -0.544484 0.539190 655.040848 -209.336731 26.902310
slice8/query/img_03273_c0_1289589923160347us.jpg 0.452310 0.455367 -0.544690 0.539786 655.416251 -209.860093 26.899657
slice8/query/img_03279_c0_1289589923693628us.jpg 0.452171 0.454743 -0.545966 0.539139 655.808144 -210.411834 26.900106
slice8/query/img_03290_c0_1289589924626713us.jpg 0.452028 0.454191 -0.546760 0.538920 656.217486 -210.993760 26.897635
slice8/query/img_03320_c0_1289589927226252us.jpg 0.451646 0.453131 -0.542325 0.544584 656.618460 -211.561142 26.874802
slice8/query/img_03325_c0_1289589927694379us.jpg 0.451555 0.452449 -0.541180 0.546362 656.994310 -212.098850 26.870227
slice8/query/img_03329_c0_1289589928026119us.jpg 0.451257 0.452513 -0.541502 0.546237 657.406299 -212.689014 26.870326
slice8/query/img_03333_c0_1289589928359428us.jpg 0.452220 0.452927 -0.541351 0.545246 657.918787 -213.433140 26.868200
slice8/query/img_03335_c0_1289589928559416us.jpg 0.452881 0.454295 -0.540338 0.544564 658.272600 -213.942247 26.863090
slice8/query/img_03337_c0_1289589928692746us.jpg 0.453412 0.455076 -0.539556 0.544244 658.532465 -214.310924 26.858208
slice8/query/img_03339_c0_1289589928892708us.jpg 0.454407 0.456013 -0.538431 0.543746 658.959426 -214.916490 26.853587
slice8/query/img_03341_c0_1289589929025933us.jpg 0.455066 0.456664 -0.538008 0.543065 659.270488 -215.351646 26.852925
slice8/query/img_03343_c0_1289589929225901us.jpg 0.455617 0.458492 -0.537069 0.541992 659.768715 -216.045111 26.847886
slice8/query/img_03344_c0_1289589929359255us.jpg 0.456028 0.459166 -0.536534 0.541605 660.124122 -216.536902 26.842927
slice8/query/img_03346_c0_1289589929492603us.jpg 0.456287 0.459396 -0.536290 0.541434 660.495532 -217.049801 26.839380
slice8/query/img_03347_c0_1289589929625851us.jpg 0.456356 0.459804 -0.535797 0.541517 660.884139 -217.585350 26.837639
slice8/query/img_03349_c0_1289589929759181us.jpg 0.456633 0.459717 -0.535641 0.541512 661.294452 -218.147567 26.835518
slice8/query/img_03351_c0_1289589929959147us.jpg 0.456619 0.459833 -0.535909 0.541161 661.944164 -219.038330 26.832609
slice8/query/img_03352_c0_1289589930025758us.jpg 0.456555 0.459989 -0.535954 0.541036 662.168435 -219.345342 26.831855
slice8/query/img_03354_c0_1289589930225745us.jpg 0.456631 0.459959 -0.535789 0.541162 662.875308 -220.305831 26.825136
slice8/query/img_03356_c0_1289589930359074us.jpg 0.456653 0.459613 -0.535796 0.541430 663.365036 -220.972579 26.822285
slice8/query/img_03358_c0_1289589930559038us.jpg 0.456661 0.460005 -0.536590 0.540302 664.121967 -222.019623 26.818654
slice8/query/img_03360_c0_1289589930692392us.jpg 0.456862 0.459584 -0.537703 0.539384 664.651575 -222.733367 26.815749
slice8/query/img_03361_c0_1289589930825642us.jpg 0.456748 0.459529 -0.537525 0.539706 665.188367 -223.458011 26.809110
slice8/query/img_03362_c0_1289589930892354us.jpg 0.456960 0.459128 -0.537087 0.540301 665.460268 -223.828058 26.805221
slice8/query/img_03363_c0_1289589930958969us.jpg 0.457232 0.458496 -0.536740 0.540953 665.733048 -224.204069 26.803579
slice8/query/img_03365_c0_1289589931158936us.jpg 0.457074 0.458220 -0.537530 0.540536 666.580729 -225.360598 26.800238
slice8/query/img_03367_c0_1289589931292284us.jpg 0.456901 0.457980 -0.539009 0.539412 667.159516 -226.140364 26.795871
slice8/query/img_03368_c0_1289589931358898us.jpg 0.456957 0.457784 -0.539662 0.538877 667.441198 -226.533202 26.792993
slice8/query/img_03369_c0_1289589931492251us.jpg 0.457057 0.457423 -0.540092 0.538670 668.017277 -227.320173 26.785846
slice8/query/img_03370_c0_1289589931558863us.jpg 0.457130 0.456921 -0.539789 0.539336 668.303348 -227.713557 26.781384
slice8/query/img_03371_c0_1289589931625474us.jpg 0.457265 0.456185 -0.539488 0.540145 668.587699 -228.105274 26.778685
slice8/query/img_03372_c0_1289589931758827us.jpg 0.457243 0.455766 -0.539191 0.540813 669.161817 -228.894849 26.775296
slice8/query/img_03373_c0_1289589931825439us.jpg 0.457151 0.455788 -0.539271 0.540793 669.447885 -229.288321 26.774382
slice8/query/img_03375_c0_1289589932025412us.jpg 0.456467 0.456099 -0.540131 0.540250 670.308919 -230.472088 26.770435
slice8/query/img_03376_c0_1289589932092143us.jpg 0.456049 0.456315 -0.540184 0.540368 670.596816 -230.865387 26.769291
slice8/query/img_03378_c0_1289589932225370us.jpg 0.455791 0.456152 -0.539553 0.541352 671.177099 -231.656261 26.758723
slice8/query/img_03379_c0_1289589932358722us.jpg 0.455821 0.456868 -0.538414 0.541857 671.750614 -232.448894 26.752890
slice8/query/img_03380_c0_1289589932425334us.jpg 0.456313 0.457279 -0.537577 0.541927 672.038434 -232.848118 26.751241
slice8/query/img_03381_c0_1289589932492072us.jpg 0.457428 0.457309 -0.536709 0.541822 672.325251 -233.249725 26.750661
slice8/query/img_03382_c0_1289589932625301us.jpg 0.461111 0.458029 -0.534116 0.540653 672.910874 -234.067127 26.752841
slice8/query/img_03383_c0_1289589932692037us.jpg 0.462900 0.459070 -0.532257 0.540075 673.212429 -234.476657 26.751745
slice8/query/img_03384_c0_1289589932758652us.jpg 0.464288 0.460409 -0.530533 0.539439 673.518244 -234.886126 26.751036
slice8/query/img_03385_c0_1289589932825262us.jpg 0.465497 0.461764 -0.529052 0.538694 673.830903 -235.300835 26.749052
slice8/query/img_03386_c0_1289589932958616us.jpg 0.466564 0.465245 -0.527135 0.536650 674.475126 -236.131104 26.748327
slice8/query/img_03387_c0_1289589933025228us.jpg 0.466361 0.466912 -0.526576 0.535927 674.805671 -236.549826 26.748048
slice8/query/img_03388_c0_1289589933091967us.jpg 0.465842 0.468015 -0.526166 0.535819 675.145558 -236.971653 26.746460
slice8/query/img_03390_c0_1289589933291954us.jpg 0.464018 0.469051 -0.526654 0.536017 676.186558 -238.270749 26.740645
slice8/query/img_03391_c0_1289589933358544us.jpg 0.462948 0.469069 -0.526877 0.536706 676.538686 -238.712583 26.739468
slice8/query/img_03392_c0_1289589933425157us.jpg 0.462194 0.468599 -0.526746 0.537893 676.891004 -239.160259 26.735939
slice8/query/img_03393_c0_1289589933491896us.jpg 0.461745 0.467722 -0.526611 0.539174 677.240921 -239.613198 26.733924
slice8/query/img_03394_c0_1289589933625148us.jpg 0.460611 0.465493 -0.527385 0.541312 677.955100 -240.532814 26.741164
slice8/query/img_03395_c0_1289589933691859us.jpg 0.459534 0.465015 -0.528296 0.541749 678.312758 -240.998824 26.746111
slice8/query/img_03396_c0_1289589933758473us.jpg 0.458417 0.464861 -0.529353 0.541797 678.672968 -241.468847 26.749829
slice8/query/img_03397_c0_1289589933825088us.jpg 0.457214 0.464654 -0.530429 0.541939 679.032813 -241.940438 26.753911
slice8/query/img_03398_c0_1289589933958454us.jpg 0.455134 0.463560 -0.532366 0.542727 679.759008 -242.895824 26.765155
slice8/query/img_03399_c0_1289589934025050us.jpg 0.454106 0.462955 -0.532998 0.543483 680.112440 -243.378599 26.766428
slice8/query/img_03400_c0_1289589934091791us.jpg 0.452938 0.462260 -0.533618 0.544440 680.482417 -243.866178 26.768771
slice8/query/img_03401_c0_1289589934225114us.jpg 0.450440 0.460773 -0.535299 0.546120 681.205664 -244.854159 26.774165
slice8/query/img_03402_c0_1289589934291775us.jpg 0.449048 0.459930 -0.536179 0.547113 681.568637 -245.352209 26.775922
slice8/query/img_03403_c0_1289589934358368us.jpg 0.447726 0.458733 -0.537248 0.548152 681.933209 -245.856354 26.779952
slice8/query/img_03404_c0_1289589934424982us.jpg 0.446541 0.457361 -0.538494 0.549041 682.295074 -246.362696 26.782281
slice8/query/img_03405_c0_1289589934558356us.jpg 0.444650 0.453983 -0.541295 0.550623 683.013224 -247.389953 26.792142
slice8/query/img_03406_c0_1289589934624945us.jpg 0.443968 0.451796 -0.542960 0.551332 683.371459 -247.908720 26.799474
slice8/query/img_03407_c0_1289589934691683us.jpg 0.443473 0.449481 -0.544339 0.552263 683.726675 -248.431102 26.805433
slice8/query/img_03408_c0_1289589934758297us.jpg 0.443111 0.447098 -0.545231 0.553606 684.079261 -248.959211 26.809652
slice8/query/img_03409_c0_1289589934891652us.jpg 0.443647 0.441602 -0.545052 0.557748 684.775335 -250.023270 26.815094
slice8/query/img_03410_c0_1289589934958261us.jpg 0.444624 0.439128 -0.544198 0.559754 685.119446 -250.560774 26.818986
slice8/query/img_03411_c0_1289589935024875us.jpg 0.445302 0.439808 -0.544439 0.558445 685.461403 -251.100618 26.823072
slice8/query/img_03412_c0_1289589935158254us.jpg 0.448497 0.436399 -0.545655 0.557376 686.151064 -252.188580 26.852439
slice8/query/img_03413_c0_1289589935224860us.jpg 0.450743 0.435129 -0.545038 0.557160 686.497457 -252.732019 26.860324
slice8/query/img_03414_c0_1289589935291577us.jpg 0.451450 0.435756 -0.544049 0.557064 686.848204 -253.270106 26.862672
slice8/query/img_03415_c0_1289589935358191us.jpg 0.451842 0.438140 -0.542398 0.556486 687.198879 -253.807865 26.862515
slice8/query/img_03416_c0_1289589935491542us.jpg 0.453122 0.440943 -0.539853 0.555706 687.913709 -254.888831 26.868300
slice8/query/img_03417_c0_1289589935558155us.jpg 0.453993 0.441114 -0.539015 0.555672 688.276492 -255.431242 26.875580
slice8/query/img_03419_c0_1289589935758143us.jpg 0.455103 0.444131 -0.537436 0.553888 689.381485 -257.070582 26.894330
slice8/query/img_03420_c0_1289589935824734us.jpg 0.456093 0.444996 -0.536433 0.553351 689.751722 -257.618395 26.902306
slice8/query/img_03421_c0_1289589935891472us.jpg 0.457483 0.445373 -0.535209 0.553086 690.122676 -258.167879 26.912215
slice8/query/img_03422_c0_1289589936024701us.jpg 0.460108 0.445592 -0.532895 0.552965 690.882223 -259.274107 26.940229
slice8/query/img_03423_c0_1289589936091437us.jpg 0.461125 0.445968 -0.532033 0.552646 691.267902 -259.827448 26.954741
slice8/query/img_03424_c0_1289589936158050us.jpg 0.461786 0.446796 -0.531166 0.552258 691.650403 -260.380454 26.970556
slice8/query/img_03425_c0_1289589936224663us.jpg 0.462259 0.447630 -0.530658 0.551676 692.049195 -260.939153 26.981345
slice8/query/img_03426_c0_1289589936358039us.jpg 0.463255 0.448996 -0.529529 0.550814 692.845093 -262.057272 27.009377
slice8/query/img_03427_c0_1289589936424650us.jpg 0.463885 0.449230 -0.529070 0.550533 693.248983 -262.617093 27.022937
slice8/query/img_03428_c0_1289589936491366us.jpg 0.464399 0.449895 -0.528180 0.550413 693.652845 -263.177249 27.037425
slice8/query/img_03429_c0_1289589936557980us.jpg 0.465098 0.450639 -0.526990 0.550354 694.059683 -263.737401 27.050157
slice8/query/img_03430_c0_1289589936691330us.jpg 0.466432 0.451682 -0.525160 0.550120 694.884880 -264.871075 27.077318
slice8/query/img_03431_c0_1289589936757943us.jpg 0.466922 0.452094 -0.524788 0.549720 695.305236 -265.440219 27.092268
slice8/query/img_03432_c0_1289589936891571us.jpg 0.466072 0.454114 -0.524639 0.548918 696.160887 -266.585357 27.125161
slice8/query/img_03433_c0_1289589936957907us.jpg 0.464818 0.455710 -0.524750 0.548552 696.597077 -267.157324 27.137783
slice8/query/img_03434_c0_1289589937024522us.jpg 0.463427 0.457086 -0.524759 0.548576 697.035799 -267.732981 27.149954
slice8/query/img_03435_c0_1289589937091260us.jpg 0.462088 0.458154 -0.524818 0.548758 697.473856 -268.310354 27.162841
slice8/query/img_03436_c0_1289589937224489us.jpg 0.460392 0.458994 -0.524790 0.549508 698.356494 -269.481766 27.189314
slice8/query/img_03437_c0_1289589937291223us.jpg 0.459898 0.459270 -0.524746 0.549733 698.799687 -270.074461 27.203513
slice8/query/img_03438_c0_1289589937357837us.jpg 0.459674 0.459265 -0.524523 0.550137 699.242230 -270.665254 27.220026
slice8/query/img_03439_c0_1289589937491212us.jpg 0.459317 0.458695 -0.524255 0.551165 700.134844 -271.858898 27.256798
slice8/query/img_03440_c0_1289589937557809us.jpg 0.458934 0.458524 -0.524306 0.551578 700.582709 -272.461269 27.272873
slice8/query/img_03441_c0_1289589937624417us.jpg 0.458256 0.458536 -0.524504 0.551944 701.031342 -273.069563 27.291365
slice8/query/img_03442_c0_1289589937691155us.jpg 0.457155 0.459001 -0.524863 0.552130 701.485082 -273.677202 27.308821
slice8/query/img_03443_c0_1289589937824409us.jpg 0.454621 0.459602 -0.525613 0.553007 702.400116 -274.900220 27.342270
slice8/query/img_03444_c0_1289589937891120us.jpg 0.453529 0.459732 -0.526062 0.553369 702.857369 -275.515321 27.361446
slice8/query/img_03445_c0_1289589937957733us.jpg 0.452705 0.459458 -0.526332 0.554013 703.314356 -276.134988 27.382209
slice8/query/img_03446_c0_1289589938091109us.jpg 0.451746 0.458673 -0.526846 0.554958 704.229830 -277.391000 27.426131
slice8/query/img_03447_c0_1289589938157718us.jpg 0.451505 0.457996 -0.527184 0.555391 704.686900 -278.022079 27.450381
slice8/query/img_03448_c0_1289589938224311us.jpg 0.451458 0.457053 -0.527559 0.555850 705.144591 -278.660414 27.474256
slice8/query/img_03449_c0_1289589938291050us.jpg 0.451226 0.456316 -0.527912 0.556308 705.598886 -279.296309 27.499242
slice8/query/img_03450_c0_1289589938424297us.jpg 0.450390 0.455048 -0.528488 0.557477 706.513196 -280.585412 27.544997
slice8/query/img_03451_c0_1289589938491014us.jpg 0.449822 0.454788 -0.528777 0.557873 706.972618 -281.230846 27.570421
slice8/query/img_03452_c0_1289589938557627us.jpg 0.449464 0.454458 -0.528981 0.558238 707.432108 -281.880148 27.593139
slice8/query/img_03453_c0_1289589938690979us.jpg 0.449480 0.453331 -0.529224 0.558910 708.350383 -283.188161 27.645953
slice8/query/img_03454_c0_1289589938757613us.jpg 0.449897 0.452269 -0.529112 0.559541 708.810694 -283.842093 27.672362
slice8/query/img_03455_c0_1289589938824206us.jpg 0.450251 0.451492 -0.529017 0.559972 709.272273 -284.498929 27.699405
slice8/query/img_03456_c0_1289589938890943us.jpg 0.450580 0.451014 -0.528735 0.560361 709.733779 -285.157928 27.725854
slice8/query/img_03457_c0_1289589939024196us.jpg 0.451364 0.450188 -0.527818 0.561257 710.656761 -286.483884 27.779595
slice8/query/img_03458_c0_1289589939090931us.jpg 0.451819 0.449944 -0.527228 0.561641 711.116757 -287.151044 27.807626
slice8/query/img_03459_c0_1289589939157522us.jpg 0.452152 0.449851 -0.526897 0.561759 711.578586 -287.818057 27.837304
slice8/query/img_03460_c0_1289589939290895us.jpg 0.452098 0.450490 -0.526150 0.561990 712.510763 -289.159283 27.896606
