slice8/query/img_03157_c0_1290444914953998us.jpg 0.578485 0.580337 -0.416799 0.393501 572.937250 -110.352097 28.764855
slice8/query/img_03158_c0_1290444915020591us.jpg 0.577578 0.574970 -0.421632 0.397543 573.669900 -110.668787 28.732467
slice8/query/img_03159_c0_1290444915087332us.jpg 0.576417 0.570553 -0.424910 0.402075 574.381737 -110.993007 28.708171
slice8/query/img_03160_c0_1290444915220558us.jpg 0.572499 0.563466 -0.427037 0.415199 575.789750 -111.659054 28.640795
slice8/query/img_03161_c0_1290444915287290us.jpg 0.569395 0.560506 -0.429113 0.421290 576.491314 -112.004548 28.611837
slice8/query/img_03162_c0_1290444915353903us.jpg 0.565221 0.558057 -0.433608 0.425537 577.192122 -112.353597 28.593604
slice8/query/img_03163_c0_1290444915487844us.jpg 0.554437 0.555084 -0.445250 0.431549 578.584372 -113.081694 28.567369
slice8/query/img_03164_c0_1290444915553868us.jpg 0.548990 0.553709 -0.450778 0.434529 579.265327 -113.457621 28.554949
slice8/query/img_03165_c0_1290444915620481us.jpg 0.544519 0.551209 -0.455566 0.438323 579.942120 -113.848675 28.538335
slice8/query/img_03166_c0_1290444915687217us.jpg 0.541376 0.547381 -0.458756 0.443655 580.594021 -114.246085 28.518710
slice8/query/img_03167_c0_1290444915820445us.jpg 0.536521 0.538033 -0.464772 0.454589 581.879660 -115.080770 28.480983
slice8/query/img_03168_c0_1290444915887181us.jpg 0.534373 0.533428 -0.469149 0.458038 582.512434 -115.518530 28.468023
slice8/query/img_03169_c0_1290444915953793us.jpg 0.531697 0.529519 -0.474854 0.459806 583.137803 -115.966218 28.459017
slice8/query/img_03170_c0_1290444916020405us.jpg 0.528483 0.526216 -0.479852 0.462109 583.757116 -116.421759 28.448719
slice8/query/img_03171_c0_1290444916087144us.jpg 0.524894 0.522996 -0.483459 0.466079 584.371920 -116.878959 28.427762
slice8/query/img_03172_c0_1290444916153757us.jpg 0.521038 0.519715 -0.485641 0.471772 584.973991 -117.340607 28.399005
slice8/query/img_03173_c0_1290444916287108us.jpg 0.513270 0.512606 -0.489862 0.483554 586.150480 -118.283255 28.351014
slice8/query/img_03174_c0_1290444916353738us.jpg 0.509763 0.509538 -0.491954 0.488359 586.727485 -118.773148 28.335615
slice8/query/img_03175_c0_1290444916420330us.jpg 0.506906 0.506298 -0.494586 0.492029 587.291954 -119.273634 28.326715
slice8/query/img_03176_c0_1290444916487069us.jpg 0.504775 0.502555 -0.497724 0.494884 587.846372 -119.783633 28.324451
slice8/query/img_03177_c0_1290444916620296us.jpg 0.501277 0.494114 -0.505592 0.498948 588.928829 -120.828078 28.331562
slice8/query/img_03178_c0_1290444916687031us.jpg 0.499164 0.490483 -0.509372 0.500801 589.457967 -121.365027 28.326513
slice8/query/img_03179_c0_1290444916753643us.jpg 0.495837 0.488042 -0.512814 0.502973 589.987155 -121.895691 28.315670
slice8/query/img_03180_c0_1290444916886995us.jpg 0.487543 0.484866 -0.519445 0.507330 591.034740 -122.975404 28.298816
slice8/query/img_03181_c0_1290444916953626us.jpg 0.483593 0.483412 -0.522072 0.509796 591.547119 -123.514187 28.286144
slice8/query/img_03182_c0_1290444917020218us.jpg 0.480138 0.482040 -0.524328 0.512040 592.048284 -124.062015 28.277226
slice8/query/img_03183_c0_1290444917086956us.jpg 0.477693 0.479960 -0.526191 0.514364 592.547205 -124.616482 28.260895
slice8/query/img_03184_c0_1290444917220184us.jpg 0.475452 0.474424 -0.529452 0.518217 593.527474 -125.751015 28.239292
slice8/query/img_03185_c0_1290444917286951us.jpg 0.475383 0.471192 -0.530916 0.519728 594.003435 -126.322876 28.231759
slice8/query/img_03186_c0_1290444917420143us.jpg 0.475078 0.466608 -0.533190 0.521810 594.948156 -127.477900 28.215124
slice8/query/img_03187_c0_1290444917486902us.jpg 0.474528 0.465132 -0.534344 0.522447 595.410760 -128.051768 28.204829
slice8/query/img_03188_c0_1290444917553494us.jpg 0.473474 0.464397 -0.535316 0.523063 595.873598 -128.625276 28.192735
slice8/query/img_03189_c0_1290444917686846us.jpg 0.470462 0.463765 -0.537834 0.523758 596.812133 -129.777067 28.161493
slice8/query/img_03190_c0_1290444917753479us.jpg 0.468932 0.463348 -0.538887 0.524415 597.273371 -130.353638 28.145242
slice8/query/img_03191_c0_1290444917820069us.jpg 0.467557 0.462839 -0.539878 0.525074 597.734516 -130.935451 28.126198
slice8/query/img_03192_c0_1290444917953417us.jpg 0.465780 0.461539 -0.541660 0.525960 598.654573 -132.106174 28.093093
slice8/query/img_03193_c0_1290444918020033us.jpg 0.465412 0.461098 -0.542078 0.526243 599.106990 -132.692161 28.075927
slice8/query/img_03194_c0_1290444918086771us.jpg 0.465400 0.460340 -0.542147 0.526846 599.554573 -133.277241 28.059747
slice8/query/img_03195_c0_1290444918220018us.jpg 0.465610 0.458670 -0.542065 0.528200 600.444228 -134.444626 28.024622
slice8/query/img_03196_c0_1290444918286732us.jpg 0.465513 0.458192 -0.542335 0.528423 600.891449 -135.029004 28.007093
slice8/query/img_03197_c0_1290444918353345us.jpg 0.464994 0.458482 -0.542519 0.528440 601.335129 -135.618600 27.988768
slice8/query/img_03198_c0_1290444918419958us.jpg 0.463959 0.459523 -0.542540 0.528423 601.780705 -136.203347 27.970185
slice8/query/img_03199_c0_1290444918553309us.jpg 0.462056 0.460880 -0.542666 0.528780 602.677441 -137.376008 27.931815
slice8/query/img_03200_c0_1290444918619919us.jpg 0.461546 0.460756 -0.542646 0.529353 603.125442 -137.961409 27.911688
slice8/query/img_03201_c0_1290444918686658us.jpg 0.461431 0.460117 -0.542746 0.529907 603.571664 -138.550117 27.896041
slice8/query/img_03202_c0_1290444918753270us.jpg 0.461583 0.459345 -0.542609 0.530584 604.017978 -139.139149 27.878860
slice8/query/img_03203_c0_1290444918819884us.jpg 0.461958 0.458748 -0.542434 0.530952 604.464508 -139.727241 27.865727
slice8/query/img_03204_c0_1290444918953234us.jpg 0.463518 0.457257 -0.542491 0.530820 605.362929 -140.915330 27.836728
slice8/query/img_03205_c0_1290444919019846us.jpg 0.464127 0.456904 -0.542639 0.530440 605.808769 -141.512065 27.823037
slice8/query/img_03206_c0_1290444919086584us.jpg 0.464241 0.456763 -0.542792 0.530306 606.256725 -142.103803 27.808783
slice8/query/img_03207_c0_1290444919153195us.jpg 0.463746 0.456588 -0.542890 0.530790 606.707546 -142.689358 27.790714
slice8/query/img_03208_c0_1290444919219813us.jpg 0.462770 0.457047 -0.542812 0.531326 607.160181 -143.275751 27.771965
slice8/query/img_03209_c0_1290444919353160us.jpg 0.459963 0.459261 -0.542342 0.532333 608.065372 -144.451362 27.729658
slice8/query/img_03210_c0_1290444919419790us.jpg 0.458811 0.460682 -0.541900 0.532549 608.516495 -145.040868 27.709855
slice8/query/img_03211_c0_1290444919486508us.jpg 0.458532 0.461275 -0.541654 0.532528 608.964041 -145.634753 27.694679
slice8/query/img_03212_c0_1290444919553122us.jpg 0.458765 0.460891 -0.541614 0.532699 609.411197 -146.229054 27.682485
slice8/query/img_03213_c0_1290444919686495us.jpg 0.459358 0.460106 -0.541767 0.532711 610.309239 -147.419636 27.657092
slice8/query/img_03214_c0_1290444919753082us.jpg 0.459047 0.460348 -0.541971 0.532562 610.757298 -148.014161 27.643649
slice8/query/img_03215_c0_1290444919886435us.jpg 0.457650 0.461473 -0.542217 0.532541 611.660586 -149.198684 27.610623
slice8/query/img_03216_c0_1290444919953068us.jpg 0.456983 0.461917 -0.542571 0.532368 612.113626 -149.795932 27.597713
slice8/query/img_03217_c0_1290444920019658us.jpg 0.456282 0.462353 -0.542730 0.532429 612.567767 -150.389379 27.583723
slice8/query/img_03218_c0_1290444920153032us.jpg 0.456207 0.461583 -0.544281 0.531578 613.473871 -151.589448 27.559617
slice8/query/img_03219_c0_1290444920219637us.jpg 0.456679 0.461267 -0.544898 0.530813 613.920757 -152.194840 27.548587
slice8/query/img_03220_c0_1290444920286358us.jpg 0.457338 0.460765 -0.545324 0.530245 614.366263 -152.794283 27.533107
slice8/query/img_03221_c0_1290444920419587us.jpg 0.458646 0.459503 -0.545187 0.530351 615.262800 -154.004056 27.501018
slice8/query/img_03222_c0_1290444920486321us.jpg 0.458986 0.458970 -0.544940 0.530772 615.705663 -154.604235 27.483197
slice8/query/img_03223_c0_1290444920552934us.jpg 0.458756 0.458932 -0.544551 0.531402 616.151435 -155.201219 27.463693
slice8/query/img_03224_c0_1290444920619560us.jpg 0.458071 0.459588 -0.544166 0.531821 616.599110 -155.799274 27.444419
slice8/query/img_03225_c0_1290444920752898us.jpg 0.456885 0.460639 -0.543930 0.532173 617.499660 -157.001070 27.410038
slice8/query/img_03226_c0_1290444920819529us.jpg 0.456557 0.460808 -0.543882 0.532356 617.947803 -157.600513 27.395931
slice8/query/img_03227_c0_1290444920952861us.jpg 0.456570 0.460815 -0.544000 0.532219 618.847550 -158.807605 27.365143
slice8/query/img_03228_c0_1290444921019471us.jpg 0.456769 0.460677 -0.543798 0.532374 619.292904 -159.409820 27.350330
slice8/query/img_03229_c0_1290444921086210us.jpg 0.456802 0.460554 -0.543512 0.532744 619.739648 -160.009226 27.337073
slice8/query/img_03230_c0_1290444921219461us.jpg 0.456576 0.460437 -0.542857 0.533706 620.635617 -161.212625 27.310604
slice8/query/img_03231_c0_1290444921286193us.jpg 0.456344 0.460667 -0.542640 0.533927 621.083126 -161.810570 27.294866
slice8/query/img_03232_c0_1290444921352785us.jpg 0.456191 0.460602 -0.542745 0.534007 621.530655 -162.413532 27.282503
slice8/query/img_03233_c0_1290444921486137us.jpg 0.456272 0.460161 -0.542977 0.534083 622.428967 -163.622048 27.260990
slice8/query/img_03234_c0_1290444921552747us.jpg 0.456355 0.459767 -0.543186 0.534138 622.876184 -164.227055 27.251132
slice8/query/img_03235_c0_1290444921619360us.jpg 0.456539 0.459513 -0.543047 0.534340 623.320993 -164.831274 27.239515
slice8/query/img_03236_c0_1290444921686098us.jpg 0.456682 0.459207 -0.542856 0.534676 623.767163 -165.430266 27.228554
slice8/query/img_03237_c0_1290444921819346us.jpg 0.456879 0.458316 -0.542127 0.536009 624.660963 -166.638289 27.205264
slice8/query/img_03238_c0_1290444921886061us.jpg 0.456825 0.458030 -0.541937 0.536491 625.109424 -167.245183 27.193439
slice8/query/img_03239_c0_1290444921952674us.jpg 0.456468 0.457944 -0.541949 0.536858 625.555256 -167.847449 27.184856
slice8/query/img_03240_c0_1290444922086046us.jpg 0.455645 0.457936 -0.542328 0.537179 626.449777 -169.058695 27.168541
slice8/query/img_03241_c0_1290444922152655us.jpg 0.455401 0.457407 -0.542856 0.537304 626.898707 -169.665976 27.163842
slice8/query/img_03242_c0_1290444922219248us.jpg 0.455385 0.456805 -0.543223 0.537460 627.339822 -170.271806 27.155957
slice8/query/img_03243_c0_1290444922352621us.jpg 0.455322 0.455554 -0.544067 0.537720 628.221533 -171.483841 27.141932
slice8/query/img_03244_c0_1290444922419230us.jpg 0.455244 0.455163 -0.544207 0.537976 628.658024 -172.088996 27.135388
slice8/query/img_03245_c0_1290444922485949us.jpg 0.455284 0.454519 -0.544249 0.538443 629.093019 -172.694753 27.129137
slice8/query/img_03246_c0_1290444922620104us.jpg 0.455224 0.452646 -0.543958 0.540363 629.963479 -173.901381 27.114250
slice8/query/img_03247_c0_1290444922685932us.jpg 0.454939 0.452492 -0.543838 0.540853 630.393353 -174.506289 27.108557
slice8/query/img_03248_c0_1290444922752524us.jpg 0.454566 0.452353 -0.543928 0.541192 630.823946 -175.109863 27.101891
slice8/query/img_03249_c0_1290444922819135us.jpg 0.454260 0.452181 -0.544076 0.541444 631.254711 -175.713113 27.097794
slice8/query/img_03250_c0_1290444923019105us.jpg 0.452655 0.451568 -0.545070 0.542299 632.543319 -177.514075 27.078642
slice8/query/img_03251_c0_1290444923352435us.jpg 0.450093 0.450699 -0.545231 0.544986 634.668069 -180.510858 27.034130
slice8/query/img_03252_c0_1290444923419024us.jpg 0.450328 0.450016 -0.545337 0.545251 635.084812 -181.115802 27.033104
slice8/query/img_03253_c0_1290444923485763us.jpg 0.450955 0.449055 -0.545857 0.545005 635.499224 -181.717027 27.031121
slice8/query/img_03254_c0_1290444923618990us.jpg 0.452340 0.447869 -0.546439 0.544249 636.321979 -182.925142 27.034295
slice8/query/img_03255_c0_1290444923685724us.jpg 0.453037 0.447874 -0.546376 0.543728 636.731387 -183.525714 27.031455
slice8/query/img_03256_c0_1290444923752337us.jpg 0.453451 0.447710 -0.546166 0.543728 637.139831 -184.120824 27.030449
slice8/query/img_03257_c0_1290444923818950us.jpg 0.453715 0.447582 -0.545820 0.543961 637.547369 -184.714530 27.027260
slice8/query/img_03258_c0_1290444923952323us.jpg 0.453116 0.448312 -0.545623 0.544057 638.373683 -185.898392 27.024915
slice8/query/img_03259_c0_1290444924018933us.jpg 0.452976 0.448800 -0.545592 0.543802 638.785628 -186.489380 27.020139
slice8/query/img_03260_c0_1290444924085650us.jpg 0.452834 0.449300 -0.545745 0.543354 639.190210 -187.077935 27.018996
slice8/query/img_03261_c0_1290444924218897us.jpg 0.453514 0.449421 -0.545922 0.542508 639.999395 -188.249343 27.017071
slice8/query/img_03262_c0_1290444924285612us.jpg 0.454241 0.448960 -0.545928 0.542276 640.397267 -188.830568 27.015332
slice8/query/img_03263_c0_1290444924352225us.jpg 0.455202 0.448264 -0.545958 0.542016 640.797516 -189.410859 27.014941
slice8/query/img_03264_c0_1290444924418838us.jpg 0.456015 0.447746 -0.545919 0.541798 641.191002 -189.987885 27.013642
slice8/query/img_03265_c0_1290444924552189us.jpg 0.456942 0.447837 -0.545817 0.541045 641.985339 -191.138340 27.009706
slice8/query/img_03266_c0_1290444924618828us.jpg 0.457359 0.447794 -0.545673 0.540874 642.381917 -191.707520 27.005528
slice8/query/img_03267_c0_1290444924685539us.jpg 0.457577 0.447883 -0.545630 0.540658 642.778887 -192.275239 27.004151
slice8/query/img_03268_c0_1290444924752150us.jpg 0.457846 0.447919 -0.545682 0.540348 643.171043 -192.839445 26.999157
slice8/query/img_03269_c0_1290444924885524us.jpg 0.457579 0.448801 -0.545577 0.539949 643.962250 -193.959699 26.993867
slice8/query/img_03270_c0_1290444924952110us.jpg 0.457457 0.449294 -0.545454 0.539766 644.353150 -194.514575 26.989129
slice8/query/img_03271_c0_1290444925018724us.jpg 0.457464 0.449462 -0.545495 0.539579 644.741571 -195.066268 26.984711
slice8/query/img_03272_c0_1290444925152075us.jpg 0.457535 0.450091 -0.544919 0.539577 645.511508 -196.162231 26.972897
slice8/query/img_03273_c0_1290444925285449us.jpg 0.457411 0.450589 -0.544745 0.539442 646.279818 -197.241810 26.969513
slice8/query/img_03274_c0_1290444925352036us.jpg 0.457407 0.450899 -0.544697 0.539235 646.658642 -197.778562 26.969179
slice8/query/img_03275_c0_1290444925485408us.jpg 0.457539 0.451316 -0.544583 0.538889 647.417812 -198.845185 26.963525
slice8/query/img_03276_c0_1290444925552022us.jpg 0.457559 0.451744 -0.544410 0.538688 647.791119 -199.371918 26.961080
slice8/query/img_03277_c0_1290444925618612us.jpg 0.457567 0.452102 -0.544343 0.538449 648.163960 -199.895378 26.956933
slice8/query/img_03278_c0_1290444925751966us.jpg 0.457514 0.452603 -0.544194 0.538223 648.906910 -200.934560 26.953045
slice8/query/img_03279_c0_1290444925818577us.jpg 0.457364 0.452959 -0.544078 0.538168 649.274354 -201.448324 26.950856
slice8/query/img_03280_c0_1290444925951931us.jpg 0.457289 0.453546 -0.543794 0.538026 649.996142 -202.464242 26.944077
slice8/query/img_03282_c0_1290444926151893us.jpg 0.456972 0.454759 -0.543570 0.537497 651.073917 -203.961856 26.930027
slice8/query/img_03283_c0_1290444926218499us.jpg 0.456769 0.454993 -0.543580 0.537461 651.424741 -204.454303 26.926618
slice8/query/img_03284_c0_1290444926351880us.jpg 0.456129 0.455683 -0.544009 0.536985 652.130232 -205.426190 26.927131
slice8/query/img_03285_c0_1290444926418489us.jpg 0.455870 0.455795 -0.544233 0.536884 652.477274 -205.903465 26.923322
slice8/query/img_03287_c0_1290444926551816us.jpg 0.455238 0.456342 -0.544477 0.536707 653.161901 -206.854857 26.915557
slice8/query/img_03288_c0_1290444926685167us.jpg 0.455121 0.455919 -0.545088 0.536547 653.828967 -207.784630 26.909620
slice8/query/img_03289_c0_1290444926751778us.jpg 0.454922 0.455766 -0.545311 0.536619 654.155087 -208.237472 26.908430
slice8/query/img_03291_c0_1290444926951741us.jpg 0.454573 0.455365 -0.546263 0.536285 655.119148 -209.582753 26.903109
slice8/query/img_03292_c0_1290444927018352us.jpg 0.454546 0.455119 -0.546485 0.536292 655.433196 -210.019516 26.900420
slice8/query/img_03294_c0_1290444927151704us.jpg 0.454603 0.454457 -0.547029 0.536250 656.042739 -210.875859 26.894871
slice8/query/img_03295_c0_1290444927285080us.jpg 0.454526 0.454032 -0.547443 0.536252 656.637998 -211.712454 26.889367
slice8/query/img_03297_c0_1290444927418281us.jpg 0.454320 0.454249 -0.547832 0.535846 657.216806 -212.526896 26.883868
slice8/query/img_03298_c0_1290444927551631us.jpg 0.454527 0.453355 -0.548643 0.535598 657.775891 -213.315064 26.883232
slice8/query/img_03299_c0_1290444927618242us.jpg 0.454376 0.453368 -0.548947 0.535404 658.047350 -213.697516 26.879506
slice8/query/img_03300_c0_1290444927751593us.jpg 0.454081 0.453853 -0.549314 0.534866 658.578023 -214.439539 26.872213
slice8/query/img_03301_c0_1290444927818201us.jpg 0.454233 0.453674 -0.549497 0.534701 658.832300 -214.798733 26.869415
slice8/query/img_03302_c0_1290444927884942us.jpg 0.454342 0.453628 -0.549476 0.534669 659.084823 -215.149270 26.865284
slice8/query/img_03303_c0_1290444928018169us.jpg 0.454259 0.454126 -0.549367 0.534429 659.564870 -215.830606 26.860041
slice8/query/img_03305_c0_1290444928151518us.jpg 0.454700 0.453936 -0.549469 0.534111 660.019595 -216.485429 26.857842
slice8/query/img_03306_c0_1290444928284895us.jpg 0.454747 0.453910 -0.549287 0.534280 660.461612 -217.099899 26.852693
slice8/query/img_03308_c0_1290444928418094us.jpg 0.454964 0.454184 -0.548916 0.534243 660.874697 -217.684709 26.846509
slice8/query/img_03309_c0_1290444928551444us.jpg 0.455492 0.453751 -0.549305 0.533761 661.267871 -218.236621 26.845150
slice8/query/img_03311_c0_1290444928684793us.jpg 0.455281 0.454178 -0.549136 0.533752 661.638608 -218.755620 26.841493
slice8/query/img_03312_c0_1290444928818355us.jpg 0.455463 0.454640 -0.548636 0.533717 661.984432 -219.241573 26.837866
slice8/query/img_03315_c0_1290444929017978us.jpg 0.456314 0.453895 -0.548877 0.533377 662.465094 -219.913970 26.836126
slice8/query/img_03317_c0_1290444929217945us.jpg 0.456039 0.454439 -0.548299 0.533744 662.887163 -220.518328 26.831775
slice8/query/img_03320_c0_1290444929484665us.jpg 0.456947 0.454060 -0.547432 0.534180 663.393331 -221.230795 26.824160
slice8/query/img_03322_c0_1290444929617869us.jpg 0.457147 0.453883 -0.547602 0.533984 663.615561 -221.552637 26.825939
slice8/query/img_03324_c0_1290444929884571us.jpg 0.456931 0.454500 -0.547215 0.534042 664.020488 -222.113802 26.817840
slice8/query/img_03329_c0_1290444930351967us.jpg 0.457809 0.454204 -0.546736 0.534032 664.561899 -222.868957 26.817306
slice8/query/img_03334_c0_1290444930751032us.jpg 0.458377 0.453633 -0.546495 0.534276 664.877677 -223.310220 26.815656
slice8/query/img_03356_c0_1290444934217013us.jpg 0.458899 0.452736 -0.538212 0.542928 665.311849 -223.916612 26.787857
slice8/query/img_03359_c0_1290444934683675us.jpg 0.458903 0.452543 -0.537094 0.544190 665.655423 -224.396328 26.788085
slice8/query/img_03362_c0_1290444935083599us.jpg 0.459449 0.452222 -0.538326 0.542777 666.148969 -225.085165 26.787130
slice8/query/img_03364_c0_1290444935283564us.jpg 0.459654 0.451565 -0.538422 0.543055 666.451302 -225.505043 26.781784
slice8/query/img_03367_c0_1290444935550139us.jpg 0.459247 0.452150 -0.538425 0.542910 666.908705 -226.141945 26.777514
slice8/query/img_03370_c0_1290444935750100us.jpg 0.459728 0.451579 -0.538694 0.542711 667.291466 -226.679161 26.775432
slice8/query/img_03372_c0_1290444935950084us.jpg 0.459618 0.450873 -0.539057 0.543031 667.705522 -227.254256 26.770542
slice8/query/img_03374_c0_1290444936083414us.jpg 0.459183 0.451028 -0.539089 0.543238 667.995678 -227.659891 26.766660
slice8/query/img_03376_c0_1290444936283398us.jpg 0.459190 0.450223 -0.539216 0.543773 668.453559 -228.301421 26.763520
slice8/query/img_03378_c0_1290444936483341us.jpg 0.459012 0.449256 -0.539711 0.544232 668.935620 -228.980273 26.762582
slice8/query/img_03380_c0_1290444936616565us.jpg 0.458110 0.449572 -0.540272 0.544175 669.269820 -229.444277 26.758866
slice8/query/img_03381_c0_1290444936816527us.jpg 0.456897 0.450421 -0.541002 0.543768 669.778977 -230.165533 26.754643
slice8/query/img_03382_c0_1290444936949878us.jpg 0.456453 0.450052 -0.541799 0.543652 670.129474 -230.652040 26.752832
slice8/query/img_03384_c0_1290444937149859us.jpg 0.454986 0.450097 -0.543016 0.543631 670.654561 -231.385328 26.748349
slice8/query/img_03385_c0_1290444937216453us.jpg 0.454498 0.450219 -0.543033 0.543920 670.828169 -231.627641 26.746834
slice8/query/img_03387_c0_1290444937416439us.jpg 0.454018 0.449242 -0.542787 0.545373 671.351268 -232.368145 26.742829
slice8/query/img_03389_c0_1290444937616406us.jpg 0.453352 0.448295 -0.543841 0.545656 671.884402 -233.125630 26.739814
slice8/query/img_03390_c0_1290444937683116us.jpg 0.453046 0.448493 -0.544086 0.545504 672.061674 -233.377667 26.739452
slice8/query/img_03392_c0_1290444937883104us.jpg 0.453004 0.447641 -0.544032 0.546291 672.591651 -234.137882 26.739250
slice8/query/img_03393_c0_1290444937949691us.jpg 0.452952 0.447091 -0.543845 0.546970 672.768148 -234.389253 26.738253
slice8/query/img_03396_c0_1290444938216292us.jpg 0.452173 0.447227 -0.543319 0.548026 673.483612 -235.417396 26.727154
slice8/query/img_03397_c0_1290444938283004us.jpg 0.452380 0.446845 -0.543448 0.548039 673.662086 -235.675022 26.729214
slice8/query/img_03399_c0_1290444938416230us.jpg 0.452910 0.445758 -0.544141 0.547799 674.019046 -236.198181 26.734083
slice8/query/img_03400_c0_1290444938549579us.jpg 0.452918 0.445546 -0.544539 0.547569 674.376350 -236.723863 26.733149
slice8/query/img_03401_c0_1290444938682946us.jpg 0.452961 0.445688 -0.543849 0.548103 674.734806 -237.248971 26.727292
slice8/query/img_03403_c0_1290444938949529us.jpg 0.453566 0.445142 -0.543002 0.548886 675.476404 -238.321194 26.722521
slice8/query/img_03404_c0_1290444939082877us.jpg 0.453846 0.445469 -0.541844 0.549532 675.848790 -238.864068 26.723462
slice8/query/img_03405_c0_1290444939217023us.jpg 0.455123 0.444910 -0.540533 0.550220 676.222322 -239.412985 26.726448
slice8/query/img_03406_c0_1290444939282822us.jpg 0.455782 0.444067 -0.540083 0.550797 676.412322 -239.690221 26.727898
slice8/query/img_03408_c0_1290444939416043us.jpg 0.456045 0.444203 -0.539418 0.551122 676.798215 -240.246856 26.731011
slice8/query/img_03409_c0_1290444939549393us.jpg 0.455984 0.446154 -0.538729 0.550269 677.188555 -240.814567 26.735445
slice8/query/img_03411_c0_1290444939749382us.jpg 0.457609 0.446253 -0.538227 0.549330 677.791209 -241.680897 26.745372
slice8/query/img_03412_c0_1290444939815967us.jpg 0.457987 0.446265 -0.538108 0.549123 677.994590 -241.973212 26.748277
slice8/query/img_03414_c0_1290444940015931us.jpg 0.457717 0.449016 -0.536834 0.548351 678.618038 -242.858106 26.750484
slice8/query/img_03415_c0_1290444940082668us.jpg 0.457757 0.449728 -0.536491 0.548070 678.830422 -243.156141 26.752659
slice8/query/img_03416_c0_1290444940149281us.jpg 0.457953 0.450088 -0.536340 0.547758 679.045005 -243.456912 26.756018
slice8/query/img_03417_c0_1290444940282660us.jpg 0.458092 0.451098 -0.535836 0.547304 679.479737 -244.062380 26.759187
slice8/query/img_03419_c0_1290444940415855us.jpg 0.458241 0.452701 -0.534993 0.546680 679.921707 -244.675401 26.761281
slice8/query/img_03420_c0_1290444940549225us.jpg 0.459615 0.452511 -0.534882 0.545793 680.366522 -245.296185 26.769939
slice8/query/img_03422_c0_1290444940749191us.jpg 0.461240 0.452462 -0.534490 0.544845 681.049792 -246.247180 26.783116
slice8/query/img_03424_c0_1290444940949156us.jpg 0.463610 0.452267 -0.534048 0.543427 681.747188 -247.220007 26.793177
slice8/query/img_03425_c0_1290444941015744us.jpg 0.464785 0.451589 -0.534078 0.542957 681.984202 -247.548553 26.797165
slice8/query/img_03427_c0_1290444941215707us.jpg 0.466332 0.452747 -0.532939 0.541785 682.714006 -248.550791 26.802352
slice8/query/img_03429_c0_1290444941349058us.jpg 0.467249 0.453027 -0.531810 0.541870 683.213695 -249.225485 26.803874
slice8/query/img_03430_c0_1290444941549050us.jpg 0.467856 0.453482 -0.529198 0.543521 683.979121 -250.254128 26.805030
slice8/query/img_03431_c0_1290444941749015us.jpg 0.469926 0.451853 -0.528236 0.544027 684.755823 -251.304126 26.818505
slice8/query/img_03433_c0_1290444941882334us.jpg 0.469552 0.452776 -0.529159 0.542684 685.284519 -252.013779 26.832603
slice8/query/img_03434_c0_1290444941948947us.jpg 0.469645 0.452617 -0.529843 0.542068 685.550204 -252.373363 26.842023
slice8/query/img_03435_c0_1290444942082300us.jpg 0.468661 0.451947 -0.531381 0.541973 686.096552 -253.094161 26.854366
slice8/query/img_03436_c0_1290444942148909us.jpg 0.467406 0.452480 -0.531716 0.542284 686.369509 -253.454616 26.855291
slice8/query/img_03438_c0_1290444942282260us.jpg 0.465362 0.452768 -0.531616 0.543896 686.919243 -254.183497 26.855529
slice8/query/img_03439_c0_1290444942415487us.jpg 0.464399 0.451271 -0.531805 0.545777 687.472187 -254.924290 26.860099
slice8/query/img_03440_c0_1290444942482224us.jpg 0.463662 0.451146 -0.531876 0.546437 687.747505 -255.295992 26.863254
slice8/query/img_03441_c0_1290444942615449us.jpg 0.463029 0.450748 -0.531967 0.547212 688.299494 -256.055791 26.873697
slice8/query/img_03442_c0_1290444942682206us.jpg 0.463240 0.449538 -0.532379 0.547629 688.574359 -256.438246 26.880598
slice8/query/img_03443_c0_1290444942748805us.jpg 0.463066 0.448554 -0.532869 0.548106 688.852256 -256.819782 26.889050
slice8/query/img_03445_c0_1290444942948782us.jpg 0.461093 0.447918 -0.533633 0.549544 689.691888 -257.975018 26.909457
slice8/query/img_03447_c0_1290444943082111us.jpg 0.459950 0.447242 -0.533781 0.550906 690.245497 -258.752132 26.923869
slice8/query/img_03448_c0_1290444943215363us.jpg 0.459994 0.446417 -0.533576 0.551737 690.794529 -259.541839 26.941965
slice8/query/img_03450_c0_1290444943348686us.jpg 0.460649 0.444804 -0.533901 0.552179 691.341601 -260.336096 26.968984
slice8/query/img_03451_c0_1290444943415300us.jpg 0.460968 0.444579 -0.533840 0.552153 691.617943 -260.734448 26.980396
slice8/query/img_03452_c0_1290444943548649us.jpg 0.461696 0.444272 -0.533388 0.552228 692.177032 -261.541538 27.001796
slice8/query/img_03453_c0_1290444943615262us.jpg 0.462058 0.443791 -0.533390 0.552310 692.454716 -261.941257 27.011930
slice8/query/img_03454_c0_1290444943749283us.jpg 0.462330 0.444364 -0.532598 0.552387 693.029474 -262.757460 27.028257
slice8/query/img_03455_c0_1290444943815225us.jpg 0.462353 0.444844 -0.532120 0.552442 693.318140 -263.166282 27.037723
slice8/query/img_03456_c0_1290444943881962us.jpg 0.462619 0.444904 -0.531765 0.552513 693.605532 -263.577004 27.047930
slice8/query/img_03458_c0_1290444944081949us.jpg 0.462814 0.446281 -0.530550 0.552407 694.479597 -264.812967 27.075322
slice8/query/img_03459_c0_1290444944148539us.jpg 0.463066 0.446438 -0.530415 0.552199 694.774901 -265.225479 27.087197
slice8/query/img_03461_c0_1290444944348527us.jpg 0.463482 0.447829 -0.529872 0.551243 695.669323 -266.478404 27.118983
slice8/query/img_03462_c0_1290444944415114us.jpg 0.463427 0.448566 -0.529441 0.551105 695.972551 -266.891998 27.127899
slice8/query/img_03464_c0_1290444944615081us.jpg 0.463507 0.450088 -0.528284 0.550907 696.888373 -268.161083 27.153687
slice8/query/img_03465_c0_1290444944681839us.jpg 0.463361 0.450745 -0.527894 0.550866 697.198071 -268.585457 27.161368
slice8/query/img_03467_c0_1290444944881775us.jpg 0.462426 0.452974 -0.526961 0.550716 698.137292 -269.869095 27.193010
slice8/query/img_03468_c0_1290444944948387us.jpg 0.462047 0.453823 -0.526581 0.550699 698.455310 -270.300341 27.204049
slice8/query/img_03469_c0_1290444945081737us.jpg 0.461828 0.454059 -0.526305 0.550952 699.096540 -271.174406 27.227027
slice8/query/img_03470_c0_1290444945148372us.jpg 0.461590 0.454491 -0.526101 0.550990 699.417471 -271.614662 27.236735
slice8/query/img_03471_c0_1290444945214964us.jpg 0.461060 0.455153 -0.525859 0.551119 699.742324 -272.052425 27.245401
slice8/query/img_03472_c0_1290444945281701us.jpg 0.460417 0.455663 -0.525850 0.551244 700.067253 -272.489843 27.257028
slice8/query/img_03473_c0_1290444945414947us.jpg 0.459247 0.456660 -0.525618 0.551616 700.725817 -273.376145 27.282184
slice8/query/img_03474_c0_1290444945481663us.jpg 0.458738 0.457074 -0.525537 0.551774 701.054611 -273.822067 27.294910
slice8/query/img_03475_c0_1290444945548278us.jpg 0.458385 0.456961 -0.525631 0.552071 701.384241 -274.269279 27.311156
slice8/query/img_03476_c0_1290444945681631us.jpg 0.457696 0.456910 -0.526060 0.552275 702.056291 -275.176435 27.343375
slice8/query/img_03477_c0_1290444945748241us.jpg 0.457336 0.457256 -0.526111 0.552240 702.388394 -275.635045 27.358732
slice8/query/img_03478_c0_1290444945881594us.jpg 0.456991 0.456662 -0.526269 0.552865 703.062635 -276.556039 27.388156
slice8/query/img_03479_c0_1290444945948202us.jpg 0.456872 0.456460 -0.526238 0.553160 703.399911 -277.019117 27.404195
slice8/query/img_03480_c0_1290444946014815us.jpg 0.456656 0.456457 -0.526137 0.553437 703.737929 -277.486224 27.420937
slice8/query/img_03482_c0_1290444946214782us.jpg 0.456159 0.455881 -0.526323 0.554144 704.769844 -278.912866 27.471731
slice8/query/img_03483_c0_1290444946281516us.jpg 0.455992 0.455703 -0.526411 0.554344 705.115571 -279.390404 27.489338
slice8/query/img_03484_c0_1290444946348130us.jpg 0.455903 0.455174 -0.526623 0.554651 705.462280 -279.870958 27.507954
slice8/query/img_03485_c0_1290444946414742us.jpg 0.455757 0.454724 -0.526794 0.554977 705.811742 -280.356268 27.526977
slice8/query/img_03486_c0_1290444946548119us.jpg 0.455265 0.454542 -0.526924 0.555407 706.516268 -281.334514 27.558257
slice8/query/img_03487_c0_1290444946614704us.jpg 0.455226 0.454167 -0.527162 0.555519 706.872783 -281.830672 27.575885
slice8/query/img_03488_c0_1290444946681442us.jpg 0.455285 0.453909 -0.527331 0.555521 707.226412 -282.327845 27.593851
slice8/query/img_03489_c0_1290444946814669us.jpg 0.455685 0.453037 -0.527328 0.555907 707.943061 -283.327934 27.629552
slice8/query/img_03490_c0_1290444946881406us.jpg 0.456192 0.452112 -0.527308 0.556264 708.299811 -283.829678 27.647758
slice8/query/img_03491_c0_1290444946948018us.jpg 0.456650 0.451786 -0.526916 0.556524 708.657477 -284.335337 27.667526
slice8/query/img_03492_c0_1290444947014630us.jpg 0.457158 0.451848 -0.526315 0.556625 709.011267 -284.840802 27.686894
slice8/query/img_03493_c0_1290444947147982us.jpg 0.458276 0.451710 -0.524982 0.557077 709.733575 -285.856383 27.727083
slice8/query/img_03494_c0_1290444947214592us.jpg 0.458646 0.451982 -0.524178 0.557310 710.095135 -286.363455 27.748715
slice8/query/img_03495_c0_1290444947281330us.jpg 0.459074 0.452351 -0.523530 0.557266 710.460382 -286.875893 27.769968
slice8/query/img_03496_c0_1290444947347944us.jpg 0.459338 0.452828 -0.523138 0.557030 710.827860 -287.386636 27.793956
slice8/query/img_03497_c0_1290444947481316us.jpg 0.459500 0.454742 -0.522228 0.556190 711.573210 -288.412475 27.838946
slice8/query/img_03498_c0_1290444947547906us.jpg 0.459763 0.455217 -0.521542 0.556228 711.950672 -288.923347 27.860955
slice8/query/img_03499_c0_1290444947681280us.jpg 0.460235 0.456269 -0.520182 0.556249 712.713457 -289.952579 27.905148
