slice8/query/img_03962_c0_1292959282861399us.jpg 0.450804 0.457981 -0.540939 0.542600 654.217831 -208.134538 26.702174
slice8/query/img_03963_c0_1292959282928024us.jpg 0.451217 0.457465 -0.540901 0.542729 654.679962 -208.792451 26.693390
slice8/query/img_03964_c0_1292959283061421us.jpg 0.452194 0.457326 -0.540395 0.542538 655.629391 -210.134650 26.676820
slice8/query/img_03965_c0_1292959283128027us.jpg 0.453287 0.457168 -0.539876 0.542276 656.114167 -210.818424 26.677989
slice8/query/img_03966_c0_1292959283261485us.jpg 0.456283 0.457271 -0.538733 0.540810 657.096677 -212.181486 26.673128
slice8/query/img_03967_c0_1292959283328137us.jpg 0.457782 0.457443 -0.538025 0.540103 657.589650 -212.863365 26.673578
slice8/query/img_03968_c0_1292959283394652us.jpg 0.458931 0.457844 -0.537482 0.539327 658.085917 -213.541733 26.671202
slice8/query/img_03969_c0_1292959283461403us.jpg 0.459871 0.458461 -0.536877 0.538605 658.579331 -214.218789 26.667847
slice8/query/img_03970_c0_1292959283594675us.jpg 0.459619 0.460521 -0.536009 0.537927 659.610795 -215.570623 26.650182
slice8/query/img_03971_c0_1292959283661404us.jpg 0.458351 0.461743 -0.535754 0.538215 660.124944 -216.245775 26.641972
slice8/query/img_03972_c0_1292959283728030us.jpg 0.456759 0.462632 -0.535923 0.538636 660.637971 -216.918726 26.634293
slice8/query/img_03973_c0_1292959283794655us.jpg 0.455135 0.463260 -0.536226 0.539169 661.154922 -217.592484 26.628227
slice8/query/img_03974_c0_1292959283928033us.jpg 0.453451 0.462920 -0.537212 0.539899 662.184909 -218.964181 26.619204
slice8/query/img_03975_c0_1292959283994657us.jpg 0.453485 0.461949 -0.537709 0.540207 662.691978 -219.655805 26.617723
slice8/query/img_03976_c0_1292959284061409us.jpg 0.453940 0.460362 -0.538233 0.540657 663.195515 -220.352659 26.619174
slice8/query/img_03977_c0_1292959284194678us.jpg 0.454518 0.457399 -0.538916 0.542005 664.206037 -221.753239 26.621635
slice8/query/img_03978_c0_1292959284261413us.jpg 0.454560 0.456114 -0.539500 0.542471 664.712204 -222.460166 26.618505
slice8/query/img_03979_c0_1292959284394666us.jpg 0.453868 0.454436 -0.540466 0.543497 665.744754 -223.874744 26.612499
slice8/query/img_03980_c0_1292959284461435us.jpg 0.453277 0.454155 -0.540721 0.543970 666.256276 -224.587581 26.612283
slice8/query/img_03981_c0_1292959284528040us.jpg 0.452801 0.453635 -0.541108 0.544416 666.767321 -225.303245 26.611720
slice8/query/img_03982_c0_1292959284594667us.jpg 0.452451 0.453059 -0.541458 0.544839 667.273893 -226.019488 26.612798
slice8/query/img_03983_c0_1292959284728064us.jpg 0.452278 0.451552 -0.542242 0.545453 668.297213 -227.462743 26.612559
slice8/query/img_03984_c0_1292959284794668us.jpg 0.452517 0.450710 -0.542265 0.545928 668.803086 -228.188292 26.612244
slice8/query/img_03985_c0_1292959284861419us.jpg 0.452946 0.449656 -0.542018 0.546686 669.310280 -228.914090 26.609918
slice8/query/img_03986_c0_1292959284928044us.jpg 0.453384 0.448947 -0.541934 0.546989 669.814540 -229.641480 26.612478
slice8/query/img_03987_c0_1292959285061422us.jpg 0.454161 0.448611 -0.541864 0.546689 670.837738 -231.109902 26.611536
slice8/query/img_03988_c0_1292959285128046us.jpg 0.454278 0.448507 -0.541695 0.546845 671.354979 -231.843759 26.609363
slice8/query/img_03989_c0_1292959285194673us.jpg 0.454084 0.448648 -0.541385 0.547198 671.873977 -232.576273 26.606923
slice8/query/img_03990_c0_1292959285261424us.jpg 0.453411 0.449253 -0.541260 0.547382 672.395886 -233.309967 26.604656
slice8/query/img_03991_c0_1292959285394674us.jpg 0.451568 0.451712 -0.540698 0.547438 673.444456 -234.782491 26.599487
slice8/query/img_03992_c0_1292959285461425us.jpg 0.451076 0.452656 -0.540284 0.547473 673.966407 -235.519040 26.596760
slice8/query/img_03993_c0_1292959285528052us.jpg 0.451142 0.452802 -0.539944 0.547632 674.484868 -236.261162 26.598822
slice8/query/img_03994_c0_1292959285661452us.jpg 0.452971 0.451447 -0.539704 0.547478 675.523493 -237.756497 26.611792
slice8/query/img_03995_c0_1292959285728072us.jpg 0.453944 0.450829 -0.539436 0.547446 676.042967 -238.504296 26.619478
slice8/query/img_03996_c0_1292959285794677us.jpg 0.454980 0.450682 -0.538765 0.547367 676.563466 -239.253402 26.626864
slice8/query/img_03997_c0_1292959285861430us.jpg 0.455843 0.450137 -0.537629 0.548215 677.087680 -240.001540 26.630899
slice8/query/img_03998_c0_1292959285994710us.jpg 0.456669 0.450107 -0.535983 0.549161 678.144832 -241.507452 26.639740
slice8/query/img_03999_c0_1292959286061431us.jpg 0.456240 0.450855 -0.535868 0.549018 678.675215 -242.259347 26.648062
slice8/query/img_04000_c0_1292959286194704us.jpg 0.454493 0.453385 -0.536191 0.548067 679.750880 -243.761561 26.666833
slice8/query/img_04001_c0_1292959286261434us.jpg 0.453769 0.454837 -0.536196 0.547458 680.291875 -244.516412 26.676204
slice8/query/img_04002_c0_1292959286394685us.jpg 0.453379 0.455446 -0.536573 0.546906 681.373857 -246.026827 26.698025
slice8/query/img_04003_c0_1292959286461435us.jpg 0.454199 0.454890 -0.536797 0.546468 681.911844 -246.787770 26.707130
slice8/query/img_04004_c0_1292959286528061us.jpg 0.455384 0.453898 -0.537140 0.545969 682.449683 -247.551572 26.718166
slice8/query/img_04005_c0_1292959286594687us.jpg 0.456810 0.453151 -0.537126 0.545413 682.985864 -248.315357 26.729413
slice8/query/img_04006_c0_1292959286728377us.jpg 0.460197 0.450595 -0.536139 0.545653 684.062706 -249.851187 26.746233
slice8/query/img_04007_c0_1292959286794689us.jpg 0.462136 0.448268 -0.534662 0.547379 684.601747 -250.616002 26.753114
slice8/query/img_04008_c0_1292959286861439us.jpg 0.463775 0.446411 -0.533359 0.548779 685.143208 -251.383453 26.760809
slice8/query/img_04009_c0_1292959286928065us.jpg 0.464329 0.446090 -0.532799 0.549115 685.684174 -252.150682 26.772863
slice8/query/img_04010_c0_1292959286994691us.jpg 0.464169 0.446738 -0.533226 0.548309 686.234749 -252.920641 26.786354
slice8/query/img_04011_c0_1292959287128089us.jpg 0.462848 0.448218 -0.534763 0.546718 687.349451 -254.461194 26.813684
slice8/query/img_04012_c0_1292959287194694us.jpg 0.462103 0.448552 -0.535066 0.546778 687.908806 -255.231529 26.821703
slice8/query/img_04013_c0_1292959287261443us.jpg 0.461121 0.449218 -0.534788 0.547332 688.467145 -256.001139 26.828541
slice8/query/img_04014_c0_1292959287394722us.jpg 0.459546 0.451145 -0.533110 0.548707 689.580521 -257.547151 26.842761
slice8/query/img_04015_c0_1292959287461466us.jpg 0.459864 0.450952 -0.532038 0.549640 690.136023 -258.322743 26.854670
slice8/query/img_04016_c0_1292959287528070us.jpg 0.460938 0.449927 -0.531398 0.550199 690.687905 -259.104184 26.873678
slice8/query/img_04017_c0_1292959287594696us.jpg 0.462580 0.448222 -0.531074 0.550525 691.240664 -259.889477 26.894536
slice8/query/img_04018_c0_1292959287728094us.jpg 0.463988 0.446586 -0.530945 0.550794 692.364296 -261.454858 26.946435
slice8/query/img_04019_c0_1292959287794701us.jpg 0.464129 0.446205 -0.531190 0.550748 692.928388 -262.241941 26.970214
slice8/query/img_04020_c0_1292959287861449us.jpg 0.464090 0.446053 -0.531429 0.550672 693.494435 -263.031133 26.989762
slice8/query/img_04021_c0_1292959287928073us.jpg 0.463610 0.446351 -0.531290 0.550969 694.059549 -263.817082 27.006913
slice8/query/img_04022_c0_1292959287994703us.jpg 0.462965 0.447148 -0.530920 0.551222 694.625556 -264.604812 27.024325
slice8/query/img_04023_c0_1292959288128098us.jpg 0.461871 0.448369 -0.530314 0.551731 695.762060 -266.186758 27.058439
slice8/query/img_04024_c0_1292959288194705us.jpg 0.461480 0.448837 -0.530067 0.551916 696.332570 -266.977393 27.079075
slice8/query/img_04025_c0_1292959288261451us.jpg 0.460985 0.449370 -0.530155 0.551811 696.902468 -267.768336 27.102345
slice8/query/img_04026_c0_1292959288394704us.jpg 0.460092 0.450454 -0.530286 0.551547 698.052780 -269.366532 27.142947
slice8/query/img_04027_c0_1292959288594705us.jpg 0.457855 0.452715 -0.529080 0.552714 699.794674 -271.755242 27.202355
slice8/query/img_04028_c0_1292959288728114us.jpg 0.456695 0.454018 -0.528107 0.553534 700.955675 -273.354095 27.252367
slice8/query/img_04029_c0_1292959288794707us.jpg 0.456347 0.454488 -0.527870 0.553662 701.535582 -274.157888 27.280775
slice8/query/img_04030_c0_1292959288861458us.jpg 0.455957 0.454938 -0.528021 0.553470 702.117425 -274.960372 27.312765
slice8/query/img_04031_c0_1292959288928083us.jpg 0.455716 0.455168 -0.528317 0.553197 702.701276 -275.764190 27.342774
slice8/query/img_04032_c0_1292959289061462us.jpg 0.454986 0.455642 -0.528737 0.553006 703.871439 -277.373331 27.403152
slice8/query/img_04033_c0_1292959289128087us.jpg 0.454874 0.455698 -0.528620 0.553164 704.453335 -278.180059 27.431576
slice8/query/img_04034_c0_1292959289194712us.jpg 0.454882 0.455781 -0.528423 0.553276 705.036349 -278.988339 27.459871
slice8/query/img_04035_c0_1292959289261464us.jpg 0.455061 0.455715 -0.528036 0.553554 705.617563 -279.795858 27.487270
slice8/query/img_04036_c0_1292959289394714us.jpg 0.455612 0.455002 -0.527583 0.554119 706.785414 -281.412308 27.547986
slice8/query/img_04037_c0_1292959289461464us.jpg 0.456011 0.454742 -0.527513 0.554070 707.367390 -282.222847 27.578872
slice8/query/img_04038_c0_1292959289528090us.jpg 0.456324 0.454440 -0.527654 0.553925 707.949575 -283.033781 27.610490
slice8/query/img_04039_c0_1292959289594716us.jpg 0.456560 0.454175 -0.527627 0.553974 708.529301 -283.844465 27.642750
slice8/query/img_04040_c0_1292959289728116us.jpg 0.456907 0.453746 -0.526749 0.554874 709.691806 -285.462984 27.701555
slice8/query/img_04041_c0_1292959289794719us.jpg 0.457014 0.453628 -0.526071 0.555526 710.270520 -286.270079 27.734237
slice8/query/img_04042_c0_1292959289861469us.jpg 0.457131 0.453452 -0.525363 0.556244 710.848185 -287.075453 27.767220
slice8/query/img_04043_c0_1292959289928095us.jpg 0.457267 0.453346 -0.524966 0.556592 711.426669 -287.882049 27.802635
slice8/query/img_04044_c0_1292959290061471us.jpg 0.456749 0.453426 -0.524284 0.557595 712.583275 -289.490957 27.876867
