slice8/query/img_03083_c0_1299250802712651us.jpg 0.585176 0.581655 -0.412228 0.386413 571.674136 -110.821939 28.748875
slice8/query/img_03084_c0_1299250802779395us.jpg 0.583419 0.578877 -0.415162 0.390082 572.446736 -111.142149 28.713085
slice8/query/img_03085_c0_1299250802846020us.jpg 0.581213 0.576710 -0.417980 0.393561 573.206728 -111.464896 28.685595
slice8/query/img_03086_c0_1299250802912647us.jpg 0.577305 0.576025 -0.420339 0.397780 573.976190 -111.796332 28.648101
slice8/query/img_03087_c0_1299250803046051us.jpg 0.571658 0.570983 -0.422083 0.411135 575.463290 -112.473510 28.582602
slice8/query/img_03088_c0_1299250803112648us.jpg 0.569071 0.568035 -0.423764 0.417035 576.195341 -112.832095 28.554604
slice8/query/img_03089_c0_1299250803179397us.jpg 0.566636 0.564839 -0.427779 0.420578 576.929434 -113.203398 28.539743
slice8/query/img_03090_c0_1299250803246025us.jpg 0.563923 0.561439 -0.433668 0.422740 577.662328 -113.584409 28.530773
slice8/query/img_03091_c0_1299250803379405us.jpg 0.558170 0.553834 -0.446259 0.427279 579.091355 -114.376792 28.518906
slice8/query/img_03092_c0_1299250803446052us.jpg 0.554900 0.550040 -0.451189 0.431244 579.795148 -114.783115 28.506591
slice8/query/img_03093_c0_1299250803512653us.jpg 0.551634 0.546117 -0.455031 0.436351 580.486833 -115.194296 28.487855
slice8/query/img_03094_c0_1299250803579400us.jpg 0.548012 0.542773 -0.457999 0.441948 581.167476 -115.609699 28.464160
slice8/query/img_03095_c0_1299250803712929us.jpg 0.540576 0.537691 -0.465714 0.449196 582.504521 -116.476598 28.417343
slice8/query/img_03096_c0_1299250803779429us.jpg 0.537071 0.534979 -0.470066 0.452095 583.158863 -116.924735 28.406609
slice8/query/img_03097_c0_1299250803846026us.jpg 0.533708 0.531471 -0.473900 0.456193 583.802625 -117.375124 28.386608
slice8/query/img_03098_c0_1299250803912650us.jpg 0.530715 0.527153 -0.476928 0.461509 584.437371 -117.834848 28.363631
slice8/query/img_03099_c0_1299250804046031us.jpg 0.522877 0.520377 -0.482551 0.472179 585.677061 -118.781663 28.331827
slice8/query/img_03100_c0_1299250804112683us.jpg 0.518934 0.517713 -0.485154 0.476767 586.290138 -119.263604 28.315376
slice8/query/img_03101_c0_1299250804179403us.jpg 0.515288 0.514973 -0.488024 0.480743 586.888303 -119.752929 28.308371
slice8/query/img_03102_c0_1299250804246028us.jpg 0.512507 0.511372 -0.491234 0.484277 587.477072 -120.256670 28.300091
slice8/query/img_03103_c0_1299250804312655us.jpg 0.510561 0.506684 -0.495191 0.487222 588.053390 -120.766806 28.293037
slice8/query/img_03104_c0_1299250804446055us.jpg 0.505686 0.499380 -0.502674 0.492158 589.191244 -121.807540 28.296754
slice8/query/img_03105_c0_1299250804512655us.jpg 0.503067 0.496466 -0.506073 0.494303 589.744107 -122.337342 28.290047
slice8/query/img_03106_c0_1299250804579406us.jpg 0.500276 0.493643 -0.509527 0.496409 590.296537 -122.867171 28.282107
slice8/query/img_03107_c0_1299250804712658us.jpg 0.494497 0.489118 -0.515559 0.500435 591.368765 -123.952309 28.264946
slice8/query/img_03108_c0_1299250804779407us.jpg 0.491592 0.487307 -0.517949 0.502591 591.899196 -124.494549 28.252060
slice8/query/img_03109_c0_1299250804846032us.jpg 0.489070 0.485509 -0.519748 0.504929 592.416515 -125.041339 28.235704
slice8/query/img_03110_c0_1299250804912656us.jpg 0.487083 0.483189 -0.521529 0.507233 592.930486 -125.590371 28.224268
slice8/query/img_03111_c0_1299250805046135us.jpg 0.485191 0.477686 -0.524833 0.510838 593.936006 -126.711497 28.196166
slice8/query/img_03112_c0_1299250805112658us.jpg 0.484416 0.475398 -0.526326 0.512172 594.428695 -127.274383 28.184858
slice8/query/img_03113_c0_1299250805179408us.jpg 0.483611 0.473489 -0.527963 0.513014 594.912274 -127.843055 28.177220
slice8/query/img_03114_c0_1299250805312693us.jpg 0.480796 0.470982 -0.530912 0.514922 595.883630 -128.975641 28.150729
slice8/query/img_03115_c0_1299250805379412us.jpg 0.479216 0.470013 -0.532252 0.515896 596.360809 -129.542289 28.140408
slice8/query/img_03116_c0_1299250805446035us.jpg 0.477630 0.469168 -0.533547 0.516796 596.832937 -130.109883 28.122937
slice8/query/img_03117_c0_1299250805646085us.jpg 0.473045 0.467977 -0.536254 0.519285 598.243401 -131.809943 28.071638
slice8/query/img_03118_c0_1299250805846053us.jpg 0.470125 0.466760 -0.536919 0.522338 599.629589 -133.525957 28.022371
slice8/query/img_03119_c0_1299250805912663us.jpg 0.469424 0.466030 -0.537129 0.523401 600.088234 -134.088604 28.007970
slice8/query/img_03120_c0_1299250806046067us.jpg 0.468298 0.465277 -0.538219 0.523960 601.005029 -135.235767 27.973072
slice8/query/img_03121_c0_1299250806112664us.jpg 0.467305 0.465991 -0.538379 0.524048 601.454003 -135.804824 27.958530
slice8/query/img_03122_c0_1299250806179414us.jpg 0.466633 0.466552 -0.538531 0.523991 601.906246 -136.377694 27.942496
slice8/query/img_03123_c0_1299250806246043us.jpg 0.465986 0.466891 -0.538794 0.523995 602.365926 -136.946093 27.927490
slice8/query/img_03124_c0_1299250806379421us.jpg 0.464986 0.466082 -0.539107 0.525281 603.266800 -138.074922 27.892743
slice8/query/img_03125_c0_1299250806446065us.jpg 0.464582 0.465487 -0.539225 0.526043 603.717847 -138.646176 27.873758
slice8/query/img_03126_c0_1299250806512667us.jpg 0.464561 0.464926 -0.539286 0.526496 604.160910 -139.216084 27.851122
slice8/query/img_03127_c0_1299250806646044us.jpg 0.464669 0.464086 -0.539334 0.527093 605.046449 -140.345752 27.824480
slice8/query/img_03128_c0_1299250806712711us.jpg 0.464883 0.463773 -0.539427 0.527083 605.487103 -140.922338 27.809769
slice8/query/img_03129_c0_1299250806779418us.jpg 0.465073 0.463431 -0.539707 0.526931 605.927935 -141.497053 27.796975
slice8/query/img_03130_c0_1299250806846043us.jpg 0.464798 0.462976 -0.540155 0.527113 606.371643 -142.066481 27.784096
slice8/query/img_03131_c0_1299250806979430us.jpg 0.462432 0.463112 -0.540299 0.528925 607.274270 -143.200067 27.742777
slice8/query/img_03132_c0_1299250807046072us.jpg 0.460860 0.463878 -0.540412 0.529509 607.715682 -143.772503 27.722778
slice8/query/img_03133_c0_1299250807112673us.jpg 0.459201 0.465078 -0.540436 0.529873 608.161081 -144.339610 27.707421
slice8/query/img_03134_c0_1299250807179434us.jpg 0.457788 0.466219 -0.540214 0.530320 608.601182 -144.911652 27.688120
slice8/query/img_03135_c0_1299250807313905us.jpg 0.456901 0.465835 -0.540509 0.531120 609.473635 -146.052520 27.656190
slice8/query/img_03136_c0_1299250807379450us.jpg 0.457066 0.464975 -0.540784 0.531453 609.911047 -146.623019 27.643784
slice8/query/img_03137_c0_1299250807446047us.jpg 0.456831 0.464618 -0.541149 0.531596 610.347164 -147.196570 27.637503
slice8/query/img_03138_c0_1299250807512681us.jpg 0.456085 0.464886 -0.541364 0.531783 610.784787 -147.768706 27.622689
slice8/query/img_03139_c0_1299250807646077us.jpg 0.454233 0.465629 -0.542050 0.532018 611.663940 -148.908183 27.596856
slice8/query/img_03140_c0_1299250807712707us.jpg 0.453104 0.466032 -0.542474 0.532196 612.101199 -149.478070 27.583970
slice8/query/img_03141_c0_1299250807779425us.jpg 0.451762 0.466296 -0.543017 0.532552 612.538842 -150.044123 27.569511
slice8/query/img_03142_c0_1299250807846049us.jpg 0.451120 0.465935 -0.543735 0.532680 612.967794 -150.617592 27.556726
slice8/query/img_03143_c0_1299250807979453us.jpg 0.450704 0.464364 -0.545740 0.532353 613.828055 -151.767563 27.535489
slice8/query/img_03144_c0_1299250808046050us.jpg 0.450776 0.463631 -0.546550 0.532099 614.248204 -152.342638 27.527035
slice8/query/img_03145_c0_1299250808112677us.jpg 0.451160 0.462640 -0.546997 0.532178 614.668296 -152.915862 27.513272
slice8/query/img_03146_c0_1299250808246053us.jpg 0.451951 0.460317 -0.547116 0.533397 615.508796 -154.069087 27.485043
slice8/query/img_03147_c0_1299250808312709us.jpg 0.451770 0.459450 -0.547214 0.534198 615.929733 -154.643417 27.467565
slice8/query/img_03148_c0_1299250808379427us.jpg 0.450915 0.459402 -0.547344 0.534827 616.348532 -155.216539 27.450535
slice8/query/img_03149_c0_1299250808446052us.jpg 0.449904 0.459740 -0.547617 0.535109 616.766678 -155.786905 27.432458
slice8/query/img_03150_c0_1299250808579460us.jpg 0.448441 0.459813 -0.548384 0.535488 617.598980 -156.932176 27.401857
slice8/query/img_03151_c0_1299250808646074us.jpg 0.448366 0.459305 -0.548648 0.535716 618.009298 -157.507001 27.388651
slice8/query/img_03152_c0_1299250808712689us.jpg 0.448426 0.458684 -0.548854 0.535987 618.418980 -158.080981 27.375975
slice8/query/img_03153_c0_1299250808779436us.jpg 0.448549 0.458203 -0.549030 0.536115 618.826161 -158.651866 27.362454
slice8/query/img_03154_c0_1299250808912682us.jpg 0.448532 0.457225 -0.548947 0.537049 619.638657 -159.786382 27.342450
slice8/query/img_03155_c0_1299250808979453us.jpg 0.448705 0.456688 -0.548770 0.537543 620.044875 -160.353541 27.328823
slice8/query/img_03156_c0_1299250809046056us.jpg 0.448635 0.456656 -0.548470 0.537934 620.448712 -160.916421 27.316845
slice8/query/img_03157_c0_1299250809112683us.jpg 0.448742 0.456692 -0.548167 0.538123 620.846173 -161.477656 27.302407
slice8/query/img_03158_c0_1299250809246059us.jpg 0.448721 0.456752 -0.548241 0.538014 621.654262 -162.611935 27.280982
slice8/query/img_03159_c0_1299250809312691us.jpg 0.449063 0.456299 -0.548321 0.538032 622.051350 -163.174944 27.273666
slice8/query/img_03160_c0_1299250809379440us.jpg 0.449333 0.455795 -0.548524 0.538026 622.452660 -163.732017 27.265321
slice8/query/img_03161_c0_1299250809512685us.jpg 0.449684 0.455812 -0.547998 0.538255 623.252583 -164.850858 27.244843
slice8/query/img_03162_c0_1299250809579436us.jpg 0.450094 0.455466 -0.547556 0.538654 623.648608 -165.404835 27.233195
slice8/query/img_03163_c0_1299250809712690us.jpg 0.450998 0.454500 -0.546700 0.539583 624.435632 -166.507367 27.221383
slice8/query/img_03164_c0_1299250809779451us.jpg 0.451292 0.454211 -0.546440 0.539844 624.836375 -167.060096 27.217282
slice8/query/img_03165_c0_1299250809846060us.jpg 0.451427 0.454319 -0.546261 0.539821 625.231846 -167.616299 27.211484
slice8/query/img_03166_c0_1299250809912689us.jpg 0.451606 0.454469 -0.546060 0.539749 625.623461 -168.169863 27.198843
slice8/query/img_03167_c0_1299250810046066us.jpg 0.452076 0.454436 -0.545974 0.539470 626.407629 -169.263545 27.186238
slice8/query/img_03168_c0_1299250810112688us.jpg 0.452413 0.454292 -0.545929 0.539354 626.798327 -169.814854 27.182407
slice8/query/img_03169_c0_1299250810179440us.jpg 0.452921 0.453853 -0.545871 0.539356 627.187323 -170.357199 27.175555
slice8/query/img_03170_c0_1299250810312689us.jpg 0.453730 0.453420 -0.545800 0.539113 627.962528 -171.447943 27.160676
slice8/query/img_03171_c0_1299250810379442us.jpg 0.453903 0.453569 -0.545595 0.539048 628.351640 -171.987697 27.154640
slice8/query/img_03172_c0_1299250810446063us.jpg 0.454371 0.453374 -0.545298 0.539118 628.733976 -172.528176 27.147361
slice8/query/img_03173_c0_1299250810579466us.jpg 0.455012 0.452494 -0.544715 0.539906 629.500366 -173.600295 27.135690
slice8/query/img_03175_c0_1299250810712692us.jpg 0.455202 0.452624 -0.543863 0.540495 630.267045 -174.665819 27.122415
slice8/query/img_03176_c0_1299250810779441us.jpg 0.455202 0.452996 -0.543703 0.540345 630.646048 -175.197381 27.117482
slice8/query/img_03177_c0_1299250810912713us.jpg 0.456039 0.452538 -0.543797 0.539928 631.402810 -176.258519 27.109551
slice8/query/img_03178_c0_1299250810979449us.jpg 0.456162 0.452548 -0.543892 0.539720 631.785304 -176.786776 27.104902
slice8/query/img_03179_c0_1299250811046067us.jpg 0.456017 0.453023 -0.543783 0.539555 632.161681 -177.313187 27.101190
slice8/query/img_03180_c0_1299250811112692us.jpg 0.455976 0.453333 -0.543579 0.539533 632.534789 -177.835270 27.094589
slice8/query/img_03181_c0_1299250811246072us.jpg 0.455595 0.453669 -0.543215 0.539940 633.283446 -178.870077 27.085029
slice8/query/img_03182_c0_1299250811312699us.jpg 0.455517 0.453896 -0.542928 0.540105 633.654149 -179.384508 27.079321
slice8/query/img_03183_c0_1299250811379443us.jpg 0.455249 0.454260 -0.542760 0.540193 634.023848 -179.898731 27.074931
slice8/query/img_03184_c0_1299250811446070us.jpg 0.455025 0.454391 -0.542841 0.540190 634.394483 -180.412289 27.072308
slice8/query/img_03185_c0_1299250811579446us.jpg 0.456101 0.453443 -0.543222 0.539696 635.130899 -181.441033 27.067240
slice8/query/img_03186_c0_1299250811646072us.jpg 0.456547 0.453006 -0.543607 0.539298 635.492538 -181.952513 27.065979
slice8/query/img_03187_c0_1299250811712695us.jpg 0.456842 0.452690 -0.543788 0.539131 635.854628 -182.457451 27.060270
slice8/query/img_03188_c0_1299250811779448us.jpg 0.456845 0.452710 -0.543948 0.538949 636.213562 -182.958181 27.058262
slice8/query/img_03189_c0_1299250811912731us.jpg 0.456815 0.452631 -0.543766 0.539225 636.926182 -183.966820 27.050106
slice8/query/img_03190_c0_1299250811979448us.jpg 0.456707 0.452509 -0.543615 0.539571 637.279012 -184.462499 27.046601
slice8/query/img_03191_c0_1299250812046072us.jpg 0.456373 0.452735 -0.543317 0.539964 637.633172 -184.958580 27.043017
slice8/query/img_03192_c0_1299250812179470us.jpg 0.455586 0.453224 -0.543324 0.540211 638.334266 -185.944425 27.032891
slice8/query/img_03193_c0_1299250812246099us.jpg 0.455411 0.453416 -0.543526 0.539994 638.684252 -186.433076 27.030660
slice8/query/img_03194_c0_1299250812312699us.jpg 0.455603 0.453384 -0.543697 0.539687 639.030292 -186.924561 27.029933
slice8/query/img_03195_c0_1299250812379450us.jpg 0.455527 0.453491 -0.543947 0.539410 639.375384 -187.411594 27.031985
slice8/query/img_03196_c0_1299250812512729us.jpg 0.455892 0.453010 -0.544117 0.539333 640.055944 -188.372449 27.031637
slice8/query/img_03197_c0_1299250812579451us.jpg 0.456184 0.452446 -0.544116 0.539562 640.397543 -188.849420 27.030155
slice8/query/img_03199_c0_1299250812779482us.jpg 0.456010 0.452435 -0.544377 0.539454 641.415151 -190.274646 27.030461
slice8/query/img_03200_c0_1299250812846077us.jpg 0.456147 0.452324 -0.544454 0.539354 641.750817 -190.743739 27.025842
slice8/query/img_03201_c0_1299250812912706us.jpg 0.456290 0.452256 -0.544518 0.539226 642.079826 -191.210491 27.024692
slice8/query/img_03203_c0_1299250813112731us.jpg 0.456947 0.451939 -0.544443 0.539010 643.068371 -192.604593 27.021953
slice8/query/img_03204_c0_1299250813179454us.jpg 0.456867 0.452265 -0.544420 0.538828 643.393624 -193.061583 27.018871
slice8/query/img_03205_c0_1299250813246078us.jpg 0.457027 0.452504 -0.544386 0.538525 643.716862 -193.517763 27.017531
slice8/query/img_03206_c0_1299250813312705us.jpg 0.457130 0.452762 -0.544274 0.538336 644.038588 -193.966722 27.017738
slice8/query/img_03207_c0_1299250813446081us.jpg 0.457251 0.453181 -0.544243 0.537910 644.684870 -194.865712 27.011115
slice8/query/img_03208_c0_1299250813512705us.jpg 0.457432 0.453411 -0.544093 0.537715 645.000415 -195.312126 27.005604
slice8/query/img_03209_c0_1299250813579455us.jpg 0.457715 0.453721 -0.543859 0.537449 645.316213 -195.755964 26.999062
slice8/query/img_03210_c0_1299250813713038us.jpg 0.457381 0.454656 -0.543589 0.537217 645.942770 -196.622499 26.994646
slice8/query/img_03211_c0_1299250813779465us.jpg 0.457436 0.454927 -0.543492 0.537039 646.249736 -197.048680 26.990124
slice8/query/img_03212_c0_1299250813846083us.jpg 0.457541 0.455266 -0.543255 0.536901 646.558639 -197.472514 26.987100
slice8/query/img_03214_c0_1299250814046083us.jpg 0.457546 0.456312 -0.542919 0.536349 647.477091 -198.732866 26.983077
slice8/query/img_03215_c0_1299250814179486us.jpg 0.457692 0.457143 -0.542539 0.535902 648.075002 -199.558598 26.977325
slice8/query/img_03216_c0_1299250814246084us.jpg 0.457473 0.457533 -0.542429 0.535866 648.375554 -199.963375 26.975527
slice8/query/img_03217_c0_1299250814312710us.jpg 0.457504 0.457748 -0.542352 0.535734 648.670385 -200.367097 26.972527
slice8/query/img_03218_c0_1299250814379462us.jpg 0.457515 0.458002 -0.542191 0.535671 648.963245 -200.765865 26.969774
slice8/query/img_03219_c0_1299250814512736us.jpg 0.457479 0.458354 -0.542030 0.535563 649.547334 -201.561432 26.961963
slice8/query/img_03220_c0_1299250814579468us.jpg 0.457298 0.458814 -0.541887 0.535468 649.830611 -201.955097 26.956466
slice8/query/img_03222_c0_1299250814712712us.jpg 0.456527 0.459188 -0.541890 0.535803 650.400797 -202.725256 26.949842
slice8/query/img_03223_c0_1299250814846116us.jpg 0.455623 0.459314 -0.542259 0.536091 650.962083 -203.491960 26.945970
slice8/query/img_03224_c0_1299250814912714us.jpg 0.455085 0.459346 -0.542617 0.536158 651.237524 -203.867472 26.942959
slice8/query/img_03225_c0_1299250814979463us.jpg 0.454795 0.459165 -0.542765 0.536409 651.510927 -204.241803 26.939333
slice8/query/img_03227_c0_1299250815179492us.jpg 0.454150 0.458373 -0.543807 0.536578 652.315961 -205.351265 26.937001
slice8/query/img_03229_c0_1299250815312715us.jpg 0.453300 0.458386 -0.544328 0.536758 652.842622 -206.073162 26.929652
slice8/query/img_03230_c0_1299250815446095us.jpg 0.453139 0.457982 -0.544794 0.536765 653.354222 -206.784755 26.924705
slice8/query/img_03231_c0_1299250815512719us.jpg 0.452939 0.457697 -0.545134 0.536833 653.603753 -207.133271 26.924212
slice8/query/img_03233_c0_1299250815646094us.jpg 0.452551 0.457143 -0.545725 0.537030 654.093855 -207.822131 26.920819
slice8/query/img_03234_c0_1299250815779496us.jpg 0.452556 0.456579 -0.546268 0.536955 654.572184 -208.490922 26.917735
slice8/query/img_03235_c0_1299250815846094us.jpg 0.452267 0.456472 -0.546653 0.536897 654.806258 -208.815854 26.919466
slice8/query/img_03237_c0_1299250816046099us.jpg 0.451968 0.455616 -0.548194 0.536305 655.489097 -209.772280 26.919804
slice8/query/img_03238_c0_1299250816112736us.jpg 0.451843 0.455309 -0.548532 0.536324 655.705835 -210.077873 26.917935
slice8/query/img_03240_c0_1299250816246097us.jpg 0.451424 0.454796 -0.549154 0.536476 656.129386 -210.674568 26.912718
slice8/query/img_03241_c0_1299250816379483us.jpg 0.450939 0.454691 -0.549365 0.536757 656.531560 -211.245708 26.907763
slice8/query/img_03242_c0_1299250816512726us.jpg 0.450844 0.454343 -0.549484 0.537011 656.917972 -211.794576 26.900210
slice8/query/img_03244_c0_1299250816712733us.jpg 0.450713 0.453474 -0.550014 0.537310 657.464850 -212.581147 26.895344
slice8/query/img_03245_c0_1299250816779476us.jpg 0.450891 0.453095 -0.550168 0.537324 657.638040 -212.832197 26.892412
slice8/query/img_03246_c0_1299250816979488us.jpg 0.450848 0.452716 -0.550099 0.537750 658.138262 -213.556573 26.880741
slice8/query/img_03247_c0_1299250817179504us.jpg 0.450217 0.453172 -0.550090 0.537904 658.606531 -214.230107 26.871179
slice8/query/img_03249_c0_1299250817312727us.jpg 0.450298 0.453204 -0.550112 0.537788 658.898689 -214.657434 26.868051
slice8/query/img_03251_c0_1299250817512736us.jpg 0.450808 0.452402 -0.549943 0.538208 659.314203 -215.260776 26.859799
slice8/query/img_03254_c0_1299250817779792us.jpg 0.449796 0.453032 -0.550310 0.538149 659.827493 -215.987485 26.854656
slice8/query/img_03256_c0_1299250817912730us.jpg 0.449924 0.452795 -0.550564 0.537982 660.055117 -216.317212 26.854515
slice8/query/img_03259_c0_1299250818179506us.jpg 0.450467 0.452252 -0.550509 0.538040 660.464130 -216.914226 26.850823
slice8/query/img_03263_c0_1299250818512759us.jpg 0.450490 0.452384 -0.550334 0.538089 660.878717 -217.526399 26.840203
slice8/query/img_03268_c0_1299250818979489us.jpg 0.451186 0.451917 -0.550082 0.538156 661.313390 -218.164234 26.836222
slice8/query/img_03276_c0_1299250819646145us.jpg 0.451317 0.452262 -0.548588 0.539280 661.707724 -218.732035 26.830129
slice8/query/img_03465_c0_1299250835979581us.jpg 0.451551 0.452030 -0.542814 0.545090 662.089926 -219.287024 26.811327
slice8/query/img_03471_c0_1299250836512845us.jpg 0.452606 0.451167 -0.539684 0.548031 662.475660 -219.855215 26.808528
slice8/query/img_03475_c0_1299250836846238us.jpg 0.452313 0.451848 -0.540165 0.547236 662.910872 -220.481109 26.804008
slice8/query/img_03478_c0_1299250837046214us.jpg 0.452817 0.451877 -0.540214 0.546748 663.228286 -220.940650 26.801163
slice8/query/img_03480_c0_1299250837246214us.jpg 0.453240 0.451530 -0.540685 0.546218 663.589771 -221.462476 26.804075
slice8/query/img_03483_c0_1299250837446216us.jpg 0.453485 0.451824 -0.540844 0.545613 663.990607 -222.033829 26.798712
slice8/query/img_03485_c0_1299250837712852us.jpg 0.453765 0.451923 -0.540861 0.545281 664.577715 -222.872280 26.798289
slice8/query/img_03486_c0_1299250837779619us.jpg 0.453678 0.451995 -0.540946 0.545211 664.733552 -223.090067 26.797829
slice8/query/img_03489_c0_1299250838046249us.jpg 0.454632 0.451203 -0.540709 0.545307 665.396030 -224.038685 26.790060
slice8/query/img_03490_c0_1299250838112845us.jpg 0.454917 0.451030 -0.540501 0.545418 665.570387 -224.285416 26.789637
slice8/query/img_03492_c0_1299250838246220us.jpg 0.455276 0.450502 -0.540415 0.545640 665.930809 -224.798539 26.786542
slice8/query/img_03493_c0_1299250838379601us.jpg 0.455494 0.450413 -0.540638 0.545312 666.306852 -225.339594 26.783274
slice8/query/img_03495_c0_1299250838512847us.jpg 0.456155 0.450237 -0.540345 0.545195 666.698480 -225.901775 26.777030
slice8/query/img_03496_c0_1299250838646224us.jpg 0.457053 0.449615 -0.540244 0.545055 667.105777 -226.484359 26.772659
slice8/query/img_03498_c0_1299250838779598us.jpg 0.457168 0.449609 -0.540279 0.544930 667.529629 -227.084904 26.767644
slice8/query/img_03499_c0_1299250838912874us.jpg 0.457340 0.449731 -0.539853 0.545106 667.966527 -227.705684 26.763693
slice8/query/img_03500_c0_1299250838979599us.jpg 0.457692 0.449460 -0.539556 0.545328 668.189151 -228.022475 26.762075
slice8/query/img_03502_c0_1299250839112851us.jpg 0.458393 0.448834 -0.539398 0.545411 668.646647 -228.673038 26.758151
slice8/query/img_03503_c0_1299250839246249us.jpg 0.458026 0.449612 -0.539682 0.544798 669.118807 -229.334891 26.754308
slice8/query/img_03505_c0_1299250839446253us.jpg 0.458115 0.450236 -0.539315 0.544571 669.847844 -230.353441 26.745087
slice8/query/img_03507_c0_1299250839579602us.jpg 0.457544 0.451145 -0.538506 0.545099 670.349794 -231.055062 26.739835
slice8/query/img_03508_c0_1299250839646229us.jpg 0.457516 0.451345 -0.538035 0.545422 670.607627 -231.415835 26.736833
slice8/query/img_03509_c0_1299250839779613us.jpg 0.457670 0.451147 -0.537766 0.545722 671.134992 -232.149901 26.734831
slice8/query/img_03510_c0_1299250839846235us.jpg 0.457578 0.451321 -0.537949 0.545475 671.406548 -232.526690 26.733481
slice8/query/img_03512_c0_1299250839979604us.jpg 0.456801 0.452254 -0.538212 0.545094 671.959294 -233.292649 26.730879
slice8/query/img_03513_c0_1299250840112879us.jpg 0.457170 0.452404 -0.537899 0.544969 672.520850 -234.080189 26.728160
slice8/query/img_03514_c0_1299250840179612us.jpg 0.457036 0.452368 -0.537515 0.545490 672.808694 -234.476391 26.726288
slice8/query/img_03515_c0_1299250840246231us.jpg 0.456949 0.452570 -0.537015 0.545887 673.096991 -234.879382 26.723770
slice8/query/img_03516_c0_1299250840312856us.jpg 0.456858 0.452675 -0.536689 0.546197 673.389124 -235.287961 26.721035
slice8/query/img_03517_c0_1299250840446239us.jpg 0.456777 0.452343 -0.536912 0.546320 673.982691 -236.115068 26.721391
slice8/query/img_03518_c0_1299250840512856us.jpg 0.456449 0.452585 -0.537301 0.546012 674.287432 -236.535440 26.723420
slice8/query/img_03519_c0_1299250840579607us.jpg 0.456335 0.452469 -0.537621 0.545888 674.593230 -236.961265 26.724062
slice8/query/img_03520_c0_1299250840712881us.jpg 0.456756 0.452136 -0.537815 0.545620 675.207363 -237.827447 26.726071
slice8/query/img_03521_c0_1299250840779607us.jpg 0.456657 0.452166 -0.537742 0.545751 675.520903 -238.265853 26.726158
slice8/query/img_03522_c0_1299250840846234us.jpg 0.456578 0.452101 -0.537260 0.546345 675.833727 -238.704125 26.728018
slice8/query/img_03523_c0_1299250840979613us.jpg 0.457166 0.450971 -0.535847 0.548171 676.465322 -239.598084 26.724261
slice8/query/img_03524_c0_1299250841046258us.jpg 0.457180 0.450446 -0.535419 0.549010 676.788352 -240.052460 26.724162
slice8/query/img_03525_c0_1299250841112862us.jpg 0.456922 0.450545 -0.535285 0.549274 677.114061 -240.509958 26.725988
slice8/query/img_03526_c0_1299250841179611us.jpg 0.456574 0.450922 -0.535240 0.549298 677.441731 -240.969252 26.728692
slice8/query/img_03527_c0_1299250841312887us.jpg 0.456173 0.451102 -0.536058 0.548686 678.107717 -241.904042 26.739974
slice8/query/img_03528_c0_1299250841379612us.jpg 0.455869 0.451009 -0.536507 0.548575 678.443123 -242.375349 26.747100
slice8/query/img_03529_c0_1299250841446238us.jpg 0.455752 0.450928 -0.536717 0.548533 678.782627 -242.851692 26.750066
slice8/query/img_03530_c0_1299250841512864us.jpg 0.455192 0.451188 -0.536767 0.548735 679.121290 -243.326261 26.752278
slice8/query/img_03531_c0_1299250841646243us.jpg 0.453601 0.452380 -0.536678 0.549159 679.812994 -244.289887 26.754148
slice8/query/img_03532_c0_1299250841712879us.jpg 0.453256 0.452543 -0.536775 0.549215 680.159742 -244.778320 26.755955
slice8/query/img_03533_c0_1299250841779615us.jpg 0.453234 0.452020 -0.537264 0.549185 680.506444 -245.269345 26.759337
slice8/query/img_03535_c0_1299250841979646us.jpg 0.454174 0.449729 -0.538647 0.548934 681.559946 -246.770982 26.775784
slice8/query/img_03536_c0_1299250842046263us.jpg 0.455081 0.448727 -0.539204 0.548457 681.912740 -247.282176 26.782838
slice8/query/img_03537_c0_1299250842112866us.jpg 0.456350 0.447568 -0.539696 0.547865 682.262860 -247.794276 26.790238
slice8/query/img_03538_c0_1299250842179616us.jpg 0.457739 0.446398 -0.539904 0.547456 682.616374 -248.306050 26.795759
slice8/query/img_03539_c0_1299250842312891us.jpg 0.459613 0.445110 -0.539343 0.547487 683.326535 -249.337479 26.800718
slice8/query/img_03540_c0_1299250842379618us.jpg 0.460253 0.444700 -0.538240 0.548368 683.685001 -249.851759 26.799017
slice8/query/img_03541_c0_1299250842446243us.jpg 0.461213 0.443781 -0.536611 0.549900 684.043256 -250.366765 26.799720
slice8/query/img_03543_c0_1299250842646249us.jpg 0.463293 0.443605 -0.533426 0.551390 685.137078 -251.936533 26.822241
slice8/query/img_03544_c0_1299250842712893us.jpg 0.464805 0.443690 -0.533592 0.549885 685.509623 -252.468611 26.836306
slice8/query/img_03545_c0_1299250842912892us.jpg 0.468186 0.444050 -0.534088 0.546234 686.648590 -254.081160 26.863921
slice8/query/img_03546_c0_1299250843046255us.jpg 0.467712 0.445910 -0.532311 0.546858 687.434151 -255.158418 26.864412
slice8/query/img_03547_c0_1299250843112877us.jpg 0.467106 0.447792 -0.530844 0.547265 687.829280 -255.694222 26.863521
slice8/query/img_03548_c0_1299250843179622us.jpg 0.466628 0.449859 -0.529381 0.547395 688.225157 -256.232834 26.863860
slice8/query/img_03549_c0_1299250843246248us.jpg 0.466878 0.451235 -0.528090 0.547296 688.624763 -256.777298 26.866965
slice8/query/img_03550_c0_1299250843379626us.jpg 0.468946 0.451491 -0.526423 0.546922 689.432853 -257.876000 26.889868
slice8/query/img_03551_c0_1299250843446249us.jpg 0.469816 0.451772 -0.525905 0.546442 689.843088 -258.428580 26.902901
slice8/query/img_03552_c0_1299250843512874us.jpg 0.470359 0.452198 -0.525379 0.546129 690.255544 -258.982407 26.917732
slice8/query/img_03553_c0_1299250843579625us.jpg 0.470637 0.452689 -0.525063 0.545786 690.672446 -259.538189 26.930921
slice8/query/img_03554_c0_1299250843712876us.jpg 0.469616 0.454422 -0.524642 0.545630 691.515159 -260.658060 26.958754
slice8/query/img_03555_c0_1299250843779626us.jpg 0.468927 0.455152 -0.524524 0.545728 691.944919 -261.218794 26.965426
slice8/query/img_03556_c0_1299250843846254us.jpg 0.468160 0.455585 -0.524471 0.546076 692.377022 -261.778666 26.974737
slice8/query/img_03557_c0_1299250843979628us.jpg 0.467573 0.455081 -0.524579 0.546895 693.247052 -262.927052 26.999593
slice8/query/img_03558_c0_1299250844046252us.jpg 0.467295 0.454777 -0.524426 0.547531 693.680973 -263.505853 27.012806
slice8/query/img_03559_c0_1299250844112877us.jpg 0.467034 0.454605 -0.524179 0.548132 694.116728 -264.086417 27.024813
slice8/query/img_03560_c0_1299250844179631us.jpg 0.466708 0.454144 -0.524347 0.548632 694.556327 -264.666669 27.040552
slice8/query/img_03561_c0_1299250844379637us.jpg 0.464015 0.453652 -0.525849 0.549884 695.883983 -266.434954 27.080441
slice8/query/img_03562_c0_1299250844512885us.jpg 0.461038 0.454698 -0.526740 0.550671 696.771831 -267.630232 27.106799
slice8/query/img_03563_c0_1299250844579630us.jpg 0.459832 0.455042 -0.527038 0.551110 697.218010 -268.230020 27.121342
slice8/query/img_03564_c0_1299250844646259us.jpg 0.458829 0.454752 -0.527564 0.551682 697.664548 -268.829782 27.136115
slice8/query/img_03565_c0_1299250844779658us.jpg 0.457179 0.454325 -0.528093 0.552896 698.561021 -270.058047 27.161655
slice8/query/img_03566_c0_1299250844846260us.jpg 0.456488 0.454245 -0.528150 0.553478 699.008075 -270.673607 27.177157
slice8/query/img_03567_c0_1299250844912880us.jpg 0.455569 0.454229 -0.528063 0.554331 699.457390 -271.290270 27.193649
slice8/query/img_03568_c0_1299250845046272us.jpg 0.454679 0.453573 -0.528172 0.555493 700.355078 -272.542713 27.229017
slice8/query/img_03569_c0_1299250845112906us.jpg 0.454026 0.453793 -0.528086 0.555929 700.803878 -273.170247 27.245348
slice8/query/img_03570_c0_1299250845312882us.jpg 0.452907 0.454028 -0.528494 0.556263 702.157606 -275.075160 27.312218
slice8/query/img_03571_c0_1299250845446258us.jpg 0.453115 0.454093 -0.528395 0.556135 703.062244 -276.357610 27.360693
slice8/query/img_03572_c0_1299250845579668us.jpg 0.453815 0.453750 -0.527790 0.556418 703.971725 -277.649288 27.406058
slice8/query/img_03573_c0_1299250845646259us.jpg 0.453935 0.453809 -0.527618 0.556435 704.431201 -278.295959 27.428663
slice8/query/img_03574_c0_1299250845779662us.jpg 0.454612 0.453817 -0.527132 0.556337 705.350165 -279.599388 27.476679
slice8/query/img_03575_c0_1299250845846262us.jpg 0.454981 0.453796 -0.526879 0.556291 705.814356 -280.250587 27.501977
slice8/query/img_03576_c0_1299250845912886us.jpg 0.455446 0.453526 -0.526636 0.556361 706.280592 -280.902031 27.527329
slice8/query/img_03577_c0_1299250846046266us.jpg 0.456058 0.454020 -0.526221 0.555850 707.219094 -282.212070 27.581533
slice8/query/img_03578_c0_1299250846112890us.jpg 0.456463 0.454194 -0.525964 0.555619 707.694034 -282.869034 27.606391
slice8/query/img_03579_c0_1299250846179640us.jpg 0.456851 0.454272 -0.525698 0.555487 708.169507 -283.531585 27.633243
slice8/query/img_03580_c0_1299250846246264us.jpg 0.457343 0.454127 -0.525202 0.555670 708.644567 -284.195353 27.660352
slice8/query/img_03581_c0_1299250846379642us.jpg 0.458274 0.454474 -0.523788 0.555953 709.605369 -285.530362 27.711700
slice8/query/img_03582_c0_1299250846446265us.jpg 0.458626 0.454613 -0.522922 0.556365 710.088154 -286.198023 27.738685
slice8/query/img_03583_c0_1299250846512891us.jpg 0.459012 0.454737 -0.522242 0.556584 710.574082 -286.869001 27.767395
slice8/query/img_03584_c0_1299250846579641us.jpg 0.459301 0.454957 -0.521727 0.556649 711.063533 -287.538188 27.797173
slice8/query/img_03585_c0_1299250846712948us.jpg 0.459441 0.455781 -0.521147 0.556402 712.044493 -288.877123 27.863818
