slice8/database/img_02749_c0_1303398711513928us.jpg 0.579753 0.581283 -0.416823 0.390199 570.836043 -109.625298 28.806835
slice8/database/img_02750_c0_1303398711647334us.jpg 0.574491 0.577972 -0.422417 0.396827 572.384966 -110.287936 28.735676
slice8/database/img_02751_c0_1303398711713929us.jpg 0.573923 0.572972 -0.426408 0.400614 573.144171 -110.636062 28.710514
slice8/database/img_02752_c0_1303398711780680us.jpg 0.573280 0.568240 -0.430186 0.404219 573.900016 -110.993119 28.684927
slice8/database/img_02753_c0_1303398711847304us.jpg 0.571836 0.564308 -0.433201 0.408531 574.651416 -111.361619 28.654698
slice8/database/img_02754_c0_1303398711980701us.jpg 0.568146 0.557021 -0.434976 0.421584 576.124489 -112.109064 28.585645
slice8/database/img_02755_c0_1303398712047303us.jpg 0.564869 0.554617 -0.437367 0.426653 576.852245 -112.494658 28.558397
slice8/database/img_02756_c0_1303398712180707us.jpg 0.555771 0.550962 -0.447920 0.432351 578.319427 -113.293752 28.527763
slice8/database/img_02757_c0_1303398712247306us.jpg 0.550600 0.549475 -0.453469 0.435066 579.042098 -113.704791 28.514417
slice8/database/img_02758_c0_1303398712313932us.jpg 0.545825 0.547393 -0.458312 0.438619 579.750354 -114.126807 28.496169
slice8/database/img_02759_c0_1303398712380683us.jpg 0.541943 0.544268 -0.461895 0.443535 580.443181 -114.556819 28.474264
slice8/database/img_02760_c0_1303398712513974us.jpg 0.535668 0.536129 -0.469021 0.453482 581.802419 -115.450461 28.427771
slice8/database/img_02761_c0_1303398712580684us.jpg 0.533111 0.531888 -0.473905 0.456402 582.472027 -115.917954 28.409576
slice8/database/img_02762_c0_1303398712647308us.jpg 0.530070 0.527831 -0.479842 0.458445 583.132311 -116.394418 28.394344
slice8/database/img_02763_c0_1303398712780713us.jpg 0.522852 0.520035 -0.487984 0.466970 584.425152 -117.364394 28.346059
slice8/database/img_02764_c0_1303398712847310us.jpg 0.519090 0.515976 -0.490207 0.473299 585.056883 -117.858135 28.312872
slice8/database/img_02765_c0_1303398712913939us.jpg 0.514771 0.512033 -0.492450 0.479923 585.676599 -118.356294 28.283593
slice8/database/img_02766_c0_1303398713047330us.jpg 0.505625 0.506217 -0.497793 0.490194 586.884109 -119.393064 28.243726
slice8/database/img_02767_c0_1303398713180707us.jpg 0.499566 0.498573 -0.504854 0.496971 588.045958 -120.471893 28.227739
slice8/database/img_02768_c0_1303398713247312us.jpg 0.497697 0.493723 -0.509091 0.499361 588.611763 -121.021768 28.224277
slice8/database/img_02769_c0_1303398713380715us.jpg 0.493109 0.485855 -0.516454 0.504047 589.714708 -122.143386 28.209425
slice8/database/img_02770_c0_1303398713447334us.jpg 0.490584 0.482651 -0.519590 0.506362 590.260673 -122.716093 28.198205
slice8/database/img_02771_c0_1303398713513947us.jpg 0.488121 0.479868 -0.522694 0.508188 590.796070 -123.292464 28.187072
slice8/database/img_02772_c0_1303398713580689us.jpg 0.485864 0.477758 -0.525229 0.509724 591.323829 -123.875367 28.174725
slice8/database/img_02773_c0_1303398713713941us.jpg 0.479521 0.473897 -0.529036 0.515366 592.361882 -125.037339 28.145818
slice8/database/img_02774_c0_1303398713780687us.jpg 0.475280 0.472566 -0.530302 0.519201 592.874228 -125.631343 28.136867
slice8/database/img_02775_c0_1303398713847313us.jpg 0.473755 0.469464 -0.530317 0.523377 593.376886 -126.240920 28.124003
slice8/database/img_02776_c0_1303398713980692us.jpg 0.476900 0.463707 -0.530407 0.525558 594.378321 -127.473200 28.107775
slice8/database/img_02777_c0_1303398714047314us.jpg 0.478107 0.461007 -0.531187 0.526048 594.880450 -128.094721 28.095974
slice8/database/img_02778_c0_1303398714113943us.jpg 0.477625 0.460602 -0.531641 0.526382 595.383276 -128.712779 28.083802
slice8/database/img_02779_c0_1303398714247321us.jpg 0.476123 0.460513 -0.533081 0.526364 596.401860 -129.961464 28.057008
slice8/database/img_02780_c0_1303398714313943us.jpg 0.474957 0.461205 -0.533585 0.526301 596.911934 -130.591604 28.041359
slice8/database/img_02781_c0_1303398714380691us.jpg 0.473518 0.462024 -0.534059 0.526398 597.423370 -131.217798 28.022526
slice8/database/img_02782_c0_1303398714513986us.jpg 0.471278 0.463258 -0.534959 0.526410 598.452173 -132.487853 27.984706
slice8/database/img_02783_c0_1303398714580692us.jpg 0.470828 0.463195 -0.535047 0.526779 598.964823 -133.127998 27.965851
slice8/database/img_02784_c0_1303398714647317us.jpg 0.470269 0.463181 -0.535039 0.527298 599.477079 -133.766319 27.947315
slice8/database/img_02785_c0_1303398714780912us.jpg 0.469497 0.463009 -0.535488 0.527681 600.511641 -135.062610 27.911134
slice8/database/img_02786_c0_1303398714847320us.jpg 0.468896 0.463270 -0.535839 0.527631 601.027673 -135.714994 27.892666
slice8/database/img_02787_c0_1303398714913949us.jpg 0.467953 0.463772 -0.536281 0.527578 601.547887 -136.364769 27.874941
slice8/database/img_02788_c0_1303398715048322us.jpg 0.465854 0.464664 -0.536952 0.527968 602.590467 -137.672320 27.836286
slice8/database/img_02789_c0_1303398715113987us.jpg 0.465270 0.464576 -0.537218 0.528289 603.108092 -138.330580 27.820135
slice8/database/img_02790_c0_1303398715180698us.jpg 0.464790 0.463910 -0.537548 0.528962 603.628126 -138.990938 27.803576
slice8/database/img_02791_c0_1303398715247322us.jpg 0.464671 0.463207 -0.537681 0.529547 604.145187 -139.653200 27.788103
slice8/database/img_02792_c0_1303398715380700us.jpg 0.465561 0.461624 -0.537914 0.529910 605.180187 -140.990872 27.757742
slice8/database/img_02793_c0_1303398715447324us.jpg 0.465781 0.461212 -0.538044 0.529943 605.697524 -141.661383 27.744246
slice8/database/img_02794_c0_1303398715513952us.jpg 0.466042 0.460472 -0.538440 0.529955 606.218872 -142.335497 27.730489
slice8/database/img_02795_c0_1303398715647324us.jpg 0.464990 0.459502 -0.538953 0.531199 607.266986 -143.684613 27.694163
slice8/database/img_02796_c0_1303398715713956us.jpg 0.463593 0.460097 -0.538969 0.531888 607.795781 -144.362791 27.672453
slice8/database/img_02797_c0_1303398715780699us.jpg 0.461409 0.461644 -0.538989 0.532426 608.322566 -145.034555 27.649686
slice8/database/img_02798_c0_1303398715913952us.jpg 0.457796 0.464001 -0.539408 0.533070 609.379632 -146.380579 27.612253
slice8/database/img_02799_c0_1303398716047323us.jpg 0.456401 0.463850 -0.540417 0.533377 610.429558 -147.742965 27.581976
slice8/database/img_02800_c0_1303398716113955us.jpg 0.456050 0.463631 -0.540951 0.533326 610.957505 -148.431346 27.568562
slice8/database/img_02801_c0_1303398716247354us.jpg 0.455181 0.463284 -0.541927 0.533379 612.015364 -149.816069 27.540570
slice8/database/img_02802_c0_1303398716313955us.jpg 0.454720 0.463055 -0.542492 0.533396 612.543023 -150.509323 27.525702
slice8/database/img_02803_c0_1303398716380703us.jpg 0.454254 0.462372 -0.543571 0.533288 613.065197 -151.201332 27.511896
slice8/database/img_02804_c0_1303398716514919us.jpg 0.454051 0.461465 -0.545446 0.532331 614.111577 -152.590399 27.484079
slice8/database/img_02805_c0_1303398716580705us.jpg 0.454201 0.460968 -0.546015 0.532051 614.630456 -153.286433 27.467932
slice8/database/img_02806_c0_1303398716647329us.jpg 0.454479 0.460447 -0.545982 0.532298 615.141973 -153.976692 27.448487
slice8/database/img_02807_c0_1303398716713956us.jpg 0.455105 0.459435 -0.545786 0.532839 615.650290 -154.668117 27.429519
slice8/database/img_02808_c0_1303398716847333us.jpg 0.455812 0.458503 -0.544869 0.533974 616.664983 -156.044151 27.389992
slice8/database/img_02809_c0_1303398716913956us.jpg 0.455776 0.458364 -0.544686 0.534310 617.170690 -156.727441 27.370638
slice8/database/img_02810_c0_1303398717047355us.jpg 0.455254 0.458882 -0.544625 0.534373 618.187522 -158.093784 27.336476
slice8/database/img_02811_c0_1303398717113958us.jpg 0.455043 0.459200 -0.544858 0.534042 618.692976 -158.777146 27.322710
slice8/database/img_02812_c0_1303398717180708us.jpg 0.454675 0.459669 -0.544901 0.533908 619.193821 -159.455345 27.307881
slice8/database/img_02813_c0_1303398717313995us.jpg 0.454540 0.459749 -0.544810 0.534046 620.202890 -160.813042 27.277756
slice8/database/img_02814_c0_1303398717380710us.jpg 0.454768 0.459767 -0.544628 0.534023 620.704887 -161.492519 27.264333
slice8/database/img_02815_c0_1303398717447335us.jpg 0.454998 0.459609 -0.544557 0.534036 621.199965 -162.166322 27.251746
slice8/database/img_02816_c0_1303398717580739us.jpg 0.455868 0.458731 -0.544860 0.533740 622.196449 -163.514188 27.229493
slice8/database/img_02817_c0_1303398717647336us.jpg 0.456460 0.458109 -0.544902 0.533725 622.690970 -164.188041 27.218551
slice8/database/img_02818_c0_1303398717713962us.jpg 0.456771 0.457926 -0.544853 0.533666 623.180340 -164.852179 27.206954
slice8/database/img_02819_c0_1303398717847366us.jpg 0.457240 0.457569 -0.544232 0.534203 624.156317 -166.168862 27.183244
slice8/database/img_02820_c0_1303398717913979us.jpg 0.457372 0.457377 -0.543839 0.534656 624.642851 -166.822591 27.171752
slice8/database/img_02821_c0_1303398717980712us.jpg 0.457387 0.457180 -0.543616 0.535037 625.122931 -167.470600 27.161528
slice8/database/img_02822_c0_1303398718114207us.jpg 0.457336 0.457418 -0.543350 0.535148 626.081606 -168.761839 27.144119
slice8/database/img_02823_c0_1303398718180738us.jpg 0.457576 0.457145 -0.543434 0.535090 626.555712 -169.405472 27.137657
slice8/database/img_02824_c0_1303398718247339us.jpg 0.458020 0.456640 -0.543652 0.534920 627.026110 -170.044451 27.131403
slice8/database/img_02825_c0_1303398718313966us.jpg 0.458521 0.455984 -0.543954 0.534744 627.493735 -170.677171 27.126332
slice8/database/img_02826_c0_1303398718447341us.jpg 0.458961 0.455627 -0.544152 0.534469 628.422908 -171.941247 27.115030
slice8/database/img_02827_c0_1303398718513966us.jpg 0.459262 0.455285 -0.544088 0.534567 628.879435 -172.567726 27.105567
slice8/database/img_02828_c0_1303398718647338us.jpg 0.459241 0.454381 -0.543506 0.535944 629.793354 -173.809942 27.090536
slice8/database/img_02829_c0_1303398718713964us.jpg 0.458906 0.454097 -0.543305 0.536676 630.248501 -174.421047 27.082222
slice8/database/img_02830_c0_1303398718847340us.jpg 0.457645 0.454457 -0.543477 0.537273 631.147854 -175.642114 27.071295
slice8/database/img_02831_c0_1303398718913965us.jpg 0.457287 0.453925 -0.543951 0.537548 631.592416 -176.250719 27.066540
slice8/database/img_02832_c0_1303398718980717us.jpg 0.456676 0.453418 -0.544486 0.537953 632.035904 -176.853092 27.062564
slice8/database/img_02833_c0_1303398719113966us.jpg 0.455423 0.453289 -0.545275 0.538325 632.908421 -178.058983 27.055501
slice8/database/img_02834_c0_1303398719180717us.jpg 0.454785 0.453039 -0.545384 0.538964 633.338725 -178.655136 27.050249
slice8/database/img_02835_c0_1303398719313979us.jpg 0.453537 0.452591 -0.545523 0.540250 634.190164 -179.841307 27.037735
slice8/database/img_02836_c0_1303398719380719us.jpg 0.452908 0.452192 -0.545764 0.540868 634.607719 -180.429390 27.033432
slice8/database/img_02837_c0_1303398719447346us.jpg 0.452620 0.451719 -0.546031 0.541235 635.022658 -181.011894 27.031634
slice8/database/img_02838_c0_1303398719580722us.jpg 0.452873 0.450201 -0.547274 0.541033 635.843162 -182.180274 27.030411
slice8/database/img_02839_c0_1303398719647369us.jpg 0.453049 0.449866 -0.547584 0.540851 636.246477 -182.755799 27.029013
slice8/database/img_02840_c0_1303398719713972us.jpg 0.453271 0.449559 -0.547748 0.540753 636.647453 -183.329742 27.026049
slice8/database/img_02841_c0_1303398719780723us.jpg 0.453431 0.449119 -0.547727 0.541006 637.042445 -183.898020 27.021530
slice8/database/img_02842_c0_1303398719913992us.jpg 0.452866 0.449095 -0.547376 0.541854 637.831228 -185.024407 27.015735
slice8/database/img_02843_c0_1303398719980724us.jpg 0.452307 0.449195 -0.547319 0.542296 638.226332 -185.580639 27.011427
slice8/database/img_02844_c0_1303398720047348us.jpg 0.451756 0.449734 -0.547137 0.542491 638.617856 -186.136877 27.007977
slice8/database/img_02845_c0_1303398720180725us.jpg 0.451496 0.450403 -0.547484 0.541801 639.388419 -187.240784 27.007055
slice8/database/img_02846_c0_1303398720247372us.jpg 0.451542 0.450447 -0.547599 0.541612 639.766958 -187.783429 27.009954
slice8/database/img_02847_c0_1303398720380725us.jpg 0.452660 0.449367 -0.547697 0.541475 640.520381 -188.868427 27.008765
slice8/database/img_02848_c0_1303398720580722us.jpg 0.453374 0.448640 -0.547820 0.541357 641.636507 -190.475410 27.007642
slice8/database/img_02849_c0_1303398720847352us.jpg 0.453288 0.448903 -0.547949 0.541081 643.108502 -192.580646 27.006637
slice8/database/img_02850_c0_1303398721047358us.jpg 0.452724 0.449665 -0.548033 0.540834 644.204371 -194.131644 26.999704
slice8/database/img_02851_c0_1303398721113978us.jpg 0.452795 0.449630 -0.547875 0.540965 644.570106 -194.644426 26.995254
slice8/database/img_02852_c0_1303398721247379us.jpg 0.453021 0.449851 -0.547427 0.541046 645.278463 -195.658713 26.984349
slice8/database/img_02853_c0_1303398721313979us.jpg 0.452914 0.449965 -0.547336 0.541132 645.631732 -196.154625 26.980653
slice8/database/img_02855_c0_1303398721513988us.jpg 0.452563 0.450457 -0.547263 0.541091 646.679548 -197.643282 26.967350
slice8/database/img_02856_c0_1303398721580731us.jpg 0.452660 0.450552 -0.547200 0.540994 647.025131 -198.136138 26.964882
slice8/database/img_02857_c0_1303398721647358us.jpg 0.452744 0.450615 -0.547085 0.540988 647.365514 -198.622309 26.960111
slice8/database/img_02858_c0_1303398721780733us.jpg 0.452745 0.451008 -0.546963 0.540782 648.043711 -199.583873 26.952986
slice8/database/img_02860_c0_1303398721913983us.jpg 0.452951 0.450911 -0.546730 0.540926 648.717341 -200.536031 26.944602
slice8/database/img_02861_c0_1303398722047362us.jpg 0.452791 0.451254 -0.546711 0.540793 649.388379 -201.478551 26.936713
slice8/database/img_02862_c0_1303398722113986us.jpg 0.452569 0.451376 -0.546627 0.540962 649.717441 -201.942594 26.932087
slice8/database/img_02864_c0_1303398722313988us.jpg 0.452332 0.452309 -0.546259 0.540752 650.689967 -203.331069 26.919454
slice8/database/img_02865_c0_1303398722513988us.jpg 0.452248 0.452917 -0.546168 0.540406 651.650281 -204.679941 26.910964
slice8/database/img_02866_c0_1303398722714013us.jpg 0.452391 0.453320 -0.546263 0.539853 652.584344 -206.007785 26.900599
slice8/database/img_02868_c0_1303398722913990us.jpg 0.452500 0.454102 -0.546150 0.539218 653.495143 -207.292695 26.893520
slice8/database/img_02869_c0_1303398722980739us.jpg 0.452661 0.454260 -0.545869 0.539233 653.789160 -207.712002 26.889950
slice8/database/img_02871_c0_1303398723180770us.jpg 0.453343 0.454501 -0.545711 0.538617 654.671863 -208.955530 26.879981
slice8/database/img_02872_c0_1303398723247387us.jpg 0.453363 0.454651 -0.545581 0.538606 654.959569 -209.361911 26.875795
slice8/database/img_02874_c0_1303398723447392us.jpg 0.453332 0.454913 -0.545577 0.538414 655.817221 -210.560867 26.870303
slice8/database/img_02876_c0_1303398723580742us.jpg 0.453056 0.454559 -0.545852 0.538667 656.378943 -211.342797 26.862385
slice8/database/img_02877_c0_1303398723714020us.jpg 0.452564 0.454923 -0.546352 0.538266 656.928437 -212.111781 26.855997
slice8/database/img_02878_c0_1303398723780744us.jpg 0.452522 0.454684 -0.546598 0.538254 657.198799 -212.487079 26.854528
slice8/database/img_02879_c0_1303398723914088us.jpg 0.452562 0.454150 -0.546806 0.538460 657.729257 -213.235762 26.849279
slice8/database/img_02880_c0_1303398724047369us.jpg 0.452500 0.454049 -0.547351 0.538042 658.243638 -213.967460 26.841855
slice8/database/img_02882_c0_1303398724180744us.jpg 0.452118 0.453922 -0.547796 0.538018 658.747712 -214.675087 26.834335
slice8/database/img_02884_c0_1303398724380770us.jpg 0.452007 0.453925 -0.548369 0.537525 659.477997 -215.703786 26.826915
slice8/database/img_02886_c0_1303398724513998us.jpg 0.452073 0.453459 -0.548606 0.537620 659.941437 -216.360324 26.822761
slice8/database/img_02887_c0_1303398724647374us.jpg 0.452056 0.453650 -0.548563 0.537519 660.386564 -216.995132 26.819708
slice8/database/img_02889_c0_1303398724780748us.jpg 0.452329 0.453288 -0.548787 0.537366 660.816675 -217.602033 26.816759
slice8/database/img_02890_c0_1303398724914001us.jpg 0.452372 0.453090 -0.548842 0.537439 661.228622 -218.183690 26.812336
slice8/database/img_02892_c0_1303398725047375us.jpg 0.452214 0.453648 -0.548469 0.537483 661.624736 -218.739999 26.807789
slice8/database/img_02893_c0_1303398725180752us.jpg 0.452645 0.453293 -0.548531 0.537356 662.007127 -219.277777 26.807852
slice8/database/img_02895_c0_1303398725314003us.jpg 0.452699 0.452949 -0.548313 0.537823 662.375600 -219.796517 26.803346
slice8/database/img_02897_c0_1303398725514012us.jpg 0.452895 0.453187 -0.547731 0.538050 662.899351 -220.542733 26.794353
slice8/database/img_02899_c0_1303398725647377us.jpg 0.453306 0.452703 -0.547849 0.537991 663.234728 -221.012976 26.794818
slice8/database/img_02900_c0_1303398725780779us.jpg 0.453413 0.452329 -0.548057 0.538005 663.558764 -221.467943 26.792740
slice8/database/img_02903_c0_1303398726047410us.jpg 0.453948 0.452557 -0.547651 0.537775 664.165279 -222.325165 26.787419
slice8/database/img_02905_c0_1303398726180755us.jpg 0.454373 0.452232 -0.547802 0.537535 664.448856 -222.724674 26.788916
slice8/database/img_02907_c0_1303398726380781us.jpg 0.454817 0.452070 -0.547464 0.537641 664.849601 -223.287134 26.784338
slice8/database/img_02910_c0_1303398726647392us.jpg 0.455650 0.451984 -0.547077 0.537401 665.340869 -223.978236 26.778992
slice8/database/img_02913_c0_1303398726847386us.jpg 0.456351 0.451883 -0.547069 0.536900 665.673301 -224.445812 26.775462
slice8/database/img_02916_c0_1303398727114011us.jpg 0.456760 0.451935 -0.547411 0.536159 666.070634 -224.994397 26.771946
slice8/database/img_02920_c0_1303398727447388us.jpg 0.458214 0.451395 -0.546497 0.536306 666.476539 -225.567521 26.769354
slice8/database/img_02924_c0_1303398727847389us.jpg 0.458594 0.452180 -0.546205 0.535616 666.866322 -226.106399 26.767211
slice8/database/img_02927_c0_1303398728514039us.jpg 0.459369 0.452542 -0.545170 0.535701 667.272800 -226.670406 26.760048
slice8/database/img_03044_c0_1303398738980824us.jpg 0.460387 0.452025 -0.538181 0.542290 667.676625 -227.237741 26.735801
slice8/database/img_03050_c0_1303398739514078us.jpg 0.460756 0.452111 -0.536639 0.543431 668.072922 -227.783797 26.727957
slice8/database/img_03054_c0_1303398739847456us.jpg 0.460905 0.451873 -0.536619 0.543523 668.462006 -228.316104 26.725290
slice8/database/img_03057_c0_1303398740114081us.jpg 0.460395 0.452428 -0.536329 0.543781 668.848277 -228.838647 26.717499
slice8/database/img_03060_c0_1303398740380857us.jpg 0.460331 0.452286 -0.536743 0.543543 669.290335 -229.444884 26.717027
slice8/database/img_03063_c0_1303398740647459us.jpg 0.459169 0.452565 -0.537423 0.543622 669.787641 -230.123059 26.712835
slice8/database/img_03065_c0_1303398740847483us.jpg 0.457749 0.452665 -0.537793 0.544370 670.193281 -230.675745 26.706533
slice8/database/img_03067_c0_1303398740980834us.jpg 0.457193 0.452325 -0.538129 0.544788 670.477625 -231.068660 26.705515
slice8/database/img_03069_c0_1303398741180872us.jpg 0.456653 0.450970 -0.539024 0.545479 670.926748 -231.692555 26.706478
slice8/database/img_03071_c0_1303398741380838us.jpg 0.454726 0.450770 -0.540030 0.546259 671.406986 -232.355171 26.701085
slice8/database/img_03073_c0_1303398741514088us.jpg 0.453199 0.451031 -0.540545 0.546803 671.739558 -232.815704 26.697657
slice8/database/img_03074_c0_1303398741647492us.jpg 0.453361 0.450129 -0.541124 0.546839 672.076547 -233.299087 26.697447
slice8/database/img_03076_c0_1303398741780840us.jpg 0.453717 0.448887 -0.541506 0.547185 672.423940 -233.793926 26.700457
slice8/database/img_03078_c0_1303398741980867us.jpg 0.453511 0.448892 -0.540420 0.548426 672.964656 -234.560825 26.691351
slice8/database/img_03080_c0_1303398742114093us.jpg 0.453275 0.450111 -0.539671 0.548358 673.334183 -235.088215 26.686639
slice8/database/img_03082_c0_1303398742314094us.jpg 0.454146 0.449660 -0.539744 0.547936 673.913453 -235.910458 26.687728
slice8/database/img_03083_c0_1303398742380844us.jpg 0.454117 0.450158 -0.539996 0.547301 674.108028 -236.190896 26.690275
slice8/database/img_03085_c0_1303398742514094us.jpg 0.454327 0.451028 -0.539953 0.546453 674.506848 -236.757155 26.690872
slice8/database/img_03086_c0_1303398742647471us.jpg 0.455582 0.450082 -0.539368 0.546767 674.911045 -237.334903 26.693197
slice8/database/img_03088_c0_1303398742780846us.jpg 0.455943 0.450517 -0.538208 0.547250 675.328703 -237.927763 26.691254
slice8/database/img_03089_c0_1303398742914271us.jpg 0.456100 0.451378 -0.536599 0.547989 675.758938 -238.538037 26.687734
slice8/database/img_03090_c0_1303398742980870us.jpg 0.456632 0.451558 -0.536020 0.547965 675.977524 -238.850939 26.690292
slice8/database/img_03092_c0_1303398743114097us.jpg 0.458110 0.450713 -0.535184 0.548243 676.425814 -239.489245 26.693254
slice8/database/img_03093_c0_1303398743247499us.jpg 0.458172 0.451229 -0.534127 0.548797 676.890364 -240.136292 26.692342
slice8/database/img_03094_c0_1303398743314098us.jpg 0.457999 0.452288 -0.533568 0.548614 677.124254 -240.464338 26.692209
slice8/database/img_03095_c0_1303398743447493us.jpg 0.458472 0.453199 -0.533378 0.547651 677.607853 -241.135156 26.700232
slice8/database/img_03096_c0_1303398743580847us.jpg 0.459026 0.453412 -0.533454 0.546936 678.102795 -241.821308 26.708412
slice8/database/img_03097_c0_1303398743647474us.jpg 0.458908 0.454061 -0.533250 0.546696 678.349636 -242.163789 26.710769
slice8/database/img_03099_c0_1303398743847501us.jpg 0.458740 0.455743 -0.532632 0.546039 679.128506 -243.223119 26.715738
slice8/database/img_03101_c0_1303398743980851us.jpg 0.457217 0.457640 -0.532304 0.546050 679.664735 -243.939693 26.718481
slice8/database/img_03102_c0_1303398744114125us.jpg 0.455989 0.458628 -0.532515 0.546042 680.212552 -244.676452 26.722674
slice8/database/img_03103_c0_1303398744180851us.jpg 0.455813 0.458118 -0.533064 0.546082 680.489957 -245.049461 26.726706
slice8/database/img_03104_c0_1303398744247477us.jpg 0.455834 0.457423 -0.533645 0.546078 680.765553 -245.426907 26.730761
slice8/database/img_03105_c0_1303398744380879us.jpg 0.455943 0.456425 -0.534589 0.545900 681.325227 -246.195633 26.740509
slice8/database/img_03106_c0_1303398744447478us.jpg 0.456377 0.455658 -0.534990 0.545785 681.608570 -246.585017 26.745288
slice8/database/img_03108_c0_1303398744580856us.jpg 0.457515 0.453389 -0.535961 0.545769 682.175839 -247.378816 26.753989
slice8/database/img_03109_c0_1303398744714107us.jpg 0.457930 0.452294 -0.536413 0.545886 682.752713 -248.182738 26.762027
slice8/database/img_03111_c0_1303398744847482us.jpg 0.458093 0.451220 -0.536220 0.546827 683.337572 -248.998976 26.765257
slice8/database/img_03112_c0_1303398744980878us.jpg 0.458257 0.450575 -0.534893 0.548518 683.929343 -249.827118 26.767372
slice8/database/img_03113_c0_1303398745047505us.jpg 0.458936 0.449265 -0.533935 0.549957 684.225703 -250.246283 26.768477
slice8/database/img_03114_c0_1303398745114108us.jpg 0.459743 0.447489 -0.533390 0.551258 684.523853 -250.668772 26.772039
slice8/database/img_03115_c0_1303398745180859us.jpg 0.460426 0.446756 -0.533216 0.551450 684.825339 -251.098001 26.777493
slice8/database/img_03116_c0_1303398745314110us.jpg 0.461613 0.446484 -0.533860 0.550053 685.433931 -251.965795 26.795274
slice8/database/img_03117_c0_1303398745380859us.jpg 0.462289 0.445933 -0.534555 0.549258 685.744555 -252.404829 26.808752
slice8/database/img_03118_c0_1303398745447484us.jpg 0.462666 0.445681 -0.535310 0.548407 686.059736 -252.846502 26.818454
slice8/database/img_03119_c0_1303398745580885us.jpg 0.462031 0.446306 -0.535759 0.547997 686.700757 -253.734305 26.826379
slice8/database/img_03120_c0_1303398745647486us.jpg 0.461208 0.446921 -0.535432 0.548508 687.027720 -254.181322 26.825524
slice8/database/img_03121_c0_1303398745714110us.jpg 0.460241 0.447655 -0.534890 0.549251 687.354778 -254.628402 26.824365
slice8/database/img_03122_c0_1303398745847497us.jpg 0.459295 0.448630 -0.533609 0.550491 688.009832 -255.538898 26.823836
slice8/database/img_03123_c0_1303398745914112us.jpg 0.459564 0.448640 -0.533140 0.550713 688.333960 -256.000135 26.828760
slice8/database/img_03125_c0_1303398746114113us.jpg 0.461606 0.446874 -0.532728 0.550840 689.325744 -257.405690 26.861081
slice8/database/img_03126_c0_1303398746180886us.jpg 0.462040 0.446320 -0.532698 0.550954 689.663787 -257.880551 26.870336
slice8/database/img_03127_c0_1303398746247488us.jpg 0.461834 0.446521 -0.532722 0.550940 689.999894 -258.352979 26.878797
slice8/database/img_03128_c0_1303398746314113us.jpg 0.461439 0.446961 -0.532687 0.550949 690.337397 -258.823331 26.886269
slice8/database/img_03129_c0_1303398746447491us.jpg 0.460680 0.447407 -0.532324 0.551572 691.021978 -259.774474 26.907264
slice8/database/img_03130_c0_1303398746514115us.jpg 0.460617 0.447415 -0.532014 0.551917 691.365985 -260.255072 26.915338
slice8/database/img_03131_c0_1303398746580864us.jpg 0.460468 0.447650 -0.531692 0.552161 691.702895 -260.730933 26.930212
slice8/database/img_03132_c0_1303398746714142us.jpg 0.461281 0.446854 -0.531489 0.552323 692.394661 -261.708712 26.959038
slice8/database/img_03133_c0_1303398746780866us.jpg 0.462009 0.446016 -0.531461 0.552419 692.744767 -262.200372 26.970122
slice8/database/img_03135_c0_1303398746980870us.jpg 0.462872 0.445194 -0.530585 0.553201 693.806565 -263.697801 27.003113
slice8/database/img_03136_c0_1303398747047493us.jpg 0.462784 0.445643 -0.529864 0.553603 694.164798 -264.202528 27.012595
slice8/database/img_03137_c0_1303398747114121us.jpg 0.462672 0.445985 -0.529471 0.553798 694.524413 -264.707098 27.020578
slice8/database/img_03138_c0_1303398747180871us.jpg 0.462499 0.446189 -0.529422 0.553825 694.887410 -265.210767 27.031107
slice8/database/img_03139_c0_1303398747314121us.jpg 0.461694 0.447347 -0.529493 0.553495 695.620879 -266.232869 27.056281
slice8/database/img_03140_c0_1303398747380871us.jpg 0.461291 0.447830 -0.529538 0.553397 695.989809 -266.746471 27.068357
slice8/database/img_03141_c0_1303398747447495us.jpg 0.460954 0.448412 -0.529636 0.553112 696.363096 -267.262449 27.081467
slice8/database/img_03142_c0_1303398747580872us.jpg 0.460573 0.449137 -0.529347 0.553118 697.108813 -268.304101 27.104910
slice8/database/img_03143_c0_1303398747647496us.jpg 0.460500 0.449085 -0.529301 0.553266 697.486565 -268.825479 27.117302
slice8/database/img_03144_c0_1303398747714123us.jpg 0.460249 0.449359 -0.529097 0.553447 697.865529 -269.349730 27.131290
slice8/database/img_03145_c0_1303398747780873us.jpg 0.459805 0.450029 -0.528819 0.553538 698.246780 -269.876026 27.145398
slice8/database/img_03146_c0_1303398747914150us.jpg 0.458982 0.451155 -0.528322 0.553779 699.020628 -270.939436 27.167861
slice8/database/img_03147_c0_1303398747980878us.jpg 0.458489 0.451678 -0.527921 0.554142 699.407709 -271.470249 27.182404
slice8/database/img_03148_c0_1303398748047501us.jpg 0.458158 0.451879 -0.527784 0.554384 699.798267 -272.009884 27.196585
slice8/database/img_03149_c0_1303398748114125us.jpg 0.457685 0.452294 -0.527721 0.554496 700.191572 -272.549121 27.211815
slice8/database/img_03150_c0_1303398748247502us.jpg 0.456521 0.453676 -0.527432 0.554601 700.980895 -273.634356 27.244107
slice8/database/img_03151_c0_1303398748314127us.jpg 0.456316 0.453720 -0.527467 0.554700 701.379072 -274.182162 27.261293
slice8/database/img_03152_c0_1303398748380876us.jpg 0.456122 0.453687 -0.527600 0.554760 701.777152 -274.731408 27.279424
slice8/database/img_03153_c0_1303398748447501us.jpg 0.455772 0.453734 -0.527822 0.554799 702.175320 -275.278691 27.301289
slice8/database/img_03154_c0_1303398748580874us.jpg 0.455021 0.453933 -0.528147 0.554942 702.978836 -276.387175 27.342354
slice8/database/img_03155_c0_1303398748781045us.jpg 0.455001 0.453373 -0.527854 0.555694 704.195498 -278.072575 27.401821
slice8/database/img_03156_c0_1303398748847501us.jpg 0.454998 0.453379 -0.527613 0.555922 704.602722 -278.639642 27.421460
slice8/database/img_03157_c0_1303398748914127us.jpg 0.455082 0.453264 -0.527493 0.556061 705.011060 -279.211712 27.441086
slice8/database/img_03158_c0_1303398749047514us.jpg 0.455117 0.452903 -0.527534 0.556287 705.827222 -280.359455 27.490182
slice8/database/img_03159_c0_1303398749114133us.jpg 0.455262 0.452597 -0.527536 0.556416 706.245921 -280.936797 27.506705
slice8/database/img_03160_c0_1303398749180879us.jpg 0.455313 0.452448 -0.527589 0.556445 706.661377 -281.515386 27.528170
slice8/database/img_03161_c0_1303398749247502us.jpg 0.455245 0.452576 -0.527543 0.556440 707.076936 -282.096026 27.548519
slice8/database/img_03162_c0_1303398749380883us.jpg 0.455544 0.452166 -0.527553 0.556520 707.908799 -283.266746 27.592607
slice8/database/img_03163_c0_1303398749447506us.jpg 0.455800 0.451716 -0.527411 0.556810 708.329327 -283.852777 27.615211
slice8/database/img_03164_c0_1303398749514133us.jpg 0.455980 0.451439 -0.527065 0.557214 708.749385 -284.439990 27.637585
slice8/database/img_03165_c0_1303398749580883us.jpg 0.456158 0.451234 -0.526650 0.557627 709.169817 -285.026659 27.662113
slice8/database/img_03166_c0_1303398749714158us.jpg 0.456376 0.451150 -0.525378 0.558716 710.016727 -286.207698 27.707109
slice8/database/img_03167_c0_1303398749780883us.jpg 0.456695 0.450756 -0.524982 0.559144 710.443408 -286.800267 27.730976
slice8/database/img_03168_c0_1303398749847509us.jpg 0.456749 0.450786 -0.524682 0.559357 710.871913 -287.398612 27.754598
slice8/database/img_03169_c0_1303398749914134us.jpg 0.456475 0.451407 -0.524364 0.559378 711.302436 -287.996854 27.781403
slice8/database/img_03170_c0_1303398750047535us.jpg 0.455834 0.452414 -0.523753 0.559660 712.169361 -289.193319 27.839469
