slice8/query/img_04775_c1_1283348173480889us.jpg 0.143443 0.129383 -0.713813 0.673168 571.028810 -112.596573 28.777496
slice8/query/img_04776_c1_1283348173614268us.jpg 0.139372 0.125123 -0.714305 0.674306 571.908539 -112.983420 28.752764
slice8/query/img_04777_c1_1283348173680854us.jpg 0.136880 0.124334 -0.713709 0.675592 572.378501 -113.194604 28.736130
slice8/query/img_04778_c1_1283348173747592us.jpg 0.135456 0.122217 -0.713134 0.676872 572.821694 -113.406344 28.704996
slice8/query/img_04780_c1_1283348173947579us.jpg 0.134796 0.106891 -0.716634 0.675900 574.153692 -114.019405 28.611804
slice8/query/img_04781_c1_1283348174014173us.jpg 0.133769 0.102797 -0.716517 0.676862 574.597007 -114.231102 28.590682
slice8/query/img_04783_c1_1283348174147521us.jpg 0.128808 0.099103 -0.714967 0.680007 575.500391 -114.668993 28.557313
slice8/query/img_04784_c1_1283348174280770us.jpg 0.120882 0.095347 -0.716739 0.680133 576.411614 -115.119349 28.540141
slice8/query/img_04786_c1_1283348174414100us.jpg 0.112821 0.090754 -0.717495 0.681349 577.320865 -115.584551 28.521379
slice8/query/img_04787_c1_1283348174480712us.jpg 0.109395 0.087578 -0.717395 0.682427 577.770792 -115.823813 28.508185
slice8/query/img_04788_c1_1283348174614067us.jpg 0.103955 0.078875 -0.717513 0.684212 578.663302 -116.321691 28.471331
slice8/query/img_04789_c1_1283348174680677us.jpg 0.101730 0.073851 -0.717821 0.684785 579.103836 -116.580224 28.451364
slice8/query/img_04790_c1_1283348174747417us.jpg 0.099550 0.069318 -0.717958 0.685435 579.543133 -116.846304 28.432222
slice8/query/img_04791_c1_1283348174814028us.jpg 0.096686 0.065471 -0.718433 0.685725 579.982130 -117.118441 28.417314
slice8/query/img_04793_c1_1283348175013994us.jpg 0.083416 0.058165 -0.720782 0.685662 581.323259 -117.961209 28.396991
slice8/query/img_04794_c1_1283348175080606us.jpg 0.078662 0.055498 -0.721041 0.686172 581.769143 -118.248657 28.391111
slice8/query/img_04796_c1_1283348175280572us.jpg 0.067134 0.042374 -0.716593 0.692959 583.093472 -119.118988 28.342980
slice8/query/img_04797_c1_1283348175413927us.jpg 0.060094 0.032942 -0.714363 0.696411 583.974956 -119.748030 28.307979
slice8/query/img_04799_c1_1283348175547275us.jpg 0.053614 0.024175 -0.714782 0.696870 584.851334 -120.426356 28.285215
slice8/query/img_04800_c1_1283348175680523us.jpg 0.046956 0.014721 -0.716178 0.696180 585.725535 -121.148943 28.270095
slice8/query/img_04801_c1_1283348175747243us.jpg 0.043143 0.010402 -0.716450 0.696225 586.158111 -121.516945 28.261846
slice8/query/img_04802_c1_1283348175813852us.jpg 0.038999 0.006775 -0.716468 0.696496 586.585241 -121.889520 28.254997
slice8/query/img_04804_c1_1283348176013856us.jpg 0.026330 -0.002811 -0.714999 0.698624 587.868153 -123.041186 28.246810
slice8/query/img_04805_c1_1283348176080437us.jpg 0.022560 -0.005727 -0.714843 0.698898 588.288220 -123.441925 28.241391
slice8/query/img_04806_c1_1283348176147169us.jpg 0.019180 -0.009151 -0.715415 0.698376 588.704398 -123.850688 28.234970
slice8/query/img_04807_c1_1283348176280418us.jpg 0.012796 -0.015764 -0.717215 0.696557 589.527127 -124.687254 28.223541
slice8/query/img_04808_c1_1283348176347134us.jpg 0.010107 -0.018658 -0.717549 0.696185 589.936270 -125.114256 28.216133
slice8/query/img_04809_c1_1283348176413747us.jpg 0.007660 -0.021436 -0.717678 0.696003 590.343891 -125.546379 28.207674
slice8/query/img_04810_c1_1283348176480361us.jpg 0.005447 -0.024179 -0.717681 0.695931 590.747180 -125.985041 28.197054
slice8/query/img_04811_c1_1283348176613713us.jpg 0.001027 -0.029983 -0.717889 0.695511 591.556127 -126.876731 28.174942
slice8/query/img_04812_c1_1283348176680326us.jpg 0.001256 0.032790 0.717908 -0.695364 591.954699 -127.327508 28.164686
slice8/query/img_04814_c1_1283348176880315us.jpg 0.008762 0.038838 0.717615 -0.695301 593.157816 -128.717191 28.139388
slice8/query/img_04815_c1_1283348176947038us.jpg 0.011071 0.040955 0.717859 -0.694894 593.553872 -129.191071 28.131665
slice8/query/img_04816_c1_1283348177013699us.jpg 0.013341 0.043051 0.717959 -0.694625 593.947076 -129.666390 28.122076
slice8/query/img_04817_c1_1283348177146995us.jpg 0.017911 0.047766 0.718143 -0.694023 594.729548 -130.635826 28.101032
slice8/query/img_04818_c1_1283348177213637us.jpg 0.020431 0.049823 0.718016 -0.693941 595.114240 -131.121576 28.090334
slice8/query/img_04819_c1_1283348177413578us.jpg 0.028375 0.055078 0.717219 -0.694088 596.280624 -132.605490 28.062554
slice8/query/img_04820_c1_1283348177746889us.jpg 0.037314 0.064832 0.716186 -0.693889 598.189167 -135.198440 27.988460
slice8/query/img_04821_c1_1283348177813501us.jpg 0.038531 0.066011 0.716181 -0.693716 598.565468 -135.727075 27.974841
slice8/query/img_04822_c1_1283348177880113us.jpg 0.039621 0.067345 0.716411 -0.693289 598.942007 -136.258243 27.964062
slice8/query/img_04823_c1_1283348178013488us.jpg 0.042098 0.069016 0.716148 -0.693251 599.690548 -137.324332 27.935961
slice8/query/img_04824_c1_1283348178080079us.jpg 0.043068 0.069885 0.715793 -0.693470 600.061591 -137.856035 27.923710
slice8/query/img_04825_c1_1283348178146817us.jpg 0.044037 0.070577 0.715272 -0.693877 600.431052 -138.386657 27.910501
slice8/query/img_04826_c1_1283348178213430us.jpg 0.045017 0.071255 0.715074 -0.693950 600.799239 -138.920652 27.897292
slice8/query/img_04827_c1_1283348178346785us.jpg 0.046295 0.073479 0.715236 -0.693466 601.528527 -139.996233 27.866647
slice8/query/img_04828_c1_1283348178413397us.jpg 0.046672 0.074605 0.715780 -0.692759 601.891176 -140.538055 27.853296
slice8/query/img_04829_c1_1283348178480008us.jpg 0.046873 0.075621 0.716319 -0.692078 602.252590 -141.083403 27.840154
slice8/query/img_04830_c1_1283348178546746us.jpg 0.047080 0.076825 0.716793 -0.691440 602.613276 -141.628884 27.825468
slice8/query/img_04831_c1_1283348178613360us.jpg 0.047306 0.077991 0.717028 -0.691051 602.974241 -142.174741 27.811161
slice8/query/img_04832_c1_1283348178746711us.jpg 0.048363 0.080118 0.716859 -0.690909 603.693191 -143.263173 27.783057
slice8/query/img_04833_c1_1283348178813324us.jpg 0.049122 0.080987 0.716658 -0.690963 604.051827 -143.804664 27.769979
slice8/query/img_04834_c1_1283348178879936us.jpg 0.049949 0.081537 0.716446 -0.691058 604.406763 -144.346909 27.757276
slice8/query/img_04835_c1_1283348178946678us.jpg 0.050729 0.082179 0.716308 -0.691069 604.761088 -144.887501 27.744573
slice8/query/img_04836_c1_1283348179079925us.jpg 0.051714 0.084152 0.716207 -0.690862 605.463782 -145.973740 27.717572
slice8/query/img_04837_c1_1283348179146640us.jpg 0.052212 0.085076 0.716122 -0.690801 605.814054 -146.513994 27.705635
slice8/query/img_04838_c1_1283348179213253us.jpg 0.052421 0.086108 0.715880 -0.690907 606.161597 -147.058716 27.693004
slice8/query/img_04839_c1_1283348179279866us.jpg 0.052824 0.086966 0.715632 -0.691027 606.509041 -147.603645 27.680613
slice8/query/img_04840_c1_1283348179413648us.jpg 0.053549 0.087779 0.715267 -0.691246 607.200027 -148.694448 27.658615
slice8/query/img_04841_c1_1283348179479855us.jpg 0.053637 0.088627 0.715342 -0.691053 607.543956 -149.238226 27.647406
slice8/query/img_04843_c1_1283348179613183us.jpg 0.053916 0.088911 0.715887 -0.690430 608.228350 -150.331954 27.631458
slice8/query/img_04844_c1_1283348179679796us.jpg 0.053674 0.088690 0.716074 -0.690283 608.569543 -150.877403 27.623322
slice8/query/img_04845_c1_1283348179813151us.jpg 0.052955 0.088433 0.716862 -0.689554 609.251912 -151.969344 27.602973
slice8/query/img_04846_c1_1283348179879761us.jpg 0.051694 0.088610 0.718114 -0.688323 609.590182 -152.517003 27.589980
slice8/query/img_04847_c1_1283348179946499us.jpg 0.050746 0.087991 0.719122 -0.687420 609.930622 -153.066145 27.578783
slice8/query/img_04848_c1_1283348180013113us.jpg 0.050150 0.086787 0.720150 -0.686540 610.274310 -153.611998 27.570166
slice8/query/img_04849_c1_1283348180146468us.jpg 0.046749 0.083505 0.721323 -0.685955 610.962316 -154.702106 27.544409
slice8/query/img_04850_c1_1283348180213077us.jpg 0.045170 0.082407 0.721608 -0.685894 611.311561 -155.241618 27.529025
slice8/query/img_04851_c1_1283348180279691us.jpg 0.043774 0.081046 0.721256 -0.686517 611.661974 -155.778321 27.514185
slice8/query/img_04852_c1_1283348180413048us.jpg 0.041261 0.078186 0.720016 -0.688304 612.369614 -156.842299 27.485917
slice8/query/img_04853_c1_1283348180479682us.jpg 0.040271 0.076943 0.719494 -0.689047 612.727686 -157.370446 27.473647
slice8/query/img_04854_c1_1283348180546393us.jpg 0.039452 0.075423 0.719177 -0.689594 613.085428 -157.896955 27.463470
slice8/query/img_04855_c1_1283348180613006us.jpg 0.038720 0.074210 0.718942 -0.690012 613.444726 -158.422122 27.453226
slice8/query/img_04856_c1_1283348180746382us.jpg 0.037845 0.072062 0.718857 -0.690377 614.166226 -159.471120 27.432084
slice8/query/img_04857_c1_1283348180812971us.jpg 0.037379 0.071243 0.718771 -0.690577 614.527115 -159.989966 27.422057
slice8/query/img_04858_c1_1283348180946324us.jpg 0.036620 0.070719 0.718653 -0.690794 615.249490 -161.028127 27.401129
slice8/query/img_04859_c1_1283348181146337us.jpg 0.036836 0.070297 0.717882 -0.691626 616.339683 -162.575748 27.372550
slice8/query/img_04860_c1_1283348181546222us.jpg 0.039622 0.073613 0.717581 -0.691439 618.498311 -165.678454 27.330376
slice8/query/img_04861_c1_1283348181746186us.jpg 0.039923 0.076058 0.717680 -0.691055 619.588867 -167.284099 27.299248
slice8/query/img_04862_c1_1283348181879455us.jpg 0.039901 0.077227 0.717429 -0.691187 620.313112 -168.350387 27.277057
slice8/query/img_04863_c1_1283348181946157us.jpg 0.039897 0.077562 0.717235 -0.691352 620.672769 -168.882294 27.267412
slice8/query/img_04864_c1_1283348182012763us.jpg 0.039735 0.077889 0.717170 -0.691391 621.030273 -169.413976 27.256758
slice8/query/img_04865_c1_1283348182146112us.jpg 0.039148 0.078588 0.717646 -0.690852 621.744546 -170.475052 27.237652
slice8/query/img_04866_c1_1283348182212724us.jpg 0.038750 0.078661 0.717879 -0.690624 622.099570 -171.002159 27.228371
slice8/query/img_04867_c1_1283348182279338us.jpg 0.037917 0.078906 0.718157 -0.690352 622.452830 -171.530258 27.219723
slice8/query/img_04868_c1_1283348182412692us.jpg 0.036503 0.078445 0.718767 -0.689847 623.164464 -172.584484 27.204186
slice8/query/img_04870_c1_1283348182546041us.jpg 0.034315 0.078083 0.719214 -0.689534 623.874905 -173.628226 27.187416
slice8/query/img_04871_c1_1283348182612654us.jpg 0.033495 0.077641 0.719179 -0.689661 624.232870 -174.149508 27.181003
slice8/query/img_04872_c1_1283348182746029us.jpg 0.031805 0.076459 0.718782 -0.690286 624.952003 -175.189302 27.167187
slice8/query/img_04873_c1_1283348182812619us.jpg 0.030964 0.075933 0.718899 -0.690260 625.311656 -175.709526 27.161013
slice8/query/img_04874_c1_1283348182879232us.jpg 0.030250 0.075200 0.719219 -0.690039 625.671525 -176.227555 27.155875
slice8/query/img_04875_c1_1283348183079224us.jpg 0.027341 0.074126 0.720216 -0.689236 626.753855 -177.775155 27.137818
slice8/query/img_04876_c1_1283348183279188us.jpg 0.023282 0.074335 0.720809 -0.688743 627.834923 -179.297477 27.119550
slice8/query/img_04877_c1_1283348183345921us.jpg 0.022275 0.074244 0.720541 -0.689066 628.197481 -179.807028 27.110627
slice8/query/img_04878_c1_1283348183479151us.jpg 0.021003 0.073968 0.720098 -0.689598 628.925208 -180.817537 27.100588
slice8/query/img_04879_c1_1283348183545865us.jpg 0.021107 0.073947 0.720297 -0.689390 629.291586 -181.320062 27.098647
slice8/query/img_04880_c1_1283348183612478us.jpg 0.021230 0.074020 0.720441 -0.689228 629.653572 -181.824263 27.096397
slice8/query/img_04881_c1_1283348183745855us.jpg 0.022557 0.074249 0.721290 -0.688273 630.382830 -182.831359 27.096063
slice8/query/img_04882_c1_1283348183812445us.jpg 0.023553 0.074169 0.722331 -0.687155 630.745738 -183.337336 27.094470
slice8/query/img_04883_c1_1283348183879056us.jpg 0.023794 0.074875 0.722931 -0.686438 631.105791 -183.838476 27.091960
slice8/query/img_04884_c1_1283348184012630us.jpg 0.023402 0.077877 0.723473 -0.685547 631.818332 -184.837503 27.076139
slice8/query/img_04885_c1_1283348184079042us.jpg 0.022945 0.079433 0.723593 -0.685257 632.169384 -185.339027 27.063552
slice8/query/img_04886_c1_1283348184145759us.jpg 0.022743 0.080828 0.724110 -0.684554 632.522114 -185.839788 27.055458
slice8/query/img_04887_c1_1283348184212373us.jpg 0.022571 0.082193 0.724729 -0.683742 632.872810 -186.339307 27.047164
slice8/query/img_04888_c1_1283348184345747us.jpg 0.022582 0.084601 0.725837 -0.682271 633.573510 -187.346912 27.033011
slice8/query/img_04889_c1_1283348184412340us.jpg 0.022399 0.086046 0.726117 -0.681798 633.923083 -187.849893 27.025541
slice8/query/img_04890_c1_1283348184478950us.jpg 0.021810 0.087461 0.726212 -0.681536 634.269056 -188.352724 27.016413
slice8/query/img_04891_c1_1283348184612303us.jpg 0.020451 0.089806 0.726643 -0.680813 634.958718 -189.364237 26.998158
slice8/query/img_04892_c1_1283348184678937us.jpg 0.019555 0.091331 0.727310 -0.679924 635.302424 -189.870006 26.988660
slice8/query/img_04893_c1_1283348184745653us.jpg 0.018438 0.092391 0.728249 -0.678806 635.642931 -190.376944 26.980667
slice8/query/img_04894_c1_1283348184878904us.jpg 0.016748 0.092961 0.729038 -0.677924 636.326735 -191.390183 26.970083
slice8/query/img_04896_c1_1283348185012232us.jpg 0.015417 0.093025 0.729416 -0.677540 637.015416 -192.396205 26.962357
slice8/query/img_04897_c1_1283348185078845us.jpg 0.014999 0.093148 0.729534 -0.677406 637.359999 -192.897625 26.957896
slice8/query/img_04898_c1_1283348185212219us.jpg 0.014379 0.092855 0.728943 -0.678096 638.053926 -193.894580 26.951187
slice8/query/img_04899_c1_1283348185278810us.jpg 0.014293 0.092288 0.728350 -0.678811 638.399747 -194.391526 26.949124
slice8/query/img_04900_c1_1283348185345547us.jpg 0.014085 0.091486 0.727858 -0.679452 638.745171 -194.884198 26.948786
slice8/query/img_04901_c1_1283348185478778us.jpg 0.014007 0.090351 0.727831 -0.679634 639.438887 -195.872737 26.949924
slice8/query/img_04902_c1_1283348185545534us.jpg 0.014086 0.089732 0.728040 -0.679490 639.786712 -196.367918 26.951176
slice8/query/img_04903_c1_1283348185612126us.jpg 0.014020 0.089181 0.728022 -0.679584 640.133935 -196.861143 26.951586
slice8/query/img_04904_c1_1283348185678739us.jpg 0.014058 0.088654 0.727837 -0.679850 640.483314 -197.352684 26.951243
slice8/query/img_04905_c1_1283348185812113us.jpg 0.013890 0.087560 0.727151 -0.680729 641.179359 -198.339219 26.949114
slice8/query/img_04906_c1_1283348185878704us.jpg 0.013475 0.087444 0.726738 -0.681193 641.526554 -198.828181 26.947307
slice8/query/img_04907_c1_1283348185945442us.jpg 0.013226 0.087201 0.726419 -0.681569 641.874704 -199.313180 26.947531
slice8/query/img_04908_c1_1283348186078693us.jpg 0.013146 0.085848 0.725815 -0.682385 642.573580 -200.290749 26.947301
slice8/query/img_04909_c1_1283348186145435us.jpg 0.013028 0.085435 0.725864 -0.682387 642.922723 -200.779508 26.948362
slice8/query/img_04910_c1_1283348186212021us.jpg 0.012964 0.084987 0.725989 -0.682312 643.269755 -201.264778 26.949975
slice8/query/img_04911_c1_1283348186278634us.jpg 0.012960 0.084367 0.725934 -0.682447 643.616321 -201.748177 26.950166
slice8/query/img_04912_c1_1283348186411988us.jpg 0.013119 0.083109 0.725377 -0.683190 644.315242 -202.711102 26.954904
slice8/query/img_04914_c1_1283348186611973us.jpg 0.012802 0.081456 0.723691 -0.685181 645.379052 -204.180004 26.957905
slice8/query/img_04915_c1_1283348186678585us.jpg 0.013026 0.080831 0.723169 -0.685801 645.734461 -204.667491 26.959280
slice8/query/img_04916_c1_1283348186745302us.jpg 0.013498 0.079951 0.722724 -0.686365 646.090049 -205.152303 26.961912
slice8/query/img_04917_c1_1283348186878531us.jpg 0.014480 0.078543 0.722335 -0.686916 646.797193 -206.118547 26.971321
slice8/query/img_04919_c1_1283348187011880us.jpg 0.015267 0.077079 0.721911 -0.687511 647.507496 -207.081380 26.980184
slice8/query/img_04920_c1_1283348187145256us.jpg 0.015589 0.075660 0.721541 -0.688049 648.214691 -208.044027 26.984765
slice8/query/img_04921_c1_1283348187211848us.jpg 0.015402 0.075524 0.721933 -0.687656 648.565369 -208.525954 26.985264
slice8/query/img_04922_c1_1283348187278457us.jpg 0.015328 0.075551 0.722577 -0.686978 648.914611 -209.008469 26.984593
slice8/query/img_04923_c1_1283348187345195us.jpg 0.015152 0.075689 0.723097 -0.686420 649.265010 -209.486507 26.987565
slice8/query/img_04924_c1_1283348187478451us.jpg 0.015003 0.074979 0.722815 -0.686798 649.968419 -210.441600 26.988952
slice8/query/img_04925_c1_1283348187545160us.jpg 0.014679 0.074304 0.722519 -0.687189 650.316600 -210.921105 26.986861
slice8/query/img_04926_c1_1283348187611774us.jpg 0.014223 0.074001 0.722443 -0.687312 650.664009 -211.400854 26.984307
slice8/query/img_04927_c1_1283348187745145us.jpg 0.013764 0.073492 0.722400 -0.687421 651.364645 -212.355331 26.983004
slice8/query/img_04929_c1_1283348187878353us.jpg 0.014087 0.072006 0.721968 -0.688025 652.067080 -213.306961 26.984716
slice8/query/img_04930_c1_1283348187945089us.jpg 0.014057 0.071495 0.721750 -0.688308 652.419381 -213.783154 26.985396
slice8/query/img_04931_c1_1283348188078339us.jpg 0.013917 0.070373 0.721671 -0.688510 653.121162 -214.730768 26.986492
slice8/query/img_04932_c1_1283348188145054us.jpg 0.013498 0.070049 0.721673 -0.688548 653.470458 -215.206069 26.986974
slice8/query/img_04934_c1_1283348188345042us.jpg 0.012534 0.068642 0.721724 -0.688655 654.529607 -216.631096 26.985694
slice8/query/img_04935_c1_1283348188411653us.jpg 0.012069 0.068302 0.721768 -0.688651 654.882302 -217.104128 26.983709
slice8/query/img_04936_c1_1283348188478249us.jpg 0.011603 0.067930 0.721764 -0.688700 655.234327 -217.571963 26.982630
slice8/query/img_04937_c1_1283348188611603us.jpg 0.011027 0.066621 0.721640 -0.688967 655.940484 -218.513765 26.981292
slice8/query/img_04939_c1_1283348188744949us.jpg 0.010537 0.065320 0.721745 -0.688989 656.646206 -219.444910 26.980851
slice8/query/img_04940_c1_1283348188811562us.jpg 0.010109 0.064830 0.721808 -0.688976 656.997711 -219.910346 26.979259
slice8/query/img_04941_c1_1283348188944918us.jpg 0.009269 0.064090 0.721864 -0.688999 657.704463 -220.837755 26.973719
slice8/query/img_04942_c1_1283348189011526us.jpg 0.008582 0.063818 0.722054 -0.688833 658.054377 -221.299755 26.970650
slice8/query/img_04944_c1_1283348189211514us.jpg 0.006717 0.062658 0.723194 -0.687764 659.109218 -222.673369 26.971181
slice8/query/img_04945_c1_1283348189278126us.jpg 0.006193 0.062102 0.723381 -0.687623 659.461522 -223.132226 26.968150
slice8/query/img_04946_c1_1283348189411459us.jpg 0.005032 0.061195 0.723532 -0.687555 660.168131 -224.049503 26.962320
slice8/query/img_04947_c1_1283348189478072us.jpg 0.004341 0.060876 0.723563 -0.687555 660.522305 -224.504102 26.959198
slice8/query/img_04948_c1_1283348189544807us.jpg 0.003846 0.060572 0.723697 -0.687444 660.876517 -224.956445 26.956926
slice8/query/img_04949_c1_1283348189611424us.jpg 0.003440 0.060198 0.723711 -0.687463 661.232385 -225.405568 26.954447
slice8/query/img_04950_c1_1283348189744777us.jpg 0.002580 0.058913 0.723693 -0.687598 661.941722 -226.306670 26.950760
slice8/query/img_04952_c1_1283348189877999us.jpg 0.001738 0.057693 0.723870 -0.687518 662.655404 -227.203788 26.947110
slice8/query/img_04953_c1_1283348189944738us.jpg 0.001078 0.057417 0.724034 -0.687370 663.011228 -227.648690 26.944998
slice8/query/img_04954_c1_1283348190077965us.jpg 0.000381 0.056368 0.724238 -0.687242 663.728217 -228.538927 26.941914
slice8/query/img_04955_c1_1283348190211319us.jpg 0.000418 -0.055565 -0.723930 0.687632 664.442462 -229.424403 26.937650
slice8/query/img_04956_c1_1283348190344674us.jpg 0.001344 -0.054696 -0.723165 0.688505 665.157886 -230.305418 26.932266
slice8/query/img_04957_c1_1283348190544653us.jpg 0.002099 -0.053557 -0.722277 0.689523 666.230885 -231.621908 26.929273
slice8/query/img_04958_c1_1283348190811210us.jpg 0.000201 0.052718 0.721062 -0.690862 667.656699 -233.361066 26.933293
slice8/query/img_04959_c1_1283348191011178us.jpg 0.001592 0.053397 0.720956 -0.690919 668.728545 -234.684694 26.930930
slice8/query/img_04960_c1_1283348191144527us.jpg 0.002744 0.054183 0.720604 -0.691221 669.441119 -235.558819 26.931621
slice8/query/img_04961_c1_1283348191277758us.jpg 0.003978 0.054582 0.719278 -0.692563 670.153653 -236.435167 26.931515
slice8/query/img_04962_c1_1283348191344491us.jpg 0.004593 0.054938 0.718719 -0.693112 670.509118 -236.871815 26.930242
slice8/query/img_04963_c1_1283348191411105us.jpg 0.005219 0.055573 0.718429 -0.693357 670.863601 -237.309072 26.930699
slice8/query/img_04964_c1_1283348191544457us.jpg 0.007101 0.056018 0.717901 -0.693851 671.575046 -238.188804 26.933926
slice8/query/img_04965_c1_1283348191611069us.jpg 0.008358 0.055340 0.717343 -0.694469 671.928392 -238.629803 26.938138
slice8/query/img_04967_c1_1283348191811055us.jpg 0.010694 0.055372 0.715612 -0.696218 672.985374 -239.955283 26.945254
slice8/query/img_04968_c1_1283348191877647us.jpg 0.011538 0.055948 0.714991 -0.696796 673.337825 -240.398034 26.945785
slice8/query/img_04969_c1_1283348191944386us.jpg 0.012178 0.056590 0.714412 -0.697327 673.687258 -240.841165 26.947824
slice8/query/img_04970_c1_1283348192077635us.jpg 0.013314 0.058158 0.712973 -0.698648 674.383066 -241.730969 26.946962
slice8/query/img_04971_c1_1283348192144356us.jpg 0.013970 0.058570 0.712483 -0.699101 674.729093 -242.175639 26.949608
slice8/query/img_04972_c1_1283348192277580us.jpg 0.015110 0.059001 0.711785 -0.699752 675.417709 -243.068726 26.958255
slice8/query/img_04973_c1_1283348192344319us.jpg 0.015901 0.059173 0.711598 -0.699910 675.763378 -243.515855 26.964059
slice8/query/img_04975_c1_1283348192544282us.jpg 0.019276 0.059303 0.710791 -0.700633 676.797882 -244.855912 26.987196
slice8/query/img_04976_c1_1283348192610911us.jpg 0.020738 0.059150 0.710279 -0.701124 677.144856 -245.303563 26.994650
slice8/query/img_04977_c1_1283348192677505us.jpg 0.022216 0.058843 0.709732 -0.701659 677.489489 -245.750125 27.002078
slice8/query/img_04979_c1_1283348192877472us.jpg 0.025464 0.059377 0.709425 -0.701813 678.520015 -247.105148 27.019387
slice8/query/img_04980_c1_1283348192944209us.jpg 0.026104 0.060151 0.709930 -0.701213 678.857682 -247.560610 27.021206
slice8/query/img_04981_c1_1283348193077459us.jpg 0.026417 0.061976 0.711296 -0.699656 679.527378 -248.472513 27.021554
slice8/query/img_04983_c1_1283348193210786us.jpg 0.026358 0.063520 0.713201 -0.697578 680.194828 -249.393647 27.020000
slice8/query/img_04984_c1_1283348193277400us.jpg 0.026232 0.064203 0.713879 -0.696826 680.527421 -249.853748 27.019154
slice8/query/img_04985_c1_1283348193410754us.jpg 0.025337 0.065368 0.714000 -0.696627 681.194909 -250.774963 27.013630
slice8/query/img_04986_c1_1283348193545208us.jpg 0.024009 0.067631 0.712691 -0.697797 681.863391 -251.691870 27.004771
slice8/query/img_04987_c1_1283348193610717us.jpg 0.022817 0.069620 0.712233 -0.698109 682.195453 -252.148566 26.998201
slice8/query/img_04988_c1_1283348193677337us.jpg 0.022165 0.070549 0.712017 -0.698257 682.529655 -252.607119 26.995011
slice8/query/img_04989_c1_1283348193810683us.jpg 0.022258 0.070052 0.712435 -0.697878 683.198996 -253.533805 27.003930
slice8/query/img_04991_c1_1283348193944033us.jpg 0.022780 0.068361 0.713987 -0.696442 683.873359 -254.466217 27.020821
slice8/query/img_04992_c1_1283348194010648us.jpg 0.023077 0.067910 0.714545 -0.695903 684.210128 -254.929876 27.027251
slice8/query/img_04993_c1_1283348194144021us.jpg 0.023117 0.068679 0.714502 -0.695870 684.883842 -255.852231 27.031866
slice8/query/img_04994_c1_1283348194210611us.jpg 0.023232 0.068986 0.713736 -0.696622 685.221877 -256.310381 27.032223
slice8/query/img_04996_c1_1283348194343962us.jpg 0.023455 0.068565 0.711329 -0.699114 685.901282 -257.231683 27.035054
slice8/query/img_04997_c1_1283348194477194us.jpg 0.022726 0.068552 0.710449 -0.700033 686.574976 -258.159934 27.042113
slice8/query/img_04998_c1_1283348194543947us.jpg 0.022410 0.069006 0.710765 -0.699678 686.912579 -258.625010 27.045973
slice8/query/img_04999_c1_1283348194610540us.jpg 0.022177 0.069380 0.710939 -0.699472 687.248607 -259.091576 27.049639
slice8/query/img_05001_c1_1283348194810510us.jpg 0.022609 0.068693 0.710287 -0.700188 688.257948 -260.498725 27.066009
slice8/query/img_05002_c1_1283348194877118us.jpg 0.022635 0.068704 0.709991 -0.700485 688.598696 -260.968387 27.069157
slice8/query/img_05003_c1_1283348194943856us.jpg 0.022490 0.068775 0.709910 -0.700566 688.937643 -261.436132 27.075793
slice8/query/img_05004_c1_1283348195077106us.jpg 0.022145 0.068709 0.710189 -0.700300 689.614368 -262.378217 27.089517
slice8/query/img_05005_c1_1283348195143824us.jpg 0.021926 0.069017 0.710301 -0.700163 689.956694 -262.852901 27.092490
slice8/query/img_05006_c1_1283348195210434us.jpg 0.021534 0.069207 0.710531 -0.699923 690.297192 -263.324212 27.098515
slice8/query/img_05007_c1_1283348195277047us.jpg 0.021270 0.069154 0.710498 -0.699970 690.636220 -263.794816 27.103711
slice8/query/img_05008_c1_1283348195410401us.jpg 0.021021 0.069276 0.709717 -0.700758 691.321217 -264.740460 27.112698
slice8/query/img_05009_c1_1283348195477015us.jpg 0.020845 0.069015 0.709317 -0.701193 691.661773 -265.212020 27.120523
slice8/query/img_05011_c1_1283348195610364us.jpg 0.021378 0.068910 0.708647 -0.701865 692.360046 -266.161058 27.133584
slice8/query/img_05012_c1_1283348195743717us.jpg 0.021705 0.068238 0.708177 -0.702395 693.054793 -267.122593 27.144429
slice8/query/img_05013_c1_1283348195810328us.jpg 0.021899 0.067898 0.708018 -0.702582 693.403635 -267.599951 27.153164
slice8/query/img_05014_c1_1283348195876942us.jpg 0.021888 0.067693 0.707708 -0.702914 693.751765 -268.077750 27.159363
slice8/query/img_05015_c1_1283348196010317us.jpg 0.022024 0.067326 0.707411 -0.703244 694.449090 -269.033992 27.175463
slice8/query/img_05016_c1_1283348196076907us.jpg 0.022240 0.067145 0.707136 -0.703531 694.800128 -269.509677 27.184272
slice8/query/img_05017_c1_1283348196143645us.jpg 0.022427 0.067020 0.706679 -0.703996 695.150557 -269.984905 27.194598
slice8/query/img_05018_c1_1283348196210258us.jpg 0.022626 0.066548 0.705998 -0.704717 695.502096 -270.461452 27.204980
slice8/query/img_05019_c1_1283348196343632us.jpg 0.023472 0.065727 0.704663 -0.706102 696.213705 -271.431067 27.222026
slice8/query/img_05020_c1_1283348196410226us.jpg 0.023721 0.065630 0.704257 -0.706507 696.569028 -271.912054 27.232116
slice8/query/img_05021_c1_1283348196543597us.jpg 0.024272 0.065026 0.703687 -0.707112 697.283079 -272.889307 27.252893
slice8/query/img_05022_c1_1283348196610209us.jpg 0.024396 0.064950 0.703387 -0.707413 697.637820 -273.372633 27.264703
slice8/query/img_05023_c1_1283348196676801us.jpg 0.024419 0.064811 0.703192 -0.707619 697.993734 -273.855669 27.277560
slice8/query/img_05024_c1_1283348196743540us.jpg 0.024387 0.064784 0.703038 -0.707775 698.346998 -274.336213 27.289331
slice8/query/img_05025_c1_1283348196876789us.jpg 0.024600 0.064737 0.702681 -0.708127 699.055382 -275.302447 27.312911
slice8/query/img_05026_c1_1283348196943504us.jpg 0.024708 0.064638 0.702444 -0.708367 699.410167 -275.786214 27.324897
slice8/query/img_05027_c1_1283348197010118us.jpg 0.024996 0.064493 0.702312 -0.708501 699.765391 -276.266988 27.338067
slice8/query/img_05028_c1_1283348197143474us.jpg 0.025459 0.064385 0.702173 -0.708632 700.474173 -277.235181 27.364367
slice8/query/img_05029_c1_1283348197210103us.jpg 0.025469 0.064352 0.702157 -0.708650 700.827633 -277.717391 27.377976
slice8/query/img_05030_c1_1283348197276696us.jpg 0.025435 0.064386 0.702087 -0.708718 701.180654 -278.198782 27.390373
slice8/query/img_05032_c1_1283348197476682us.jpg 0.024930 0.064549 0.701784 -0.709021 702.235608 -279.650971 27.428841
slice8/query/img_05033_c1_1283348197543398us.jpg 0.024934 0.064531 0.701802 -0.709005 702.588139 -280.132684 27.442604
slice8/query/img_05034_c1_1283348197610011us.jpg 0.024938 0.064647 0.701713 -0.709082 702.942082 -280.614621 27.455899
slice8/query/img_05035_c1_1283348197676624us.jpg 0.025054 0.064692 0.701643 -0.709143 703.295028 -281.096347 27.469240
slice8/query/img_05036_c1_1283348197810022us.jpg 0.025278 0.064380 0.701380 -0.709424 704.001041 -282.064254 27.498406
slice8/query/img_05038_c1_1283348197943327us.jpg 0.025326 0.064269 0.701007 -0.709801 704.706971 -283.030467 27.524762
slice8/query/img_05039_c1_1283348198076557us.jpg 0.025276 0.064021 0.700981 -0.709851 705.409644 -284.001139 27.553593
slice8/query/img_05040_c1_1283348198143292us.jpg 0.025172 0.064152 0.701003 -0.709821 705.762545 -284.483246 27.567936
slice8/query/img_05041_c1_1283348198209905us.jpg 0.025151 0.064067 0.700840 -0.709990 706.114972 -284.966106 27.580704
slice8/query/img_05042_c1_1283348198343757us.jpg 0.025098 0.064189 0.700378 -0.710437 706.822193 -285.929871 27.610954
slice8/query/img_05043_c1_1283348198409893us.jpg 0.024839 0.064378 0.700008 -0.710793 707.175767 -286.408592 27.624715
slice8/query/img_05044_c1_1283348198476484us.jpg 0.024653 0.064402 0.699578 -0.711221 707.528651 -286.886246 27.639251
slice8/query/img_05045_c1_1283348198543222us.jpg 0.024554 0.064491 0.699287 -0.711503 707.882312 -287.364815 27.655976
slice8/query/img_05046_c1_1283348198609835us.jpg 0.024154 0.064625 0.699011 -0.711775 708.230657 -287.845976 27.673850
slice8/query/img_05047_c1_1283348198743191us.jpg 0.024008 0.064030 0.698444 -0.712390 708.937832 -288.809069 27.709756
slice8/query/img_05049_c1_1283348198876416us.jpg 0.024182 0.063052 0.697774 -0.713128 709.645096 -289.769530 27.746701
slice8/query/img_05050_c1_1283348198943151us.jpg 0.024003 0.062893 0.697392 -0.713521 709.998195 -290.244939 27.766363
slice8/query/img_05051_c1_1283348199076383us.jpg 0.024063 0.062255 0.696781 -0.714172 710.698933 -291.197984 27.808288
