slice8/query/img_02765_c1_1284563490261802us.jpg 0.141518 0.136624 -0.707737 0.678539 572.662696 -112.002052 28.750186
slice8/query/img_02766_c1_1284563490328538us.jpg 0.138094 0.131690 -0.707910 0.680038 573.237779 -112.240165 28.723585
slice8/query/img_02767_c1_1284563490395151us.jpg 0.133778 0.127532 -0.707377 0.682244 573.810395 -112.484583 28.705745
slice8/query/img_02768_c1_1284563490461763us.jpg 0.129501 0.122356 -0.705810 0.685632 574.381351 -112.729789 28.690113
slice8/query/img_02769_c1_1284563490595117us.jpg 0.118582 0.111604 -0.703553 0.691734 575.522251 -113.247564 28.658153
slice8/query/img_02770_c1_1284563490661728us.jpg 0.111187 0.106832 -0.704071 0.693187 576.090090 -113.520041 28.653244
slice8/query/img_02771_c1_1284563490728466us.jpg 0.102846 0.102837 -0.705048 0.694085 576.657740 -113.800559 28.651942
slice8/query/img_02772_c1_1284563490795080us.jpg 0.094669 0.098534 -0.706041 0.694863 577.217091 -114.095175 28.651654
slice8/query/img_02773_c1_1284563490928455us.jpg 0.080037 0.088008 -0.707216 0.696918 578.311482 -114.708672 28.631544
slice8/query/img_02774_c1_1284563490995045us.jpg 0.074291 0.080751 -0.707709 0.697931 578.843286 -115.031625 28.609452
slice8/query/img_02775_c1_1284563491061658us.jpg 0.069334 0.072625 -0.707934 0.699105 579.362909 -115.361576 28.584178
slice8/query/img_02776_c1_1284563491195013us.jpg 0.059309 0.057091 -0.707737 0.701663 580.385067 -116.051588 28.537984
slice8/query/img_02778_c1_1284563491328366us.jpg 0.045608 0.045302 -0.710226 0.701033 581.398911 -116.784745 28.513966
slice8/query/img_02779_c1_1284563491394974us.jpg 0.037353 0.041589 -0.712279 0.699666 581.904288 -117.172619 28.511907
slice8/query/img_02780_c1_1284563491528348us.jpg 0.023287 0.031628 -0.713280 0.699778 582.890708 -117.965529 28.492047
slice8/query/img_02781_c1_1284563491594939us.jpg 0.018897 0.024394 -0.711929 0.701573 583.366839 -118.371027 28.468889
slice8/query/img_02782_c1_1284563491661553us.jpg 0.015864 0.016668 -0.710276 0.703547 583.832926 -118.786131 28.437978
slice8/query/img_02783_c1_1284563491794908us.jpg 0.011357 0.002666 -0.709183 0.704928 584.752757 -119.657822 28.385264
slice8/query/img_02784_c1_1284563491861541us.jpg 0.009700 -0.002184 -0.709674 0.704460 585.204109 -120.113600 28.368214
slice8/query/img_02785_c1_1284563491928257us.jpg 0.008032 -0.006197 -0.710563 0.703561 585.650632 -120.577927 28.356309
slice8/query/img_02786_c1_1284563491994870us.jpg 0.006366 -0.009759 -0.711689 0.702398 586.094337 -121.046947 28.347140
slice8/query/img_02787_c1_1284563492128222us.jpg 0.002206 -0.014975 -0.713776 0.700210 586.989208 -122.005400 28.333284
slice8/query/img_02788_c1_1284563492194834us.jpg 0.000233 0.016726 0.713906 -0.700041 587.436078 -122.487396 28.329989
slice8/query/img_02789_c1_1284563492261449us.jpg 0.002611 0.017453 0.713152 -0.700787 587.881338 -122.970808 28.327100
slice8/query/img_02790_c1_1284563492394810us.jpg 0.007257 0.018730 0.711896 -0.701998 588.780034 -123.943928 28.316814
slice8/query/img_02791_c1_1284563492461417us.jpg 0.009130 0.019997 0.712159 -0.701674 589.225279 -124.439931 28.306715
slice8/query/img_02792_c1_1284563492528151us.jpg 0.010440 0.021129 0.712589 -0.701186 589.667735 -124.940629 28.296515
slice8/query/img_02793_c1_1284563492594763us.jpg 0.011436 0.022275 0.712941 -0.700777 590.108498 -125.439257 28.286626
slice8/query/img_02794_c1_1284563492728156us.jpg 0.012178 0.024801 0.713554 -0.700055 590.987047 -126.466571 28.260081
slice8/query/img_02795_c1_1284563492794728us.jpg 0.012491 0.026338 0.714140 -0.699396 591.426591 -126.983594 28.245973
slice8/query/img_02796_c1_1284563492928079us.jpg 0.013331 0.028824 0.715011 -0.698392 592.307931 -128.023713 28.218952
slice8/query/img_02797_c1_1284563492994693us.jpg 0.014001 0.028957 0.715040 -0.698343 592.747429 -128.543503 28.206922
slice8/query/img_02798_c1_1284563493061307us.jpg 0.014836 0.029207 0.714970 -0.698387 593.188469 -129.065875 28.195514
slice8/query/img_02799_c1_1284563493194666us.jpg 0.016413 0.029424 0.714784 -0.698534 594.077365 -130.120343 28.173224
slice8/query/img_02800_c1_1284563493261272us.jpg 0.017152 0.029879 0.714906 -0.698371 594.518051 -130.647812 28.159937
slice8/query/img_02801_c1_1284563493328010us.jpg 0.017522 0.030309 0.714986 -0.698261 594.951845 -131.170462 28.145843
slice8/query/img_02802_c1_1284563493461261us.jpg 0.019283 0.030323 0.714773 -0.698433 595.845520 -132.233592 28.121032
slice8/query/img_02803_c1_1284563493527976us.jpg 0.020167 0.030538 0.714785 -0.698386 596.290194 -132.766661 28.108456
slice8/query/img_02804_c1_1284563493594588us.jpg 0.020882 0.030637 0.714737 -0.698410 596.733802 -133.301447 28.095070
slice8/query/img_02805_c1_1284563493661201us.jpg 0.021744 0.030953 0.714534 -0.698578 597.180433 -133.835314 28.081403
slice8/query/img_02806_c1_1284563493794554us.jpg 0.023450 0.031513 0.713299 -0.699759 598.073812 -134.908546 28.050734
slice8/query/img_02807_c1_1284563493861168us.jpg 0.024273 0.031394 0.712759 -0.700285 598.521666 -135.447615 28.037628
slice8/query/img_02808_c1_1284563493927904us.jpg 0.025138 0.031559 0.712429 -0.700584 598.968203 -135.991298 28.023165
slice8/query/img_02809_c1_1284563493994518us.jpg 0.026199 0.031679 0.712228 -0.700744 599.415549 -136.535816 28.010153
slice8/query/img_02810_c1_1284563494127872us.jpg 0.028357 0.031454 0.711600 -0.701307 600.312589 -137.629055 27.984441
slice8/query/img_02811_c1_1284563494194482us.jpg 0.029325 0.031735 0.711226 -0.701634 600.759176 -138.177949 27.970420
slice8/query/img_02812_c1_1284563494261095us.jpg 0.029928 0.032351 0.710891 -0.701920 601.201996 -138.727065 27.954448
slice8/query/img_02813_c1_1284563494394449us.jpg 0.031070 0.034866 0.710839 -0.701803 602.091935 -139.837583 27.920382
slice8/query/img_02814_c1_1284563494461082us.jpg 0.031339 0.035996 0.710911 -0.701660 602.533488 -140.397466 27.903466
slice8/query/img_02815_c1_1284563494527799us.jpg 0.031599 0.037071 0.711224 -0.701275 602.976742 -140.960180 27.887171
slice8/query/img_02816_c1_1284563494594411us.jpg 0.031665 0.038051 0.711639 -0.700799 603.418367 -141.524126 27.870923
slice8/query/img_02817_c1_1284563494727769us.jpg 0.032333 0.038842 0.712352 -0.700001 604.308368 -142.667650 27.839098
slice8/query/img_02818_c1_1284563494794377us.jpg 0.032990 0.039334 0.712491 -0.699801 604.754283 -143.237096 27.823741
slice8/query/img_02819_c1_1284563494860991us.jpg 0.033830 0.040074 0.712051 -0.700167 605.199877 -143.805344 27.807406
slice8/query/img_02820_c1_1284563494994347us.jpg 0.036081 0.041206 0.710201 -0.701865 606.099866 -144.947156 27.775118
slice8/query/img_02821_c1_1284563495060957us.jpg 0.037344 0.041102 0.708946 -0.703073 606.550919 -145.525152 27.760778
slice8/query/img_02822_c1_1284563495127693us.jpg 0.038364 0.040635 0.708085 -0.703913 607.001382 -146.107893 27.747865
slice8/query/img_02823_c1_1284563495194306us.jpg 0.039167 0.040942 0.707754 -0.704183 607.451496 -146.694793 27.732297
slice8/query/img_02824_c1_1284563495327658us.jpg 0.039937 0.042536 0.708201 -0.703596 608.349782 -147.877775 27.704653
slice8/query/img_02825_c1_1284563495394270us.jpg 0.040495 0.043077 0.708320 -0.703411 608.799899 -148.471917 27.691424
slice8/query/img_02826_c1_1284563495460884us.jpg 0.041118 0.043230 0.708204 -0.703482 609.249841 -149.065369 27.680574
slice8/query/img_02827_c1_1284563495594664us.jpg 0.042694 0.043190 0.707738 -0.703860 610.154502 -150.255149 27.655294
slice8/query/img_02828_c1_1284563495660851us.jpg 0.043455 0.043237 0.707504 -0.704046 610.606354 -150.854382 27.642308
slice8/query/img_02829_c1_1284563495727587us.jpg 0.043940 0.043031 0.707365 -0.704168 611.057701 -151.454509 27.629042
slice8/query/img_02830_c1_1284563495794200us.jpg 0.044398 0.043322 0.707766 -0.703718 611.507634 -152.054466 27.615653
slice8/query/img_02831_c1_1284563495927575us.jpg 0.044355 0.043499 0.709343 -0.702121 612.409992 -153.268490 27.586555
slice8/query/img_02832_c1_1284563495994165us.jpg 0.043937 0.043589 0.710153 -0.701322 612.857962 -153.878690 27.569670
slice8/query/img_02833_c1_1284563496127519us.jpg 0.042548 0.044795 0.710822 -0.700653 613.762834 -155.103074 27.527955
slice8/query/img_02834_c1_1284563496194151us.jpg 0.042170 0.045683 0.710723 -0.700720 614.214528 -155.713070 27.508620
slice8/query/img_02835_c1_1284563496260743us.jpg 0.042097 0.045888 0.710157 -0.701284 614.668794 -156.321905 27.489844
slice8/query/img_02836_c1_1284563496327482us.jpg 0.042345 0.045516 0.709419 -0.702039 615.126543 -156.931623 27.473953
slice8/query/img_02837_c1_1284563496460710us.jpg 0.043042 0.045213 0.708455 -0.702990 616.044635 -158.156288 27.445954
slice8/query/img_02838_c1_1284563496527446us.jpg 0.043068 0.044999 0.708384 -0.703074 616.503443 -158.771475 27.432448
slice8/query/img_02839_c1_1284563496594060us.jpg 0.043121 0.045045 0.708488 -0.702963 616.960625 -159.386886 27.418689
slice8/query/img_02840_c1_1284563496727435us.jpg 0.042626 0.045145 0.708472 -0.703002 617.878030 -160.622999 27.389483
slice8/query/img_02841_c1_1284563496794047us.jpg 0.042243 0.045626 0.708426 -0.703040 618.338081 -161.240704 27.374179
slice8/query/img_02842_c1_1284563496860639us.jpg 0.041827 0.046147 0.708213 -0.703246 618.797072 -161.860249 27.359160
slice8/query/img_02843_c1_1284563496995075us.jpg 0.041769 0.046095 0.707739 -0.703730 619.726032 -163.109525 27.332522
slice8/query/img_02844_c1_1284563497060610us.jpg 0.041927 0.046071 0.707662 -0.703799 620.191910 -163.735252 27.321712
slice8/query/img_02845_c1_1284563497127342us.jpg 0.042022 0.046127 0.707849 -0.703602 620.657244 -164.364652 27.309909
slice8/query/img_02846_c1_1284563497193955us.jpg 0.041943 0.046532 0.708114 -0.703313 621.122741 -164.991836 27.298236
slice8/query/img_02847_c1_1284563497327311us.jpg 0.041251 0.046851 0.708135 -0.703313 622.052572 -166.249921 27.273273
slice8/query/img_02848_c1_1284563497393994us.jpg 0.040823 0.047429 0.708129 -0.703305 622.519303 -166.879608 27.261479
slice8/query/img_02849_c1_1284563497460533us.jpg 0.040376 0.048140 0.707899 -0.703513 622.986774 -167.509849 27.247917
slice8/query/img_02850_c1_1284563497593907us.jpg 0.040069 0.049159 0.707517 -0.703845 623.922744 -168.768171 27.224449
slice8/query/img_02851_c1_1284563497660498us.jpg 0.040216 0.049053 0.707330 -0.704032 624.391860 -169.402512 27.216457
slice8/query/img_02852_c1_1284563497727237us.jpg 0.040590 0.049215 0.707250 -0.704080 624.861618 -170.035940 27.208786
slice8/query/img_02853_c1_1284563497860466us.jpg 0.041559 0.050106 0.707631 -0.703577 625.802453 -171.303683 27.194111
slice8/query/img_02854_c1_1284563497927221us.jpg 0.042304 0.050838 0.707861 -0.703249 626.273202 -171.941444 27.186354
slice8/query/img_02855_c1_1284563497993835us.jpg 0.042818 0.051479 0.707800 -0.703233 626.741202 -172.578035 27.178380
slice8/query/img_02856_c1_1284563498127166us.jpg 0.043505 0.053389 0.707787 -0.703060 627.675456 -173.855686 27.160967
slice8/query/img_02857_c1_1284563498193801us.jpg 0.043530 0.054963 0.707736 -0.702989 628.139308 -174.497902 27.148489
slice8/query/img_02858_c1_1284563498260397us.jpg 0.043374 0.056659 0.707636 -0.702965 628.600246 -175.137900 27.138515
slice8/query/img_02859_c1_1284563498393747us.jpg 0.044363 0.058244 0.707012 -0.703401 629.528134 -176.429208 27.123859
slice8/query/img_02860_c1_1284563498460359us.jpg 0.044859 0.058849 0.707122 -0.703209 629.988484 -177.077866 27.119165
slice8/query/img_02861_c1_1284563498527095us.jpg 0.045300 0.059552 0.707141 -0.703102 630.448884 -177.724358 27.113504
slice8/query/img_02862_c1_1284563498593708us.jpg 0.045880 0.059540 0.707061 -0.703146 630.908093 -178.375479 27.110409
slice8/query/img_02863_c1_1284563498727063us.jpg 0.046661 0.059967 0.706456 -0.703666 631.835306 -179.677975 27.100698
slice8/query/img_02864_c1_1284563498793672us.jpg 0.047097 0.059948 0.706000 -0.704097 632.297578 -180.330885 27.095447
slice8/query/img_02865_c1_1284563498860286us.jpg 0.047272 0.060314 0.705592 -0.704462 632.755802 -180.980023 27.090465
slice8/query/img_02866_c1_1284563498994019us.jpg 0.047803 0.061398 0.705608 -0.704317 633.675194 -182.284401 27.080948
slice8/query/img_02867_c1_1284563499060273us.jpg 0.048046 0.061691 0.706404 -0.703476 634.133118 -182.941575 27.078228
slice8/query/img_02868_c1_1284563499126989us.jpg 0.047915 0.061908 0.706986 -0.702882 634.587264 -183.597842 27.075195
slice8/query/img_02869_c1_1284563499193608us.jpg 0.047562 0.061809 0.707522 -0.702375 635.039827 -184.256045 27.071543
slice8/query/img_02870_c1_1284563499326978us.jpg 0.046714 0.062421 0.707744 -0.702154 635.948260 -185.565269 27.061462
slice8/query/img_02871_c1_1284563499393569us.jpg 0.046354 0.062774 0.707593 -0.702298 636.404653 -186.217045 27.057428
slice8/query/img_02872_c1_1284563499460180us.jpg 0.046165 0.062904 0.707306 -0.702588 636.861621 -186.872381 27.054177
slice8/query/img_02873_c1_1284563499526919us.jpg 0.046008 0.062559 0.707044 -0.702893 637.317641 -187.526297 27.052085
slice8/query/img_02874_c1_1284563499660170us.jpg 0.045822 0.061208 0.707225 -0.702842 638.234959 -188.842243 27.049612
slice8/query/img_02875_c1_1284563499726905us.jpg 0.045219 0.060814 0.707649 -0.702488 638.692514 -189.501587 27.049608
slice8/query/img_02876_c1_1284563499793497us.jpg 0.044733 0.061046 0.708144 -0.702001 639.150722 -190.159881 27.045153
slice8/query/img_02877_c1_1284563499860110us.jpg 0.043916 0.061195 0.708671 -0.701507 639.605451 -190.814506 27.039664
slice8/query/img_02878_c1_1284563499993465us.jpg 0.042668 0.060897 0.709432 -0.700841 640.523383 -192.125231 27.032937
slice8/query/img_02879_c1_1284563500060074us.jpg 0.042243 0.060700 0.709585 -0.700728 640.984167 -192.779016 27.028946
slice8/query/img_02880_c1_1284563500126813us.jpg 0.041752 0.060384 0.709780 -0.700587 641.443561 -193.431131 27.024903
slice8/query/img_02881_c1_1284563500193426us.jpg 0.041574 0.060012 0.709891 -0.700517 641.905579 -194.077837 27.022347
slice8/query/img_02882_c1_1284563500326783us.jpg 0.041521 0.058816 0.709599 -0.700918 642.836930 -195.375262 27.015238
slice8/query/img_02883_c1_1284563500393391us.jpg 0.041580 0.058325 0.709349 -0.701209 643.305687 -196.022970 27.012014
slice8/query/img_02884_c1_1284563500460004us.jpg 0.041599 0.057555 0.708960 -0.701664 643.772989 -196.672896 27.009136
slice8/query/img_02885_c1_1284563500526742us.jpg 0.041704 0.057118 0.708615 -0.702042 644.241807 -197.316932 27.005651
slice8/query/img_02886_c1_1284563500659993us.jpg 0.041637 0.056323 0.708174 -0.702555 645.172660 -198.611718 26.997591
slice8/query/img_02887_c1_1284563500793342us.jpg 0.042122 0.056068 0.708119 -0.702602 646.106141 -199.902081 26.994394
slice8/query/img_02888_c1_1284563500926694us.jpg 0.042648 0.055804 0.707839 -0.702874 647.036152 -201.190980 26.988801
slice8/query/img_02889_c1_1284563500993289us.jpg 0.042920 0.055923 0.707667 -0.703021 647.500705 -201.835685 26.985242
slice8/query/img_02890_c1_1284563501059899us.jpg 0.043216 0.056042 0.707584 -0.703076 647.964429 -202.476175 26.982264
slice8/query/img_02891_c1_1284563501193250us.jpg 0.044428 0.056106 0.706864 -0.703720 648.891596 -203.761046 26.977978
slice8/query/img_02892_c1_1284563501259864us.jpg 0.044979 0.056086 0.706445 -0.704107 649.352322 -204.402382 26.975336
slice8/query/img_02893_c1_1284563501326602us.jpg 0.045625 0.056128 0.706076 -0.704432 649.812790 -205.038852 26.972086
slice8/query/img_02894_c1_1284563501459832us.jpg 0.046572 0.056447 0.705797 -0.704624 650.727721 -206.323663 26.965278
slice8/query/img_02895_c1_1284563501526570us.jpg 0.047014 0.056585 0.705791 -0.704590 651.183114 -206.964212 26.961589
slice8/query/img_02896_c1_1284563501593180us.jpg 0.047477 0.056588 0.705750 -0.704600 651.635536 -207.601467 26.958826
slice8/query/img_02897_c1_1284563501659793us.jpg 0.047918 0.056843 0.705824 -0.704475 652.086289 -208.239638 26.956846
slice8/query/img_02898_c1_1284563501793166us.jpg 0.048325 0.057389 0.705802 -0.704425 652.984274 -209.520257 26.948732
slice8/query/img_02899_c1_1284563501859759us.jpg 0.048652 0.057808 0.705830 -0.704340 653.432322 -210.159326 26.944851
slice8/query/img_02900_c1_1284563501993117us.jpg 0.048779 0.058474 0.706137 -0.703969 654.328453 -211.442755 26.935476
slice8/query/img_02901_c1_1284563502059727us.jpg 0.048748 0.059001 0.706365 -0.703698 654.775732 -212.085104 26.929998
slice8/query/img_02902_c1_1284563502126463us.jpg 0.048385 0.059184 0.706401 -0.703672 655.220207 -212.728704 26.921697
slice8/query/img_02903_c1_1284563502193076us.jpg 0.048162 0.059081 0.706698 -0.703398 655.666345 -213.369547 26.917879
slice8/query/img_02904_c1_1284563502326432us.jpg 0.047575 0.059078 0.707027 -0.703107 656.556847 -214.657811 26.908473
slice8/query/img_02905_c1_1284563502393039us.jpg 0.047287 0.058993 0.707007 -0.703154 657.003015 -215.298249 26.902698
slice8/query/img_02906_c1_1284563502459653us.jpg 0.047257 0.058614 0.706788 -0.703408 657.450838 -215.937738 26.896836
slice8/query/img_02907_c1_1284563502593832us.jpg 0.047121 0.057857 0.706285 -0.703985 658.348947 -217.212897 26.891121
slice8/query/img_02908_c1_1284563502659619us.jpg 0.046969 0.057692 0.706108 -0.704185 658.798694 -217.852519 26.886017
slice8/query/img_02909_c1_1284563502726357us.jpg 0.046673 0.057485 0.706036 -0.704294 659.245628 -218.493155 26.880799
slice8/query/img_02910_c1_1284563502792969us.jpg 0.046307 0.057584 0.706231 -0.704115 659.692998 -219.130056 26.875877
slice8/query/img_02911_c1_1284563502926345us.jpg 0.045535 0.057367 0.706528 -0.703885 660.595726 -220.413465 26.868998
slice8/query/img_02912_c1_1284563502992955us.jpg 0.044779 0.057534 0.706730 -0.703717 661.045818 -221.058380 26.864322
slice8/query/img_02913_c1_1284563503059547us.jpg 0.044067 0.057741 0.706843 -0.703631 661.497669 -221.702317 26.859771
slice8/query/img_02914_c1_1284563503126286us.jpg 0.043543 0.057930 0.706989 -0.703502 661.952512 -222.348309 26.855302
slice8/query/img_02915_c1_1284563503259534us.jpg 0.042993 0.058029 0.707147 -0.703369 662.869838 -223.645426 26.845197
slice8/query/img_02916_c1_1284563503326257us.jpg 0.042604 0.057598 0.707258 -0.703317 663.328328 -224.296722 26.841474
slice8/query/img_02917_c1_1284563503392864us.jpg 0.042258 0.057804 0.707366 -0.703212 663.789085 -224.946665 26.838182
slice8/query/img_02918_c1_1284563503459477us.jpg 0.041782 0.058074 0.707622 -0.702960 664.250178 -225.597005 26.833628
slice8/query/img_02919_c1_1284563503592851us.jpg 0.040797 0.058549 0.708384 -0.702211 665.176539 -226.915269 26.820724
slice8/query/img_02920_c1_1284563503659442us.jpg 0.040490 0.058590 0.708592 -0.702015 665.644527 -227.573082 26.815344
slice8/query/img_02921_c1_1284563503726180us.jpg 0.040111 0.058473 0.708760 -0.701877 666.110033 -228.228687 26.810752
slice8/query/img_02922_c1_1284563503792793us.jpg 0.039906 0.058458 0.708801 -0.701849 666.577082 -228.885359 26.805585
slice8/query/img_02923_c1_1284563503926146us.jpg 0.039590 0.059145 0.708741 -0.701869 667.514990 -230.198596 26.794879
slice8/query/img_02924_c1_1284563503992758us.jpg 0.039439 0.059159 0.708536 -0.702083 667.983219 -230.853239 26.790453
slice8/query/img_02925_c1_1284563504059371us.jpg 0.039681 0.058481 0.708129 -0.702537 668.452088 -231.505961 26.788678
slice8/query/img_02926_c1_1284563504193568us.jpg 0.040662 0.057644 0.707231 -0.703454 669.398265 -232.818193 26.786414
slice8/query/img_02927_c1_1284563504259365us.jpg 0.041230 0.057460 0.707009 -0.703659 669.869439 -233.470303 26.786532
slice8/query/img_02928_c1_1284563504326075us.jpg 0.042037 0.057538 0.706835 -0.703780 670.341080 -234.120367 26.786244
slice8/query/img_02929_c1_1284563504392688us.jpg 0.042752 0.057070 0.706513 -0.704098 670.810638 -234.770312 26.786537
slice8/query/img_02930_c1_1284563504526072us.jpg 0.042944 0.056829 0.705532 -0.705089 671.745206 -236.076840 26.784461
slice8/query/img_02931_c1_1284563504592683us.jpg 0.042728 0.057045 0.705269 -0.705348 672.208495 -236.727210 26.782224
slice8/query/img_02932_c1_1284563504726007us.jpg 0.042629 0.058059 0.705642 -0.704898 673.140022 -238.037299 26.781689
slice8/query/img_02933_c1_1284563504792617us.jpg 0.042741 0.058332 0.705674 -0.704837 673.603208 -238.688107 26.782037
slice8/query/img_02934_c1_1284563504859230us.jpg 0.043122 0.058416 0.705649 -0.704832 674.066383 -239.340938 26.782897
slice8/query/img_02935_c1_1284563504992609us.jpg 0.042549 0.059395 0.704687 -0.705746 674.986805 -240.641224 26.783190
slice8/query/img_02936_c1_1284563505059195us.jpg 0.041875 0.060656 0.704056 -0.706309 675.442023 -241.286181 26.780042
slice8/query/img_02937_c1_1284563505125934us.jpg 0.041455 0.061400 0.703572 -0.706751 675.895306 -241.927196 26.781102
slice8/query/img_02938_c1_1284563505259182us.jpg 0.041822 0.061272 0.703327 -0.706985 676.807296 -243.215043 26.795437
slice8/query/img_02939_c1_1284563505325899us.jpg 0.042242 0.060864 0.703470 -0.706853 677.261290 -243.857228 26.803703
slice8/query/img_02940_c1_1284563505392512us.jpg 0.042526 0.060563 0.703642 -0.706691 677.715770 -244.497076 26.812208
slice8/query/img_02941_c1_1284563505459125us.jpg 0.042878 0.060077 0.703457 -0.706895 678.168949 -245.133401 26.821347
slice8/query/img_02942_c1_1284563505592479us.jpg 0.043740 0.059335 0.702866 -0.707493 679.076009 -246.404756 26.831891
slice8/query/img_02943_c1_1284563505659089us.jpg 0.043870 0.059304 0.703171 -0.707184 679.526113 -247.038960 26.837396
slice8/query/img_02944_c1_1284563505725828us.jpg 0.043743 0.059197 0.703763 -0.706612 679.973714 -247.672087 26.842677
slice8/query/img_02945_c1_1284563505859078us.jpg 0.042698 0.059631 0.705868 -0.704537 680.865652 -248.941524 26.848716
slice8/query/img_02946_c1_1284563505925813us.jpg 0.041517 0.059842 0.706944 -0.703510 681.309331 -249.577792 26.848459
slice8/query/img_02947_c1_1284563505992406us.jpg 0.040206 0.060576 0.707683 -0.702780 681.752048 -250.211012 26.845413
slice8/query/img_02948_c1_1284563506059019us.jpg 0.038500 0.061602 0.707760 -0.702708 682.190675 -250.838686 26.841885
slice8/query/img_02949_c1_1284563506192394us.jpg 0.035087 0.065592 0.706852 -0.703439 683.074099 -252.086097 26.832112
slice8/query/img_02950_c1_1284563506258984us.jpg 0.034310 0.066258 0.706466 -0.703803 683.516388 -252.708516 26.833460
slice8/query/img_02951_c1_1284563506325722us.jpg 0.033881 0.065281 0.706592 -0.703788 683.958303 -253.331795 26.843924
slice8/query/img_02952_c1_1284563506458955us.jpg 0.034434 0.062272 0.707655 -0.702966 684.845412 -254.578054 26.870608
slice8/query/img_02953_c1_1284563506525686us.jpg 0.034439 0.061724 0.708278 -0.702386 685.290696 -255.197800 26.879366
slice8/query/img_02954_c1_1284563506592300us.jpg 0.034555 0.062026 0.708392 -0.702239 685.736086 -255.812704 26.882329
slice8/query/img_02955_c1_1284563506658914us.jpg 0.034474 0.062315 0.707613 -0.703002 686.180115 -256.426267 26.884571
slice8/query/img_02956_c1_1284563506792288us.jpg 0.034208 0.061253 0.704882 -0.705847 687.064705 -257.650067 26.895284
slice8/query/img_02957_c1_1284563506858879us.jpg 0.033792 0.060857 0.703865 -0.706915 687.507366 -258.260694 26.902248
slice8/query/img_02958_c1_1284563506925617us.jpg 0.033034 0.061028 0.703739 -0.707062 687.949572 -258.869741 26.911039
slice8/query/img_02959_c1_1284563507058844us.jpg 0.031246 0.062078 0.704458 -0.706334 688.836111 -260.094817 26.935692
slice8/query/img_02960_c1_1284563507125582us.jpg 0.030506 0.062508 0.704850 -0.705938 689.281822 -260.708243 26.949549
slice8/query/img_02961_c1_1284563507192195us.jpg 0.029910 0.062610 0.705055 -0.705750 689.725450 -261.319918 26.962914
slice8/query/img_02962_c1_1284563507325551us.jpg 0.028871 0.062589 0.705150 -0.705700 690.620664 -262.547970 26.992080
slice8/query/img_02963_c1_1284563507392160us.jpg 0.028199 0.062725 0.705183 -0.705682 691.066777 -263.162590 27.005595
slice8/query/img_02964_c1_1284563507458774us.jpg 0.027608 0.062662 0.705052 -0.705842 691.514243 -263.775258 27.019345
slice8/query/img_02965_c1_1284563507592131us.jpg 0.026816 0.062298 0.704342 -0.706613 692.419380 -265.000135 27.045506
slice8/query/img_02966_c1_1284563507658739us.jpg 0.026587 0.061928 0.703799 -0.707195 692.873001 -265.612641 27.060764
slice8/query/img_02967_c1_1284563507725476us.jpg 0.026574 0.061679 0.703468 -0.707546 693.328297 -266.222488 27.076573
slice8/query/img_02968_c1_1284563507858703us.jpg 0.026997 0.060186 0.702954 -0.708170 694.243435 -267.449151 27.113779
slice8/query/img_02969_c1_1284563507925441us.jpg 0.027527 0.059344 0.702576 -0.708595 694.702840 -268.060635 27.132821
slice8/query/img_02970_c1_1284563507992054us.jpg 0.027835 0.058550 0.702030 -0.709190 695.161715 -268.673422 27.151443
slice8/query/img_02971_c1_1284563508125429us.jpg 0.028465 0.057762 0.701100 -0.710149 696.082620 -269.899840 27.187778
slice8/query/img_02972_c1_1284563508192039us.jpg 0.028686 0.057569 0.700580 -0.710669 696.542063 -270.513626 27.206742
slice8/query/img_02973_c1_1284563508258632us.jpg 0.029055 0.057078 0.699872 -0.711391 697.002639 -271.124497 27.225584
slice8/query/img_02974_c1_1284563508325370us.jpg 0.029586 0.056956 0.699153 -0.712086 697.461588 -271.735657 27.244088
slice8/query/img_02975_c1_1284563508458628us.jpg 0.030528 0.056994 0.697561 -0.713603 698.383746 -272.962590 27.281762
slice8/query/img_02976_c1_1284563508525335us.jpg 0.031181 0.057099 0.696926 -0.714186 698.843979 -273.577885 27.301704
slice8/query/img_02977_c1_1284563508591949us.jpg 0.031889 0.056888 0.696182 -0.714896 699.304592 -274.193001 27.323414
slice8/query/img_02978_c1_1284563508725304us.jpg 0.033727 0.056985 0.695267 -0.715695 700.225661 -275.428628 27.367737
slice8/query/img_02979_c1_1284563508791934us.jpg 0.034686 0.057168 0.694953 -0.715940 700.684014 -276.047833 27.390105
slice8/query/img_02980_c1_1284563508858527us.jpg 0.035757 0.057352 0.694766 -0.716053 701.143613 -276.669286 27.412975
slice8/query/img_02981_c1_1284563508925265us.jpg 0.036636 0.057950 0.694563 -0.716157 701.598438 -277.289042 27.434363
slice8/query/img_02982_c1_1284563509058493us.jpg 0.037492 0.059390 0.694285 -0.716265 702.506252 -278.543589 27.476160
slice8/query/img_02983_c1_1284563509125230us.jpg 0.037931 0.060315 0.694251 -0.716197 702.960898 -279.171436 27.496635
slice8/query/img_02984_c1_1284563509191844us.jpg 0.038195 0.060954 0.694124 -0.716253 703.413532 -279.799228 27.517341
slice8/query/img_02985_c1_1284563509325219us.jpg 0.038933 0.062473 0.694139 -0.716067 704.322543 -281.071073 27.561241
slice8/query/img_02986_c1_1284563509391830us.jpg 0.039267 0.063150 0.694036 -0.716090 704.774269 -281.707953 27.583570
slice8/query/img_02987_c1_1284563509458422us.jpg 0.039593 0.063707 0.694092 -0.715968 705.226605 -282.342806 27.606134
slice8/query/img_02988_c1_1284563509525160us.jpg 0.039844 0.063933 0.694110 -0.715916 705.679065 -282.978467 27.628831
slice8/query/img_02989_c1_1284563509658395us.jpg 0.039757 0.064381 0.694551 -0.715453 706.581146 -284.259956 27.675906
slice8/query/img_02990_c1_1284563509791759us.jpg 0.038537 0.065689 0.694934 -0.715029 707.477828 -285.539992 27.720624
slice8/query/img_02991_c1_1284563509858357us.jpg 0.037950 0.066359 0.694897 -0.715034 707.926578 -286.177516 27.742301
slice8/query/img_02992_c1_1284563509991705us.jpg 0.036600 0.067311 0.694247 -0.715647 708.822239 -287.455779 27.788966
slice8/query/img_02993_c1_1284563510058337us.jpg 0.036272 0.067839 0.694039 -0.715816 709.275240 -288.091382 27.814454
slice8/query/img_02994_c1_1284563510125053us.jpg 0.036170 0.067735 0.693765 -0.716096 709.726348 -288.728330 27.842629
slice8/query/img_02995_c1_1284563510258559us.jpg 0.036447 0.067340 0.693089 -0.716773 710.630473 -290.004135 27.902398
slice8/query/img_02996_c1_1284563510325040us.jpg 0.036338 0.067414 0.692583 -0.717261 711.079078 -290.636913 27.931925
