slice8/query/img_03003_c1_1285949932691634us.jpg 0.134325 0.148941 -0.699275 0.686140 571.117065 -111.867113 28.859119
slice8/query/img_03004_c1_1285949932758373us.jpg 0.130172 0.141897 -0.700597 0.687084 571.864872 -112.168991 28.819528
slice8/query/img_03005_c1_1285949932891603us.jpg 0.120585 0.128692 -0.704290 0.687658 573.335732 -112.817475 28.751189
slice8/query/img_03006_c1_1285949932958338us.jpg 0.116573 0.122068 -0.704904 0.688927 574.055129 -113.155769 28.722027
slice8/query/img_03007_c1_1285949933024951us.jpg 0.114363 0.113788 -0.704428 0.691198 574.757108 -113.500586 28.685286
slice8/query/img_03008_c1_1285949933091565us.jpg 0.110505 0.106449 -0.704205 0.693219 575.454874 -113.852053 28.657619
slice8/query/img_03009_c1_1285949933224940us.jpg 0.096740 0.096878 -0.704919 0.695949 576.847835 -114.624848 28.611100
slice8/query/img_03010_c1_1285949933291529us.jpg 0.087850 0.092807 -0.705889 0.696699 577.538034 -115.008045 28.592894
slice8/query/img_03011_c1_1285949933358268us.jpg 0.079302 0.088243 -0.706318 0.697882 578.213255 -115.388138 28.579763
slice8/query/img_03012_c1_1285949933491517us.jpg 0.066182 0.074736 -0.706348 0.700790 579.540979 -116.183927 28.551946
slice8/query/img_03013_c1_1285949933558234us.jpg 0.060889 0.067634 -0.705781 0.702560 580.192137 -116.624096 28.524476
slice8/query/img_03014_c1_1285949933624845us.jpg 0.055059 0.061295 -0.706278 0.703124 580.833743 -117.069766 28.499964
slice8/query/img_03015_c1_1285949933691459us.jpg 0.049134 0.056071 -0.708054 0.702212 581.464856 -117.521241 28.482094
slice8/query/img_03016_c1_1285949933824836us.jpg 0.037012 0.044928 -0.710821 0.700960 582.723390 -118.460728 28.447027
slice8/query/img_03017_c1_1285949933891444us.jpg 0.032467 0.037884 -0.710768 0.701654 583.332335 -118.945836 28.421038
slice8/query/img_03018_c1_1285949933958161us.jpg 0.028502 0.030704 -0.710051 0.702903 583.934939 -119.440035 28.393343
slice8/query/img_03019_c1_1285949934024775us.jpg 0.024730 0.024228 -0.709020 0.704338 584.525597 -119.940668 28.371512
slice8/query/img_03020_c1_1285949934158149us.jpg 0.017784 0.014143 -0.706681 0.707168 585.694365 -120.982149 28.338757
slice8/query/img_03021_c1_1285949934224740us.jpg 0.014794 0.009464 -0.706572 0.707423 586.265774 -121.520751 28.325812
slice8/query/img_03022_c1_1285949934291352us.jpg 0.011750 0.004841 -0.707650 0.706449 586.828869 -122.067754 28.317224
slice8/query/img_03023_c1_1285949934424706us.jpg 0.005594 -0.002511 -0.709719 0.704458 587.941792 -123.202305 28.301102
slice8/query/img_03024_c1_1285949934491318us.jpg 0.001937 -0.005332 -0.710239 0.703937 588.493876 -123.772687 28.291948
slice8/query/img_03025_c1_1285949934558056us.jpg 0.001643 0.008101 0.710683 -0.703464 589.043347 -124.349568 28.282382
slice8/query/img_03026_c1_1285949934624670us.jpg 0.004840 0.010556 0.711001 -0.703095 589.588095 -124.928117 28.271345
slice8/query/img_03027_c1_1285949934758022us.jpg 0.009300 0.014754 0.710292 -0.703691 590.669642 -126.120434 28.239836
slice8/query/img_03028_c1_1285949934824634us.jpg 0.010679 0.017093 0.710099 -0.703814 591.205793 -126.726375 28.220801
slice8/query/img_03029_c1_1285949934891246us.jpg 0.011868 0.019563 0.710444 -0.703382 591.740432 -127.337655 28.200811
slice8/query/img_03030_c1_1285949934957985us.jpg 0.012427 0.022440 0.711086 -0.702637 592.269596 -127.949950 28.182707
slice8/query/img_03031_c1_1285949935091213us.jpg 0.014210 0.026758 0.712226 -0.701296 593.330539 -129.200494 28.144800
slice8/query/img_03032_c1_1285949935157949us.jpg 0.015431 0.028101 0.712644 -0.700793 593.867331 -129.827452 28.135448
slice8/query/img_03033_c1_1285949935291199us.jpg 0.018179 0.029897 0.712794 -0.700501 594.946798 -131.111243 28.106146
slice8/query/img_03034_c1_1285949935357916us.jpg 0.019503 0.030406 0.712717 -0.700520 595.489563 -131.762809 28.091766
slice8/query/img_03035_c1_1285949935424528us.jpg 0.021158 0.030724 0.712422 -0.700759 596.034207 -132.413041 28.078414
slice8/query/img_03036_c1_1285949935491140us.jpg 0.022523 0.030875 0.712069 -0.701069 596.578293 -133.070327 28.063488
slice8/query/img_03037_c1_1285949935624493us.jpg 0.024757 0.031302 0.711425 -0.701628 597.667090 -134.392322 28.029693
slice8/query/img_03038_c1_1285949935691106us.jpg 0.025682 0.031438 0.711076 -0.701942 598.210108 -135.056414 28.012299
slice8/query/img_03039_c1_1285949935757844us.jpg 0.026611 0.031675 0.711054 -0.701919 598.751704 -135.721433 27.995376
slice8/query/img_03040_c1_1285949935824457us.jpg 0.027617 0.031676 0.711093 -0.701841 599.292334 -136.386894 27.976814
slice8/query/img_03041_c1_1285949935957831us.jpg 0.029615 0.031018 0.711066 -0.701816 600.374521 -137.726213 27.946728
slice8/query/img_03042_c1_1285949936024422us.jpg 0.030609 0.030778 0.710754 -0.702100 600.913814 -138.392662 27.931401
slice8/query/img_03043_c1_1285949936091034us.jpg 0.031188 0.031258 0.710469 -0.702341 601.449303 -139.057266 27.913972
slice8/query/img_03044_c1_1285949936224409us.jpg 0.031484 0.033621 0.710451 -0.702238 602.512705 -140.387288 27.876078
slice8/query/img_03045_c1_1285949936291000us.jpg 0.031654 0.034597 0.710636 -0.701996 603.042159 -141.053751 27.858109
slice8/query/img_03046_c1_1285949936357738us.jpg 0.031599 0.035226 0.710918 -0.701681 603.567163 -141.722421 27.840114
slice8/query/img_03047_c1_1285949936490965us.jpg 0.031737 0.035651 0.711719 -0.700840 604.618638 -143.061367 27.806467
slice8/query/img_03048_c1_1285949936557706us.jpg 0.032143 0.036287 0.711847 -0.700659 605.143753 -143.725478 27.790569
slice8/query/img_03049_c1_1285949936624317us.jpg 0.032682 0.037170 0.711645 -0.700794 605.665570 -144.384434 27.772342
slice8/query/img_03050_c1_1285949936757673us.jpg 0.034930 0.037629 0.709503 -0.702829 606.714389 -145.696417 27.740632
slice8/query/img_03051_c1_1285949936824282us.jpg 0.036478 0.036788 0.708204 -0.704105 607.240868 -146.360279 27.728211
slice8/query/img_03052_c1_1285949936890895us.jpg 0.037679 0.036490 0.707350 -0.704915 607.763503 -147.021641 27.714681
slice8/query/img_03053_c1_1285949936957633us.jpg 0.038450 0.036723 0.707112 -0.705100 608.281195 -147.686083 27.702655
slice8/query/img_03054_c1_1285949937090863us.jpg 0.039620 0.037643 0.707072 -0.705027 609.312508 -149.017334 27.672424
slice8/query/img_03055_c1_1285949937157598us.jpg 0.040309 0.037828 0.707043 -0.705007 609.825347 -149.681174 27.659064
slice8/query/img_03056_c1_1285949937290825us.jpg 0.042162 0.038355 0.706651 -0.705263 610.858204 -151.013831 27.631395
slice8/query/img_03057_c1_1285949937357562us.jpg 0.043207 0.038652 0.706512 -0.705322 611.370246 -151.680046 27.617809
slice8/query/img_03058_c1_1285949937490839us.jpg 0.045281 0.039259 0.707542 -0.704126 612.389845 -153.030680 27.592260
slice8/query/img_03059_c1_1285949937557530us.jpg 0.046083 0.039395 0.707995 -0.703611 612.897390 -153.707567 27.576546
slice8/query/img_03060_c1_1285949937624140us.jpg 0.046492 0.039902 0.708402 -0.703145 613.400038 -154.383045 27.560138
slice8/query/img_03061_c1_1285949937690754us.jpg 0.046403 0.041282 0.708617 -0.702855 613.901516 -155.058126 27.537415
slice8/query/img_03062_c1_1285949937824130us.jpg 0.046381 0.043914 0.708667 -0.702646 614.897358 -156.398663 27.493469
slice8/query/img_03063_c1_1285949937890718us.jpg 0.046838 0.044575 0.708391 -0.702852 615.393864 -157.070015 27.474907
slice8/query/img_03064_c1_1285949937957456us.jpg 0.047551 0.044965 0.707982 -0.703192 615.889231 -157.741482 27.457102
slice8/query/img_03065_c1_1285949938091229us.jpg 0.048877 0.045641 0.707360 -0.703683 616.877948 -159.080658 27.424070
slice8/query/img_03066_c1_1285949938157442us.jpg 0.049393 0.045847 0.707286 -0.703708 617.368627 -159.750498 27.410536
slice8/query/img_03067_c1_1285949938224034us.jpg 0.049402 0.046325 0.707234 -0.703728 617.853790 -160.422938 27.394771
slice8/query/img_03068_c1_1285949938290648us.jpg 0.049314 0.047134 0.707241 -0.703673 618.338694 -161.094769 27.380514
slice8/query/img_03069_c1_1285949938424002us.jpg 0.048791 0.048692 0.707109 -0.703737 619.311332 -162.442691 27.348068
slice8/query/img_03070_c1_1285949938490613us.jpg 0.048603 0.049004 0.707228 -0.703609 619.796986 -163.117327 27.333651
slice8/query/img_03071_c1_1285949938557350us.jpg 0.048476 0.049252 0.707458 -0.703369 620.280650 -163.788247 27.319495
slice8/query/img_03072_c1_1285949938623963us.jpg 0.048258 0.049688 0.707813 -0.702995 620.760520 -164.456982 27.306848
slice8/query/img_03073_c1_1285949938757338us.jpg 0.047695 0.050169 0.708265 -0.702545 621.718958 -165.792650 27.283001
slice8/query/img_03074_c1_1285949938823928us.jpg 0.047420 0.050354 0.708190 -0.702625 622.196506 -166.458351 27.268535
slice8/query/img_03075_c1_1285949938890541us.jpg 0.046996 0.050755 0.707997 -0.702820 622.671425 -167.117859 27.254561
slice8/query/img_03076_c1_1285949939023897us.jpg 0.045874 0.051880 0.707791 -0.703019 623.623042 -168.433639 27.230159
slice8/query/img_03077_c1_1285949939090505us.jpg 0.045583 0.052029 0.707754 -0.703064 624.099654 -169.096927 27.220481
slice8/query/img_03078_c1_1285949939157244us.jpg 0.045317 0.051866 0.707781 -0.703066 624.573464 -169.756360 27.210049
slice8/query/img_03079_c1_1285949939290473us.jpg 0.044900 0.052391 0.708348 -0.702483 625.524506 -171.074152 27.191971
slice8/query/img_03080_c1_1285949939357231us.jpg 0.044713 0.052556 0.708736 -0.702091 625.996665 -171.731244 27.183412
slice8/query/img_03081_c1_1285949939423823us.jpg 0.044502 0.052622 0.708865 -0.701970 626.468716 -172.387496 27.173430
slice8/query/img_03082_c1_1285949939490436us.jpg 0.044080 0.052602 0.708981 -0.701880 626.936341 -173.038088 27.166327
slice8/query/img_03083_c1_1285949939623810us.jpg 0.043366 0.053306 0.709004 -0.701848 627.868937 -174.336774 27.147352
slice8/query/img_03084_c1_1285949939690402us.jpg 0.042778 0.054107 0.708910 -0.701918 628.334790 -174.982149 27.137638
slice8/query/img_03085_c1_1285949939757139us.jpg 0.042439 0.054292 0.708669 -0.702168 628.799234 -175.624762 27.129772
slice8/query/img_03086_c1_1285949939823752us.jpg 0.042259 0.054275 0.708430 -0.702421 629.263283 -176.264189 27.123417
slice8/query/img_03087_c1_1285949939957128us.jpg 0.042045 0.054275 0.708441 -0.702423 630.187951 -177.546031 27.110388
slice8/query/img_03088_c1_1285949940023717us.jpg 0.042260 0.054197 0.708400 -0.702457 630.650894 -178.184115 27.108073
slice8/query/img_03089_c1_1285949940090329us.jpg 0.042628 0.054093 0.708162 -0.702683 631.112519 -178.819124 27.104935
slice8/query/img_03090_c1_1285949940223889us.jpg 0.043482 0.053851 0.707429 -0.703387 632.032007 -180.081248 27.097890
slice8/query/img_03091_c1_1285949940290316us.jpg 0.043969 0.053852 0.706921 -0.703867 632.489434 -180.709307 27.094245
slice8/query/img_03092_c1_1285949940357031us.jpg 0.044234 0.053807 0.706427 -0.704350 632.941276 -181.333111 27.091126
slice8/query/img_03093_c1_1285949940423646us.jpg 0.044663 0.053918 0.706312 -0.704430 633.392057 -181.954941 27.089400
slice8/query/img_03094_c1_1285949940557021us.jpg 0.046132 0.054801 0.706902 -0.703675 634.287259 -183.199851 27.085026
slice8/query/img_03095_c1_1285949940623631us.jpg 0.046748 0.055130 0.707192 -0.703317 634.729691 -183.817086 27.083275
slice8/query/img_03096_c1_1285949940690223us.jpg 0.047285 0.055416 0.707154 -0.703297 635.167094 -184.433003 27.079729
slice8/query/img_03097_c1_1285949940756963us.jpg 0.047807 0.056043 0.706965 -0.703402 635.601072 -185.043008 27.074760
slice8/query/img_03098_c1_1285949940890190us.jpg 0.048580 0.057832 0.706659 -0.703512 636.464601 -186.258708 27.070466
slice8/query/img_03099_c1_1285949940956930us.jpg 0.049375 0.058371 0.706237 -0.703835 636.896376 -186.863902 27.068925
slice8/query/img_03100_c1_1285949941023540us.jpg 0.050064 0.058697 0.705879 -0.704119 637.321550 -187.467964 27.066364
slice8/query/img_03101_c1_1285949941090155us.jpg 0.050749 0.058775 0.705986 -0.703956 637.740258 -188.070919 27.066482
slice8/query/img_03102_c1_1285949941223506us.jpg 0.051688 0.059488 0.706631 -0.703180 638.576766 -189.270358 27.068731
slice8/query/img_03103_c1_1285949941290118us.jpg 0.051707 0.060188 0.707089 -0.702659 638.988169 -189.869377 27.064048
slice8/query/img_03104_c1_1285949941356855us.jpg 0.051183 0.061039 0.707792 -0.701915 639.390695 -190.463022 27.060190
slice8/query/img_03105_c1_1285949941490105us.jpg 0.050450 0.061725 0.708904 -0.700785 640.203533 -191.647775 27.053680
slice8/query/img_03106_c1_1285949941556821us.jpg 0.049877 0.061955 0.709296 -0.700409 640.603926 -192.235231 27.048041
slice8/query/img_03107_c1_1285949941623434us.jpg 0.049101 0.062099 0.709703 -0.700039 641.003097 -192.817948 27.042547
slice8/query/img_03108_c1_1285949941690048us.jpg 0.048641 0.061938 0.710072 -0.699711 641.402343 -193.398675 27.039394
slice8/query/img_03109_c1_1285949941823403us.jpg 0.047919 0.061189 0.710571 -0.699320 642.196047 -194.548349 27.033587
slice8/query/img_03110_c1_1285949941890012us.jpg 0.047656 0.060491 0.710643 -0.699326 642.594809 -195.113963 27.032445
slice8/query/img_03111_c1_1285949941956750us.jpg 0.047255 0.059832 0.710718 -0.699334 642.990747 -195.675701 27.031643
slice8/query/img_03112_c1_1285949942023364us.jpg 0.046678 0.059291 0.710762 -0.699374 643.383212 -196.235461 27.030588
slice8/query/img_03113_c1_1285949942156717us.jpg 0.045416 0.057941 0.710487 -0.699849 644.166954 -197.350774 27.019327
slice8/query/img_03115_c1_1285949942289942us.jpg 0.044208 0.056569 0.710394 -0.700133 644.944966 -198.442579 27.015384
slice8/query/img_03116_c1_1285949942424302us.jpg 0.043552 0.054660 0.710500 -0.700218 645.719503 -199.520681 27.013613
slice8/query/img_03117_c1_1285949942489909us.jpg 0.043167 0.053723 0.710447 -0.700368 646.103804 -200.054577 27.011659
slice8/query/img_03118_c1_1285949942556645us.jpg 0.042841 0.052657 0.710355 -0.700562 646.485403 -200.581459 27.009717
slice8/query/img_03119_c1_1285949942623257us.jpg 0.042551 0.051791 0.710356 -0.700643 646.863162 -201.101001 27.008876
slice8/query/img_03120_c1_1285949942756632us.jpg 0.042180 0.050443 0.710210 -0.700913 647.615508 -202.129789 27.004112
slice8/query/img_03121_c1_1285949942823244us.jpg 0.042397 0.049752 0.709981 -0.701181 647.988197 -202.636829 27.002179
slice8/query/img_03122_c1_1285949942889836us.jpg 0.042530 0.049307 0.709689 -0.701499 648.354961 -203.136575 27.000752
slice8/query/img_03123_c1_1285949942956574us.jpg 0.042783 0.048967 0.709307 -0.701894 648.721730 -203.629575 26.999304
slice8/query/img_03124_c1_1285949943089822us.jpg 0.043563 0.048420 0.708573 -0.702625 649.444689 -204.607007 26.995786
slice8/query/img_03125_c1_1285949943156539us.jpg 0.044050 0.048129 0.708311 -0.702879 649.799699 -205.086716 26.994342
slice8/query/img_03126_c1_1285949943223153us.jpg 0.044266 0.048238 0.708129 -0.703041 650.150461 -205.562852 26.991482
slice8/query/img_03127_c1_1285949943356511us.jpg 0.044960 0.048172 0.708119 -0.703012 650.838014 -206.504980 26.989743
slice8/query/img_03129_c1_1285949943489731us.jpg 0.045418 0.048143 0.707998 -0.703106 651.510575 -207.429711 26.986136
slice8/query/img_03130_c1_1285949943556469us.jpg 0.045812 0.048157 0.707944 -0.703134 651.842976 -207.885203 26.985602
slice8/query/img_03131_c1_1285949943689722us.jpg 0.046586 0.049023 0.707864 -0.703104 652.497414 -208.783451 26.978196
slice8/query/img_03133_c1_1285949943823046us.jpg 0.047358 0.049569 0.707816 -0.703062 653.134645 -209.663679 26.972440
slice8/query/img_03134_c1_1285949943889659us.jpg 0.047750 0.049801 0.707894 -0.702941 653.446381 -210.097289 26.970055
slice8/query/img_03135_c1_1285949944023012us.jpg 0.048408 0.050587 0.708072 -0.702660 654.061275 -210.953648 26.963281
slice8/query/img_03136_c1_1285949944089624us.jpg 0.048612 0.050983 0.708027 -0.702663 654.361605 -211.376609 26.959097
slice8/query/img_03137_c1_1285949944156362us.jpg 0.048933 0.051483 0.708025 -0.702606 654.660094 -211.791125 26.954288
slice8/query/img_03138_c1_1285949944289590us.jpg 0.049680 0.052143 0.708045 -0.702485 655.246679 -212.612656 26.947210
slice8/query/img_03139_c1_1285949944356329us.jpg 0.050116 0.051964 0.707954 -0.702559 655.533684 -213.017889 26.942702
slice8/query/img_03140_c1_1285949944422942us.jpg 0.050380 0.052071 0.707977 -0.702509 655.816154 -213.415460 26.939482
slice8/query/img_03142_c1_1285949944622908us.jpg 0.050371 0.052946 0.708299 -0.702119 656.646199 -214.590059 26.927711
slice8/query/img_03144_c1_1285949944756258us.jpg 0.050463 0.052422 0.708035 -0.702419 657.187279 -215.359158 26.921678
slice8/query/img_03145_c1_1285949944822877us.jpg 0.050465 0.052363 0.708142 -0.702315 657.452559 -215.734364 26.919428
slice8/query/img_03146_c1_1285949944956225us.jpg 0.050386 0.052178 0.708047 -0.702430 657.975303 -216.474522 26.914079
slice8/query/img_03147_c1_1285949945022836us.jpg 0.050335 0.051950 0.707901 -0.702598 658.232461 -216.837270 26.911563
slice8/query/img_03149_c1_1285949945222824us.jpg 0.050187 0.051855 0.707749 -0.702769 658.981190 -217.900413 26.902509
slice8/query/img_03151_c1_1285949945356151us.jpg 0.049650 0.051624 0.707663 -0.702910 659.468748 -218.588629 26.898632
slice8/query/img_03152_c1_1285949945489398us.jpg 0.049371 0.052035 0.708079 -0.702480 659.943403 -219.259850 26.892903
slice8/query/img_03154_c1_1285949945622728us.jpg 0.048832 0.051514 0.708255 -0.702380 660.402825 -219.915618 26.889658
slice8/query/img_03155_c1_1285949945689342us.jpg 0.048623 0.051120 0.708286 -0.702391 660.628873 -220.235698 26.889982
slice8/query/img_03156_c1_1285949945822717us.jpg 0.048538 0.051028 0.708574 -0.702113 661.074142 -220.857829 26.889122
slice8/query/img_03158_c1_1285949945956045us.jpg 0.048413 0.050732 0.708823 -0.701892 661.501264 -221.457893 26.886006
slice8/query/img_03159_c1_1285949946089295us.jpg 0.047901 0.050194 0.708858 -0.701930 661.913330 -222.036238 26.883163
slice8/query/img_03161_c1_1285949946289238us.jpg 0.047607 0.050162 0.709873 -0.700926 662.501691 -222.868608 26.880449
slice8/query/img_03162_c1_1285949946422589us.jpg 0.047661 0.049710 0.710251 -0.700572 662.874472 -223.392166 26.880212
slice8/query/img_03164_c1_1285949946555939us.jpg 0.047782 0.049098 0.710540 -0.700313 663.232085 -223.890932 26.879498
slice8/query/img_03165_c1_1285949946755933us.jpg 0.047709 0.049981 0.711206 -0.699580 663.724642 -224.586859 26.873307
slice8/query/img_03166_c1_1285949947022516us.jpg 0.047279 0.049984 0.711651 -0.699156 664.315975 -225.415379 26.868712
slice8/query/img_03167_c1_1285949947089097us.jpg 0.047334 0.049994 0.711748 -0.699053 664.449316 -225.603740 26.868036
slice8/query/img_03169_c1_1285949947289082us.jpg 0.047875 0.050175 0.712221 -0.698521 664.820997 -226.123033 26.866119
slice8/query/img_03173_c1_1285949947622400us.jpg 0.047462 0.050761 0.712731 -0.697986 665.328652 -226.835413 26.858186
slice8/query/img_03177_c1_1285949947955694us.jpg 0.047108 0.051168 0.712272 -0.698449 665.701969 -227.354585 26.853865
slice8/query/img_03184_c1_1285949948555609us.jpg 0.045723 0.053059 0.712008 -0.698669 666.112961 -227.937245 26.844594
slice8/query/img_03342_c1_1285949961953224us.jpg 0.041861 0.057304 0.707204 -0.703439 666.506409 -228.483188 26.820504
slice8/query/img_03351_c1_1285949962686345us.jpg 0.041416 0.057867 0.707195 -0.703428 666.875933 -228.998156 26.813281
slice8/query/img_03357_c1_1285949963219632us.jpg 0.039397 0.059301 0.706282 -0.704342 667.259013 -229.541244 26.803642
slice8/query/img_03362_c1_1285949963619578us.jpg 0.038407 0.059169 0.705893 -0.704797 667.706657 -230.169547 26.801043
slice8/query/img_03366_c1_1285949963952874us.jpg 0.038339 0.056941 0.705679 -0.705198 668.196583 -230.842750 26.802217
slice8/query/img_03369_c1_1285949964152836us.jpg 0.037463 0.056588 0.705632 -0.705321 668.532897 -231.308035 26.797476
slice8/query/img_03371_c1_1285949964352802us.jpg 0.036762 0.056254 0.705425 -0.705592 668.906576 -231.822838 26.794705
slice8/query/img_03374_c1_1285949964552764us.jpg 0.036257 0.055558 0.704917 -0.706180 669.322635 -232.389126 26.791426
slice8/query/img_03375_c1_1285949964686016us.jpg 0.036142 0.054795 0.704493 -0.706669 669.622257 -232.792891 26.789759
slice8/query/img_03378_c1_1285949964885956us.jpg 0.036754 0.053988 0.704051 -0.707140 670.104061 -233.441974 26.788507
slice8/query/img_03379_c1_1285949965019332us.jpg 0.036894 0.054099 0.703972 -0.707202 670.442690 -233.902260 26.786752
slice8/query/img_03382_c1_1285949965219272us.jpg 0.037738 0.053948 0.703760 -0.707381 670.979412 -234.631140 26.788286
slice8/query/img_03383_c1_1285949965352647us.jpg 0.038560 0.054873 0.703624 -0.707401 671.355067 -235.137689 26.786697
slice8/query/img_03385_c1_1285949965485850us.jpg 0.039619 0.056025 0.702867 -0.708004 671.743892 -235.661353 26.782649
slice8/query/img_03387_c1_1285949965685817us.jpg 0.041164 0.057173 0.701995 -0.708689 672.356462 -236.490239 26.778654
slice8/query/img_03388_c1_1285949965752553us.jpg 0.041659 0.057743 0.701995 -0.708613 672.564697 -236.776311 26.776675
slice8/query/img_03390_c1_1285949965885779us.jpg 0.043077 0.059195 0.702233 -0.708173 672.993107 -237.362286 26.774239
slice8/query/img_03392_c1_1285949966085767us.jpg 0.044030 0.061561 0.702124 -0.708021 673.653271 -238.284632 26.771043
slice8/query/img_03394_c1_1285949966219134us.jpg 0.045146 0.062291 0.702220 -0.707791 674.106135 -238.927441 26.770248
slice8/query/img_03396_c1_1285949966419064us.jpg 0.046524 0.063469 0.702103 -0.707713 674.798050 -239.917306 26.770495
slice8/query/img_03397_c1_1285949966485677us.jpg 0.046359 0.064318 0.701751 -0.707997 675.029928 -240.254262 26.769294
slice8/query/img_03398_c1_1285949966552413us.jpg 0.045894 0.065838 0.701178 -0.708455 675.263963 -240.593464 26.765013
slice8/query/img_03400_c1_1285949966685640us.jpg 0.045033 0.068643 0.700233 -0.709179 675.744310 -241.292719 26.762684
slice8/query/img_03401_c1_1285949966819012us.jpg 0.045367 0.069083 0.699610 -0.709729 676.246241 -242.021219 26.768736
slice8/query/img_03402_c1_1285949966885625us.jpg 0.045780 0.068689 0.699712 -0.709640 676.501723 -242.394926 26.774869
slice8/query/img_03403_c1_1285949966952343us.jpg 0.046073 0.068820 0.700085 -0.709240 676.760284 -242.774276 26.779788
slice8/query/img_03405_c1_1285949967152332us.jpg 0.046306 0.068263 0.700334 -0.709033 677.558936 -243.945860 26.790484
slice8/query/img_03407_c1_1285949967285533us.jpg 0.046138 0.067019 0.699788 -0.709701 678.109909 -244.748724 26.798827
slice8/query/img_03408_c1_1285949967352272us.jpg 0.046050 0.066813 0.699511 -0.710000 678.389776 -245.154468 26.802967
slice8/query/img_03409_c1_1285949967418884us.jpg 0.045984 0.066521 0.699278 -0.710261 678.673759 -245.565297 26.805798
slice8/query/img_03410_c1_1285949967552259us.jpg 0.046316 0.065814 0.699493 -0.710094 679.252337 -246.405821 26.813837
slice8/query/img_03411_c1_1285949967618849us.jpg 0.046186 0.066010 0.700085 -0.709500 679.543259 -246.831544 26.817413
slice8/query/img_03412_c1_1285949967685463us.jpg 0.045838 0.066151 0.700818 -0.708786 679.837622 -247.261450 26.821924
slice8/query/img_03414_c1_1285949967885453us.jpg 0.044261 0.066213 0.703081 -0.706635 680.737940 -248.594438 26.827314
slice8/query/img_03415_c1_1285949967952166us.jpg 0.043135 0.066740 0.703879 -0.705861 681.043487 -249.045001 26.826481
slice8/query/img_03417_c1_1285949968085392us.jpg 0.041419 0.066736 0.704671 -0.705174 681.668606 -249.963213 26.823398
slice8/query/img_03418_c1_1285949968218767us.jpg 0.038722 0.067308 0.704272 -0.705670 682.308753 -250.890002 26.819515
slice8/query/img_03419_c1_1285949968285358us.jpg 0.037133 0.068286 0.703835 -0.706098 682.633306 -251.356694 26.817025
slice8/query/img_03420_c1_1285949968352096us.jpg 0.035680 0.069220 0.703474 -0.706442 682.960691 -251.827883 26.814070
slice8/query/img_03421_c1_1285949968418709us.jpg 0.034676 0.069237 0.703538 -0.706426 683.292917 -252.304408 26.815848
slice8/query/img_03422_c1_1285949968552082us.jpg 0.033315 0.067020 0.704760 -0.705487 683.971692 -253.277268 26.832921
slice8/query/img_03423_c1_1285949968618673us.jpg 0.032652 0.065628 0.705812 -0.704597 684.316776 -253.772202 26.843855
slice8/query/img_03424_c1_1285949968685287us.jpg 0.032136 0.064634 0.706793 -0.703728 684.667722 -254.268747 26.851057
slice8/query/img_03425_c1_1285949968752025us.jpg 0.031670 0.064107 0.707310 -0.703278 685.020972 -254.762321 26.856294
slice8/query/img_03426_c1_1285949968885274us.jpg 0.031297 0.063472 0.706261 -0.704406 685.746918 -255.755741 26.863381
slice8/query/img_03427_c1_1285949968951989us.jpg 0.031244 0.063058 0.704945 -0.705762 686.116022 -256.253105 26.867237
slice8/query/img_03428_c1_1285949969018602us.jpg 0.031114 0.062039 0.703580 -0.707219 686.487538 -256.755638 26.872623
slice8/query/img_03430_c1_1285949969218569us.jpg 0.029108 0.061230 0.702484 -0.708463 687.617029 -258.302753 26.893267
slice8/query/img_03431_c1_1285949969285180us.jpg 0.028272 0.061473 0.702861 -0.708102 688.000114 -258.828921 26.901674
slice8/query/img_03432_c1_1285949969351919us.jpg 0.027777 0.061514 0.703014 -0.707966 688.385660 -259.357347 26.911337
slice8/query/img_03433_c1_1285949969418532us.jpg 0.027434 0.061552 0.703086 -0.707904 688.772974 -259.886100 26.923027
slice8/query/img_03434_c1_1285949969551908us.jpg 0.027514 0.061470 0.702779 -0.708213 689.568267 -260.955803 26.950596
slice8/query/img_03435_c1_1285949969618497us.jpg 0.027754 0.061650 0.702509 -0.708456 689.970489 -261.492767 26.965877
slice8/query/img_03436_c1_1285949969685110us.jpg 0.028207 0.061552 0.702142 -0.708811 690.374643 -262.035255 26.980513
slice8/query/img_03437_c1_1285949969751848us.jpg 0.028677 0.061721 0.701772 -0.709143 690.781325 -262.582499 26.994548
slice8/query/img_03438_c1_1285949969885076us.jpg 0.029212 0.063112 0.701854 -0.708918 691.600048 -263.699000 27.019230
slice8/query/img_03439_c1_1285949969951812us.jpg 0.029296 0.063717 0.701833 -0.708881 692.010885 -264.264784 27.031614
slice8/query/img_03440_c1_1285949970018426us.jpg 0.029296 0.064604 0.701639 -0.708993 692.423448 -264.831753 27.043611
slice8/query/img_03441_c1_1285949970151779us.jpg 0.029650 0.065850 0.701126 -0.709371 693.256935 -265.981326 27.067888
slice8/query/img_03442_c1_1285949970218389us.jpg 0.030423 0.066333 0.700971 -0.709447 693.677956 -266.559791 27.083454
slice8/query/img_03443_c1_1285949970351746us.jpg 0.032562 0.066228 0.700207 -0.710115 694.530345 -267.733691 27.118022
slice8/query/img_03444_c1_1285949970418355us.jpg 0.033840 0.066012 0.699596 -0.710678 694.961814 -268.323855 27.135881
slice8/query/img_03445_c1_1285949970484968us.jpg 0.034862 0.066001 0.698996 -0.711219 695.391800 -268.918572 27.152822
slice8/query/img_03446_c1_1285949970551707us.jpg 0.035523 0.065911 0.698552 -0.711631 695.822025 -269.517244 27.170369
slice8/query/img_03447_c1_1285949970684937us.jpg 0.036325 0.066818 0.698014 -0.712034 696.685792 -270.732721 27.202399
slice8/query/img_03448_c1_1285949970751735us.jpg 0.036449 0.067022 0.697645 -0.712370 697.119872 -271.344344 27.220413
slice8/query/img_03449_c1_1285949970818286us.jpg 0.036624 0.067379 0.697273 -0.712692 697.555357 -271.958447 27.236651
slice8/query/img_03450_c1_1285949970884898us.jpg 0.036863 0.067944 0.696980 -0.712912 697.993785 -272.574754 27.254125
slice8/query/img_03451_c1_1285949971018264us.jpg 0.037787 0.068571 0.696169 -0.713596 698.878844 -273.820109 27.295227
slice8/query/img_03452_c1_1285949971084862us.jpg 0.038357 0.068424 0.695618 -0.714116 699.324370 -274.446463 27.317022
slice8/query/img_03453_c1_1285949971151601us.jpg 0.038911 0.068122 0.695213 -0.714510 699.772158 -275.081137 27.339606
slice8/query/img_03454_c1_1285949971218213us.jpg 0.039111 0.068215 0.695092 -0.714607 700.219368 -275.716558 27.362225
slice8/query/img_03455_c1_1285949971284827us.jpg 0.039119 0.068584 0.695188 -0.714479 700.668535 -276.355407 27.385337
slice8/query/img_03456_c1_1285949971418202us.jpg 0.038711 0.069202 0.695675 -0.713967 701.572882 -277.650223 27.429552
slice8/query/img_03457_c1_1285949971484792us.jpg 0.038138 0.069675 0.695789 -0.713841 702.024929 -278.304911 27.449424
slice8/query/img_03458_c1_1285949971551531us.jpg 0.037308 0.070059 0.696033 -0.713609 702.481054 -278.959752 27.469483
slice8/query/img_03459_c1_1285949971618144us.jpg 0.036287 0.070208 0.696424 -0.713265 702.938518 -279.621551 27.490058
slice8/query/img_03460_c1_1285949971751497us.jpg 0.034203 0.069960 0.696956 -0.712873 703.864251 -280.958656 27.532913
slice8/query/img_03461_c1_1285949971818131us.jpg 0.033367 0.069719 0.697171 -0.712726 704.333821 -281.630364 27.555229
slice8/query/img_03462_c1_1285949971884722us.jpg 0.032671 0.068938 0.697270 -0.712737 704.806278 -282.301401 27.579455
slice8/query/img_03463_c1_1285949971951460us.jpg 0.032115 0.068135 0.697259 -0.712850 705.282169 -282.973604 27.604950
slice8/query/img_03464_c1_1285949972018073us.jpg 0.031590 0.067287 0.697207 -0.713005 705.761098 -283.649082 27.631063
slice8/query/img_03465_c1_1285949972151429us.jpg 0.030073 0.065906 0.697255 -0.713153 706.731933 -285.010919 27.682625
slice8/query/img_03466_c1_1285949972218039us.jpg 0.029188 0.065420 0.697044 -0.713441 707.221650 -285.691760 27.707665
slice8/query/img_03467_c1_1285949972284651us.jpg 0.028073 0.064929 0.696702 -0.713864 707.714279 -286.373982 27.734105
slice8/query/img_03468_c1_1285949972351391us.jpg 0.027048 0.064485 0.696284 -0.714352 708.207577 -287.055604 27.760236
slice8/query/img_03469_c1_1285949972418003us.jpg 0.026254 0.063877 0.695750 -0.714956 708.705572 -287.735453 27.788443
slice8/query/img_03470_c1_1285949972551357us.jpg 0.025937 0.062168 0.695135 -0.715716 709.714922 -289.093058 27.854136
slice8/query/img_03471_c1_1285949972617966us.jpg 0.025824 0.061159 0.694543 -0.716381 710.219492 -289.768929 27.889977
