slice8/query/img_02155_c1_1287503995005432us.jpg 0.152209 0.144056 -0.707741 0.674672 572.070650 -111.610137 28.792527
slice8/query/img_02156_c1_1287503995138805us.jpg 0.144737 0.132728 -0.708150 0.678202 573.151785 -112.036008 28.735515
slice8/query/img_02157_c1_1287503995205395us.jpg 0.139533 0.128482 -0.708003 0.680261 573.691413 -112.261373 28.721181
slice8/query/img_02159_c1_1287503995405361us.jpg 0.121912 0.114122 -0.704102 0.690184 575.321612 -112.959767 28.693315
slice8/query/img_02160_c1_1287503995472119us.jpg 0.114601 0.108489 -0.704250 0.692191 575.865033 -113.213164 28.684160
slice8/query/img_02161_c1_1287503995538711us.jpg 0.106851 0.103012 -0.705582 0.692911 576.404620 -113.478779 28.679444
slice8/query/img_02162_c1_1287503995605324us.jpg 0.098516 0.097660 -0.706753 0.693727 576.942442 -113.754992 28.674098
slice8/query/img_02163_c1_1287503995738676us.jpg 0.083572 0.087667 -0.707141 0.696621 578.002436 -114.345074 28.653211
slice8/query/img_02165_c1_1287503995872025us.jpg 0.072676 0.074050 -0.708003 0.698546 579.033253 -114.980609 28.610023
slice8/query/img_02166_c1_1287503996005257us.jpg 0.063693 0.058134 -0.708595 0.700326 580.036655 -115.656299 28.558477
slice8/query/img_02167_c1_1287503996071991us.jpg 0.058517 0.051217 -0.709050 0.700858 580.539048 -116.013041 28.539410
slice8/query/img_02168_c1_1287503996138602us.jpg 0.052123 0.045410 -0.710176 0.700622 581.042029 -116.382346 28.528621
slice8/query/img_02169_c1_1287503996205218us.jpg 0.044979 0.041330 -0.711827 0.699693 581.546034 -116.767819 28.521570
slice8/query/img_02170_c1_1287503996338589us.jpg 0.030582 0.035052 -0.714438 0.698151 582.545712 -117.561411 28.507891
slice8/query/img_02171_c1_1287503996405181us.jpg 0.025180 0.030315 -0.713884 0.699154 583.033514 -117.967644 28.491416
slice8/query/img_02172_c1_1287503996471919us.jpg 0.021487 0.023798 -0.712284 0.701158 583.511010 -118.378037 28.464234
slice8/query/img_02173_c1_1287503996605169us.jpg 0.017538 0.009250 -0.709418 0.704509 584.447033 -119.227071 28.400169
slice8/query/img_02174_c1_1287503996671882us.jpg 0.015854 0.003555 -0.709351 0.704668 584.910127 -119.673904 28.378244
slice8/query/img_02175_c1_1287503996738495us.jpg 0.014159 -0.000805 -0.710038 0.704020 585.370709 -120.130026 28.364266
slice8/query/img_02176_c1_1287503996871868us.jpg 0.010590 -0.007344 -0.712379 0.701677 586.286748 -121.067380 28.350885
slice8/query/img_02177_c1_1287503996938461us.jpg 0.008566 -0.009922 -0.713702 0.700326 586.743978 -121.544601 28.346081
slice8/query/img_02178_c1_1287503997005072us.jpg 0.006314 -0.012109 -0.714497 0.699505 587.202193 -122.023422 28.341807
slice8/query/img_02179_c1_1287503997138838us.jpg 0.000985 -0.014255 -0.713378 0.700634 588.118265 -122.987965 28.334032
slice8/query/img_02180_c1_1287503997205058us.jpg 0.002072 0.014909 0.712342 -0.701671 588.579612 -123.477806 28.328928
slice8/query/img_02181_c1_1287503997271774us.jpg 0.004933 0.015895 0.711631 -0.702356 589.039564 -123.974407 28.320030
slice8/query/img_02182_c1_1287503997338387us.jpg 0.007490 0.017323 0.711490 -0.702443 589.497425 -124.479141 28.309943
slice8/query/img_02183_c1_1287503997471760us.jpg 0.011465 0.020794 0.711643 -0.702139 590.416043 -125.509969 28.290466
slice8/query/img_02184_c1_1287503997538350us.jpg 0.012817 0.022712 0.711767 -0.701931 590.873149 -126.036235 28.277571
slice8/query/img_02185_c1_1287503997604962us.jpg 0.013831 0.025060 0.712266 -0.701326 591.327012 -126.568727 28.262332
slice8/query/img_02186_c1_1287503997738318us.jpg 0.015840 0.030211 0.713485 -0.699840 592.238702 -127.650348 28.234155
slice8/query/img_02187_c1_1287503997804992us.jpg 0.017311 0.031923 0.713809 -0.699399 592.697848 -128.200146 28.222838
slice8/query/img_02188_c1_1287503997871665us.jpg 0.018789 0.033200 0.713787 -0.699323 593.158269 -128.755629 28.209437
slice8/query/img_02189_c1_1287503997938278us.jpg 0.020088 0.034201 0.713768 -0.699258 593.617406 -129.316428 28.196934
slice8/query/img_02190_c1_1287503998071631us.jpg 0.021768 0.035589 0.714050 -0.698851 594.540453 -130.458218 28.170012
slice8/query/img_02191_c1_1287503998138242us.jpg 0.022627 0.036076 0.714115 -0.698732 595.007601 -131.036206 28.154921
slice8/query/img_02192_c1_1287503998204855us.jpg 0.023446 0.036486 0.714270 -0.698526 595.477042 -131.617959 28.140554
slice8/query/img_02193_c1_1287503998338834us.jpg 0.024904 0.037304 0.714430 -0.698267 596.422685 -132.792500 28.111244
slice8/query/img_02194_c1_1287503998404840us.jpg 0.025590 0.037314 0.714265 -0.698411 596.896883 -133.383320 28.094831
slice8/query/img_02195_c1_1287503998471557us.jpg 0.026247 0.037287 0.714014 -0.698645 597.372947 -133.978660 28.079427
slice8/query/img_02196_c1_1287503998538170us.jpg 0.026631 0.037338 0.713473 -0.699180 597.848562 -134.575827 28.062536
slice8/query/img_02197_c1_1287503998671522us.jpg 0.027726 0.037624 0.712679 -0.699932 598.810242 -135.777114 28.029942
slice8/query/img_02198_c1_1287503998738133us.jpg 0.028338 0.037609 0.712406 -0.700186 599.291011 -136.383824 28.014142
slice8/query/img_02199_c1_1287503998804747us.jpg 0.029239 0.037137 0.712235 -0.700348 599.776875 -136.992737 28.000446
slice8/query/img_02200_c1_1287503998938102us.jpg 0.030714 0.036422 0.711532 -0.701037 600.749639 -138.214562 27.972156
slice8/query/img_02201_c1_1287503999004732us.jpg 0.031247 0.036655 0.711262 -0.701275 601.237538 -138.831467 27.954125
slice8/query/img_02202_c1_1287503999071455us.jpg 0.031438 0.037453 0.711216 -0.701271 601.722699 -139.448667 27.935822
slice8/query/img_02203_c1_1287503999205665us.jpg 0.031518 0.039279 0.711499 -0.700881 602.695182 -140.690834 27.898615
slice8/query/img_02204_c1_1287503999271413us.jpg 0.031335 0.040089 0.711990 -0.700343 603.180257 -141.317684 27.882183
slice8/query/img_02205_c1_1287503999338026us.jpg 0.031088 0.040416 0.712557 -0.699759 603.664830 -141.948346 27.866042
slice8/query/img_02206_c1_1287503999404639us.jpg 0.030937 0.040504 0.713036 -0.699273 604.150395 -142.577178 27.849207
slice8/query/img_02207_c1_1287503999537993us.jpg 0.031397 0.041172 0.713315 -0.698928 605.131140 -143.840940 27.813387
slice8/query/img_02208_c1_1287503999604602us.jpg 0.032176 0.041618 0.712837 -0.699354 605.624255 -144.469825 27.796671
slice8/query/img_02209_c1_1287503999671340us.jpg 0.033249 0.041666 0.711807 -0.700349 606.117889 -145.095124 27.781821
slice8/query/img_02210_c1_1287503999804573us.jpg 0.035501 0.040413 0.709375 -0.702776 607.114333 -146.364585 27.754280
slice8/query/img_02211_c1_1287503999871308us.jpg 0.036238 0.040283 0.708773 -0.703352 607.611611 -147.006274 27.740662
slice8/query/img_02212_c1_1287503999937917us.jpg 0.036764 0.040698 0.708638 -0.703437 608.109371 -147.651182 27.726332
slice8/query/img_02213_c1_1287504000004530us.jpg 0.036973 0.041197 0.708721 -0.703314 608.605444 -148.296972 27.710373
slice8/query/img_02214_c1_1287504000137905us.jpg 0.038008 0.041440 0.708591 -0.703375 609.599663 -149.591950 27.681813
slice8/query/img_02215_c1_1287504000204494us.jpg 0.038858 0.041616 0.708340 -0.703571 610.099506 -150.242538 27.667176
slice8/query/img_02216_c1_1287504000271231us.jpg 0.039961 0.041737 0.707979 -0.703865 610.599033 -150.890768 27.653715
slice8/query/img_02217_c1_1287504000404481us.jpg 0.042819 0.042497 0.707772 -0.703860 611.602791 -152.201771 27.628727
slice8/query/img_02218_c1_1287504000537811us.jpg 0.045076 0.043341 0.708809 -0.702624 612.600654 -153.531011 27.598857
slice8/query/img_02219_c1_1287504000604423us.jpg 0.045596 0.043928 0.709332 -0.702026 613.095441 -154.198905 27.581220
slice8/query/img_02220_c1_1287504000671161us.jpg 0.045733 0.045024 0.709737 -0.701537 613.588658 -154.870069 27.560783
slice8/query/img_02221_c1_1287504000804389us.jpg 0.045289 0.048398 0.709824 -0.701253 614.572028 -156.214479 27.513947
slice8/query/img_02222_c1_1287504000871143us.jpg 0.045837 0.049241 0.709430 -0.701558 615.066463 -156.890941 27.492525
slice8/query/img_02223_c1_1287504000937736us.jpg 0.046450 0.049747 0.708941 -0.701977 615.560109 -157.567839 27.474376
slice8/query/img_02224_c1_1287504001071089us.jpg 0.047260 0.050460 0.708647 -0.702167 616.550225 -158.930707 27.444369
slice8/query/img_02225_c1_1287504001137700us.jpg 0.047429 0.050435 0.708735 -0.702069 617.045736 -159.616435 27.430033
slice8/query/img_02226_c1_1287504001204313us.jpg 0.047278 0.050497 0.708821 -0.701988 617.540804 -160.306198 27.413118
slice8/query/img_02227_c1_1287504001337668us.jpg 0.045923 0.051558 0.708832 -0.701990 618.529749 -161.688650 27.376238
slice8/query/img_02228_c1_1287504001404286us.jpg 0.045308 0.051789 0.708803 -0.702042 619.027042 -162.380583 27.359292
slice8/query/img_02229_c1_1287504001537650us.jpg 0.044158 0.051674 0.708847 -0.702080 620.033813 -163.776969 27.329790
slice8/query/img_02230_c1_1287504001604243us.jpg 0.043606 0.051668 0.709260 -0.701698 620.537558 -164.474443 27.317324
slice8/query/img_02231_c1_1287504001670978us.jpg 0.042974 0.051750 0.709634 -0.701352 621.041208 -165.170569 27.305989
slice8/query/img_02232_c1_1287504001804538us.jpg 0.041949 0.051327 0.709732 -0.701346 622.058602 -166.565396 27.280148
slice8/query/img_02233_c1_1287504001870943us.jpg 0.041167 0.051279 0.709637 -0.701492 622.567777 -167.264276 27.266934
slice8/query/img_02234_c1_1287504001937555us.jpg 0.040343 0.051528 0.709507 -0.701653 623.076549 -167.962491 27.252443
slice8/query/img_02235_c1_1287504002004168us.jpg 0.039680 0.051680 0.709285 -0.701905 623.587482 -168.660381 27.239647
slice8/query/img_02236_c1_1287504002137541us.jpg 0.038891 0.051447 0.709035 -0.702218 624.612467 -170.060524 27.217867
slice8/query/img_02237_c1_1287504002204132us.jpg 0.038691 0.051286 0.709038 -0.702238 625.124969 -170.761548 27.209381
slice8/query/img_02238_c1_1287504002270870us.jpg 0.038753 0.051469 0.709314 -0.701943 625.640679 -171.460426 27.201691
slice8/query/img_02239_c1_1287504002404119us.jpg 0.038893 0.051681 0.709539 -0.701691 626.674524 -172.861911 27.183344
slice8/query/img_02240_c1_1287504002470834us.jpg 0.038983 0.051664 0.709534 -0.701693 627.191357 -173.561747 27.174034
slice8/query/img_02241_c1_1287504002537452us.jpg 0.038913 0.052303 0.709429 -0.701755 627.707116 -174.258242 27.164995
slice8/query/img_02242_c1_1287504002670821us.jpg 0.038710 0.054132 0.708934 -0.702129 628.737593 -175.654517 27.143880
slice8/query/img_02243_c1_1287504002737411us.jpg 0.038996 0.054415 0.708592 -0.702435 629.251380 -176.355153 27.137070
slice8/query/img_02244_c1_1287504002804023us.jpg 0.039662 0.054646 0.708494 -0.702479 629.764598 -177.056020 27.132061
slice8/query/img_02245_c1_1287504002870761us.jpg 0.040538 0.055045 0.708386 -0.702507 630.277108 -177.756118 27.129381
slice8/query/img_02246_c1_1287504003003991us.jpg 0.042476 0.055552 0.707821 -0.702922 631.303763 -179.153621 27.123393
slice8/query/img_02247_c1_1287504003070725us.jpg 0.043210 0.056101 0.707248 -0.703410 631.813355 -179.853783 27.118435
slice8/query/img_02248_c1_1287504003137337us.jpg 0.043936 0.056639 0.706896 -0.703675 632.319268 -180.552024 27.116060
slice8/query/img_02249_c1_1287504003270694us.jpg 0.044854 0.057936 0.706222 -0.704189 633.327118 -181.957279 27.106284
slice8/query/img_02250_c1_1287504003337322us.jpg 0.045530 0.058824 0.706578 -0.703715 633.826636 -182.663829 27.101645
slice8/query/img_02251_c1_1287504003403914us.jpg 0.046139 0.059787 0.707169 -0.703000 634.325118 -183.366760 27.098978
slice8/query/img_02252_c1_1287504003470652us.jpg 0.046502 0.060277 0.707810 -0.702289 634.819382 -184.072421 27.097240
slice8/query/img_02253_c1_1287504003603901us.jpg 0.046876 0.061181 0.708284 -0.701707 635.806315 -185.482653 27.090032
slice8/query/img_02254_c1_1287504003670615us.jpg 0.047056 0.061797 0.708267 -0.701659 636.297193 -186.185133 27.085745
slice8/query/img_02255_c1_1287504003737229us.jpg 0.047380 0.062377 0.708116 -0.701738 636.786137 -186.884728 27.081619
slice8/query/img_02256_c1_1287504003870583us.jpg 0.048638 0.062084 0.708612 -0.701177 637.755547 -188.283822 27.082144
slice8/query/img_02257_c1_1287504003937197us.jpg 0.048974 0.061524 0.709175 -0.700633 638.239499 -188.982464 27.082947
slice8/query/img_02258_c1_1287504004003806us.jpg 0.048949 0.061240 0.709928 -0.699898 638.718575 -189.676861 27.080759
slice8/query/img_02259_c1_1287504004070544us.jpg 0.048427 0.061611 0.710850 -0.698965 639.192998 -190.368487 27.078232
slice8/query/img_02260_c1_1287504004203784us.jpg 0.047301 0.062099 0.712751 -0.697060 640.135916 -191.743949 27.068383
slice8/query/img_02261_c1_1287504004270511us.jpg 0.046609 0.062062 0.713361 -0.696486 640.603930 -192.422173 27.063598
slice8/query/img_02262_c1_1287504004337121us.jpg 0.046112 0.061837 0.713932 -0.695953 641.069919 -193.094340 27.060040
slice8/query/img_02263_c1_1287504004470488us.jpg 0.045588 0.060993 0.714518 -0.695461 641.993755 -194.420375 27.050076
slice8/query/img_02264_c1_1287504004537083us.jpg 0.045654 0.060403 0.714542 -0.695483 642.452545 -195.074661 27.046114
slice8/query/img_02265_c1_1287504004603696us.jpg 0.045698 0.059785 0.714261 -0.695822 642.907282 -195.718885 27.042299
slice8/query/img_02266_c1_1287504004737049us.jpg 0.045797 0.058676 0.713566 -0.696623 643.812737 -196.995866 27.034768
slice8/query/img_02267_c1_1287504004803661us.jpg 0.045715 0.058317 0.713132 -0.697102 644.260269 -197.624789 27.031128
slice8/query/img_02268_c1_1287504004870398us.jpg 0.045570 0.057949 0.712859 -0.697422 644.703599 -198.248853 27.026094
slice8/query/img_02269_c1_1287504004937011us.jpg 0.045550 0.057553 0.712924 -0.697390 645.144450 -198.867560 27.022900
slice8/query/img_02270_c1_1287504005070364us.jpg 0.044997 0.057254 0.712830 -0.697546 646.014788 -200.091792 27.015713
slice8/query/img_02271_c1_1287504005136975us.jpg 0.044649 0.057108 0.712703 -0.697710 646.444879 -200.698435 27.010939
slice8/query/img_02272_c1_1287504005203588us.jpg 0.044237 0.057132 0.712343 -0.698102 646.870569 -201.296654 27.006583
slice8/query/img_02273_c1_1287504005336943us.jpg 0.044203 0.056972 0.711525 -0.698951 647.723727 -202.485926 26.997538
slice8/query/img_02274_c1_1287504005403552us.jpg 0.044331 0.057012 0.710956 -0.699519 648.145774 -203.073125 26.994224
slice8/query/img_02275_c1_1287504005470289us.jpg 0.044570 0.056874 0.710439 -0.700040 648.565394 -203.656351 26.991564
slice8/query/img_02276_c1_1287504005536902us.jpg 0.044962 0.056909 0.710068 -0.700388 648.984120 -204.238754 26.989578
slice8/query/img_02277_c1_1287504005670256us.jpg 0.045793 0.056766 0.709105 -0.701321 649.814485 -205.403180 26.981709
slice8/query/img_02278_c1_1287504005736866us.jpg 0.046117 0.056812 0.709026 -0.701375 650.224941 -205.980821 26.980744
slice8/query/img_02279_c1_1287504005803479us.jpg 0.046453 0.056998 0.708946 -0.701419 650.632936 -206.554635 26.978273
slice8/query/img_02280_c1_1287504005936854us.jpg 0.047017 0.057374 0.708465 -0.701837 651.445569 -207.702896 26.970007
slice8/query/img_02281_c1_1287504006003444us.jpg 0.047204 0.057788 0.708112 -0.702146 651.850118 -208.271881 26.965625
slice8/query/img_02282_c1_1287504006070182us.jpg 0.047288 0.058263 0.707759 -0.702458 652.252689 -208.840369 26.962423
slice8/query/img_02283_c1_1287504006203411us.jpg 0.047627 0.059213 0.707450 -0.702667 653.054917 -209.988301 26.950505
slice8/query/img_02284_c1_1287504006270166us.jpg 0.047792 0.059530 0.707413 -0.702666 653.455473 -210.561210 26.947338
slice8/query/img_02285_c1_1287504006336758us.jpg 0.048098 0.059816 0.707411 -0.702622 653.855754 -211.135166 26.941132
slice8/query/img_02286_c1_1287504006470130us.jpg 0.048578 0.060704 0.707809 -0.702113 654.651700 -212.282263 26.931451
slice8/query/img_02287_c1_1287504006536723us.jpg 0.048818 0.060909 0.707894 -0.701992 655.048485 -212.858243 26.925762
slice8/query/img_02288_c1_1287504006603335us.jpg 0.049081 0.061071 0.708125 -0.701727 655.445511 -213.430938 26.921171
slice8/query/img_02289_c1_1287504006736706us.jpg 0.048958 0.061487 0.708051 -0.701774 656.231386 -214.572597 26.910789
slice8/query/img_02290_c1_1287504006870036us.jpg 0.049078 0.061999 0.707779 -0.701994 657.023639 -215.714586 26.898085
slice8/query/img_02291_c1_1287504007003347us.jpg 0.048721 0.061867 0.707408 -0.702405 657.814727 -216.864175 26.886466
slice8/query/img_02292_c1_1287504007070001us.jpg 0.048436 0.061623 0.707357 -0.702497 658.211303 -217.439949 26.881458
slice8/query/img_02293_c1_1287504007136613us.jpg 0.048026 0.061283 0.707366 -0.702546 658.609745 -218.013195 26.877238
slice8/query/img_02294_c1_1287504007269968us.jpg 0.046736 0.060874 0.707766 -0.702266 659.406432 -219.171655 26.867263
slice8/query/img_02295_c1_1287504007336576us.jpg 0.045865 0.060533 0.707896 -0.702222 659.803987 -219.749633 26.862529
slice8/query/img_02296_c1_1287504007403189us.jpg 0.045230 0.059984 0.708071 -0.702134 660.205941 -220.330041 26.858005
slice8/query/img_02297_c1_1287504007536545us.jpg 0.043354 0.059231 0.708410 -0.701974 661.009057 -221.487196 26.847762
slice8/query/img_02298_c1_1287504007603158us.jpg 0.042484 0.058941 0.708502 -0.701959 661.413493 -222.065755 26.842357
slice8/query/img_02299_c1_1287504007669891us.jpg 0.041929 0.058532 0.708746 -0.701780 661.823069 -222.644396 26.838517
slice8/query/img_02300_c1_1287504007736505us.jpg 0.041194 0.058021 0.708781 -0.701830 662.231143 -223.222450 26.835266
slice8/query/img_02301_c1_1287504007869858us.jpg 0.040386 0.056666 0.709203 -0.701562 663.062020 -224.387267 26.829002
slice8/query/img_02302_c1_1287504007936467us.jpg 0.039852 0.056597 0.709458 -0.701340 663.478088 -224.969436 26.824215
slice8/query/img_02303_c1_1287504008003081us.jpg 0.039387 0.056693 0.709701 -0.701113 663.893594 -225.553127 26.818934
slice8/query/img_02304_c1_1287504008136455us.jpg 0.039224 0.056954 0.710079 -0.700718 664.729749 -226.718829 26.808665
slice8/query/img_02305_c1_1287504008203048us.jpg 0.039493 0.057003 0.709897 -0.700883 665.148512 -227.299032 26.803003
slice8/query/img_02306_c1_1287504008269782us.jpg 0.039607 0.057256 0.709912 -0.700841 665.566992 -227.879453 26.797684
slice8/query/img_02307_c1_1287504008403010us.jpg 0.039697 0.058314 0.709714 -0.700949 666.404696 -229.046278 26.785229
slice8/query/img_02308_c1_1287504008469748us.jpg 0.039621 0.059225 0.709556 -0.701037 666.821114 -229.627261 26.778514
slice8/query/img_02309_c1_1287504008536359us.jpg 0.039653 0.060086 0.709463 -0.701056 667.238007 -230.208249 26.772385
slice8/query/img_02310_c1_1287504008602973us.jpg 0.039902 0.060458 0.709272 -0.701203 667.653794 -230.787833 26.768452
slice8/query/img_02311_c1_1287504008736345us.jpg 0.041179 0.060204 0.708940 -0.701487 668.490294 -231.952525 26.767097
slice8/query/img_02312_c1_1287504008802935us.jpg 0.041909 0.060014 0.708636 -0.701767 668.905438 -232.536175 26.765310
slice8/query/img_02313_c1_1287504008869673us.jpg 0.042477 0.060556 0.708394 -0.701931 669.317723 -233.114716 26.762975
slice8/query/img_02314_c1_1287504009003490us.jpg 0.044129 0.061519 0.707938 -0.702205 670.145582 -234.277513 26.759658
slice8/query/img_02315_c1_1287504009069660us.jpg 0.044993 0.061480 0.707797 -0.702296 670.557185 -234.859347 26.761074
slice8/query/img_02316_c1_1287504009136250us.jpg 0.045422 0.061564 0.707666 -0.702392 670.966687 -235.443028 26.759366
slice8/query/img_02317_c1_1287504009202863us.jpg 0.045285 0.062275 0.707347 -0.702660 671.370870 -236.020058 26.756253
slice8/query/img_02318_c1_1287504009336231us.jpg 0.044835 0.064677 0.707438 -0.702380 672.183180 -237.184501 26.747379
slice8/query/img_02319_c1_1287504009402827us.jpg 0.044859 0.065265 0.707657 -0.702104 672.587611 -237.766992 26.745845
slice8/query/img_02320_c1_1287504009469565us.jpg 0.045034 0.065559 0.707547 -0.702176 672.992767 -238.346747 26.745155
slice8/query/img_02321_c1_1287504009602793us.jpg 0.044991 0.065197 0.707513 -0.702246 673.799203 -239.507984 26.746897
slice8/query/img_02322_c1_1287504009669529us.jpg 0.044532 0.065655 0.707275 -0.702473 674.199414 -240.088446 26.746189
slice8/query/img_02323_c1_1287504009736141us.jpg 0.043682 0.066501 0.707184 -0.702539 674.596080 -240.665210 26.743898
slice8/query/img_02324_c1_1287504009802754us.jpg 0.042696 0.067574 0.706867 -0.702816 674.992270 -241.237186 26.740840
slice8/query/img_02325_c1_1287504009936110us.jpg 0.041033 0.067678 0.706265 -0.703509 675.785423 -242.381979 26.746240
slice8/query/img_02326_c1_1287504010002718us.jpg 0.040291 0.067202 0.706238 -0.703625 676.181776 -242.954904 26.749885
slice8/query/img_02327_c1_1287504010069459us.jpg 0.039767 0.066475 0.706302 -0.703660 676.578600 -243.527882 26.755640
slice8/query/img_02328_c1_1287504010136070us.jpg 0.039460 0.065829 0.706480 -0.703559 676.976171 -244.097198 26.762798
slice8/query/img_02329_c1_1287504010269424us.jpg 0.039649 0.063630 0.706270 -0.703961 677.778404 -245.224495 26.785724
slice8/query/img_02330_c1_1287504010336033us.jpg 0.039862 0.062180 0.705778 -0.704572 678.181169 -245.786216 26.796603
slice8/query/img_02331_c1_1287504010402646us.jpg 0.039984 0.060646 0.705621 -0.704856 678.580678 -246.347065 26.804121
slice8/query/img_02332_c1_1287504010469384us.jpg 0.039907 0.059684 0.705681 -0.704883 678.981080 -246.905375 26.808528
slice8/query/img_02333_c1_1287504010602632us.jpg 0.038650 0.058882 0.706941 -0.703757 679.775139 -248.020078 26.816823
slice8/query/img_02334_c1_1287504010669348us.jpg 0.037804 0.059025 0.708004 -0.702721 680.172129 -248.577679 26.816986
slice8/query/img_02335_c1_1287504010735960us.jpg 0.036731 0.059036 0.709109 -0.701662 680.566261 -249.132925 26.816664
slice8/query/img_02336_c1_1287504010869334us.jpg 0.034592 0.059475 0.710823 -0.699997 681.359576 -250.241251 26.817554
slice8/query/img_02337_c1_1287504010935946us.jpg 0.033349 0.059619 0.710758 -0.700112 681.754930 -250.791082 26.816628
slice8/query/img_02338_c1_1287504011002537us.jpg 0.032030 0.060583 0.710202 -0.700655 682.150966 -251.336030 26.814488
slice8/query/img_02339_c1_1287504011069274us.jpg 0.030901 0.062271 0.709289 -0.701482 682.546846 -251.878274 26.809330
slice8/query/img_02340_c1_1287504011202502us.jpg 0.030591 0.063396 0.707903 -0.702794 683.342507 -252.959594 26.812324
slice8/query/img_02341_c1_1287504011269239us.jpg 0.031486 0.062518 0.707973 -0.702762 683.739779 -253.504454 26.821862
slice8/query/img_02342_c1_1287504011335851us.jpg 0.032748 0.061633 0.708127 -0.702627 684.136776 -254.051456 26.832369
slice8/query/img_02343_c1_1287504011402465us.jpg 0.034265 0.061163 0.708643 -0.702075 684.534335 -254.594971 26.841761
slice8/query/img_02344_c1_1287504011535818us.jpg 0.036123 0.062974 0.709237 -0.701222 685.319334 -255.674550 26.847634
slice8/query/img_02345_c1_1287504011602428us.jpg 0.036952 0.064279 0.708563 -0.701742 685.710876 -256.212079 26.848179
slice8/query/img_02346_c1_1287504011669168us.jpg 0.037693 0.064986 0.707439 -0.702770 686.099633 -256.747171 26.848719
slice8/query/img_02347_c1_1287504011802400us.jpg 0.038161 0.065934 0.705412 -0.704692 686.871233 -257.825954 26.854772
slice8/query/img_02348_c1_1287504011869130us.jpg 0.037992 0.067196 0.705229 -0.704765 687.251717 -258.367243 26.857071
slice8/query/img_02349_c1_1287504011935744us.jpg 0.037468 0.068520 0.705694 -0.704200 687.629895 -258.910188 26.859641
slice8/query/img_02350_c1_1287504012002356us.jpg 0.036661 0.069502 0.706078 -0.703761 688.005197 -259.452396 26.865153
slice8/query/img_02351_c1_1287504012135707us.jpg 0.034982 0.069856 0.706811 -0.703075 688.759248 -260.537174 26.887937
slice8/query/img_02352_c1_1287504012202319us.jpg 0.034286 0.069932 0.706944 -0.702968 689.139732 -261.076779 26.899049
slice8/query/img_02353_c1_1287504012269057us.jpg 0.033590 0.069991 0.707105 -0.702834 689.519262 -261.614020 26.912523
slice8/query/img_02354_c1_1287504012402306us.jpg 0.032389 0.069806 0.707463 -0.702548 690.284854 -262.684927 26.937847
slice8/query/img_02355_c1_1287504012469043us.jpg 0.031829 0.069477 0.707350 -0.702720 690.668801 -263.220698 26.951431
slice8/query/img_02357_c1_1287504012602247us.jpg 0.029973 0.068957 0.706982 -0.703224 691.436454 -264.291038 26.980316
slice8/query/img_02358_c1_1287504012735597us.jpg 0.027969 0.069238 0.706496 -0.703766 692.205221 -265.367728 27.006824
slice8/query/img_02359_c1_1287504012802212us.jpg 0.027296 0.069153 0.706528 -0.703769 692.591192 -265.906144 27.021395
slice8/query/img_02360_c1_1287504012935566us.jpg 0.026373 0.068277 0.706225 -0.704194 693.370135 -266.989598 27.054637
slice8/query/img_02361_c1_1287504013002180us.jpg 0.026105 0.067619 0.706043 -0.704450 693.763003 -267.533625 27.071359
slice8/query/img_02362_c1_1287504013068912us.jpg 0.025792 0.067117 0.705888 -0.704664 694.157657 -268.077959 27.086951
slice8/query/img_02363_c1_1287504013135525us.jpg 0.025477 0.066685 0.705774 -0.704831 694.553612 -268.622893 27.103739
slice8/query/img_02364_c1_1287504013268879us.jpg 0.024700 0.065647 0.705206 -0.705525 695.348956 -269.712568 27.140751
slice8/query/img_02365_c1_1287504013335489us.jpg 0.024476 0.064950 0.704496 -0.706306 695.749681 -270.257293 27.158231
slice8/query/img_02366_c1_1287504013402102us.jpg 0.024207 0.064321 0.703712 -0.707154 696.150988 -270.803388 27.176370
slice8/query/img_02367_c1_1287504013468840us.jpg 0.024089 0.063870 0.703236 -0.707672 696.555103 -271.348405 27.196936
slice8/query/img_02368_c1_1287504013602088us.jpg 0.024720 0.063299 0.702061 -0.708867 697.382123 -272.450179 27.236675
slice8/query/img_02369_c1_1287504013668806us.jpg 0.025252 0.063033 0.701592 -0.709337 697.800847 -273.007104 27.256892
slice8/query/img_02370_c1_1287504013735417us.jpg 0.025641 0.062656 0.701153 -0.709789 698.218976 -273.568659 27.276419
slice8/query/img_02371_c1_1287504013802030us.jpg 0.026055 0.062501 0.700644 -0.710290 698.638269 -274.127525 27.297719
slice8/query/img_02372_c1_1287504013935403us.jpg 0.026995 0.063256 0.700117 -0.710709 699.482566 -275.263774 27.335750
slice8/query/img_02373_c1_1287504014002017us.jpg 0.027495 0.063562 0.699889 -0.710886 699.905086 -275.835561 27.357918
slice8/query/img_02374_c1_1287504014068731us.jpg 0.027996 0.063797 0.699663 -0.711068 700.328785 -276.405746 27.378784
slice8/query/img_02375_c1_1287504014135345us.jpg 0.028549 0.064021 0.699630 -0.711058 700.752554 -276.982290 27.398617
slice8/query/img_02376_c1_1287504014268697us.jpg 0.029133 0.064984 0.699455 -0.711119 701.603185 -278.144958 27.441579
slice8/query/img_02377_c1_1287504014335308us.jpg 0.029343 0.065561 0.699421 -0.711092 702.029346 -278.730229 27.462099
slice8/query/img_02378_c1_1287504014401921us.jpg 0.029661 0.066115 0.699229 -0.711216 702.456561 -279.319747 27.482176
slice8/query/img_02379_c1_1287504014535295us.jpg 0.030096 0.067335 0.698999 -0.711310 703.311529 -280.505770 27.524674
slice8/query/img_02380_c1_1287504014601905us.jpg 0.030476 0.067831 0.698998 -0.711246 703.739406 -281.103764 27.546041
slice8/query/img_02381_c1_1287504014668623us.jpg 0.030752 0.068295 0.698801 -0.711384 704.169745 -281.703422 27.567586
slice8/query/img_02382_c1_1287504014735236us.jpg 0.031078 0.068674 0.698725 -0.711408 704.601431 -282.303373 27.589401
slice8/query/img_02383_c1_1287504014868611us.jpg 0.031559 0.069234 0.698328 -0.711722 705.469604 -283.514436 27.633420
slice8/query/img_02384_c1_1287504014935207us.jpg 0.031615 0.069656 0.698526 -0.711484 705.906141 -284.123558 27.654219
slice8/query/img_02385_c1_1287504015001813us.jpg 0.031370 0.070110 0.698740 -0.711240 706.340458 -284.737680 27.676881
slice8/query/img_02386_c1_1287504015068552us.jpg 0.031001 0.070412 0.698711 -0.711256 706.775628 -285.353874 27.700080
slice8/query/img_02387_c1_1287504015201779us.jpg 0.029886 0.071389 0.698227 -0.711681 707.651964 -286.587972 27.744581
slice8/query/img_02388_c1_1287504015268534us.jpg 0.029397 0.071546 0.697751 -0.712152 708.093452 -287.205826 27.768677
slice8/query/img_02389_c1_1287504015335127us.jpg 0.029099 0.071716 0.697279 -0.712610 708.538085 -287.824917 27.794671
slice8/query/img_02390_c1_1287504015401741us.jpg 0.028979 0.071414 0.696769 -0.713143 708.984974 -288.444687 27.822462
slice8/query/img_02391_c1_1287504015535093us.jpg 0.029164 0.070294 0.695844 -0.714149 709.887228 -289.694782 27.881536
slice8/query/img_02392_c1_1287504015601704us.jpg 0.029196 0.069798 0.695382 -0.714647 710.338313 -290.319844 27.912235
