slice8/query/img_03197_c1_1288106509374225us.jpg 0.126535 0.133722 -0.701906 0.688067 569.972333 -111.218927 28.878162
slice8/query/img_03198_c1_1288106509440840us.jpg 0.120360 0.131626 -0.700779 0.690722 570.788496 -111.571486 28.846335
slice8/query/img_03199_c1_1288106509574216us.jpg 0.110502 0.121361 -0.702102 0.692902 572.355716 -112.307410 28.786302
slice8/query/img_03200_c1_1288106509640811us.jpg 0.105891 0.115226 -0.703916 0.692830 573.136709 -112.692531 28.751502
slice8/query/img_03201_c1_1288106509707421us.jpg 0.102548 0.108518 -0.705550 0.692753 573.904386 -113.092225 28.714369
slice8/query/img_03202_c1_1288106509774160us.jpg 0.101632 0.099870 -0.706153 0.693574 574.651006 -113.498785 28.672760
slice8/query/img_03203_c1_1288106509840774us.jpg 0.099230 0.092594 -0.706096 0.694988 575.398058 -113.916052 28.636787
slice8/query/img_03204_c1_1288106509974132us.jpg 0.089129 0.083546 -0.707078 0.696504 576.896787 -114.786529 28.592711
slice8/query/img_03205_c1_1288106510040747us.jpg 0.082389 0.080194 -0.707967 0.696824 577.638511 -115.227841 28.577980
slice8/query/img_03206_c1_1288106510107356us.jpg 0.075249 0.076795 -0.708430 0.697544 578.378245 -115.677591 28.565811
slice8/query/img_03207_c1_1288106510174095us.jpg 0.069030 0.072770 -0.708318 0.698731 579.102054 -116.139018 28.551972
slice8/query/img_03208_c1_1288106510307345us.jpg 0.058627 0.062891 -0.707609 0.701354 580.526820 -117.090687 28.507637
slice8/query/img_03209_c1_1288106510374085us.jpg 0.053710 0.058824 -0.708242 0.701461 581.229481 -117.590486 28.486433
slice8/query/img_03210_c1_1288106510440676us.jpg 0.048724 0.054556 -0.709380 0.701020 581.924567 -118.097228 28.465728
slice8/query/img_03211_c1_1288106510507291us.jpg 0.044480 0.049288 -0.710264 0.700798 582.607205 -118.609008 28.442298
slice8/query/img_03212_c1_1288106510574030us.jpg 0.040763 0.042937 -0.710370 0.701334 583.279100 -119.125359 28.412975
slice8/query/img_03213_c1_1288106510640644us.jpg 0.036991 0.036309 -0.709891 0.702401 583.939833 -119.644529 28.383620
slice8/query/img_03214_c1_1288106510774002us.jpg 0.028456 0.025491 -0.706890 0.706291 585.241379 -120.719728 28.344241
slice8/query/img_03215_c1_1288106510840632us.jpg 0.023844 0.021170 -0.705543 0.707949 585.877471 -121.270063 28.332172
slice8/query/img_03216_c1_1288106510907225us.jpg 0.019454 0.016640 -0.705199 0.708547 586.505539 -121.833086 28.322009
slice8/query/img_03217_c1_1288106510973964us.jpg 0.014926 0.012267 -0.705919 0.708029 587.123437 -122.407798 28.316083
slice8/query/img_03218_c1_1288106511107216us.jpg 0.005743 0.003809 -0.707821 0.706359 588.335468 -123.577402 28.310608
slice8/query/img_03219_c1_1288106511173953us.jpg 0.000665 -0.000242 -0.708849 0.705360 588.933765 -124.173775 28.306259
slice8/query/img_03220_c1_1288106511240546us.jpg 0.004506 0.004258 0.709581 -0.704596 589.524664 -124.775787 28.296728
slice8/query/img_03221_c1_1288106511307160us.jpg 0.009269 0.008272 0.709660 -0.704435 590.104085 -125.380140 28.284180
slice8/query/img_03222_c1_1288106511373900us.jpg 0.013332 0.011890 0.709328 -0.704652 590.669535 -125.990860 28.271460
slice8/query/img_03223_c1_1288106511507134us.jpg 0.019626 0.019837 0.708640 -0.705018 591.804768 -127.259571 28.230939
slice8/query/img_03224_c1_1288106511573889us.jpg 0.021139 0.023814 0.708965 -0.704525 592.354311 -127.909066 28.207487
slice8/query/img_03225_c1_1288106511640481us.jpg 0.022094 0.027640 0.709845 -0.703468 592.899766 -128.566813 28.186425
slice8/query/img_03226_c1_1288106511707095us.jpg 0.022612 0.030815 0.711022 -0.702130 593.441007 -129.230881 28.165876
slice8/query/img_03227_c1_1288106511840469us.jpg 0.023176 0.035591 0.713278 -0.699593 594.522641 -130.574081 28.129399
slice8/query/img_03228_c1_1288106511907086us.jpg 0.023817 0.036813 0.714047 -0.698723 595.064795 -131.251653 28.113196
slice8/query/img_03229_c1_1288106511973802us.jpg 0.024914 0.037409 0.714168 -0.698529 595.611992 -131.932483 28.095085
slice8/query/img_03230_c1_1288106512040417us.jpg 0.026298 0.037513 0.713877 -0.698771 596.159907 -132.615889 28.078070
slice8/query/img_03231_c1_1288106512173791us.jpg 0.029300 0.037447 0.712405 -0.700156 597.258349 -133.980250 28.040670
slice8/query/img_03232_c1_1288106512240386us.jpg 0.030657 0.037193 0.711463 -0.701068 597.809431 -134.666957 28.020963
slice8/query/img_03233_c1_1288106512306999us.jpg 0.031571 0.037214 0.710634 -0.701867 598.356727 -135.354365 27.999409
slice8/query/img_03234_c1_1288106512373745us.jpg 0.032163 0.037372 0.710228 -0.702242 598.904465 -136.050695 27.980272
slice8/query/img_03235_c1_1288106512440352us.jpg 0.032710 0.037386 0.710216 -0.702229 599.452531 -136.748001 27.960612
slice8/query/img_03236_c1_1288106512640324us.jpg 0.033341 0.037860 0.710271 -0.702119 601.100497 -138.838947 27.904927
slice8/query/img_03237_c1_1288106512774399us.jpg 0.033801 0.039327 0.710377 -0.701908 602.206531 -140.254749 27.858615
slice8/query/img_03238_c1_1288106512840290us.jpg 0.033882 0.040049 0.710523 -0.701716 602.753030 -140.958605 27.839522
slice8/query/img_03239_c1_1288106512906902us.jpg 0.033849 0.040380 0.710635 -0.701586 603.298542 -141.662396 27.821158
slice8/query/img_03240_c1_1288106512973640us.jpg 0.033832 0.040217 0.710879 -0.701348 603.843916 -142.368978 27.802552
slice8/query/img_03241_c1_1288106513040255us.jpg 0.033650 0.040109 0.711099 -0.701140 604.387922 -143.073552 27.784274
slice8/query/img_03242_c1_1288106513173614us.jpg 0.033848 0.041004 0.711415 -0.700758 605.477764 -144.472675 27.748593
slice8/query/img_03243_c1_1288106513240228us.jpg 0.034244 0.041358 0.710948 -0.701192 606.021366 -145.172343 27.729490
slice8/query/img_03244_c1_1288106513306837us.jpg 0.035043 0.040928 0.709944 -0.702194 606.565607 -145.871725 27.712872
slice8/query/img_03245_c1_1288106513373576us.jpg 0.035917 0.040349 0.708851 -0.703287 607.110529 -146.568576 27.699848
slice8/query/img_03246_c1_1288106513506810us.jpg 0.037265 0.039709 0.707417 -0.704696 608.204234 -147.976190 27.669106
slice8/query/img_03247_c1_1288106513573566us.jpg 0.037671 0.039641 0.707205 -0.704891 608.750312 -148.683847 27.654379
slice8/query/img_03248_c1_1288106513640158us.jpg 0.038149 0.039402 0.707127 -0.704957 609.293142 -149.391004 27.641222
slice8/query/img_03249_c1_1288106513706773us.jpg 0.038669 0.039420 0.707065 -0.704989 609.837034 -150.096300 27.629452
slice8/query/img_03250_c1_1288106513773513us.jpg 0.039221 0.039161 0.706936 -0.705102 610.379660 -150.800766 27.616130
slice8/query/img_03251_c1_1288106513906767us.jpg 0.040456 0.039763 0.707221 -0.704714 611.468920 -152.217076 27.584336
slice8/query/img_03252_c1_1288106513973501us.jpg 0.041109 0.039829 0.707914 -0.703975 612.010545 -152.927314 27.571092
slice8/query/img_03253_c1_1288106514040093us.jpg 0.041578 0.039791 0.708664 -0.703196 612.548447 -153.635491 27.554320
slice8/query/img_03254_c1_1288106514106709us.jpg 0.041721 0.039621 0.709350 -0.702504 613.083100 -154.345996 27.537331
slice8/query/img_03255_c1_1288106514173448us.jpg 0.041528 0.040074 0.709693 -0.702144 613.615816 -155.052379 27.516043
slice8/query/img_03256_c1_1288106514373438us.jpg 0.040619 0.042746 0.708950 -0.702789 615.222111 -157.171833 27.444509
slice8/query/img_03257_c1_1288106514506675us.jpg 0.041139 0.042973 0.707893 -0.703810 616.292140 -158.587137 27.407419
slice8/query/img_03258_c1_1288106514573408us.jpg 0.041670 0.042793 0.707642 -0.704042 616.824831 -159.292254 27.393293
slice8/query/img_03259_c1_1288106514639997us.jpg 0.042210 0.042499 0.707576 -0.704094 617.355401 -159.997185 27.379791
slice8/query/img_03260_c1_1288106514839969us.jpg 0.042555 0.043554 0.707186 -0.704400 618.950477 -162.132448 27.334679
slice8/query/img_03261_c1_1288106514973341us.jpg 0.042651 0.044349 0.706758 -0.704774 620.006661 -163.549611 27.305281
slice8/query/img_03262_c1_1288106515039936us.jpg 0.042684 0.044949 0.706799 -0.704693 620.534272 -164.258210 27.290653
slice8/query/img_03263_c1_1288106515106547us.jpg 0.042766 0.045432 0.707090 -0.704365 621.059406 -164.963337 27.278607
slice8/query/img_03264_c1_1288106515173286us.jpg 0.042830 0.045733 0.707297 -0.704134 621.582041 -165.670094 27.265345
slice8/query/img_03265_c1_1288106515239900us.jpg 0.042761 0.046277 0.707312 -0.704088 622.103450 -166.373041 27.251796
slice8/query/img_03266_c1_1288106515373257us.jpg 0.042254 0.048111 0.707058 -0.704250 623.144268 -167.782588 27.224721
slice8/query/img_03267_c1_1288106515439890us.jpg 0.042068 0.048896 0.706899 -0.704367 623.664907 -168.488626 27.212184
slice8/query/img_03268_c1_1288106515506483us.jpg 0.042020 0.049227 0.706743 -0.704503 624.181131 -169.192479 27.202125
slice8/query/img_03269_c1_1288106515573222us.jpg 0.042041 0.049725 0.706590 -0.704621 624.698011 -169.895583 27.192712
slice8/query/img_03270_c1_1288106515706777us.jpg 0.042389 0.050491 0.706980 -0.704154 625.732456 -171.307881 27.173479
slice8/query/img_03271_c1_1288106515773193us.jpg 0.042593 0.050955 0.707330 -0.703756 626.248757 -172.011170 27.165613
slice8/query/img_03272_c1_1288106515839805us.jpg 0.042648 0.051278 0.707578 -0.703481 626.759279 -172.712697 27.156621
slice8/query/img_03273_c1_1288106515906418us.jpg 0.042615 0.051850 0.707648 -0.703371 627.270679 -173.413342 27.146311
slice8/query/img_03274_c1_1288106516039772us.jpg 0.041875 0.054192 0.707634 -0.703252 628.288266 -174.814342 27.122657
slice8/query/img_03275_c1_1288106516106386us.jpg 0.041365 0.055367 0.707388 -0.703438 628.794285 -175.513613 27.113071
slice8/query/img_03276_c1_1288106516173126us.jpg 0.041336 0.055673 0.707096 -0.703710 629.300449 -176.210260 27.105851
slice8/query/img_03277_c1_1288106516306377us.jpg 0.042046 0.056201 0.706835 -0.703888 630.314808 -177.606968 27.096304
slice8/query/img_03278_c1_1288106516373094us.jpg 0.042649 0.056185 0.706571 -0.704118 630.820449 -178.303857 27.095028
slice8/query/img_03279_c1_1288106516439708us.jpg 0.043345 0.056221 0.706244 -0.704400 631.325628 -178.999546 27.093233
slice8/query/img_03280_c1_1288106516573083us.jpg 0.044417 0.056647 0.705385 -0.705160 632.327731 -180.387242 27.086302
slice8/query/img_03281_c1_1288106516639679us.jpg 0.044610 0.056757 0.704796 -0.705727 632.825612 -181.077755 27.083388
slice8/query/img_03282_c1_1288106516773042us.jpg 0.045364 0.057758 0.704920 -0.705474 633.816699 -182.463141 27.077699
slice8/query/img_03283_c1_1288106516839644us.jpg 0.045689 0.057988 0.705928 -0.704426 634.308414 -183.157094 27.078917
slice8/query/img_03284_c1_1288106516906259us.jpg 0.045715 0.057846 0.706809 -0.703552 634.794504 -183.846449 27.078568
slice8/query/img_03285_c1_1288106517039618us.jpg 0.046181 0.057886 0.707619 -0.702703 635.767590 -185.221405 27.073166
slice8/query/img_03286_c1_1288106517106227us.jpg 0.046366 0.058249 0.707668 -0.702611 636.249353 -185.901394 27.070629
slice8/query/img_03287_c1_1288106517172966us.jpg 0.046602 0.058481 0.707356 -0.702891 636.725689 -186.575869 27.068771
slice8/query/img_03288_c1_1288106517239581us.jpg 0.047064 0.058563 0.706888 -0.703324 637.202414 -187.245937 27.066563
slice8/query/img_03289_c1_1288106517372936us.jpg 0.048271 0.057983 0.706303 -0.703878 638.142434 -188.574717 27.065436
slice8/query/img_03290_c1_1288106517439570us.jpg 0.048817 0.057775 0.706370 -0.703790 638.609690 -189.235804 27.066270
slice8/query/img_03291_c1_1288106517506164us.jpg 0.048741 0.058225 0.706691 -0.703436 639.071510 -189.893098 27.065670
slice8/query/img_03292_c1_1288106517639678us.jpg 0.048471 0.059180 0.707940 -0.702118 639.986944 -191.202510 27.060655
slice8/query/img_03293_c1_1288106517706153us.jpg 0.048263 0.059534 0.708428 -0.701609 640.441535 -191.854630 27.056540
slice8/query/img_03294_c1_1288106517772872us.jpg 0.048095 0.059768 0.708868 -0.701157 640.890797 -192.501701 27.052643
slice8/query/img_03295_c1_1288106517839486us.jpg 0.047742 0.060317 0.709136 -0.700863 641.336863 -193.142871 27.048728
slice8/query/img_03296_c1_1288106517972843us.jpg 0.048110 0.060529 0.709418 -0.700534 642.229489 -194.420450 27.041252
slice8/query/img_03297_c1_1288106518039455us.jpg 0.048434 0.060560 0.709278 -0.700651 642.671839 -195.050564 27.038893
slice8/query/img_03298_c1_1288106518106068us.jpg 0.048645 0.060296 0.709130 -0.700809 643.108742 -195.678243 27.036785
slice8/query/img_03299_c1_1288106518172806us.jpg 0.048804 0.060224 0.708981 -0.700955 643.545077 -196.301499 27.034629
slice8/query/img_03300_c1_1288106518306038us.jpg 0.048909 0.060326 0.708574 -0.701350 644.409749 -197.540641 27.029180
slice8/query/img_03301_c1_1288106518372774us.jpg 0.049011 0.060437 0.708607 -0.701299 644.837239 -198.155575 27.026758
slice8/query/img_03302_c1_1288106518506008us.jpg 0.048920 0.060688 0.708695 -0.701195 645.687506 -199.378724 27.020575
slice8/query/img_03303_c1_1288106518572748us.jpg 0.048893 0.060649 0.708824 -0.701070 646.109050 -199.986535 27.017709
slice8/query/img_03304_c1_1288106518639358us.jpg 0.048847 0.060529 0.708819 -0.701089 646.528096 -200.589654 27.015310
slice8/query/img_03305_c1_1288106518705972us.jpg 0.048807 0.060365 0.708821 -0.701104 646.945027 -201.188670 27.012750
slice8/query/img_03306_c1_1288106518839351us.jpg 0.048672 0.060359 0.708962 -0.700971 647.770038 -202.376970 27.005891
slice8/query/img_03307_c1_1288106518905964us.jpg 0.048547 0.060287 0.708873 -0.701077 648.178108 -202.965476 27.001902
slice8/query/img_03308_c1_1288106518972680us.jpg 0.048390 0.059938 0.708831 -0.701160 648.583203 -203.550355 26.998285
slice8/query/img_03309_c1_1288106519039296us.jpg 0.048067 0.059870 0.708695 -0.701324 648.986283 -204.130537 26.994741
slice8/query/img_03310_c1_1288106519105910us.jpg 0.047555 0.059323 0.708661 -0.701441 649.385907 -204.707095 26.992004
slice8/query/img_03311_c1_1288106519239286us.jpg 0.046874 0.057973 0.708862 -0.701396 650.183211 -205.850871 26.988634
slice8/query/img_03312_c1_1288106519305900us.jpg 0.046546 0.057299 0.709081 -0.701252 650.578494 -206.413479 26.987170
slice8/query/img_03313_c1_1288106519372617us.jpg 0.046378 0.056441 0.709226 -0.701186 650.972487 -206.969276 26.985602
slice8/query/img_03314_c1_1288106519439231us.jpg 0.046173 0.055630 0.709308 -0.701182 651.361363 -207.521036 26.983625
slice8/query/img_03315_c1_1288106519505846us.jpg 0.045987 0.054667 0.709375 -0.701201 651.749006 -208.066606 26.981258
slice8/query/img_03316_c1_1288106519639202us.jpg 0.045519 0.052998 0.709681 -0.701051 652.515799 -209.139476 26.978641
slice8/query/img_03317_c1_1288106519705816us.jpg 0.045088 0.052143 0.709855 -0.700967 652.892572 -209.667982 26.975929
slice8/query/img_03318_c1_1288106519772554us.jpg 0.044608 0.051277 0.710037 -0.700877 653.267360 -210.187980 26.974301
slice8/query/img_03319_c1_1288106519839168us.jpg 0.044358 0.050207 0.710364 -0.700639 653.638592 -210.704921 26.973305
slice8/query/img_03320_c1_1288106519905783us.jpg 0.044021 0.049453 0.710525 -0.700550 654.006255 -211.209321 26.969675
slice8/query/img_03321_c1_1288106520039141us.jpg 0.043481 0.048257 0.711038 -0.700146 654.729316 -212.201188 26.964499
slice8/query/img_03322_c1_1288106520105759us.jpg 0.043337 0.047413 0.711224 -0.700025 655.083550 -212.684415 26.962583
slice8/query/img_03323_c1_1288106520172490us.jpg 0.043095 0.046748 0.711236 -0.700072 655.433060 -213.160350 26.959561
slice8/query/img_03324_c1_1288106520239105us.jpg 0.042771 0.045981 0.711285 -0.700093 655.775934 -213.626809 26.957087
slice8/query/img_03326_c1_1288106520439076us.jpg 0.042273 0.044455 0.711374 -0.700132 656.781421 -214.987818 26.943826
slice8/query/img_03327_c1_1288106520505689us.jpg 0.042221 0.043692 0.711070 -0.700491 657.107069 -215.422569 26.940585
slice8/query/img_03328_c1_1288106520572429us.jpg 0.042175 0.042923 0.710857 -0.700758 657.426044 -215.848912 26.938045
slice8/query/img_03330_c1_1288106520772402us.jpg 0.042361 0.042135 0.710164 -0.701497 658.356614 -217.084203 26.928195
slice8/query/img_03332_c1_1288106520905625us.jpg 0.043758 0.041932 0.709580 -0.702014 658.952151 -217.869924 26.925042
slice8/query/img_03333_c1_1288106520972364us.jpg 0.044646 0.042582 0.709237 -0.702265 659.238599 -218.249787 26.922873
slice8/query/img_03334_c1_1288106521105616us.jpg 0.046632 0.044318 0.708819 -0.702451 659.795419 -218.993175 26.917148
slice8/query/img_03335_c1_1288106521172337us.jpg 0.047572 0.045133 0.708849 -0.702306 660.061909 -219.354680 26.915656
slice8/query/img_03337_c1_1288106521305562us.jpg 0.048858 0.047360 0.709185 -0.701731 660.574639 -220.059677 26.909912
slice8/query/img_03339_c1_1288106521505554us.jpg 0.051076 0.050308 0.709409 -0.701141 661.300131 -221.071790 26.902509
slice8/query/img_03341_c1_1288106521638884us.jpg 0.052407 0.052203 0.709478 -0.700835 661.751822 -221.711138 26.897254
slice8/query/img_03342_c1_1288106521772261us.jpg 0.053161 0.053907 0.709331 -0.700798 662.186328 -222.328472 26.890320
slice8/query/img_03344_c1_1288106521905468us.jpg 0.053325 0.054130 0.709790 -0.700303 662.596916 -222.925491 26.885098
slice8/query/img_03345_c1_1288106522038823us.jpg 0.053189 0.055193 0.710568 -0.699441 662.989089 -223.494651 26.879080
slice8/query/img_03347_c1_1288106522238812us.jpg 0.052740 0.055033 0.710579 -0.699477 663.543547 -224.295120 26.872150
slice8/query/img_03349_c1_1288106522372146us.jpg 0.052126 0.054394 0.710915 -0.699231 663.889627 -224.792972 26.868026
slice8/query/img_03350_c1_1288106522505395us.jpg 0.051384 0.054460 0.711176 -0.699015 664.215486 -225.260534 26.863273
slice8/query/img_03352_c1_1288106522705633us.jpg 0.050475 0.053994 0.711116 -0.699179 664.671197 -225.911163 26.855759
slice8/query/img_03355_c1_1288106522905312us.jpg 0.049675 0.053067 0.711590 -0.698825 665.082222 -226.499055 26.852107
slice8/query/img_03358_c1_1288106523172019us.jpg 0.048474 0.053169 0.712158 -0.698322 665.558582 -227.179758 26.844778
slice8/query/img_03361_c1_1288106523438629us.jpg 0.048136 0.051742 0.711801 -0.698816 665.964056 -227.748691 26.841566
slice8/query/img_03364_c1_1288106523838565us.jpg 0.046357 0.052401 0.712586 -0.698087 666.412908 -228.390284 26.833422
slice8/query/img_03374_c1_1288106524771773us.jpg 0.044118 0.054751 0.710444 -0.700233 666.919993 -229.096615 26.815084
slice8/query/img_03452_c1_1288106531503993us.jpg 0.039038 0.059906 0.705419 -0.705175 667.272772 -229.592758 26.784859
slice8/query/img_03457_c1_1288106531970667us.jpg 0.038315 0.060989 0.704401 -0.706138 667.683134 -230.171930 26.782646
slice8/query/img_03460_c1_1288106532238010us.jpg 0.038989 0.060890 0.704494 -0.706017 668.040657 -230.669977 26.781387
slice8/query/img_03463_c1_1288106532437221us.jpg 0.039739 0.060814 0.704049 -0.706426 668.358816 -231.108384 26.778649
slice8/query/img_03465_c1_1288106532637192us.jpg 0.040549 0.060243 0.703612 -0.706864 668.718536 -231.606805 26.778304
slice8/query/img_03468_c1_1288106532903780us.jpg 0.040458 0.061990 0.703676 -0.706654 669.259411 -232.370082 26.773014
slice8/query/img_03470_c1_1288106533037130us.jpg 0.040916 0.062863 0.703510 -0.706717 669.562481 -232.792299 26.769945
slice8/query/img_03471_c1_1288106533237102us.jpg 0.042970 0.061271 0.702471 -0.707767 670.056332 -233.476045 26.772784
slice8/query/img_03472_c1_1288106533370487us.jpg 0.043940 0.060918 0.702631 -0.707579 670.403460 -233.962565 26.771675
slice8/query/img_03474_c1_1288106533570446us.jpg 0.043765 0.062474 0.703622 -0.706469 670.944860 -234.738414 26.766010
slice8/query/img_03475_c1_1288106533637057us.jpg 0.043729 0.062643 0.703459 -0.706618 671.132249 -235.005565 26.763687
slice8/query/img_03477_c1_1288106533770394us.jpg 0.043585 0.062360 0.702405 -0.707700 671.516235 -235.550594 26.760571
slice8/query/img_03478_c1_1288106533903644us.jpg 0.043706 0.062223 0.702004 -0.708102 671.914598 -236.116405 26.758045
slice8/query/img_03479_c1_1288106534103671us.jpg 0.043538 0.062680 0.702010 -0.708066 672.534089 -237.005230 26.753060
slice8/query/img_03480_c1_1288106534303566us.jpg 0.043388 0.062155 0.702858 -0.707280 673.188420 -237.932977 26.755301
slice8/query/img_03481_c1_1288106534370303us.jpg 0.043181 0.063094 0.703225 -0.706844 673.417812 -238.242460 26.750870
slice8/query/img_03483_c1_1288106534570275us.jpg 0.043687 0.061435 0.702791 -0.707391 674.127870 -239.210276 26.744223
slice8/query/img_03485_c1_1288106534703504us.jpg 0.042212 0.062123 0.702245 -0.707962 674.594137 -239.877059 26.727142
slice8/query/img_03487_c1_1288106534903498us.jpg 0.039118 0.064646 0.700944 -0.709202 675.311283 -240.910485 26.725095
slice8/query/img_03489_c1_1288106535036828us.jpg 0.037820 0.064427 0.700268 -0.709961 675.811006 -241.631132 26.729445
slice8/query/img_03490_c1_1288106535103443us.jpg 0.037627 0.064419 0.700462 -0.709780 676.069408 -241.998662 26.732623
slice8/query/img_03491_c1_1288106535236802us.jpg 0.038135 0.063162 0.700717 -0.709614 676.601184 -242.748346 26.745221
slice8/query/img_03492_c1_1288106535303416us.jpg 0.038425 0.062228 0.700600 -0.709796 676.872687 -243.130280 26.751054
slice8/query/img_03494_c1_1288106535436769us.jpg 0.038502 0.061621 0.700433 -0.710009 677.426378 -243.905992 26.758576
slice8/query/img_03495_c1_1288106535570125us.jpg 0.038788 0.060537 0.699583 -0.710925 677.997093 -244.699005 26.766941
slice8/query/img_03496_c1_1288106535636748us.jpg 0.038860 0.059570 0.699128 -0.711450 678.287262 -245.103106 26.772484
slice8/query/img_03497_c1_1288106535703353us.jpg 0.038799 0.059351 0.698969 -0.711628 678.580394 -245.510421 26.775675
slice8/query/img_03498_c1_1288106535770094us.jpg 0.038812 0.059556 0.699114 -0.711468 678.874791 -245.920861 26.778361
slice8/query/img_03499_c1_1288106535903348us.jpg 0.039059 0.059251 0.699731 -0.710873 679.477693 -246.759858 26.787616
slice8/query/img_03500_c1_1288106535970063us.jpg 0.039043 0.059019 0.700210 -0.710421 679.780245 -247.187524 26.792200
slice8/query/img_03501_c1_1288106536036679us.jpg 0.039006 0.059114 0.700646 -0.709985 680.087917 -247.618405 26.795824
slice8/query/img_03502_c1_1288106536103294us.jpg 0.038795 0.059335 0.701211 -0.709421 680.397678 -248.052745 26.798677
slice8/query/img_03503_c1_1288106536236672us.jpg 0.037823 0.059482 0.702634 -0.708051 681.023988 -248.941085 26.802890
slice8/query/img_03504_c1_1288106536303264us.jpg 0.037391 0.060159 0.703221 -0.707434 681.341411 -249.389970 26.802400
slice8/query/img_03505_c1_1288106536370003us.jpg 0.036853 0.060627 0.703365 -0.707279 681.663325 -249.840760 26.801237
slice8/query/img_03506_c1_1288106536503238us.jpg 0.035656 0.061193 0.702592 -0.708060 682.315301 -250.753087 26.801164
slice8/query/img_03507_c1_1288106536570001us.jpg 0.034859 0.062815 0.702121 -0.708424 682.644352 -251.211506 26.798709
slice8/query/img_03508_c1_1288106536769947us.jpg 0.032854 0.065133 0.702096 -0.708336 683.650126 -252.623525 26.804695
slice8/query/img_03509_c1_1288106536903195us.jpg 0.032804 0.063824 0.703897 -0.706668 684.337991 -253.594913 26.824760
slice8/query/img_03511_c1_1288106537103168us.jpg 0.034106 0.063347 0.705205 -0.705344 685.403219 -255.066404 26.847697
slice8/query/img_03512_c1_1288106537169884us.jpg 0.034448 0.063327 0.704306 -0.706226 685.762596 -255.561927 26.851370
slice8/query/img_03513_c1_1288106537303137us.jpg 0.035017 0.063241 0.701782 -0.708714 686.492656 -256.558709 26.856620
slice8/query/img_03514_c1_1288106537436471us.jpg 0.034362 0.063154 0.700421 -0.710099 687.226948 -257.578221 26.866781
slice8/query/img_03515_c1_1288106537503087us.jpg 0.033747 0.063637 0.700753 -0.709758 687.594416 -258.095320 26.872953
slice8/query/img_03516_c1_1288106537636550us.jpg 0.032686 0.065187 0.701549 -0.708880 688.338753 -259.142431 26.889769
slice8/query/img_03517_c1_1288106537703056us.jpg 0.032469 0.065351 0.701723 -0.708703 688.713960 -259.670670 26.900579
slice8/query/img_03518_c1_1288106537903027us.jpg 0.032485 0.065851 0.701278 -0.709097 689.861903 -261.263959 26.938467
slice8/query/img_03519_c1_1288106538036382us.jpg 0.032529 0.066018 0.701194 -0.709161 690.641517 -262.344026 26.966046
slice8/query/img_03520_c1_1288106538169737us.jpg 0.031976 0.066647 0.701635 -0.708692 691.425674 -263.445784 26.989555
slice8/query/img_03521_c1_1288106538236372us.jpg 0.031470 0.067324 0.701805 -0.708483 691.820074 -264.000398 27.000063
slice8/query/img_03522_c1_1288106538302966us.jpg 0.030821 0.067868 0.701805 -0.708458 692.214749 -264.553950 27.013274
slice8/query/img_03523_c1_1288106538502936us.jpg 0.030631 0.068134 0.700882 -0.709355 693.427986 -266.242609 27.054484
slice8/query/img_03524_c1_1288106538702930us.jpg 0.032067 0.066905 0.699970 -0.710308 694.668680 -267.959487 27.105346
slice8/query/img_03525_c1_1288106538769646us.jpg 0.032465 0.066368 0.699409 -0.710893 695.087681 -268.540319 27.122290
slice8/query/img_03526_c1_1288106538836262us.jpg 0.032719 0.066167 0.698916 -0.711385 695.507396 -269.123525 27.137668
slice8/query/img_03527_c1_1288106538902877us.jpg 0.032669 0.066347 0.698452 -0.711826 695.928523 -269.707629 27.153204
slice8/query/img_03528_c1_1288106539036235us.jpg 0.032639 0.066217 0.697811 -0.712467 696.784056 -270.898803 27.185029
slice8/query/img_03529_c1_1288106539102868us.jpg 0.032756 0.066061 0.697237 -0.713038 697.214729 -271.499142 27.201552
slice8/query/img_03530_c1_1288106539169587us.jpg 0.032894 0.065734 0.696719 -0.713568 697.651123 -272.100326 27.219966
slice8/query/img_03531_c1_1288106539236203us.jpg 0.033028 0.065800 0.696339 -0.713927 698.087808 -272.702799 27.239351
slice8/query/img_03532_c1_1288106539369581us.jpg 0.033693 0.065305 0.695151 -0.715098 698.972160 -273.926669 27.279254
slice8/query/img_03533_c1_1288106539436175us.jpg 0.034087 0.064766 0.694586 -0.715677 699.417362 -274.542645 27.300879
slice8/query/img_03534_c1_1288106539636165us.jpg 0.034812 0.064314 0.694187 -0.716070 700.771006 -276.416213 27.371292
slice8/query/img_03535_c1_1288106539769531us.jpg 0.034813 0.064292 0.694186 -0.716073 701.685492 -277.684335 27.418311
slice8/query/img_03536_c1_1288106539969471us.jpg 0.034036 0.064972 0.694011 -0.716218 703.071363 -279.624385 27.482448
slice8/query/img_03537_c1_1288106540102733us.jpg 0.033909 0.065291 0.693843 -0.716359 704.009313 -280.936935 27.526267
slice8/query/img_03538_c1_1288106540169462us.jpg 0.034028 0.065532 0.693912 -0.716264 704.481818 -281.595536 27.549892
slice8/query/img_03539_c1_1288106540236055us.jpg 0.034214 0.065674 0.693861 -0.716292 704.957120 -282.255846 27.573399
slice8/query/img_03540_c1_1288106540302670us.jpg 0.034277 0.065427 0.693696 -0.716471 705.433384 -282.919026 27.598552
slice8/query/img_03541_c1_1288106540436052us.jpg 0.034185 0.065579 0.693908 -0.716256 706.393052 -284.261125 27.649884
slice8/query/img_03542_c1_1288106540635996us.jpg 0.032684 0.067020 0.693702 -0.716392 707.845402 -286.287914 27.724231
slice8/query/img_03543_c1_1288106540835999us.jpg 0.031352 0.068074 0.692321 -0.717687 709.316667 -288.329100 27.804193
