slice8/query/img_03989_c1_1288792673320720us.jpg 0.160655 0.152934 -0.705190 0.673430 570.933526 -111.523892 28.896207
slice8/query/img_03990_c1_1288792673454073us.jpg 0.156919 0.143175 -0.705659 0.675960 571.917728 -111.888917 28.858571
slice8/query/img_03991_c1_1288792673520683us.jpg 0.153592 0.138932 -0.706056 0.677195 572.417460 -112.068130 28.832572
slice8/query/img_03992_c1_1288792673587296us.jpg 0.150231 0.135311 -0.706477 0.678242 572.923223 -112.261874 28.806110
slice8/query/img_03993_c1_1288792673720670us.jpg 0.142871 0.127674 -0.707031 0.680731 573.945925 -112.682307 28.767987
slice8/query/img_03994_c1_1288792673787281us.jpg 0.139994 0.122411 -0.706274 0.683077 574.449008 -112.893804 28.751407
slice8/query/img_03995_c1_1288792673853998us.jpg 0.136595 0.116987 -0.705193 0.685827 574.953227 -113.108928 28.731308
slice8/query/img_03996_c1_1288792673987246us.jpg 0.125559 0.107594 -0.705008 0.689654 575.987708 -113.577165 28.702876
slice8/query/img_03997_c1_1288792674053984us.jpg 0.118896 0.104196 -0.705874 0.690470 576.508297 -113.828993 28.699468
slice8/query/img_03998_c1_1288792674120575us.jpg 0.111720 0.101157 -0.706608 0.691369 577.024238 -114.085044 28.693843
slice8/query/img_04000_c1_1288792674320559us.jpg 0.094168 0.088645 -0.707494 0.694785 578.586178 -114.918666 28.642159
slice8/query/img_04001_c1_1288792674387155us.jpg 0.089893 0.082502 -0.707895 0.695699 579.096823 -115.214368 28.619832
slice8/query/img_04002_c1_1288792674453888us.jpg 0.086321 0.075960 -0.707862 0.696929 579.602947 -115.522217 28.598980
slice8/query/img_04003_c1_1288792674587120us.jpg 0.078077 0.063846 -0.707792 0.699184 580.614152 -116.164244 28.561671
slice8/query/img_04004_c1_1288792674653853us.jpg 0.071972 0.059498 -0.708616 0.699388 581.123223 -116.503576 28.552031
slice8/query/img_04006_c1_1288792674854141us.jpg 0.051145 0.050346 -0.712615 0.697875 582.657485 -117.587068 28.542105
slice8/query/img_04007_c1_1288792674920450us.jpg 0.045696 0.045819 -0.711827 0.699367 583.168088 -117.964430 28.526692
slice8/query/img_04008_c1_1288792674987040us.jpg 0.041652 0.039305 -0.710322 0.701543 583.671455 -118.349067 28.499919
slice8/query/img_04009_c1_1288792675053778us.jpg 0.038729 0.031381 -0.708839 0.703607 584.163050 -118.742569 28.466305
slice8/query/img_04010_c1_1288792675187026us.jpg 0.032375 0.016746 -0.707704 0.705568 585.142463 -119.576085 28.415925
slice8/query/img_04011_c1_1288792675253763us.jpg 0.028445 0.010897 -0.707984 0.705571 585.632218 -120.013310 28.402686
slice8/query/img_04012_c1_1288792675320354us.jpg 0.024066 0.006259 -0.708656 0.705116 586.122573 -120.462576 28.398223
slice8/query/img_04013_c1_1288792675386968us.jpg 0.019335 0.002168 -0.709435 0.704502 586.607753 -120.923359 28.393492
slice8/query/img_04014_c1_1288792675520341us.jpg 0.008596 -0.005985 -0.710921 0.703194 587.570467 -121.867194 28.384306
slice8/query/img_04015_c1_1288792675586951us.jpg 0.002851 -0.009640 -0.710608 0.703516 588.047747 -122.347653 28.380216
slice8/query/img_04016_c1_1288792675653668us.jpg 0.002970 0.013100 0.709725 -0.704351 588.521122 -122.834761 28.373483
slice8/query/img_04017_c1_1288792675786918us.jpg 0.013461 0.019626 0.708113 -0.705698 589.464206 -123.844102 28.358451
slice8/query/img_04018_c1_1288792675853634us.jpg 0.017355 0.023280 0.708095 -0.705520 589.926954 -124.366920 28.346149
slice8/query/img_04019_c1_1288792675920244us.jpg 0.020039 0.026957 0.708496 -0.704915 590.381977 -124.902724 28.331383
slice8/query/img_04020_c1_1288792675986858us.jpg 0.021648 0.030364 0.709224 -0.703996 590.833559 -125.447907 28.317505
slice8/query/img_04021_c1_1288792676120231us.jpg 0.022725 0.036948 0.711071 -0.701781 591.736449 -126.570790 28.278553
slice8/query/img_04022_c1_1288792676186821us.jpg 0.022775 0.039532 0.712111 -0.700583 592.187510 -127.143866 28.258950
slice8/query/img_04023_c1_1288792676253559us.jpg 0.022979 0.041430 0.712817 -0.699748 592.636352 -127.720145 28.240909
slice8/query/img_04024_c1_1288792676386808us.jpg 0.025149 0.043135 0.713029 -0.699354 593.557680 -128.877223 28.215424
slice8/query/img_04025_c1_1288792676453542us.jpg 0.026773 0.043265 0.712712 -0.699609 594.023311 -129.461267 28.205460
slice8/query/img_04026_c1_1288792676520134us.jpg 0.028536 0.043276 0.712474 -0.699782 594.487096 -130.046775 28.195349
slice8/query/img_04027_c1_1288792676586748us.jpg 0.030031 0.043267 0.712097 -0.700103 594.950926 -130.634457 28.182777
slice8/query/img_04028_c1_1288792676720104us.jpg 0.032183 0.044110 0.711930 -0.700124 595.884554 -131.840099 28.150599
slice8/query/img_04029_c1_1288792676786712us.jpg 0.032483 0.044664 0.712177 -0.699824 596.353340 -132.451701 28.133533
slice8/query/img_04030_c1_1288792676853449us.jpg 0.032802 0.044939 0.712623 -0.699337 596.823693 -133.064438 28.114925
slice8/query/img_04031_c1_1288792676920063us.jpg 0.033060 0.045615 0.712922 -0.698976 597.294475 -133.682846 28.096120
slice8/query/img_04032_c1_1288792677053434us.jpg 0.033437 0.046822 0.712536 -0.699273 598.243579 -134.930303 28.054956
slice8/query/img_04033_c1_1288792677120026us.jpg 0.034091 0.047218 0.712201 -0.699556 598.722281 -135.556323 28.037454
slice8/query/img_04034_c1_1288792677186637us.jpg 0.035002 0.046782 0.711596 -0.700156 599.203623 -136.188322 28.019897
slice8/query/img_04035_c1_1288792677320012us.jpg 0.037282 0.045654 0.710414 -0.701311 600.176249 -137.461755 27.982692
slice8/query/img_04036_c1_1288792677386603us.jpg 0.037881 0.045004 0.709950 -0.701791 600.662430 -138.103136 27.967535
slice8/query/img_04037_c1_1288792677453339us.jpg 0.038236 0.045214 0.709893 -0.701815 601.147419 -138.745336 27.950376
slice8/query/img_04038_c1_1288792677519952us.jpg 0.038041 0.045946 0.710104 -0.701566 601.629658 -139.389111 27.932512
slice8/query/img_04039_c1_1288792677653306us.jpg 0.036654 0.048461 0.710592 -0.700976 602.601384 -140.694744 27.880125
slice8/query/img_04040_c1_1288792677719937us.jpg 0.035885 0.049029 0.711093 -0.700468 603.087740 -141.353959 27.861354
slice8/query/img_04041_c1_1288792677786529us.jpg 0.035062 0.049224 0.711673 -0.699907 603.577178 -142.019016 27.844730
slice8/query/img_04042_c1_1288792677920630us.jpg 0.034193 0.048971 0.712549 -0.699076 604.565685 -143.345065 27.810787
slice8/query/img_04043_c1_1288792677986493us.jpg 0.034328 0.049233 0.712487 -0.699114 605.067166 -144.008438 27.793167
slice8/query/img_04044_c1_1288792678053232us.jpg 0.034920 0.049448 0.712059 -0.699505 605.571252 -144.670677 27.777336
slice8/query/img_04045_c1_1288792678119843us.jpg 0.035666 0.049023 0.711035 -0.700539 606.076808 -145.337426 27.763215
slice8/query/img_04046_c1_1288792678253219us.jpg 0.037393 0.047190 0.708577 -0.703060 607.094289 -146.671553 27.733749
slice8/query/img_04047_c1_1288792678319807us.jpg 0.037749 0.046621 0.707980 -0.703681 607.602504 -147.344419 27.719199
slice8/query/img_04048_c1_1288792678386419us.jpg 0.037740 0.046822 0.708015 -0.703632 608.109552 -148.023017 27.704847
slice8/query/img_04049_c1_1288792678453157us.jpg 0.037385 0.047173 0.708232 -0.703409 608.615426 -148.704292 27.690217
slice8/query/img_04050_c1_1288792678586409us.jpg 0.037473 0.047156 0.708522 -0.703114 609.636861 -150.071686 27.662636
slice8/query/img_04051_c1_1288792678653121us.jpg 0.038007 0.046765 0.708336 -0.703299 610.151414 -150.756270 27.650848
slice8/query/img_04052_c1_1288792678719733us.jpg 0.038697 0.046637 0.708206 -0.703401 610.665544 -151.440518 27.639255
slice8/query/img_04053_c1_1288792678853086us.jpg 0.040379 0.045873 0.708520 -0.703039 611.701688 -152.808247 27.610997
slice8/query/img_04054_c1_1288792678919697us.jpg 0.041291 0.045512 0.709402 -0.702120 612.220702 -153.500726 27.599650
slice8/query/img_04055_c1_1288792678986310us.jpg 0.041747 0.045183 0.710147 -0.701361 612.739412 -154.195597 27.582416
slice8/query/img_04056_c1_1288792679119683us.jpg 0.040822 0.046556 0.710956 -0.700506 613.772039 -155.593613 27.535391
slice8/query/img_04057_c1_1288792679186365us.jpg 0.040195 0.047683 0.710851 -0.700573 614.287171 -156.291910 27.511095
slice8/query/img_04058_c1_1288792679253010us.jpg 0.039966 0.048673 0.710459 -0.700915 614.805000 -156.991224 27.488297
slice8/query/img_04059_c1_1288792679319629us.jpg 0.040160 0.048895 0.709806 -0.701549 615.324320 -157.689201 27.468534
slice8/query/img_04060_c1_1288792679452978us.jpg 0.041386 0.048947 0.708723 -0.702569 616.370579 -159.091069 27.433718
slice8/query/img_04061_c1_1288792679519586us.jpg 0.042100 0.048472 0.708492 -0.702793 616.895717 -159.793926 27.421746
slice8/query/img_04062_c1_1288792679586200us.jpg 0.042552 0.048363 0.708239 -0.703028 617.417406 -160.496137 27.407697
slice8/query/img_04063_c1_1288792679719555us.jpg 0.042849 0.049309 0.707839 -0.703347 618.464539 -161.910581 27.378743
slice8/query/img_04064_c1_1288792679786164us.jpg 0.042756 0.050093 0.707671 -0.703466 618.987102 -162.612705 27.362409
slice8/query/img_04065_c1_1288792679852902us.jpg 0.042625 0.050414 0.707566 -0.703556 619.507631 -163.325930 27.348512
slice8/query/img_04066_c1_1288792679986131us.jpg 0.042478 0.051830 0.708220 -0.702804 620.550833 -164.752560 27.318054
slice8/query/img_04067_c1_1288792680052865us.jpg 0.042364 0.052595 0.708635 -0.702336 621.073812 -165.470534 27.305280
slice8/query/img_04068_c1_1288792680119477us.jpg 0.042232 0.053119 0.708750 -0.702189 621.594027 -166.185486 27.290823
slice8/query/img_04069_c1_1288792680252894us.jpg 0.041906 0.054239 0.708325 -0.702551 622.642442 -167.623989 27.265200
slice8/query/img_04070_c1_1288792680319441us.jpg 0.042087 0.054754 0.708005 -0.702823 623.168240 -168.343278 27.252529
slice8/query/img_04071_c1_1288792680386053us.jpg 0.042264 0.055280 0.707722 -0.703056 623.694765 -169.066716 27.241340
slice8/query/img_04072_c1_1288792680452791us.jpg 0.042476 0.055633 0.707635 -0.703103 624.219107 -169.789926 27.232064
slice8/query/img_04073_c1_1288792680586039us.jpg 0.042758 0.056505 0.707917 -0.702733 625.263743 -171.250069 27.211819
slice8/query/img_04074_c1_1288792680652754us.jpg 0.042851 0.057089 0.708421 -0.702171 625.788520 -171.981015 27.204839
slice8/query/img_04075_c1_1288792680719368us.jpg 0.042774 0.057618 0.708763 -0.701787 626.312371 -172.712728 27.196505
slice8/query/img_04076_c1_1288792680785980us.jpg 0.042687 0.058050 0.708984 -0.701534 626.834681 -173.445126 27.186378
slice8/query/img_04077_c1_1288792680919354us.jpg 0.042103 0.059720 0.708998 -0.701415 627.876277 -174.905908 27.163595
slice8/query/img_04078_c1_1288792680985944us.jpg 0.041719 0.060689 0.708776 -0.701579 628.396989 -175.637740 27.154486
slice8/query/img_04079_c1_1288792681052681us.jpg 0.041460 0.061133 0.708568 -0.701766 628.920657 -176.375002 27.145062
slice8/query/img_04080_c1_1288792681119294us.jpg 0.041251 0.061450 0.708605 -0.701713 629.441044 -177.112925 27.139460
slice8/query/img_04081_c1_1288792681252670us.jpg 0.041227 0.061472 0.708895 -0.701419 630.484970 -178.588824 27.125661
slice8/query/img_04082_c1_1288792681319257us.jpg 0.041385 0.061523 0.708947 -0.701353 631.009182 -179.328072 27.118843
slice8/query/img_04083_c1_1288792681385870us.jpg 0.041343 0.061741 0.708823 -0.701462 631.531321 -180.064172 27.114775
slice8/query/img_04084_c1_1288792681519223us.jpg 0.041238 0.062205 0.707973 -0.702285 632.579745 -181.524263 27.103203
slice8/query/img_04085_c1_1288792681652593us.jpg 0.041104 0.062942 0.708371 -0.701826 633.620666 -183.007376 27.088770
slice8/query/img_04086_c1_1288792681719186us.jpg 0.040844 0.063359 0.709173 -0.700993 634.140572 -183.743063 27.083844
slice8/query/img_04087_c1_1288792681852558us.jpg 0.039853 0.063833 0.710911 -0.699244 635.185940 -185.231499 27.071263
slice8/query/img_04088_c1_1288792681919148us.jpg 0.039025 0.064549 0.711451 -0.698676 635.706745 -185.976043 27.063103
slice8/query/img_04089_c1_1288792681985761us.jpg 0.038061 0.065687 0.711508 -0.698565 636.225395 -186.715858 27.052440
slice8/query/img_04090_c1_1288792682052499us.jpg 0.037557 0.066356 0.711255 -0.698787 636.746146 -187.453340 27.044918
slice8/query/img_04091_c1_1288792682185726us.jpg 0.038056 0.065826 0.710730 -0.699344 637.792443 -188.935693 27.037635
slice8/query/img_04092_c1_1288792682252462us.jpg 0.038594 0.065506 0.710801 -0.699272 638.314996 -189.674742 27.036851
slice8/query/img_04093_c1_1288792682319075us.jpg 0.038949 0.065299 0.711108 -0.698959 638.835855 -190.410167 27.037113
slice8/query/img_04094_c1_1288792682452428us.jpg 0.038849 0.065609 0.711912 -0.698117 639.874599 -191.880663 27.024103
slice8/query/img_04095_c1_1288792682519039us.jpg 0.038225 0.065774 0.712294 -0.697746 640.392168 -192.621636 27.018005
slice8/query/img_04096_c1_1288792682585651us.jpg 0.037662 0.065959 0.712660 -0.697386 640.909241 -193.357299 27.010973
slice8/query/img_04097_c1_1288792682652389us.jpg 0.037339 0.065915 0.713029 -0.697030 641.428184 -194.093393 27.006346
slice8/query/img_04098_c1_1288792682785641us.jpg 0.037083 0.065877 0.713130 -0.696944 642.466313 -195.563697 26.994904
slice8/query/img_04099_c1_1288792682852352us.jpg 0.037442 0.065466 0.712757 -0.697345 642.988969 -196.294314 26.989823
slice8/query/img_04100_c1_1288792682918966us.jpg 0.037848 0.065188 0.712187 -0.697931 643.510492 -197.025044 26.985531
slice8/query/img_04101_c1_1288792683052339us.jpg 0.038419 0.064473 0.711040 -0.699135 644.551841 -198.484079 26.980037
slice8/query/img_04102_c1_1288792683118951us.jpg 0.038584 0.064051 0.710777 -0.699432 645.069384 -199.216631 26.974843
slice8/query/img_04103_c1_1288792683185541us.jpg 0.038460 0.063849 0.710773 -0.699461 645.586961 -199.946515 26.972350
slice8/query/img_04104_c1_1288792683252280us.jpg 0.038319 0.063908 0.710737 -0.699500 646.104278 -200.674402 26.967060
slice8/query/img_04105_c1_1288792683385511us.jpg 0.038128 0.063654 0.710690 -0.699582 647.146034 -202.138164 26.956705
slice8/query/img_04106_c1_1288792683452243us.jpg 0.038114 0.063597 0.710662 -0.699616 647.664792 -202.867318 26.953249
slice8/query/img_04107_c1_1288792683585491us.jpg 0.038419 0.062949 0.710196 -0.700131 648.703039 -204.323677 26.948269
slice8/query/img_04108_c1_1288792683652208us.jpg 0.038569 0.062437 0.709795 -0.700574 649.223741 -205.052963 26.947818
slice8/query/img_04109_c1_1288792683718819us.jpg 0.038826 0.061937 0.709278 -0.701128 649.744048 -205.782046 26.944994
slice8/query/img_04110_c1_1288792683852193us.jpg 0.039692 0.060822 0.708788 -0.701673 650.788392 -207.241930 26.942090
slice8/query/img_04111_c1_1288792683918783us.jpg 0.039966 0.060447 0.708589 -0.701891 651.308841 -207.970224 26.936701
slice8/query/img_04112_c1_1288792683985396us.jpg 0.040158 0.060032 0.708591 -0.701913 651.827958 -208.698216 26.932654
slice8/query/img_04113_c1_1288792684052134us.jpg 0.040391 0.060005 0.708715 -0.701777 652.347815 -209.420128 26.932291
slice8/query/img_04114_c1_1288792684185360us.jpg 0.040368 0.059643 0.708797 -0.701727 653.383811 -210.881347 26.920409
slice8/query/img_04115_c1_1288792684252097us.jpg 0.040211 0.059805 0.708936 -0.701581 653.901631 -211.607252 26.915684
slice8/query/img_04116_c1_1288792684318710us.jpg 0.039918 0.059930 0.709103 -0.701419 654.417673 -212.332224 26.909045
slice8/query/img_04117_c1_1288792684452084us.jpg 0.040062 0.059832 0.709150 -0.701371 655.457617 -213.791984 26.896188
slice8/query/img_04118_c1_1288792684518694us.jpg 0.040243 0.059312 0.709044 -0.701512 655.976504 -214.520003 26.890161
slice8/query/img_04119_c1_1288792684585286us.jpg 0.040437 0.058752 0.708909 -0.701684 656.492095 -215.243532 26.884126
slice8/query/img_04120_c1_1288792684652023us.jpg 0.040794 0.058238 0.708700 -0.701917 657.011409 -215.966115 26.880155
slice8/query/img_04121_c1_1288792684785254us.jpg 0.040941 0.057883 0.708102 -0.702542 658.049606 -217.416732 26.870473
slice8/query/img_04122_c1_1288792684852009us.jpg 0.041001 0.057453 0.707739 -0.702939 658.566686 -218.138210 26.864969
slice8/query/img_04123_c1_1288792684918600us.jpg 0.041137 0.057418 0.707463 -0.703212 659.087255 -218.860620 26.857996
slice8/query/img_04124_c1_1288792685051974us.jpg 0.040811 0.057202 0.707218 -0.703495 660.125074 -220.310948 26.846385
slice8/query/img_04125_c1_1288792685118564us.jpg 0.040681 0.057112 0.707346 -0.703381 660.641508 -221.037063 26.841342
slice8/query/img_04126_c1_1288792685185176us.jpg 0.040198 0.057324 0.707646 -0.703090 661.155325 -221.759777 26.837645
slice8/query/img_04127_c1_1288792685318735us.jpg 0.039293 0.058035 0.708356 -0.702367 662.187789 -223.209379 26.831283
slice8/query/img_04128_c1_1288792685385142us.jpg 0.039258 0.057796 0.708446 -0.702299 662.706068 -223.934613 26.825088
slice8/query/img_04129_c1_1288792685451878us.jpg 0.039066 0.057790 0.708720 -0.702033 663.224357 -224.659501 26.821937
slice8/query/img_04130_c1_1288792685518490us.jpg 0.038654 0.058029 0.708965 -0.701789 663.741372 -225.381353 26.816286
slice8/query/img_04131_c1_1288792685651865us.jpg 0.038075 0.058832 0.709750 -0.700959 664.780071 -226.831075 26.803774
slice8/query/img_04132_c1_1288792685718454us.jpg 0.037885 0.059207 0.710010 -0.700675 665.301343 -227.553419 26.797412
slice8/query/img_04133_c1_1288792685785067us.jpg 0.037729 0.059266 0.710195 -0.700491 665.820138 -228.278850 26.790236
slice8/query/img_04134_c1_1288792685851805us.jpg 0.037260 0.059568 0.710282 -0.700402 666.338914 -229.000464 26.783293
slice8/query/img_04135_c1_1288792685985035us.jpg 0.035992 0.060986 0.710060 -0.700571 667.373847 -230.440355 26.768033
slice8/query/img_04136_c1_1288792686051790us.jpg 0.035948 0.061131 0.709697 -0.700928 667.893151 -231.159057 26.764005
slice8/query/img_04137_c1_1288792686118381us.jpg 0.036309 0.060495 0.709236 -0.701432 668.412686 -231.877196 26.761842
slice8/query/img_04138_c1_1288792686184994us.jpg 0.036628 0.059770 0.708623 -0.702096 668.932249 -232.596176 26.761036
slice8/query/img_04139_c1_1288792686318374us.jpg 0.037475 0.059592 0.707934 -0.702762 669.974948 -234.031527 26.758883
slice8/query/img_04140_c1_1288792686384960us.jpg 0.037937 0.059550 0.707840 -0.702835 670.496964 -234.751006 26.760275
slice8/query/img_04141_c1_1288792686451696us.jpg 0.038383 0.059212 0.707675 -0.703005 671.017604 -235.469925 26.762342
slice8/query/img_04142_c1_1288792686584943us.jpg 0.037784 0.059946 0.706860 -0.703796 672.055540 -236.909974 26.752746
slice8/query/img_04143_c1_1288792686651660us.jpg 0.037542 0.060376 0.706801 -0.703831 672.574512 -237.629333 26.750760
slice8/query/img_04144_c1_1288792686718272us.jpg 0.037338 0.060825 0.706836 -0.703768 673.091221 -238.348047 26.749823
slice8/query/img_04145_c1_1288792686851625us.jpg 0.037517 0.060437 0.706470 -0.704160 674.126146 -239.786098 26.753517
slice8/query/img_04146_c1_1288792686918239us.jpg 0.037236 0.060860 0.705964 -0.704645 674.641892 -240.504172 26.755055
slice8/query/img_04147_c1_1288792686984848us.jpg 0.036604 0.061904 0.705155 -0.705397 675.154480 -241.219994 26.753160
slice8/query/img_04148_c1_1288792687051585us.jpg 0.035943 0.062739 0.704537 -0.705974 675.664653 -241.938678 26.753798
slice8/query/img_04149_c1_1288792687184834us.jpg 0.035609 0.062508 0.703881 -0.706666 676.703286 -243.374824 26.767268
slice8/query/img_04150_c1_1288792687251550us.jpg 0.035793 0.062075 0.703988 -0.706588 677.218834 -244.095129 26.775607
slice8/query/img_04151_c1_1288792687318162us.jpg 0.036237 0.061560 0.704086 -0.706512 677.737006 -244.813733 26.786766
slice8/query/img_04152_c1_1288792687384774us.jpg 0.036753 0.061047 0.703894 -0.706722 678.254424 -245.529806 26.798725
slice8/query/img_04153_c1_1288792687518147us.jpg 0.038625 0.059609 0.703399 -0.707237 679.298089 -246.958088 26.815931
slice8/query/img_04154_c1_1288792687584738us.jpg 0.039462 0.059314 0.703461 -0.707155 679.817727 -247.673041 26.820871
slice8/query/img_04155_c1_1288792687651475us.jpg 0.039693 0.059389 0.704104 -0.706495 680.333213 -248.390968 26.824516
slice8/query/img_04156_c1_1288792687784725us.jpg 0.038157 0.060550 0.706392 -0.704193 681.356834 -249.839510 26.824930
slice8/query/img_04157_c1_1288792687851461us.jpg 0.036563 0.061506 0.707226 -0.703357 681.865061 -250.563137 26.819931
slice8/query/img_04158_c1_1288792687918053us.jpg 0.034525 0.063502 0.707549 -0.702958 682.370976 -251.283899 26.814143
slice8/query/img_04159_c1_1288792687984665us.jpg 0.032373 0.066242 0.707287 -0.703071 682.874603 -251.999813 26.805527
slice8/query/img_04160_c1_1288792688118039us.jpg 0.030521 0.068318 0.706906 -0.703339 683.892659 -253.429153 26.809855
slice8/query/img_04161_c1_1288792688184629us.jpg 0.031163 0.066850 0.706898 -0.703459 684.406996 -254.150634 26.824199
slice8/query/img_04162_c1_1288792688251367us.jpg 0.032289 0.065126 0.707123 -0.703344 684.922845 -254.869099 26.839109
slice8/query/img_04163_c1_1288792688317979us.jpg 0.032845 0.064337 0.707458 -0.703054 685.438351 -255.584564 26.853582
slice8/query/img_04164_c1_1288792688451336us.jpg 0.033224 0.064796 0.706902 -0.703553 686.474652 -257.010462 26.868782
slice8/query/img_04165_c1_1288792688517964us.jpg 0.033058 0.064519 0.705707 -0.704785 686.989431 -257.720957 26.875307
slice8/query/img_04166_c1_1288792688584556us.jpg 0.032694 0.064466 0.704502 -0.706012 687.504822 -258.432128 26.883606
slice8/query/img_04167_c1_1288792688651295us.jpg 0.031860 0.064762 0.703721 -0.706801 688.017462 -259.143351 26.892952
slice8/query/img_04168_c1_1288792688784542us.jpg 0.029785 0.066521 0.704220 -0.706231 689.045742 -260.570682 26.928365
slice8/query/img_04169_c1_1288792688851258us.jpg 0.029040 0.067072 0.704754 -0.705676 689.559751 -261.284327 26.950123
slice8/query/img_04170_c1_1288792688917870us.jpg 0.028634 0.067201 0.705270 -0.705166 690.073257 -261.996728 26.972160
slice8/query/img_04171_c1_1288792689051247us.jpg 0.028283 0.067308 0.705485 -0.704955 691.109424 -263.440146 27.004583
slice8/query/img_04172_c1_1288792689117856us.jpg 0.028114 0.067254 0.705248 -0.705203 691.626006 -264.159252 27.019861
slice8/query/img_04173_c1_1288792689184446us.jpg 0.027778 0.067344 0.704853 -0.705603 692.144829 -264.873486 27.037870
slice8/query/img_04174_c1_1288792689251185us.jpg 0.027442 0.067308 0.704154 -0.706318 692.659030 -265.587486 27.054054
slice8/query/img_04175_c1_1288792689384434us.jpg 0.027791 0.066896 0.703273 -0.707219 693.703544 -267.018230 27.091201
slice8/query/img_04176_c1_1288792689451150us.jpg 0.028171 0.066337 0.703039 -0.707490 694.226102 -267.735249 27.112032
slice8/query/img_04177_c1_1288792689517760us.jpg 0.028504 0.065732 0.702784 -0.707786 694.748871 -268.450689 27.134192
slice8/query/img_04178_c1_1288792689651194us.jpg 0.028969 0.064974 0.702385 -0.708233 695.791029 -269.882185 27.177492
slice8/query/img_04179_c1_1288792689717746us.jpg 0.028987 0.064601 0.701792 -0.708854 696.311655 -270.598608 27.196196
slice8/query/img_04180_c1_1288792689784337us.jpg 0.029197 0.064113 0.700991 -0.709682 696.833334 -271.312720 27.215056
slice8/query/img_04181_c1_1288792689851075us.jpg 0.029480 0.063697 0.700269 -0.710420 697.356289 -272.022150 27.236500
slice8/query/img_04182_c1_1288792689917687us.jpg 0.029805 0.063433 0.699644 -0.711046 697.879570 -272.730004 27.260070
slice8/query/img_04183_c1_1288792690051045us.jpg 0.030432 0.062721 0.698369 -0.712334 698.927737 -274.151117 27.309166
slice8/query/img_04184_c1_1288792690117658us.jpg 0.030700 0.062190 0.697757 -0.712969 699.450063 -274.863051 27.334298
slice8/query/img_04185_c1_1288792690184264us.jpg 0.031017 0.061826 0.697401 -0.713336 699.974046 -275.573335 27.361322
slice8/query/img_04186_c1_1288792690251002us.jpg 0.031292 0.061657 0.697160 -0.713573 700.497394 -276.283377 27.386273
slice8/query/img_04187_c1_1288792690384251us.jpg 0.031607 0.061429 0.697100 -0.713638 701.539861 -277.703777 27.440073
slice8/query/img_04188_c1_1288792690450986us.jpg 0.031776 0.061522 0.696828 -0.713888 702.059734 -278.414956 27.463729
slice8/query/img_04189_c1_1288792690517577us.jpg 0.031699 0.061577 0.696551 -0.714156 702.580460 -279.123915 27.488719
slice8/query/img_04190_c1_1288792690584190us.jpg 0.031403 0.061687 0.696344 -0.714363 703.101124 -279.833973 27.515635
slice8/query/img_04191_c1_1288792690650928us.jpg 0.031154 0.061903 0.696232 -0.714463 703.620357 -280.544468 27.542306
slice8/query/img_04192_c1_1288792690784177us.jpg 0.030979 0.062456 0.696037 -0.714613 704.661321 -281.971641 27.593056
slice8/query/img_04193_c1_1288792690850908us.jpg 0.031121 0.062447 0.695886 -0.714755 705.185144 -282.684022 27.619852
slice8/query/img_04194_c1_1288792690917504us.jpg 0.031138 0.062388 0.695677 -0.714963 705.706338 -283.399467 27.647945
slice8/query/img_04195_c1_1288792690984117us.jpg 0.031334 0.062300 0.695612 -0.715025 706.228874 -284.118974 27.676055
slice8/query/img_04196_c1_1288792691050855us.jpg 0.031318 0.062469 0.695545 -0.715076 706.752116 -284.836051 27.700637
slice8/query/img_04197_c1_1288792691184104us.jpg 0.030856 0.063396 0.694917 -0.715625 707.796136 -286.267452 27.753238
slice8/query/img_04198_c1_1288792691250819us.jpg 0.030379 0.063994 0.694314 -0.716177 708.317557 -286.982979 27.780698
slice8/query/img_04199_c1_1288792691317434us.jpg 0.030126 0.064583 0.693797 -0.716636 708.840940 -287.701962 27.808379
slice8/query/img_04200_c1_1288792691384044us.jpg 0.030225 0.064839 0.693351 -0.717041 709.367031 -288.418947 27.838402
slice8/query/img_04201_c1_1288792691517396us.jpg 0.030561 0.064949 0.692516 -0.717823 710.414548 -289.853537 27.906634
