slice8/query/img_03107_c1_1289589908696343us.jpg 0.127553 0.137125 -0.701109 0.688022 571.686487 -111.378228 28.851703
slice8/query/img_03108_c1_1289589908762956us.jpg 0.122982 0.130392 -0.703040 0.688192 572.452625 -111.715682 28.812997
slice8/query/img_03109_c1_1289589908829547us.jpg 0.118300 0.123730 -0.705696 0.687524 573.202450 -112.067858 28.779444
slice8/query/img_03110_c1_1289589908896285us.jpg 0.114578 0.116264 -0.707163 0.687950 573.948957 -112.428339 28.742418
slice8/query/img_03111_c1_1289589909029515us.jpg 0.108788 0.100327 -0.705546 0.693041 575.423695 -113.179327 28.674224
slice8/query/img_03112_c1_1289589909096252us.jpg 0.103704 0.093966 -0.705029 0.695233 576.153404 -113.571294 28.651009
slice8/query/img_03113_c1_1289589909229501us.jpg 0.087819 0.086748 -0.705615 0.697761 577.621045 -114.381618 28.636855
slice8/query/img_03114_c1_1289589909296217us.jpg 0.079668 0.083761 -0.705290 0.699431 578.345293 -114.804302 28.634263
slice8/query/img_03115_c1_1289589909362830us.jpg 0.072709 0.079700 -0.704959 0.700995 579.060777 -115.240425 28.624008
slice8/query/img_03116_c1_1289589909429442us.jpg 0.067497 0.073538 -0.704886 0.702262 579.761320 -115.686225 28.604806
slice8/query/img_03117_c1_1289589909562797us.jpg 0.059054 0.059885 -0.706621 0.702576 581.132996 -116.634159 28.553311
slice8/query/img_03118_c1_1289589909629406us.jpg 0.053837 0.054559 -0.709151 0.700878 581.813493 -117.129539 28.537087
slice8/query/img_03119_c1_1289589909696144us.jpg 0.048091 0.050375 -0.711271 0.699459 582.488825 -117.635184 28.523884
slice8/query/img_03120_c1_1289589909829396us.jpg 0.039312 0.039018 -0.711234 0.700770 583.799793 -118.654010 28.479191
slice8/query/img_03121_c1_1289589909896109us.jpg 0.035509 0.032118 -0.709904 0.702669 584.450788 -119.175983 28.450106
slice8/query/img_03122_c1_1289589909962722us.jpg 0.031884 0.025267 -0.708594 0.704442 585.093392 -119.707929 28.426348
slice8/query/img_03123_c1_1289589910029336us.jpg 0.028203 0.019406 -0.707424 0.705960 585.729294 -120.248751 28.408285
slice8/query/img_03124_c1_1289589910162715us.jpg 0.021076 0.009878 -0.707824 0.706005 586.977813 -121.375462 28.391234
slice8/query/img_03125_c1_1289589910229300us.jpg 0.016976 0.006148 -0.709287 0.704689 587.585839 -121.956507 28.390263
slice8/query/img_03126_c1_1289589910296038us.jpg 0.012766 0.002256 -0.710657 0.703419 588.187016 -122.542599 28.387594
slice8/query/img_03127_c1_1289589910362652us.jpg 0.007966 -0.001201 -0.711572 0.702567 588.783224 -123.131945 28.384794
slice8/query/img_03128_c1_1289589910496026us.jpg 0.003284 0.007594 0.711305 -0.702834 589.967322 -124.324262 28.378693
slice8/query/img_03129_c1_1289589910562616us.jpg 0.008637 0.010466 0.710140 -0.703930 590.549731 -124.929812 28.372097
slice8/query/img_03130_c1_1289589910629229us.jpg 0.013229 0.013075 0.708785 -0.705179 591.116342 -125.535580 28.367654
slice8/query/img_03131_c1_1289589910762605us.jpg 0.020519 0.019475 0.707357 -0.706290 592.260503 -126.800847 28.331364
slice8/query/img_03132_c1_1289589910829217us.jpg 0.022251 0.023869 0.708094 -0.705363 592.807292 -127.444967 28.313605
slice8/query/img_03133_c1_1289589910895932us.jpg 0.023491 0.028140 0.709404 -0.703848 593.349711 -128.097734 28.294176
slice8/query/img_03134_c1_1289589910962545us.jpg 0.024478 0.031693 0.710831 -0.702222 593.882640 -128.753488 28.276801
slice8/query/img_03135_c1_1289589911095901us.jpg 0.026748 0.036965 0.713209 -0.699465 594.949018 -130.082734 28.239561
slice8/query/img_03136_c1_1289589911162531us.jpg 0.028388 0.038061 0.713794 -0.698744 595.483863 -130.753624 28.222793
slice8/query/img_03137_c1_1289589911229124us.jpg 0.030029 0.039078 0.714187 -0.698217 596.011554 -131.421413 28.208345
slice8/query/img_03138_c1_1289589911362478us.jpg 0.033726 0.040718 0.713519 -0.698638 597.091414 -132.772830 28.165650
slice8/query/img_03139_c1_1289589911429092us.jpg 0.035419 0.040965 0.712877 -0.699195 597.619390 -133.446280 28.147766
slice8/query/img_03140_c1_1289589911495826us.jpg 0.036993 0.041218 0.712098 -0.699892 598.144470 -134.120260 28.127652
slice8/query/img_03141_c1_1289589911562440us.jpg 0.037976 0.042399 0.711512 -0.700365 598.665188 -134.791329 28.102703
slice8/query/img_03142_c1_1289589911695815us.jpg 0.038454 0.044970 0.711793 -0.699893 599.701657 -136.148004 28.063372
slice8/query/img_03143_c1_1289589911762405us.jpg 0.038356 0.045489 0.712210 -0.699440 600.212186 -136.829189 28.043842
slice8/query/img_03144_c1_1289589911829018us.jpg 0.038324 0.045588 0.712435 -0.699206 600.722763 -137.512207 28.024347
slice8/query/img_03145_c1_1289589911962374us.jpg 0.038774 0.046577 0.712206 -0.699350 601.750823 -138.875914 27.983792
slice8/query/img_03146_c1_1289589912028982us.jpg 0.039164 0.047488 0.712005 -0.699471 602.262782 -139.552556 27.964051
slice8/query/img_03147_c1_1289589912095723us.jpg 0.039312 0.048457 0.711816 -0.699589 602.771564 -140.233817 27.941981
slice8/query/img_03148_c1_1289589912228969us.jpg 0.039875 0.048622 0.711545 -0.699821 603.793653 -141.594427 27.903736
slice8/query/img_03149_c1_1289589912295686us.jpg 0.039930 0.048323 0.711859 -0.699519 604.295803 -142.277906 27.886143
slice8/query/img_03150_c1_1289589912362299us.jpg 0.039919 0.047996 0.712303 -0.699090 604.796843 -142.959154 27.868116
slice8/query/img_03151_c1_1289589912495654us.jpg 0.040031 0.049429 0.712535 -0.698748 605.811967 -144.316065 27.823383
slice8/query/img_03152_c1_1289589912562264us.jpg 0.040382 0.049852 0.712004 -0.699238 606.319431 -144.990065 27.803512
slice8/query/img_03153_c1_1289589912628877us.jpg 0.041402 0.049247 0.710895 -0.700350 606.831990 -145.666715 27.785274
slice8/query/img_03154_c1_1289589912762228us.jpg 0.042376 0.048085 0.709024 -0.702266 607.853905 -147.023304 27.748616
slice8/query/img_03155_c1_1289589912828841us.jpg 0.042724 0.048044 0.708722 -0.702552 608.360074 -147.700389 27.731948
slice8/query/img_03156_c1_1289589912895578us.jpg 0.043029 0.047749 0.708574 -0.702703 608.861625 -148.376854 27.717884
slice8/query/img_03157_c1_1289589913028828us.jpg 0.043388 0.047283 0.708488 -0.702800 609.871190 -149.729844 27.687149
slice8/query/img_03158_c1_1289589913095545us.jpg 0.043705 0.046921 0.708338 -0.702955 610.373535 -150.404941 27.673924
slice8/query/img_03159_c1_1289589913162158us.jpg 0.044211 0.046792 0.708348 -0.702922 610.875734 -151.080416 27.659651
slice8/query/img_03160_c1_1289589913295531us.jpg 0.044508 0.047063 0.708896 -0.702333 611.877883 -152.429264 27.624759
slice8/query/img_03161_c1_1289589913362122us.jpg 0.045134 0.046620 0.709594 -0.701617 612.377035 -153.106581 27.609230
slice8/query/img_03162_c1_1289589913428735us.jpg 0.045354 0.046036 0.710220 -0.701007 612.872210 -153.779644 27.594410
slice8/query/img_03163_c1_1289589913562264us.jpg 0.045038 0.046398 0.711278 -0.699930 613.866739 -155.125175 27.555399
slice8/query/img_03164_c1_1289589913628720us.jpg 0.044693 0.046753 0.711554 -0.699648 614.357201 -155.797085 27.532998
slice8/query/img_03165_c1_1289589913695438us.jpg 0.044245 0.047037 0.711634 -0.699576 614.844193 -156.465047 27.513674
slice8/query/img_03166_c1_1289589913762050us.jpg 0.044161 0.046865 0.711528 -0.699701 615.333000 -157.128775 27.497025
slice8/query/img_03167_c1_1289589913895425us.jpg 0.044569 0.046307 0.710982 -0.700267 616.313183 -158.446496 27.464153
slice8/query/img_03168_c1_1289589913962037us.jpg 0.044796 0.046063 0.710753 -0.700501 616.799352 -159.103421 27.448347
slice8/query/img_03169_c1_1289589914028630us.jpg 0.044955 0.045714 0.710637 -0.700631 617.281325 -159.754805 27.435673
slice8/query/img_03170_c1_1289589914161986us.jpg 0.044947 0.045469 0.710195 -0.701096 618.240434 -161.046977 27.404466
slice8/query/img_03171_c1_1289589914228594us.jpg 0.044485 0.045612 0.710051 -0.701262 618.708096 -161.684048 27.392363
slice8/query/img_03172_c1_1289589914295331us.jpg 0.044205 0.045720 0.709905 -0.701420 619.178005 -162.320205 27.377809
slice8/query/img_03173_c1_1289589914361945us.jpg 0.044066 0.045575 0.709752 -0.701593 619.643632 -162.945092 27.365673
slice8/query/img_03174_c1_1289589914495318us.jpg 0.043897 0.045978 0.710073 -0.701253 620.577832 -164.212884 27.340489
slice8/query/img_03175_c1_1289589914561909us.jpg 0.043773 0.046336 0.710208 -0.701100 621.042342 -164.842575 27.326835
slice8/query/img_03176_c1_1289589914695264us.jpg 0.043586 0.046815 0.710247 -0.701040 621.965170 -166.087050 27.303202
slice8/query/img_03177_c1_1289589914761874us.jpg 0.043206 0.047222 0.710051 -0.701236 622.419537 -166.703093 27.290436
slice8/query/img_03178_c1_1289589914828488us.jpg 0.042820 0.047828 0.709924 -0.701346 622.871561 -167.319386 27.275419
slice8/query/img_03179_c1_1289589914961844us.jpg 0.042248 0.048857 0.709358 -0.701883 623.771391 -168.541736 27.249335
slice8/query/img_03180_c1_1289589915028472us.jpg 0.042179 0.049173 0.709185 -0.702039 624.216843 -169.149450 27.240157
slice8/query/img_03181_c1_1289589915095190us.jpg 0.042212 0.049269 0.709113 -0.702104 624.659739 -169.753489 27.232223
slice8/query/img_03182_c1_1289589915228454us.jpg 0.042315 0.050047 0.709447 -0.701705 625.538344 -170.950030 27.218066
slice8/query/img_03183_c1_1289589915295156us.jpg 0.042537 0.050452 0.709733 -0.701373 625.975101 -171.543828 27.210171
slice8/query/img_03184_c1_1289589915361768us.jpg 0.042763 0.050648 0.709844 -0.701233 626.407462 -172.135841 27.202212
slice8/query/img_03185_c1_1289589915428381us.jpg 0.042764 0.050935 0.710027 -0.701027 626.834828 -172.725090 27.195289
slice8/query/img_03186_c1_1289589915561734us.jpg 0.042670 0.052035 0.710062 -0.700917 627.687012 -173.892771 27.175441
slice8/query/img_03187_c1_1289589915628346us.jpg 0.042319 0.053256 0.710071 -0.700837 628.107947 -174.474801 27.163965
slice8/query/img_03188_c1_1289589915695085us.jpg 0.041949 0.054323 0.709936 -0.700914 628.525497 -175.052329 27.155385
slice8/query/img_03189_c1_1289589915828334us.jpg 0.042288 0.054476 0.709238 -0.701588 629.359959 -176.195304 27.141105
slice8/query/img_03190_c1_1289589915895049us.jpg 0.042580 0.054574 0.709334 -0.701465 629.773137 -176.764426 27.135209
slice8/query/img_03191_c1_1289589915961663us.jpg 0.042861 0.055034 0.709418 -0.701328 630.181307 -177.329202 27.130988
slice8/query/img_03192_c1_1289589916028276us.jpg 0.043376 0.055185 0.709346 -0.701356 630.587292 -177.889931 27.127846
slice8/query/img_03193_c1_1289589916161657us.jpg 0.044673 0.054764 0.708582 -0.702081 631.396304 -179.001059 27.120250
slice8/query/img_03194_c1_1289589916228241us.jpg 0.045159 0.054972 0.708121 -0.702498 631.795488 -179.553280 27.116263
slice8/query/img_03195_c1_1289589916294978us.jpg 0.045584 0.055342 0.707882 -0.702683 632.189566 -180.099451 27.111807
slice8/query/img_03196_c1_1289589916428206us.jpg 0.045964 0.056264 0.707067 -0.703404 632.974453 -181.184649 27.100430
slice8/query/img_03197_c1_1289589916494943us.jpg 0.046072 0.056865 0.706975 -0.703442 633.361023 -181.723946 27.098393
slice8/query/img_03198_c1_1289589916561557us.jpg 0.046383 0.057381 0.707248 -0.703105 633.743689 -182.261542 27.094902
slice8/query/img_03199_c1_1289589916694935us.jpg 0.047184 0.057783 0.708072 -0.702188 634.505407 -183.329634 27.090960
slice8/query/img_03200_c1_1289589916761560us.jpg 0.047516 0.057688 0.708435 -0.701808 634.880479 -183.858649 27.090034
slice8/query/img_03201_c1_1289589916828135us.jpg 0.047698 0.057630 0.708590 -0.701644 635.249476 -184.382893 27.086864
slice8/query/img_03202_c1_1289589916894872us.jpg 0.047957 0.057760 0.708588 -0.701617 635.617857 -184.902233 27.083280
slice8/query/img_03203_c1_1289589917028120us.jpg 0.048851 0.058168 0.708222 -0.701892 636.349738 -185.928131 27.076106
slice8/query/img_03204_c1_1289589917094838us.jpg 0.049552 0.058099 0.707658 -0.702416 636.709196 -186.433095 27.073748
slice8/query/img_03205_c1_1289589917161451us.jpg 0.050005 0.058076 0.707270 -0.702777 637.063313 -186.934497 27.073192
slice8/query/img_03206_c1_1289589917294823us.jpg 0.050695 0.057872 0.707358 -0.702656 637.761861 -187.928587 27.074537
slice8/query/img_03207_c1_1289589917361415us.jpg 0.050809 0.057796 0.707550 -0.702461 638.102651 -188.421601 27.073612
slice8/query/img_03208_c1_1289589917428029us.jpg 0.050602 0.057958 0.707928 -0.702081 638.437373 -188.907984 27.073639
slice8/query/img_03209_c1_1289589917561389us.jpg 0.049901 0.058986 0.708618 -0.701349 639.108897 -189.873275 27.069555
slice8/query/img_03210_c1_1289589917627992us.jpg 0.049640 0.059430 0.708944 -0.701000 639.438918 -190.350688 27.068148
slice8/query/img_03211_c1_1289589917694730us.jpg 0.049273 0.059512 0.709441 -0.700517 639.760892 -190.825342 27.067649
slice8/query/img_03212_c1_1289589917827959us.jpg 0.048926 0.059233 0.709791 -0.700211 640.407251 -191.758195 27.062878
slice8/query/img_03214_c1_1289589917961309us.jpg 0.048383 0.059572 0.710124 -0.699881 641.045910 -192.673470 27.060832
slice8/query/img_03215_c1_1289589918094678us.jpg 0.048549 0.059458 0.710189 -0.699813 641.680443 -193.575171 27.054683
slice8/query/img_03217_c1_1289589918227886us.jpg 0.048429 0.059205 0.710305 -0.699725 642.299040 -194.457940 27.049809
slice8/query/img_03218_c1_1289589918294625us.jpg 0.048206 0.059060 0.710475 -0.699581 642.603463 -194.893152 27.047645
slice8/query/img_03219_c1_1289589918427852us.jpg 0.047764 0.058909 0.710462 -0.699637 643.206697 -195.752660 27.042576
slice8/query/img_03220_c1_1289589918494590us.jpg 0.047514 0.058940 0.710586 -0.699526 643.503388 -196.176185 27.040632
slice8/query/img_03221_c1_1289589918561202us.jpg 0.047401 0.058794 0.710555 -0.699577 643.797054 -196.597564 27.036923
slice8/query/img_03222_c1_1289589918694579us.jpg 0.047342 0.058314 0.710083 -0.700100 644.379217 -197.424240 27.031076
slice8/query/img_03223_c1_1289589918761167us.jpg 0.047155 0.058125 0.710063 -0.700149 644.662778 -197.829842 27.029947
slice8/query/img_03224_c1_1289589918827781us.jpg 0.047150 0.057887 0.710085 -0.700146 644.944026 -198.233005 27.026717
slice8/query/img_03225_c1_1289589918961155us.jpg 0.047100 0.057250 0.709892 -0.700398 645.500623 -199.028985 27.020186
slice8/query/img_03226_c1_1289589919027745us.jpg 0.047111 0.057064 0.709866 -0.700438 645.777190 -199.416312 27.020124
slice8/query/img_03227_c1_1289589919094484us.jpg 0.046852 0.057057 0.710159 -0.700160 646.048469 -199.800937 27.019655
slice8/query/img_03228_c1_1289589919227732us.jpg 0.046852 0.056262 0.710446 -0.699933 646.588081 -200.559256 27.017157
slice8/query/img_03229_c1_1289589919294478us.jpg 0.046796 0.056076 0.710494 -0.699903 646.851022 -200.929332 27.016701
slice8/query/img_03230_c1_1289589919427685us.jpg 0.047165 0.055882 0.710727 -0.699657 647.368391 -201.655940 27.012672
slice8/query/img_03232_c1_1289589919561026us.jpg 0.047642 0.055176 0.711016 -0.699387 647.869870 -202.356588 27.011087
slice8/query/img_03233_c1_1289589919694379us.jpg 0.048057 0.054308 0.711244 -0.699194 648.346195 -203.031202 27.009970
slice8/query/img_03234_c1_1289589919760991us.jpg 0.048278 0.053953 0.711642 -0.698802 648.574269 -203.355971 27.009868
slice8/query/img_03236_c1_1289589919960956us.jpg 0.048901 0.053001 0.712636 -0.697818 649.233209 -204.274268 27.010668
slice8/query/img_03237_c1_1289589920027569us.jpg 0.048791 0.052936 0.712492 -0.697977 649.435175 -204.561815 27.008797
slice8/query/img_03239_c1_1289589920227536us.jpg 0.049137 0.052548 0.712585 -0.697888 650.008461 -205.365894 27.008795
slice8/query/img_03240_c1_1289589920294271us.jpg 0.049296 0.052348 0.712580 -0.697897 650.186363 -205.613910 27.007556
slice8/query/img_03242_c1_1289589920495294us.jpg 0.049037 0.052446 0.712181 -0.698314 650.677003 -206.300518 27.003573
slice8/query/img_03245_c1_1289589920694202us.jpg 0.049062 0.052503 0.711464 -0.699039 651.115545 -206.913958 26.998089
slice8/query/img_03247_c1_1289589920894166us.jpg 0.048566 0.052830 0.711405 -0.699109 651.502996 -207.458603 26.992589
slice8/query/img_03249_c1_1289589921094133us.jpg 0.048522 0.053050 0.710887 -0.699622 651.849431 -207.941613 26.987829
slice8/query/img_03253_c1_1289589921427322us.jpg 0.048577 0.052960 0.710257 -0.700265 652.338176 -208.629909 26.983443
slice8/query/img_03257_c1_1289589921760642us.jpg 0.047292 0.054450 0.709766 -0.700736 652.720943 -209.174033 26.975050
slice8/query/img_03261_c1_1289589922160571us.jpg 0.046519 0.055290 0.707898 -0.702609 653.111943 -209.721778 26.964651
slice8/query/img_03267_c1_1289589922693851us.jpg 0.045736 0.056363 0.707669 -0.702806 653.570114 -210.372816 26.957088
slice8/query/img_03273_c1_1289589923160393us.jpg 0.046273 0.056938 0.707508 -0.702887 653.943555 -210.893995 26.954678
slice8/query/img_03279_c1_1289589923693670us.jpg 0.047343 0.057019 0.708173 -0.702138 654.333772 -211.443238 26.954783
slice8/query/img_03290_c1_1289589924626755us.jpg 0.048065 0.057342 0.708549 -0.701683 654.741752 -212.023050 26.951955
slice8/query/img_03320_c1_1289589927226297us.jpg 0.045334 0.061931 0.704897 -0.705145 655.139371 -212.585783 26.926066
slice8/query/img_03325_c1_1289589927694396us.jpg 0.044762 0.063492 0.703971 -0.705967 655.513836 -213.121154 26.920242
slice8/query/img_03329_c1_1289589928026156us.jpg 0.045053 0.063515 0.704137 -0.705781 655.925149 -213.710799 26.920025
slice8/query/img_03333_c1_1289589928359492us.jpg 0.044224 0.062480 0.704829 -0.705235 656.440178 -214.458777 26.916170
slice8/query/img_03335_c1_1289589928559437us.jpg 0.042976 0.060933 0.704657 -0.705620 656.798372 -214.973813 26.912811
slice8/query/img_03337_c1_1289589928692787us.jpg 0.042198 0.060010 0.704438 -0.705964 657.061079 -215.346262 26.909105
slice8/query/img_03339_c1_1289589928892773us.jpg 0.040792 0.058943 0.704367 -0.706207 657.491507 -215.956902 26.904497
slice8/query/img_03341_c1_1289589929025978us.jpg 0.040081 0.057977 0.704649 -0.706047 657.804774 -216.395597 26.903686
slice8/query/img_03343_c1_1289589929225965us.jpg 0.038859 0.055843 0.704487 -0.706448 658.307928 -217.095851 26.901325
slice8/query/img_03344_c1_1289589929359294us.jpg 0.038261 0.055061 0.704409 -0.706620 658.665562 -217.590535 26.897352
slice8/query/img_03346_c1_1289589929492648us.jpg 0.037820 0.054766 0.704393 -0.706683 659.038312 -218.104651 26.893407
slice8/query/img_03347_c1_1289589929625873us.jpg 0.037312 0.054507 0.704235 -0.706888 659.428186 -218.641965 26.891810
slice8/query/img_03349_c1_1289589929759223us.jpg 0.036877 0.054592 0.704275 -0.706864 659.838713 -219.204560 26.888532
slice8/query/img_03351_c1_1289589929959210us.jpg 0.036880 0.054097 0.704596 -0.706582 660.489068 -220.096710 26.885788
slice8/query/img_03352_c1_1289589930025801us.jpg 0.037006 0.053569 0.704686 -0.706526 660.713964 -220.404648 26.886171
slice8/query/img_03354_c1_1289589930225771us.jpg 0.036714 0.053571 0.704667 -0.706560 661.421146 -221.365666 26.878766
slice8/query/img_03356_c1_1289589930359118us.jpg 0.036396 0.054061 0.704772 -0.706434 661.910810 -222.031952 26.873937
slice8/query/img_03358_c1_1289589930559104us.jpg 0.036542 0.052638 0.705384 -0.705924 662.670099 -223.081890 26.871499
slice8/query/img_03360_c1_1289589930692434us.jpg 0.037366 0.052176 0.706387 -0.704910 663.198993 -223.795067 26.868012
slice8/query/img_03361_c1_1289589930825662us.jpg 0.037255 0.052339 0.706269 -0.705022 663.735524 -224.519529 26.861168
slice8/query/img_03362_c1_1289589930892398us.jpg 0.036496 0.053147 0.706110 -0.705161 664.007447 -224.889356 26.854675
slice8/query/img_03363_c1_1289589930959012us.jpg 0.036267 0.053679 0.706009 -0.705233 664.279567 -225.264806 26.851655
slice8/query/img_03365_c1_1289589931158998us.jpg 0.036470 0.053856 0.706609 -0.704609 665.126586 -226.420761 26.846409
slice8/query/img_03367_c1_1289589931292327us.jpg 0.037508 0.053485 0.707574 -0.703614 665.704586 -227.199190 26.841730
slice8/query/img_03368_c1_1289589931358940us.jpg 0.037747 0.053277 0.708048 -0.703140 665.986442 -227.592253 26.838124
slice8/query/img_03369_c1_1289589931492314us.jpg 0.038295 0.053304 0.708241 -0.702913 666.561561 -228.377908 26.831475
slice8/query/img_03370_c1_1289589931558905us.jpg 0.038167 0.054144 0.707983 -0.703116 666.846587 -228.769653 26.825866
slice8/query/img_03371_c1_1289589931625520us.jpg 0.037815 0.055140 0.707832 -0.703210 667.129739 -229.160210 26.820873
slice8/query/img_03372_c1_1289589931758893us.jpg 0.037743 0.056003 0.707622 -0.703356 667.702576 -229.948124 26.816080
slice8/query/img_03373_c1_1289589931825485us.jpg 0.037938 0.055868 0.707672 -0.703306 667.988713 -230.341441 26.815699
slice8/query/img_03375_c1_1289589932025472us.jpg 0.039097 0.055247 0.707681 -0.703283 668.849101 -231.524162 26.815207
slice8/query/img_03376_c1_1289589932092186us.jpg 0.039269 0.055259 0.707424 -0.703531 669.136831 -231.916936 26.815316
slice8/query/img_03378_c1_1289589932225412us.jpg 0.039421 0.056225 0.706639 -0.704235 669.715299 -232.705321 26.805499
slice8/query/img_03379_c1_1289589932358786us.jpg 0.038643 0.055935 0.705818 -0.705123 670.290304 -233.500263 26.801381
slice8/query/img_03380_c1_1289589932425376us.jpg 0.037713 0.055748 0.705629 -0.705378 670.579502 -233.901546 26.799048
slice8/query/img_03381_c1_1289589932492115us.jpg 0.036219 0.055640 0.705762 -0.705331 670.868863 -234.306573 26.795538
slice8/query/img_03382_c1_1289589932625365us.jpg 0.031859 0.054461 0.706317 -0.705078 671.462466 -235.135426 26.790337
slice8/query/img_03383_c1_1289589932692102us.jpg 0.029461 0.053242 0.706235 -0.705358 671.769413 -235.552093 26.787512
slice8/query/img_03384_c1_1289589932758694us.jpg 0.027240 0.051854 0.706118 -0.705668 672.081005 -235.969245 26.786398
slice8/query/img_03385_c1_1289589932825306us.jpg 0.025482 0.050241 0.705951 -0.706017 672.398561 -236.390452 26.784768
slice8/query/img_03386_c1_1289589932958681us.jpg 0.023491 0.046224 0.705480 -0.706830 673.052098 -237.232713 26.790013
slice8/query/img_03387_c1_1289589933025271us.jpg 0.022927 0.044653 0.704913 -0.707516 673.386377 -237.655740 26.793950
slice8/query/img_03388_c1_1289589933092009us.jpg 0.022875 0.043769 0.704312 -0.708171 673.727726 -238.079264 26.795918
slice8/query/img_03390_c1_1289589933291976us.jpg 0.024796 0.043069 0.703223 -0.709230 674.766862 -239.375776 26.798909
slice8/query/img_03391_c1_1289589933358587us.jpg 0.025790 0.043488 0.702613 -0.709774 675.116781 -239.814585 26.800663
slice8/query/img_03392_c1_1289589933425200us.jpg 0.026431 0.044657 0.701857 -0.710425 675.466258 -240.258501 26.798451
slice8/query/img_03393_c1_1289589933491939us.jpg 0.026543 0.046319 0.701349 -0.710816 675.813244 -240.707737 26.794836
slice8/query/img_03394_c1_1289589933625167us.jpg 0.027901 0.049435 0.701103 -0.710797 676.520340 -241.618318 26.798871
slice8/query/img_03395_c1_1289589933691903us.jpg 0.029311 0.050090 0.701010 -0.710786 676.874913 -242.080048 26.805308
slice8/query/img_03396_c1_1289589933758517us.jpg 0.030845 0.050204 0.700837 -0.710883 677.232724 -242.546602 26.812214
slice8/query/img_03397_c1_1289589933825129us.jpg 0.032475 0.050528 0.700736 -0.710887 677.589592 -243.014356 26.818925
slice8/query/img_03398_c1_1289589933958482us.jpg 0.035466 0.051775 0.700608 -0.710781 678.309509 -243.960982 26.833421
slice8/query/img_03399_c1_1289589934025094us.jpg 0.036431 0.052681 0.700356 -0.710915 678.660258 -244.439842 26.835431
slice8/query/img_03400_c1_1289589934091832us.jpg 0.037555 0.054006 0.700058 -0.711050 679.026472 -244.922289 26.837966
slice8/query/img_03401_c1_1289589934225130us.jpg 0.040757 0.056102 0.699380 -0.711378 679.741968 -245.899160 26.846924
slice8/query/img_03402_c1_1289589934291800us.jpg 0.042485 0.057385 0.698932 -0.711616 680.100570 -246.390909 26.850608
slice8/query/img_03403_c1_1289589934358410us.jpg 0.044114 0.059217 0.698668 -0.711625 680.460019 -246.887803 26.854565
slice8/query/img_03404_c1_1289589934425023us.jpg 0.045951 0.060843 0.698469 -0.711567 680.816878 -247.386934 26.857269
slice8/query/img_03405_c1_1289589934558377us.jpg 0.049553 0.064331 0.699020 -0.710477 681.524738 -248.399291 26.864377
slice8/query/img_03406_c1_1289589934624988us.jpg 0.051275 0.066446 0.699623 -0.709566 681.877361 -248.910289 26.868434
slice8/query/img_03407_c1_1289589934691726us.jpg 0.052777 0.068755 0.700122 -0.708743 682.227310 -249.424666 26.870423
slice8/query/img_03408_c1_1289589934758340us.jpg 0.053814 0.071411 0.700430 -0.708097 682.574731 -249.945174 26.870169
slice8/query/img_03409_c1_1289589934891715us.jpg 0.053840 0.078066 0.700325 -0.707497 683.260774 -250.994801 26.861275
slice8/query/img_03410_c1_1289589934958303us.jpg 0.052720 0.081353 0.700242 -0.707294 683.601467 -251.527619 26.856098
slice8/query/img_03411_c1_1289589935024918us.jpg 0.052711 0.079662 0.701050 -0.706686 683.946225 -252.071427 26.861664
slice8/query/img_03412_c1_1289589935158271us.jpg 0.051252 0.081706 0.703767 -0.703854 684.634990 -253.158533 26.875357
slice8/query/img_03413_c1_1289589935224883us.jpg 0.049399 0.082490 0.704819 -0.702841 684.982603 -253.704428 26.874728
slice8/query/img_03414_c1_1289589935291620us.jpg 0.048239 0.081803 0.704698 -0.703123 685.335743 -254.246593 26.876666
slice8/query/img_03415_c1_1289589935358234us.jpg 0.046931 0.079423 0.703811 -0.704371 685.691807 -254.792069 26.882185
slice8/query/img_03416_c1_1289589935491608us.jpg 0.044587 0.076620 0.702977 -0.705666 686.413782 -255.884015 26.892251
slice8/query/img_03417_c1_1289589935558198us.jpg 0.043474 0.076438 0.702981 -0.705751 686.778289 -256.428995 26.897949
slice8/query/img_03419_c1_1289589935758166us.jpg 0.041675 0.072759 0.702312 -0.706913 687.890879 -258.079823 26.923817
slice8/query/img_03420_c1_1289589935824777us.jpg 0.040317 0.071653 0.702209 -0.707208 688.265180 -258.633083 26.932298
slice8/query/img_03421_c1_1289589935891515us.jpg 0.038399 0.071176 0.702268 -0.707304 688.639825 -259.187081 26.939540
slice8/query/img_03422_c1_1289589936024764us.jpg 0.034396 0.071081 0.702996 -0.706796 689.404672 -260.302251 26.957852
slice8/query/img_03423_c1_1289589936091501us.jpg 0.032855 0.070614 0.703186 -0.706728 689.793020 -260.859519 26.969619
slice8/query/img_03424_c1_1289589936158093us.jpg 0.031388 0.069805 0.703221 -0.706840 690.179982 -261.417842 26.983943
slice8/query/img_03425_c1_1289589936224706us.jpg 0.030869 0.068664 0.703216 -0.706980 690.580255 -261.979589 26.996579
slice8/query/img_03426_c1_1289589936358062us.jpg 0.029215 0.067053 0.703251 -0.707169 691.381102 -263.104502 27.024811
slice8/query/img_03427_c1_1289589936424674us.jpg 0.028453 0.066642 0.703378 -0.707113 691.786798 -263.666561 27.037612
slice8/query/img_03428_c1_1289589936491409us.jpg 0.027391 0.065993 0.703204 -0.707389 692.193236 -264.230205 27.052215
slice8/query/img_03429_c1_1289589936558022us.jpg 0.025999 0.065283 0.702853 -0.707856 692.603335 -264.794936 27.064814
slice8/query/img_03430_c1_1289589936691404us.jpg 0.023656 0.064197 0.702534 -0.708354 693.433376 -265.935557 27.091001
slice8/query/img_03431_c1_1289589936757988us.jpg 0.023110 0.063515 0.702507 -0.708460 693.855624 -266.507108 27.106328
slice8/query/img_03432_c1_1289589936891601us.jpg 0.023406 0.061538 0.701855 -0.709270 694.713735 -267.655869 27.146492
slice8/query/img_03433_c1_1289589936957958us.jpg 0.024407 0.060055 0.701017 -0.710192 695.150596 -268.228503 27.166838
slice8/query/img_03434_c1_1289589937024566us.jpg 0.025394 0.059067 0.700045 -0.711199 695.589338 -268.803818 27.185822
slice8/query/img_03435_c1_1289589937091304us.jpg 0.026383 0.058287 0.699178 -0.712079 696.027133 -269.380162 27.205199
slice8/query/img_03436_c1_1289589937224553us.jpg 0.027328 0.058239 0.697942 -0.713259 696.908482 -270.549996 27.237431
slice8/query/img_03437_c1_1289589937291269us.jpg 0.027831 0.058122 0.697470 -0.713711 697.350968 -271.141667 27.254290
slice8/query/img_03438_c1_1289589937357883us.jpg 0.027904 0.058333 0.697106 -0.714046 697.793263 -271.731867 27.271973
slice8/query/img_03439_c1_1289589937491240us.jpg 0.028028 0.059330 0.696674 -0.714381 698.684029 -272.923199 27.308135
slice8/query/img_03440_c1_1289589937557848us.jpg 0.028438 0.059492 0.696275 -0.714740 699.131134 -273.524315 27.325874
slice8/query/img_03441_c1_1289589937624459us.jpg 0.028985 0.059794 0.695938 -0.715020 699.578190 -274.130526 27.345789
slice8/query/img_03442_c1_1289589937691198us.jpg 0.030240 0.059549 0.695338 -0.715572 700.030910 -274.736144 27.368096
slice8/query/img_03443_c1_1289589937824438us.jpg 0.032934 0.059465 0.693931 -0.716825 700.942004 -275.953376 27.411165
slice8/query/img_03444_c1_1289589937891163us.jpg 0.034011 0.059566 0.693494 -0.717190 701.397459 -276.565805 27.433289
slice8/query/img_03445_c1_1289589937957776us.jpg 0.034668 0.060209 0.693095 -0.717491 701.852466 -277.182629 27.455153
slice8/query/img_03446_c1_1289589938091129us.jpg 0.035824 0.061448 0.692729 -0.717682 702.764482 -278.433562 27.499751
slice8/query/img_03447_c1_1289589938157741us.jpg 0.036316 0.062248 0.692778 -0.717541 703.219605 -279.062023 27.523181
slice8/query/img_03448_c1_1289589938224354us.jpg 0.036765 0.063263 0.692909 -0.717303 703.675081 -279.697359 27.545141
slice8/query/img_03449_c1_1289589938291093us.jpg 0.037081 0.064120 0.692939 -0.717181 704.127660 -280.331001 27.568573
slice8/query/img_03450_c1_1289589938424322us.jpg 0.038084 0.065846 0.692683 -0.717220 705.037788 -281.614366 27.613147
slice8/query/img_03451_c1_1289589938491078us.jpg 0.038676 0.066312 0.692551 -0.717272 705.495722 -282.257440 27.638981
slice8/query/img_03452_c1_1289589938557671us.jpg 0.039265 0.066666 0.692377 -0.717376 705.954070 -282.904622 27.662647
slice8/query/img_03453_c1_1289589938691045us.jpg 0.039476 0.067962 0.692591 -0.717036 706.869861 -284.209622 27.712296
slice8/query/img_03454_c1_1289589938757642us.jpg 0.039176 0.069097 0.692746 -0.716794 707.328807 -284.861998 27.735182
slice8/query/img_03455_c1_1289589938824249us.jpg 0.038992 0.069902 0.692905 -0.716573 707.789339 -285.517465 27.759582
slice8/query/img_03456_c1_1289589938890987us.jpg 0.038565 0.070474 0.692854 -0.716589 708.250855 -286.176406 27.784401
slice8/query/img_03457_c1_1289589939024219us.jpg 0.037201 0.071681 0.692666 -0.716723 709.173704 -287.502651 27.833286
slice8/query/img_03458_c1_1289589939090955us.jpg 0.036495 0.072011 0.692466 -0.716920 709.634013 -288.170435 27.859898
slice8/query/img_03459_c1_1289589939157565us.jpg 0.036025 0.072088 0.692416 -0.716983 710.096585 -288.838429 27.888826
slice8/query/img_03460_c1_1289589939290919us.jpg 0.035462 0.071791 0.691761 -0.717674 711.030020 -290.181262 27.949785
