slice8/query/img_03157_c1_1290444914954027us.jpg 0.131672 0.138757 -0.703529 0.684439 572.192751 -111.989864 28.819119
slice8/query/img_03158_c1_1290444915020635us.jpg 0.127329 0.131839 -0.706333 0.683740 572.898531 -112.294683 28.776149
slice8/query/img_03159_c1_1290444915087375us.jpg 0.124124 0.125539 -0.707765 0.684034 573.587977 -112.608073 28.745256
slice8/query/img_03160_c1_1290444915220605us.jpg 0.119641 0.111358 -0.706358 0.688726 574.952212 -113.251899 28.675774
slice8/query/img_03161_c1_1290444915287340us.jpg 0.115776 0.104977 -0.705684 0.691076 575.630083 -113.584806 28.649129
slice8/query/img_03162_c1_1290444915353949us.jpg 0.109699 0.100184 -0.705799 0.692660 576.306649 -113.920162 28.635951
slice8/query/img_03163_c1_1290444915487863us.jpg 0.093353 0.093804 -0.706470 0.695260 577.649356 -114.618505 28.629396
slice8/query/img_03164_c1_1290444915553932us.jpg 0.085481 0.090791 -0.706662 0.696476 578.306992 -114.979753 28.626913
slice8/query/img_03165_c1_1290444915620527us.jpg 0.078461 0.086461 -0.706847 0.697664 578.959416 -115.354955 28.616882
slice8/query/img_03166_c1_1290444915687261us.jpg 0.073885 0.080322 -0.706909 0.698834 579.588750 -115.736990 28.597318
slice8/query/img_03167_c1_1290444915820511us.jpg 0.066034 0.065999 -0.707770 0.700247 580.827094 -116.539170 28.549934
slice8/query/img_03168_c1_1290444915887229us.jpg 0.061300 0.060220 -0.709393 0.699555 581.437943 -116.961296 28.531098
slice8/query/img_03169_c1_1290444915953836us.jpg 0.055032 0.056441 -0.711484 0.698267 582.043330 -117.393657 28.520011
slice8/query/img_03170_c1_1290444916020448us.jpg 0.049376 0.052229 -0.712837 0.697637 582.642914 -117.834180 28.508716
slice8/query/img_03171_c1_1290444916087186us.jpg 0.044087 0.047090 -0.712845 0.698349 583.236721 -118.274828 28.489505
slice8/query/img_03172_c1_1290444916153805us.jpg 0.039637 0.040877 -0.711580 0.700294 583.817737 -118.718855 28.464033
slice8/query/img_03173_c1_1290444916287172us.jpg 0.031627 0.027309 -0.708956 0.704013 584.952213 -119.624772 28.417884
slice8/query/img_03174_c1_1290444916353762us.jpg 0.027616 0.021832 -0.707986 0.705349 585.510958 -120.098151 28.403940
slice8/query/img_03175_c1_1290444916420374us.jpg 0.023816 0.016986 -0.707786 0.705821 586.059383 -120.583816 28.394763
slice8/query/img_03176_c1_1290444916487111us.jpg 0.020298 0.012099 -0.708418 0.705398 586.598183 -121.078998 28.387801
slice8/query/img_03177_c1_1290444916620359us.jpg 0.012690 0.003118 -0.711546 0.702518 587.650202 -122.094261 28.381544
slice8/query/img_03178_c1_1290444916687095us.jpg 0.008838 -0.000970 -0.712587 0.701527 588.165594 -122.617153 28.372775
slice8/query/img_03179_c1_1290444916753686us.jpg 0.004089 -0.004170 -0.712649 0.701496 588.680815 -123.133130 28.364708
slice8/query/img_03180_c1_1290444916887062us.jpg 0.005777 0.009622 0.711869 -0.702223 589.702414 -124.184155 28.358605
slice8/query/img_03181_c1_1290444916953654us.jpg 0.009930 0.012523 0.711120 -0.702889 590.202676 -124.709411 28.350786
slice8/query/img_03182_c1_1290444917020262us.jpg 0.013483 0.015073 0.710560 -0.703346 590.693966 -125.245683 28.345159
slice8/query/img_03183_c1_1290444917086999us.jpg 0.016401 0.018121 0.710219 -0.703556 591.183045 -125.788456 28.329762
slice8/query/img_03184_c1_1290444917220249us.jpg 0.020145 0.024953 0.711073 -0.702386 592.145386 -126.902803 28.299069
slice8/query/img_03185_c1_1290444917286991us.jpg 0.021020 0.028444 0.712072 -0.701215 592.613965 -127.465990 28.282843
slice8/query/img_03186_c1_1290444917420210us.jpg 0.022691 0.033347 0.713501 -0.699492 593.547766 -128.608320 28.254675
slice8/query/img_03187_c1_1290444917486926us.jpg 0.023675 0.034721 0.713989 -0.698895 594.006885 -129.177599 28.241892
slice8/query/img_03188_c1_1290444917553537us.jpg 0.025037 0.035631 0.714003 -0.698787 594.466147 -129.746528 28.230477
slice8/query/img_03189_c1_1290444917686911us.jpg 0.028856 0.036598 0.713706 -0.698893 595.397255 -130.888912 28.205559
slice8/query/img_03190_c1_1290444917753506us.jpg 0.030444 0.037406 0.713385 -0.699110 595.854753 -131.460575 28.191599
slice8/query/img_03191_c1_1290444917820112us.jpg 0.032048 0.038262 0.713134 -0.699248 596.312101 -132.037490 28.174737
slice8/query/img_03192_c1_1290444917953484us.jpg 0.034469 0.039901 0.713199 -0.698976 597.225971 -133.200115 28.142751
slice8/query/img_03193_c1_1290444918020075us.jpg 0.035146 0.040320 0.713209 -0.698908 597.676674 -133.783818 28.125828
slice8/query/img_03194_c1_1290444918086816us.jpg 0.035094 0.041356 0.713314 -0.698742 598.122721 -134.366939 28.107247
slice8/query/img_03195_c1_1290444918220040us.jpg 0.034701 0.043536 0.713515 -0.698425 599.009267 -135.530620 28.066326
slice8/query/img_03196_c1_1290444918286780us.jpg 0.034885 0.044039 0.713592 -0.698305 599.455317 -136.113661 28.047540
slice8/query/img_03197_c1_1290444918353388us.jpg 0.035336 0.043721 0.713338 -0.698562 599.898934 -136.702989 28.031709
slice8/query/img_03198_c1_1290444918420001us.jpg 0.036050 0.042845 0.712787 -0.699142 600.345186 -137.287804 28.018016
slice8/query/img_03199_c1_1290444918553376us.jpg 0.037243 0.042278 0.711627 -0.700295 601.240938 -138.459287 27.986976
slice8/query/img_03200_c1_1290444918619985us.jpg 0.037712 0.042560 0.711144 -0.700742 601.687814 -139.043006 27.968666
slice8/query/img_03201_c1_1290444918686701us.jpg 0.037810 0.043457 0.711212 -0.700614 602.132626 -139.629518 27.951051
slice8/query/img_03202_c1_1290444918753314us.jpg 0.037681 0.044439 0.711195 -0.700576 602.577485 -140.216839 27.931789
slice8/query/img_03203_c1_1290444918819926us.jpg 0.037408 0.044928 0.711468 -0.700283 603.023512 -140.804659 27.916274
slice8/query/img_03204_c1_1290444918953300us.jpg 0.036646 0.045957 0.712678 -0.699025 603.921219 -141.992282 27.879765
slice8/query/img_03205_c1_1290444919019910us.jpg 0.036331 0.046004 0.713208 -0.698497 604.367477 -142.589870 27.863634
slice8/query/img_03206_c1_1290444919086626us.jpg 0.036582 0.045941 0.713497 -0.698192 604.815412 -143.181328 27.849303
slice8/query/img_03207_c1_1290444919153238us.jpg 0.036878 0.046346 0.713251 -0.698402 605.264837 -143.764994 27.831651
slice8/query/img_03208_c1_1290444919219851us.jpg 0.037687 0.046377 0.712494 -0.699129 605.716500 -144.349809 27.816759
slice8/query/img_03209_c1_1290444919353225us.jpg 0.039330 0.045607 0.710287 -0.701331 606.620463 -145.523291 27.786334
slice8/query/img_03210_c1_1290444919419821us.jpg 0.039947 0.044645 0.709218 -0.702440 607.072223 -146.113337 27.773148
slice8/query/img_03211_c1_1290444919486551us.jpg 0.039903 0.044340 0.708810 -0.702873 607.520239 -146.707711 27.759734
slice8/query/img_03212_c1_1290444919553163us.jpg 0.039667 0.044774 0.708968 -0.702699 607.967177 -147.301863 27.745827
slice8/query/img_03213_c1_1290444919686517us.jpg 0.039410 0.045375 0.709250 -0.702390 608.864419 -148.491737 27.717851
slice8/query/img_03214_c1_1290444919753128us.jpg 0.039802 0.045036 0.709133 -0.702508 609.312661 -149.086223 27.706414
slice8/query/img_03215_c1_1290444919886502us.jpg 0.040812 0.044077 0.708270 -0.703381 610.216001 -150.270252 27.679717
slice8/query/img_03216_c1_1290444919953094us.jpg 0.041508 0.043709 0.708051 -0.703584 610.668697 -150.866922 27.669664
slice8/query/img_03217_c1_1290444920019703us.jpg 0.042213 0.043305 0.707797 -0.703823 611.122643 -151.459722 27.658748
slice8/query/img_03218_c1_1290444920153062us.jpg 0.043246 0.043460 0.708764 -0.702776 612.026742 -152.657566 27.633065
slice8/query/img_03219_c1_1290444920219671us.jpg 0.043358 0.043257 0.709590 -0.701948 612.473998 -153.263459 27.619831
slice8/query/img_03220_c1_1290444920286403us.jpg 0.043189 0.043163 0.710300 -0.701246 612.919956 -153.863386 27.602026
slice8/query/img_03221_c1_1290444920419659us.jpg 0.042402 0.044244 0.711086 -0.700429 613.815561 -155.072676 27.563650
slice8/query/img_03222_c1_1290444920486368us.jpg 0.041933 0.044911 0.711115 -0.700386 614.257974 -155.672519 27.543501
slice8/query/img_03223_c1_1290444920552977us.jpg 0.041833 0.045337 0.710722 -0.700763 614.703324 -156.268913 27.524278
slice8/query/img_03224_c1_1290444920619604us.jpg 0.041963 0.045243 0.710025 -0.701467 615.151222 -156.866636 27.507516
slice8/query/img_03225_c1_1290444920752963us.jpg 0.042698 0.045001 0.709071 -0.702403 616.050906 -158.067115 27.478218
slice8/query/img_03226_c1_1290444920819555us.jpg 0.042690 0.045236 0.708874 -0.702588 616.498659 -158.666148 27.464189
slice8/query/img_03227_c1_1290444920952925us.jpg 0.043001 0.045125 0.708981 -0.702468 617.398179 -159.872813 27.433982
slice8/query/img_03228_c1_1290444921019538us.jpg 0.042886 0.045298 0.708933 -0.702512 617.843527 -160.474907 27.418676
slice8/query/img_03229_c1_1290444921086253us.jpg 0.042643 0.045699 0.708838 -0.702597 618.289940 -161.073895 27.404361
slice8/query/img_03230_c1_1290444921219480us.jpg 0.042297 0.046718 0.708305 -0.703088 619.184714 -162.275770 27.376928
slice8/query/img_03231_c1_1290444921286220us.jpg 0.042540 0.046529 0.707906 -0.703487 619.632141 -162.873768 27.363355
slice8/query/img_03232_c1_1290444921352829us.jpg 0.042666 0.046756 0.707873 -0.703498 620.079374 -163.475674 27.350836
slice8/query/img_03233_c1_1290444921486201us.jpg 0.042813 0.047442 0.708212 -0.703102 620.976222 -164.682770 27.327181
slice8/query/img_03234_c1_1290444921552820us.jpg 0.042844 0.047917 0.708443 -0.702835 621.422433 -165.286675 27.315532
slice8/query/img_03235_c1_1290444921619403us.jpg 0.042717 0.048224 0.708448 -0.702816 621.867050 -165.890567 27.303067
slice8/query/img_03236_c1_1290444921686140us.jpg 0.042559 0.048664 0.708394 -0.702850 622.313000 -166.488998 27.291350
slice8/query/img_03237_c1_1290444921819367us.jpg 0.042238 0.050245 0.708042 -0.703113 623.204513 -167.694411 27.265278
slice8/query/img_03238_c1_1290444921886124us.jpg 0.042370 0.050636 0.707805 -0.703315 623.651914 -168.300099 27.253504
slice8/query/img_03239_c1_1290444921952716us.jpg 0.042480 0.051111 0.707663 -0.703417 624.097188 -168.900964 27.244642
slice8/query/img_03240_c1_1290444922086080us.jpg 0.043452 0.051351 0.707367 -0.703638 624.989971 -170.109832 27.230648
slice8/query/img_03241_c1_1290444922152680us.jpg 0.044139 0.052027 0.707641 -0.703271 625.436588 -170.714361 27.225035
slice8/query/img_03242_c1_1290444922219292us.jpg 0.044554 0.052682 0.707769 -0.703067 625.876319 -171.317950 27.215925
slice8/query/img_03243_c1_1290444922352643us.jpg 0.045114 0.054030 0.708347 -0.702346 626.755099 -172.526266 27.198455
slice8/query/img_03244_c1_1290444922419256us.jpg 0.045292 0.054600 0.708443 -0.702194 627.190402 -173.129794 27.190512
slice8/query/img_03245_c1_1290444922485991us.jpg 0.045288 0.055529 0.708524 -0.702039 627.624067 -173.733500 27.181945
slice8/query/img_03246_c1_1290444922620122us.jpg 0.045150 0.058190 0.708380 -0.701978 628.490479 -174.934785 27.161769
slice8/query/img_03247_c1_1290444922685956us.jpg 0.045173 0.058720 0.708141 -0.702174 628.919360 -175.538664 27.155789
slice8/query/img_03248_c1_1290444922752567us.jpg 0.045597 0.059038 0.707870 -0.702393 629.349201 -176.140752 27.150211
slice8/query/img_03249_c1_1290444922819181us.jpg 0.045943 0.059427 0.707840 -0.702368 629.778801 -176.742330 27.145876
slice8/query/img_03250_c1_1290444923019143us.jpg 0.047540 0.060587 0.707283 -0.702723 631.063341 -178.537466 27.129147
slice8/query/img_03251_c1_1290444923352459us.jpg 0.048962 0.063343 0.705318 -0.704356 633.182035 -181.524868 27.087745
slice8/query/img_03252_c1_1290444923419068us.jpg 0.048953 0.064134 0.705489 -0.704114 633.597597 -182.128592 27.084328
slice8/query/img_03253_c1_1290444923485808us.jpg 0.048967 0.064603 0.706134 -0.703423 634.011183 -182.728671 27.079395
slice8/query/img_03254_c1_1290444923619057us.jpg 0.048437 0.064940 0.707490 -0.702064 634.834184 -183.937375 27.076520
slice8/query/img_03255_c1_1290444923685789us.jpg 0.048174 0.064577 0.707824 -0.701779 635.244455 -184.539479 27.072962
slice8/query/img_03256_c1_1290444923752380us.jpg 0.047683 0.064688 0.708001 -0.701624 635.653386 -185.135324 27.070100
slice8/query/img_03257_c1_1290444923818994us.jpg 0.047211 0.064913 0.707928 -0.701709 636.061341 -185.729740 27.065894
slice8/query/img_03258_c1_1290444923952345us.jpg 0.047393 0.064627 0.707592 -0.702061 636.887788 -186.913593 27.065449
slice8/query/img_03259_c1_1290444924018958us.jpg 0.047711 0.064173 0.707284 -0.702392 637.299917 -187.504943 27.063297
slice8/query/img_03260_c1_1290444924085693us.jpg 0.047791 0.063496 0.707281 -0.702451 637.705584 -188.094732 27.063744
slice8/query/img_03261_c1_1290444924218921us.jpg 0.047689 0.062570 0.707934 -0.701883 638.516199 -189.268310 27.061490
slice8/query/img_03262_c1_1290444924285678us.jpg 0.047111 0.062623 0.708355 -0.701493 638.914965 -189.850794 27.057236
slice8/query/img_03263_c1_1290444924352269us.jpg 0.046624 0.063035 0.708995 -0.700842 639.315057 -190.431259 27.052963
slice8/query/img_03264_c1_1290444924418881us.jpg 0.046023 0.063045 0.709444 -0.700426 639.709807 -191.009484 27.049044
slice8/query/img_03265_c1_1290444924552254us.jpg 0.045227 0.062459 0.710109 -0.699856 640.505742 -192.162877 27.042719
slice8/query/img_03266_c1_1290444924618863us.jpg 0.044791 0.062435 0.710289 -0.699704 640.903111 -192.733416 27.037421
slice8/query/img_03267_c1_1290444924685581us.jpg 0.044621 0.062279 0.710490 -0.699524 641.300274 -193.301480 27.035105
slice8/query/img_03268_c1_1290444924752196us.jpg 0.044502 0.061822 0.710632 -0.699428 641.693667 -193.866882 27.030852
slice8/query/img_03269_c1_1290444924885546us.jpg 0.044524 0.061114 0.710645 -0.699476 642.485801 -194.988814 27.026804
slice8/query/img_03270_c1_1290444924952157us.jpg 0.044456 0.060707 0.710469 -0.699694 642.877238 -195.544530 27.023252
slice8/query/img_03271_c1_1290444925018770us.jpg 0.044516 0.060345 0.710404 -0.699788 643.266368 -196.096974 27.019898
slice8/query/img_03272_c1_1290444925152142us.jpg 0.044149 0.059772 0.709964 -0.700307 644.037627 -197.194779 27.010191
slice8/query/img_03273_c1_1290444925285505us.jpg 0.044113 0.059370 0.709880 -0.700428 644.806553 -198.275177 27.007813
slice8/query/img_03274_c1_1290444925352084us.jpg 0.043912 0.059103 0.709879 -0.700464 645.186081 -198.813079 27.007683
slice8/query/img_03275_c1_1290444925485438us.jpg 0.043791 0.058467 0.709995 -0.700408 645.946211 -199.881208 27.002750
slice8/query/img_03276_c1_1290444925552048us.jpg 0.043646 0.058080 0.709890 -0.700555 646.320496 -200.409108 27.001094
slice8/query/img_03277_c1_1290444925618656us.jpg 0.043657 0.057444 0.709780 -0.700718 646.694430 -200.933851 26.998813
slice8/query/img_03278_c1_1290444925752031us.jpg 0.043589 0.057036 0.709765 -0.700771 647.437856 -201.973969 26.995609
slice8/query/img_03279_c1_1290444925818640us.jpg 0.043694 0.056679 0.709664 -0.700896 647.805758 -202.488158 26.994736
slice8/query/img_03280_c1_1290444925952012us.jpg 0.043348 0.056122 0.709401 -0.701229 648.528979 -203.506011 26.989330
slice8/query/img_03282_c1_1290444926151937us.jpg 0.043289 0.054732 0.708833 -0.701916 649.608874 -205.006562 26.980022
slice8/query/img_03283_c1_1290444926218546us.jpg 0.043420 0.054525 0.708600 -0.702159 649.959973 -205.499007 26.977932
slice8/query/img_03284_c1_1290444926351898us.jpg 0.044199 0.053768 0.708707 -0.702061 650.665420 -206.471022 26.981069
slice8/query/img_03285_c1_1290444926418510us.jpg 0.044593 0.053508 0.708618 -0.702146 651.012383 -206.947931 26.978799
slice8/query/img_03287_c1_1290444926551858us.jpg 0.045596 0.052790 0.708259 -0.702498 651.696581 -207.898690 26.975615
slice8/query/img_03288_c1_1290444926685232us.jpg 0.046188 0.052764 0.708396 -0.702323 652.363042 -208.827496 26.970621
slice8/query/img_03289_c1_1290444926751821us.jpg 0.046434 0.052944 0.708437 -0.702252 652.688671 -209.279369 26.969251
slice8/query/img_03291_c1_1290444926951810us.jpg 0.047349 0.053093 0.709063 -0.701548 653.651107 -210.622520 26.963100
slice8/query/img_03292_c1_1290444927018419us.jpg 0.047755 0.053159 0.709120 -0.701458 653.964443 -211.058352 26.960993
slice8/query/img_03294_c1_1290444927151746us.jpg 0.048177 0.053515 0.709359 -0.701160 654.572937 -211.913018 26.954628
slice8/query/img_03295_c1_1290444927285111us.jpg 0.048623 0.053830 0.709588 -0.700873 655.167052 -212.748161 26.948655
slice8/query/img_03297_c1_1290444927418322us.jpg 0.049310 0.053398 0.709598 -0.700848 655.745400 -213.561906 26.945164
slice8/query/img_03298_c1_1290444927551695us.jpg 0.049817 0.053985 0.710310 -0.700046 656.303343 -214.347951 26.941614
slice8/query/img_03299_c1_1290444927618286us.jpg 0.050258 0.053693 0.710309 -0.700038 656.574315 -214.730153 26.939571
slice8/query/img_03300_c1_1290444927751657us.jpg 0.051099 0.052836 0.710221 -0.700131 657.105295 -215.472238 26.936035
slice8/query/img_03301_c1_1290444927818247us.jpg 0.051189 0.052668 0.710442 -0.699913 657.359639 -215.832333 26.933409
slice8/query/img_03302_c1_1290444927884985us.jpg 0.051284 0.052700 0.710416 -0.699930 657.611769 -216.182303 26.929631
slice8/query/img_03303_c1_1290444928018233us.jpg 0.051261 0.052197 0.710306 -0.700081 658.092390 -216.865101 26.925676
slice8/query/img_03305_c1_1290444928151560us.jpg 0.050915 0.052153 0.710732 -0.699677 658.548496 -217.519708 26.921096
slice8/query/img_03306_c1_1290444928284914us.jpg 0.050959 0.052270 0.710575 -0.699825 658.989809 -218.134296 26.916457
slice8/query/img_03308_c1_1290444928418135us.jpg 0.050603 0.052010 0.710358 -0.700090 659.403932 -218.720503 26.910822
slice8/query/img_03309_c1_1290444928551511us.jpg 0.050543 0.051913 0.710895 -0.699556 659.797286 -219.272650 26.907739
slice8/query/img_03311_c1_1290444928684836us.jpg 0.050571 0.051626 0.710630 -0.699845 660.168273 -219.792012 26.905515
slice8/query/img_03312_c1_1290444928818374us.jpg 0.050051 0.051172 0.710411 -0.700138 660.515527 -220.279969 26.902669
slice8/query/img_03315_c1_1290444929018024us.jpg 0.049748 0.051338 0.711064 -0.699484 660.996269 -220.953003 26.897937
slice8/query/img_03317_c1_1290444929218010us.jpg 0.049080 0.051108 0.710591 -0.700029 661.420022 -221.558720 26.894034
slice8/query/img_03320_c1_1290444929484690us.jpg 0.047932 0.051461 0.710482 -0.700192 661.926698 -222.273413 26.884380
slice8/query/img_03322_c1_1290444929617913us.jpg 0.047687 0.051443 0.710817 -0.699870 662.149832 -222.595421 26.884189
slice8/query/img_03324_c1_1290444929884635us.jpg 0.047538 0.050883 0.710338 -0.700408 662.555923 -223.158133 26.878837
slice8/query/img_03329_c1_1290444930351979us.jpg 0.046503 0.051084 0.710669 -0.700127 663.098208 -223.915052 26.874850
slice8/query/img_03334_c1_1290444930751077us.jpg 0.045960 0.051610 0.710797 -0.699994 663.413858 -224.356170 26.870767
slice8/query/img_03356_c1_1290444934217061us.jpg 0.039627 0.057969 0.705243 -0.705479 663.846937 -224.961532 26.835896
slice8/query/img_03359_c1_1290444934683752us.jpg 0.038799 0.058917 0.704381 -0.706308 664.190107 -225.440781 26.835216
slice8/query/img_03362_c1_1290444935083666us.jpg 0.039346 0.058300 0.705643 -0.705068 664.683954 -226.130169 26.832672
slice8/query/img_03364_c1_1290444935283628us.jpg 0.039332 0.058817 0.705737 -0.704932 664.985395 -226.548499 26.825708
slice8/query/img_03367_c1_1290444935550205us.jpg 0.039593 0.058170 0.705582 -0.705126 665.443636 -227.186599 26.823826
slice8/query/img_03370_c1_1290444935750144us.jpg 0.039566 0.058459 0.706031 -0.704654 665.825733 -227.723257 26.819679
slice8/query/img_03372_c1_1290444935950110us.jpg 0.039843 0.059107 0.706153 -0.704462 666.238545 -228.296395 26.813497
slice8/query/img_03374_c1_1290444936083457us.jpg 0.040046 0.059192 0.705873 -0.704724 666.528280 -228.701397 26.810718
slice8/query/img_03376_c1_1290444936283421us.jpg 0.040297 0.059996 0.705900 -0.704615 666.984529 -229.340876 26.806202
slice8/query/img_03378_c1_1290444936483406us.jpg 0.040730 0.060820 0.706245 -0.704173 667.464757 -230.017133 26.803094
slice8/query/img_03380_c1_1290444936616608us.jpg 0.041594 0.060571 0.705996 -0.704394 667.798174 -230.479539 26.802285
slice8/query/img_03381_c1_1290444936816572us.jpg 0.042717 0.059620 0.705648 -0.704757 668.307191 -231.200620 26.803362
slice8/query/img_03382_c1_1290444936949942us.jpg 0.043750 0.059710 0.705951 -0.704382 668.656138 -231.684920 26.802293
slice8/query/img_03384_c1_1290444937149886us.jpg 0.045455 0.059796 0.705819 -0.704399 669.178632 -232.414409 26.801527
slice8/query/img_03385_c1_1290444937216497us.jpg 0.045710 0.059937 0.705587 -0.704603 669.351787 -232.656154 26.800881
slice8/query/img_03387_c1_1290444937416461us.jpg 0.045886 0.061582 0.705044 -0.704993 669.871859 -233.392475 26.795239
slice8/query/img_03389_c1_1290444937616425us.jpg 0.047280 0.062374 0.705197 -0.704678 670.402036 -234.145379 26.792714
slice8/query/img_03390_c1_1290444937683159us.jpg 0.047652 0.062169 0.705118 -0.704750 670.579181 -234.396984 26.793678
slice8/query/img_03392_c1_1290444937883124us.jpg 0.047574 0.063228 0.705095 -0.704684 671.107731 -235.155165 26.791188
slice8/query/img_03393_c1_1290444937949757us.jpg 0.047502 0.063980 0.704936 -0.704780 671.283239 -235.405235 26.789005
slice8/query/img_03396_c1_1290444938216315us.jpg 0.047990 0.064380 0.703874 -0.705771 671.997311 -236.431057 26.781246
slice8/query/img_03397_c1_1290444938283071us.jpg 0.047926 0.064717 0.704121 -0.705499 672.175161 -236.688254 26.781817
slice8/query/img_03399_c1_1290444938416274us.jpg 0.048024 0.065337 0.704920 -0.704637 672.531194 -237.210147 26.782876
slice8/query/img_03400_c1_1290444938549644us.jpg 0.048432 0.065287 0.705028 -0.704506 672.888067 -237.734948 26.782500
slice8/query/img_03401_c1_1290444938682974us.jpg 0.047915 0.065438 0.704460 -0.705094 673.246928 -238.260869 26.777287
slice8/query/img_03403_c1_1290444938949551us.jpg 0.047082 0.066408 0.704201 -0.705319 673.988382 -239.332645 26.769487
slice8/query/img_03404_c1_1290444939082901us.jpg 0.046092 0.066686 0.703596 -0.705961 674.361339 -239.876758 26.769914
slice8/query/img_03405_c1_1290444939217042us.jpg 0.044382 0.067576 0.703476 -0.706106 674.735944 -240.427490 26.768524
slice8/query/img_03406_c1_1290444939282883us.jpg 0.043622 0.068589 0.703579 -0.705953 674.925679 -240.704485 26.765879
slice8/query/img_03408_c1_1290444939416087us.jpg 0.042955 0.068707 0.703359 -0.706201 675.312305 -241.261851 26.768002
slice8/query/img_03409_c1_1290444939549458us.jpg 0.042570 0.066701 0.702873 -0.706901 675.706163 -241.834740 26.777790
slice8/query/img_03411_c1_1290444939749402us.jpg 0.041213 0.065960 0.703425 -0.706501 676.311639 -242.705373 26.784911
slice8/query/img_03412_c1_1290444939816013us.jpg 0.040936 0.065818 0.703610 -0.706347 676.515829 -242.998795 26.787071
slice8/query/img_03414_c1_1290444940015997us.jpg 0.040445 0.063249 0.702492 -0.707720 677.143659 -243.889757 26.797373
slice8/query/img_03415_c1_1290444940082713us.jpg 0.040275 0.062508 0.702279 -0.708008 677.357694 -244.189755 26.801695
slice8/query/img_03416_c1_1290444940149326us.jpg 0.040081 0.062076 0.702335 -0.708002 677.573265 -244.491860 26.805406
slice8/query/img_03417_c1_1290444940282677us.jpg 0.039759 0.061012 0.702052 -0.708393 678.009657 -245.100087 26.811152
slice8/query/img_03419_c1_1290444940415901us.jpg 0.039363 0.059375 0.701475 -0.709125 678.454417 -245.716952 26.817985
slice8/query/img_03420_c1_1290444940549254us.jpg 0.038428 0.058839 0.702336 -0.708368 678.901542 -246.341027 26.823228
slice8/query/img_03422_c1_1290444940749219us.jpg 0.037160 0.058251 0.703166 -0.707661 679.587828 -247.295884 26.832371
slice8/query/img_03424_c1_1290444940949232us.jpg 0.035323 0.057324 0.704452 -0.706550 680.289498 -248.274995 26.837002
slice8/query/img_03425_c1_1290444941015789us.jpg 0.034590 0.057416 0.705260 -0.705773 680.527469 -248.604945 26.836836
slice8/query/img_03427_c1_1290444941215774us.jpg 0.032884 0.055630 0.705523 -0.705735 681.262187 -249.614360 26.841868
slice8/query/img_03429_c1_1290444941349102us.jpg 0.031475 0.055411 0.705352 -0.705987 681.764596 -250.292482 26.841873
slice8/query/img_03430_c1_1290444941549101us.jpg 0.029204 0.056279 0.703932 -0.707431 682.531893 -251.323466 26.841360
slice8/query/img_03431_c1_1290444941749062us.jpg 0.027315 0.057782 0.704665 -0.706656 683.309150 -252.374467 26.845718
slice8/query/img_03433_c1_1290444941882378us.jpg 0.028171 0.056204 0.705094 -0.706321 683.838730 -253.085565 26.863474
slice8/query/img_03434_c1_1290444941948990us.jpg 0.028636 0.055875 0.705668 -0.705756 684.104768 -253.445320 26.872768
slice8/query/img_03435_c1_1290444942082364us.jpg 0.030449 0.056403 0.706131 -0.705174 684.647055 -254.161105 26.885810
slice8/query/img_03436_c1_1290444942148958us.jpg 0.031630 0.056175 0.705449 -0.705823 684.918789 -254.519705 26.891479
slice8/query/img_03438_c1_1290444942282303us.jpg 0.033106 0.057096 0.703959 -0.707168 685.464869 -255.243689 26.897584
slice8/query/img_03439_c1_1290444942415553us.jpg 0.033982 0.059552 0.703341 -0.707538 686.012699 -255.977611 26.900313
slice8/query/img_03440_c1_1290444942482268us.jpg 0.034496 0.060148 0.702831 -0.707970 686.286346 -256.346216 26.904580
slice8/query/img_03441_c1_1290444942615514us.jpg 0.035130 0.060972 0.702438 -0.708258 686.835854 -257.103120 26.916156
slice8/query/img_03442_c1_1290444942682230us.jpg 0.035428 0.062074 0.702791 -0.707797 687.108958 -257.482865 26.920065
slice8/query/img_03443_c1_1290444942748841us.jpg 0.035727 0.063174 0.703031 -0.707446 687.384868 -257.861527 26.926126
slice8/query/img_03445_c1_1290444942948813us.jpg 0.037665 0.064746 0.702275 -0.707954 688.219294 -259.009054 26.949019
slice8/query/img_03447_c1_1290444943082155us.jpg 0.038217 0.066353 0.701666 -0.708379 688.769554 -259.781865 26.962799
slice8/query/img_03448_c1_1290444943215386us.jpg 0.037982 0.067496 0.701577 -0.708372 689.317351 -260.569690 26.978161
slice8/query/img_03450_c1_1290444943348730us.jpg 0.037479 0.068865 0.702655 -0.707198 689.862900 -261.362104 26.997753
slice8/query/img_03451_c1_1290444943415344us.jpg 0.037154 0.068953 0.702921 -0.706942 690.139908 -261.761509 27.007257
slice8/query/img_03452_c1_1290444943548716us.jpg 0.036188 0.069187 0.703232 -0.706660 690.699668 -262.569414 27.025754
slice8/query/img_03453_c1_1290444943615306us.jpg 0.035690 0.069509 0.703523 -0.706364 690.978140 -262.969826 27.033321
slice8/query/img_03454_c1_1290444943749303us.jpg 0.035094 0.069173 0.703209 -0.706740 691.553784 -263.787943 27.050200
slice8/query/img_03455_c1_1290444943815290us.jpg 0.034727 0.068854 0.702987 -0.707010 691.843427 -264.198432 27.060471
slice8/query/img_03456_c1_1290444943882005us.jpg 0.034203 0.068930 0.702954 -0.707060 692.131707 -264.610050 27.069773
slice8/query/img_03458_c1_1290444944081973us.jpg 0.033106 0.067706 0.702323 -0.707858 693.009084 -265.850812 27.099826
slice8/query/img_03459_c1_1290444944148581us.jpg 0.032787 0.067399 0.702494 -0.707731 693.305358 -266.264365 27.111087
slice8/query/img_03461_c1_1290444944348547us.jpg 0.032125 0.065804 0.702419 -0.707987 694.202952 -267.522214 27.145375
slice8/query/img_03462_c1_1290444944415179us.jpg 0.031866 0.065110 0.702058 -0.708421 694.507631 -267.937536 27.156445
slice8/query/img_03464_c1_1290444944615145us.jpg 0.031213 0.063758 0.701124 -0.709497 695.426239 -269.210552 27.186685
slice8/query/img_03465_c1_1290444944681858us.jpg 0.031206 0.063054 0.700692 -0.709987 695.737072 -269.636235 27.197331
slice8/query/img_03467_c1_1290444944881823us.jpg 0.030975 0.061357 0.699352 -0.711465 696.679087 -270.923523 27.236553
slice8/query/img_03468_c1_1290444944948433us.jpg 0.030941 0.060844 0.698869 -0.711985 696.998065 -271.355969 27.250280
slice8/query/img_03469_c1_1290444945081793us.jpg 0.031013 0.060912 0.698478 -0.712360 697.638785 -272.229323 27.274442
slice8/query/img_03470_c1_1290444945148433us.jpg 0.031118 0.060631 0.698004 -0.712844 697.960218 -272.670342 27.286874
slice8/query/img_03471_c1_1290444945215009us.jpg 0.031501 0.060127 0.697321 -0.713537 698.285445 -273.108233 27.299429
slice8/query/img_03472_c1_1290444945281746us.jpg 0.031958 0.059718 0.696865 -0.713997 698.610305 -273.545216 27.314211
slice8/query/img_03473_c1_1290444945414977us.jpg 0.032798 0.059134 0.695952 -0.714898 699.268428 -274.430761 27.345057
slice8/query/img_03474_c1_1290444945481708us.jpg 0.033120 0.058886 0.695519 -0.715324 699.597182 -274.876187 27.360055
slice8/query/img_03475_c1_1290444945548340us.jpg 0.033301 0.059229 0.695368 -0.715434 699.926104 -275.322375 27.376607
slice8/query/img_03476_c1_1290444945681671us.jpg 0.034038 0.059543 0.695305 -0.715435 700.596464 -276.227226 27.409668
slice8/query/img_03477_c1_1290444945748284us.jpg 0.034251 0.059392 0.695063 -0.715673 700.928494 -276.685940 27.426420
slice8/query/img_03478_c1_1290444945881658us.jpg 0.034868 0.060016 0.694873 -0.715775 701.600730 -277.604153 27.456209
slice8/query/img_03479_c1_1290444945948246us.jpg 0.034940 0.060374 0.694722 -0.715887 701.937445 -278.066436 27.472229
slice8/query/img_03480_c1_1290444946014860us.jpg 0.034937 0.060637 0.694563 -0.716020 702.275276 -278.532747 27.488915
slice8/query/img_03482_c1_1290444946214826us.jpg 0.035623 0.061511 0.694375 -0.716094 703.304495 -279.956087 27.539472
slice8/query/img_03483_c1_1290444946281581us.jpg 0.035750 0.061819 0.694273 -0.716160 703.649510 -280.433054 27.556922
slice8/query/img_03484_c1_1290444946348172us.jpg 0.035994 0.062320 0.694375 -0.716006 703.995413 -280.911943 27.574600
slice8/query/img_03485_c1_1290444946414785us.jpg 0.036184 0.062943 0.694427 -0.715891 704.343727 -281.395588 27.592463
slice8/query/img_03486_c1_1290444946548137us.jpg 0.036920 0.063192 0.694035 -0.716211 705.046858 -282.371715 27.625933
slice8/query/img_03487_c1_1290444946614748us.jpg 0.037297 0.063535 0.694099 -0.716099 705.402066 -282.866199 27.643214
slice8/query/img_03488_c1_1290444946681485us.jpg 0.037462 0.063693 0.694184 -0.715995 705.755390 -283.362861 27.660958
slice8/query/img_03489_c1_1290444946814735us.jpg 0.037358 0.064662 0.694400 -0.715704 706.470468 -284.361174 27.693466
slice8/query/img_03490_c1_1290444946881447us.jpg 0.037281 0.065387 0.694598 -0.715450 706.826199 -284.861753 27.709236
slice8/query/img_03491_c1_1290444946948060us.jpg 0.036605 0.065911 0.694696 -0.715341 707.184037 -285.367610 27.726598
slice8/query/img_03492_c1_1290444947014673us.jpg 0.035798 0.065943 0.694650 -0.715424 707.539225 -285.874924 27.744694
slice8/query/img_03493_c1_1290444947148046us.jpg 0.034007 0.066380 0.694554 -0.715564 708.263174 -286.893295 27.780970
slice8/query/img_03494_c1_1290444947214636us.jpg 0.033096 0.066288 0.694341 -0.715822 708.626078 -287.402420 27.801673
slice8/query/img_03495_c1_1290444947281374us.jpg 0.032345 0.065974 0.694227 -0.715996 708.992890 -287.917019 27.822551
slice8/query/img_03496_c1_1290444947347987us.jpg 0.031765 0.065507 0.694213 -0.716078 709.362080 -288.429909 27.846631
slice8/query/img_03497_c1_1290444947481340us.jpg 0.030972 0.063439 0.693663 -0.716831 710.111531 -289.461508 27.896286
slice8/query/img_03498_c1_1290444947547950us.jpg 0.030388 0.062960 0.693338 -0.717214 710.490630 -289.974494 27.919378
slice8/query/img_03499_c1_1290444947681302us.jpg 0.029316 0.061930 0.692614 -0.718046 711.256604 -291.007735 27.966084
