slice8/query/img_03836_c1_1292959271927954us.jpg 0.129310 0.133870 -0.703229 0.686169 572.329907 -112.477987 28.651656
slice8/query/img_03837_c1_1292959271994599us.jpg 0.126801 0.128995 -0.703836 0.686947 572.970024 -112.749483 28.625836
slice8/query/img_03838_c1_1292959272061328us.jpg 0.123758 0.125501 -0.703388 0.688606 573.607662 -113.041688 28.605577
slice8/query/img_03839_c1_1292959272127954us.jpg 0.122122 0.120171 -0.702554 0.690698 574.235063 -113.329638 28.584848
slice8/query/img_03840_c1_1292959272194580us.jpg 0.120761 0.114055 -0.702207 0.692324 574.857473 -113.626958 28.564405
slice8/query/img_03841_c1_1292959272327959us.jpg 0.113464 0.105366 -0.703199 0.693928 576.110286 -114.249301 28.535634
slice8/query/img_03842_c1_1292959272394582us.jpg 0.107563 0.102795 -0.704493 0.693940 576.736613 -114.571428 28.536992
slice8/query/img_03843_c1_1292959272461331us.jpg 0.101048 0.099988 -0.705884 0.693916 577.357689 -114.902120 28.533861
slice8/query/img_03844_c1_1292959272527957us.jpg 0.094538 0.096596 -0.706569 0.694617 577.975784 -115.242254 28.525139
slice8/query/img_03845_c1_1292959272661335us.jpg 0.083513 0.085650 -0.705906 0.698131 579.189843 -115.889503 28.511706
slice8/query/img_03846_c1_1292959272727960us.jpg 0.078903 0.079808 -0.704708 0.700565 579.784277 -116.254183 28.492209
slice8/query/img_03847_c1_1292959272794585us.jpg 0.074544 0.074283 -0.704131 0.702228 580.370812 -116.628708 28.472040
slice8/query/img_03848_c1_1292959272861337us.jpg 0.069737 0.068862 -0.705232 0.702170 580.958568 -117.020971 28.462500
slice8/query/img_03849_c1_1292959272994608us.jpg 0.058435 0.059842 -0.709615 0.699608 582.126296 -117.834203 28.441516
slice8/query/img_03850_c1_1292959273061338us.jpg 0.052725 0.054461 -0.710727 0.699372 582.699668 -118.246583 28.427456
slice8/query/img_03851_c1_1292959273127963us.jpg 0.048045 0.047725 -0.710415 0.700517 583.261360 -118.662515 28.413729
slice8/query/img_03852_c1_1292959273261364us.jpg 0.038636 0.033904 -0.707484 0.704858 584.371014 -119.513071 28.367646
slice8/query/img_03853_c1_1292959273327987us.jpg 0.033554 0.028056 -0.706049 0.706811 584.916935 -119.957687 28.357612
slice8/query/img_03854_c1_1292959273461393us.jpg 0.024185 0.018075 -0.704920 0.708644 585.988595 -120.879760 28.338232
slice8/query/img_03855_c1_1292959273527974us.jpg 0.020108 0.012650 -0.706060 0.707753 586.508657 -121.358271 28.334757
slice8/query/img_03856_c1_1292959273594595us.jpg 0.015834 0.007689 -0.707823 0.706171 587.021701 -121.857164 28.328273
slice8/query/img_03857_c1_1292959273661346us.jpg 0.011903 0.002738 -0.709256 0.704845 587.527826 -122.365218 28.321419
slice8/query/img_03858_c1_1292959273794598us.jpg 0.003003 -0.004817 -0.709965 0.704214 588.529121 -123.373560 28.309828
slice8/query/img_03859_c1_1292959273861348us.jpg 0.001595 0.008211 0.709809 -0.704344 589.028302 -123.876856 28.301476
slice8/query/img_03860_c1_1292959273927973us.jpg 0.006056 0.011436 0.709886 -0.704197 589.515445 -124.405224 28.290729
slice8/query/img_03861_c1_1292959273994600us.jpg 0.010181 0.014327 0.709874 -0.704109 590.002282 -124.929543 28.283851
slice8/query/img_03862_c1_1292959274127975us.jpg 0.015640 0.019853 0.709658 -0.704092 590.963359 -125.978500 28.271215
slice8/query/img_03863_c1_1292959274194601us.jpg 0.016664 0.022529 0.709877 -0.703768 591.425151 -126.533945 28.249714
slice8/query/img_03864_c1_1292959274261351us.jpg 0.017177 0.025349 0.710632 -0.702897 591.890238 -127.086626 28.233418
slice8/query/img_03865_c1_1292959274327977us.jpg 0.017460 0.028186 0.711649 -0.701752 592.358881 -127.636569 28.218132
slice8/query/img_03866_c1_1292959274461357us.jpg 0.018417 0.031767 0.712922 -0.700282 593.291376 -128.732691 28.194148
slice8/query/img_03867_c1_1292959274527980us.jpg 0.019423 0.032647 0.713213 -0.699917 593.757802 -129.291257 28.183877
slice8/query/img_03868_c1_1292959274594605us.jpg 0.020467 0.033010 0.713221 -0.699862 594.223254 -129.845754 28.172544
slice8/query/img_03869_c1_1292959274727991us.jpg 0.022509 0.033377 0.712694 -0.700319 595.167259 -130.968263 28.148291
slice8/query/img_03870_c1_1292959274794607us.jpg 0.023458 0.033352 0.712400 -0.700588 595.635275 -131.534034 28.134128
slice8/query/img_03871_c1_1292959274861358us.jpg 0.024109 0.033409 0.712261 -0.700705 596.103914 -132.100652 28.122901
slice8/query/img_03872_c1_1292959274994612us.jpg 0.025299 0.033526 0.712140 -0.700780 597.044942 -133.250917 28.091708
slice8/query/img_03873_c1_1292959275061361us.jpg 0.025705 0.033480 0.712006 -0.700903 597.515953 -133.838325 28.079395
slice8/query/img_03874_c1_1292959275127985us.jpg 0.025969 0.033710 0.711828 -0.701064 597.984797 -134.417271 28.068349
slice8/query/img_03875_c1_1292959275194611us.jpg 0.026177 0.034223 0.711569 -0.701293 598.456042 -135.007654 28.048957
slice8/query/img_03876_c1_1292959275327987us.jpg 0.027003 0.034803 0.710991 -0.701820 599.409241 -136.170721 28.018233
slice8/query/img_03877_c1_1292959275394614us.jpg 0.027886 0.034464 0.710727 -0.702069 599.890973 -136.756142 28.002509
slice8/query/img_03878_c1_1292959275461363us.jpg 0.028731 0.033697 0.710227 -0.702578 600.366712 -137.352357 27.985527
slice8/query/img_03879_c1_1292959275527989us.jpg 0.029508 0.033202 0.709743 -0.703059 600.847170 -137.937678 27.972463
slice8/query/img_03880_c1_1292959275661368us.jpg 0.030537 0.033621 0.709140 -0.703603 601.801926 -139.127787 27.941201
slice8/query/img_03881_c1_1292959275727992us.jpg 0.030975 0.034637 0.709167 -0.703508 602.281105 -139.721295 27.928452
slice8/query/img_03882_c1_1292959275794618us.jpg 0.031386 0.035623 0.709162 -0.703446 602.759569 -140.311957 27.913370
slice8/query/img_03883_c1_1292959275861369us.jpg 0.031530 0.036261 0.709170 -0.703398 603.232759 -140.922036 27.894425
slice8/query/img_03884_c1_1292959275994624us.jpg 0.031854 0.037327 0.709809 -0.702683 604.185331 -142.138605 27.863369
slice8/query/img_03885_c1_1292959276061392us.jpg 0.032405 0.037470 0.710232 -0.702223 604.664506 -142.756589 27.847335
slice8/query/img_03886_c1_1292959276127996us.jpg 0.033029 0.038201 0.710575 -0.701807 605.138153 -143.383757 27.833727
slice8/query/img_03887_c1_1292959276194622us.jpg 0.034343 0.039007 0.710320 -0.701958 605.627844 -143.989282 27.816128
slice8/query/img_03888_c1_1292959276328000us.jpg 0.037614 0.039504 0.708115 -0.703987 606.596979 -145.214940 27.784353
slice8/query/img_03889_c1_1292959276394627us.jpg 0.039594 0.038629 0.706841 -0.705207 607.083705 -145.827481 27.774417
slice8/query/img_03890_c1_1292959276461375us.jpg 0.041224 0.037888 0.705982 -0.706013 607.563065 -146.456806 27.761844
slice8/query/img_03891_c1_1292959276528001us.jpg 0.042378 0.038392 0.705786 -0.706114 608.045242 -147.082679 27.747625
slice8/query/img_03892_c1_1292959276661380us.jpg 0.043769 0.040462 0.706090 -0.705609 609.001297 -148.329387 27.712807
slice8/query/img_03893_c1_1292959276728006us.jpg 0.044689 0.041150 0.706128 -0.705474 609.471586 -148.952895 27.697592
slice8/query/img_03894_c1_1292959276794627us.jpg 0.045893 0.041144 0.705875 -0.705650 609.937339 -149.581157 27.683558
slice8/query/img_03895_c1_1292959276861379us.jpg 0.046966 0.041407 0.705325 -0.706113 610.399777 -150.211999 27.666862
slice8/query/img_03896_c1_1292959276994654us.jpg 0.050015 0.042051 0.704798 -0.706392 611.342661 -151.459322 27.644758
slice8/query/img_03897_c1_1292959277061381us.jpg 0.051575 0.042588 0.705049 -0.705997 611.808088 -152.080552 27.633245
slice8/query/img_03898_c1_1292959277128007us.jpg 0.053112 0.043356 0.705506 -0.705380 612.278370 -152.702620 27.622865
slice8/query/img_03899_c1_1292959277261409us.jpg 0.054630 0.044658 0.706588 -0.704099 613.194791 -153.979543 27.580652
slice8/query/img_03900_c1_1292959277328031us.jpg 0.054279 0.046051 0.707067 -0.703555 613.644518 -154.613067 27.561844
slice8/query/img_03901_c1_1292959277394634us.jpg 0.053665 0.047779 0.707375 -0.703177 614.092725 -155.245322 27.537015
slice8/query/img_03902_c1_1292959277461385us.jpg 0.052955 0.049572 0.707579 -0.702901 614.542468 -155.881118 27.512256
slice8/query/img_03903_c1_1292959277594639us.jpg 0.051942 0.050757 0.707532 -0.702940 615.448619 -157.151063 27.469963
slice8/query/img_03904_c1_1292959277661388us.jpg 0.051630 0.050720 0.707422 -0.703076 615.903106 -157.789910 27.453822
slice8/query/img_03905_c1_1292959277728013us.jpg 0.051436 0.050313 0.707342 -0.703200 616.358268 -158.427323 27.436551
slice8/query/img_03906_c1_1292959277861412us.jpg 0.050831 0.049846 0.707364 -0.703255 617.280486 -159.702886 27.411055
slice8/query/img_03907_c1_1292959277928015us.jpg 0.050616 0.049143 0.707209 -0.703476 617.743795 -160.339749 27.395859
slice8/query/img_03908_c1_1292959277994643us.jpg 0.049937 0.049092 0.706904 -0.703834 618.206583 -160.980239 27.379121
slice8/query/img_03909_c1_1292959278061392us.jpg 0.049180 0.049129 0.706692 -0.704098 618.668009 -161.628517 27.363586
slice8/query/img_03910_c1_1292959278194643us.jpg 0.047340 0.048825 0.706263 -0.704675 619.591433 -162.915710 27.326660
slice8/query/img_03911_c1_1292959278261394us.jpg 0.046912 0.048639 0.706417 -0.704562 620.060260 -163.551548 27.315330
slice8/query/img_03912_c1_1292959278394666us.jpg 0.045635 0.048584 0.706907 -0.704159 620.993871 -164.825066 27.293153
slice8/query/img_03913_c1_1292959278461397us.jpg 0.045626 0.048374 0.706989 -0.704092 621.465696 -165.468797 27.280605
slice8/query/img_03914_c1_1292959278528023us.jpg 0.045494 0.048164 0.706885 -0.704219 621.938505 -166.103951 27.270402
slice8/query/img_03915_c1_1292959278661420us.jpg 0.044711 0.049122 0.706571 -0.704518 622.892295 -167.357410 27.254556
slice8/query/img_03916_c1_1292959278794670us.jpg 0.043968 0.050184 0.705868 -0.705194 623.842944 -168.653423 27.223197
slice8/query/img_03917_c1_1292959278861402us.jpg 0.043973 0.050135 0.705770 -0.705296 624.318597 -169.299795 27.214167
slice8/query/img_03918_c1_1292959278994674us.jpg 0.043606 0.050523 0.706061 -0.704999 625.272134 -170.593802 27.197276
slice8/query/img_03919_c1_1292959279061406us.jpg 0.043789 0.050714 0.706553 -0.704481 625.746957 -171.247832 27.191474
slice8/query/img_03920_c1_1292959279128027us.jpg 0.043992 0.051308 0.706861 -0.704116 626.226717 -171.899180 27.187848
slice8/query/img_03921_c1_1292959279194653us.jpg 0.044114 0.051594 0.706986 -0.703962 626.701496 -172.556218 27.178510
slice8/query/img_03922_c1_1292959279328052us.jpg 0.043944 0.052501 0.706929 -0.703963 627.647702 -173.856063 27.160310
slice8/query/img_03923_c1_1292959279394659us.jpg 0.043627 0.053589 0.706880 -0.703950 628.117307 -174.517533 27.147931
slice8/query/img_03924_c1_1292959279461406us.jpg 0.042964 0.054502 0.706452 -0.704350 628.587406 -175.177688 27.137275
slice8/query/img_03925_c1_1292959279528031us.jpg 0.042830 0.055011 0.706086 -0.704685 629.065860 -175.838261 27.127568
slice8/query/img_03926_c1_1292959279661430us.jpg 0.043867 0.055393 0.706074 -0.704604 630.024609 -177.162082 27.118851
slice8/query/img_03927_c1_1292959279728055us.jpg 0.044547 0.055524 0.705922 -0.704704 630.505222 -177.827633 27.111942
slice8/query/img_03928_c1_1292959279794660us.jpg 0.045396 0.054758 0.705666 -0.704966 630.983601 -178.497248 27.106665
slice8/query/img_03929_c1_1292959279928058us.jpg 0.046838 0.054765 0.704814 -0.705722 631.943553 -179.817763 27.093193
slice8/query/img_03930_c1_1292959279994683us.jpg 0.047142 0.055219 0.704478 -0.706002 632.421263 -180.489743 27.083305
slice8/query/img_03931_c1_1292959280128041us.jpg 0.047670 0.056369 0.703941 -0.706412 633.379404 -181.826634 27.071593
slice8/query/img_03932_c1_1292959280194664us.jpg 0.048078 0.057010 0.704301 -0.705973 633.860203 -182.499975 27.071055
slice8/query/img_03933_c1_1292959280261415us.jpg 0.048249 0.057377 0.704871 -0.705363 634.335593 -183.187309 27.066472
slice8/query/img_03934_c1_1292959280394669us.jpg 0.048030 0.057442 0.705487 -0.704756 635.288478 -184.536846 27.056855
slice8/query/img_03935_c1_1292959280461416us.jpg 0.047486 0.058036 0.705789 -0.704442 635.762474 -185.224464 27.052400
slice8/query/img_03936_c1_1292959280528042us.jpg 0.047377 0.057750 0.705830 -0.704432 636.237720 -185.916148 27.038066
slice8/query/img_03937_c1_1292959280594669us.jpg 0.047221 0.057357 0.705643 -0.704662 636.714778 -186.594763 27.031693
slice8/query/img_03938_c1_1292959280728045us.jpg 0.047762 0.056162 0.705231 -0.705134 637.685920 -187.948457 27.018441
slice8/query/img_03939_c1_1292959280794669us.jpg 0.047954 0.055574 0.705182 -0.705217 638.169908 -188.641958 27.010740
slice8/query/img_03940_c1_1292959280861421us.jpg 0.048566 0.054910 0.705266 -0.705143 638.659758 -189.306390 27.011336
slice8/query/img_03941_c1_1292959280994677us.jpg 0.047721 0.054593 0.705770 -0.704720 639.607102 -190.683416 26.998937
slice8/query/img_03942_c1_1292959281061423us.jpg 0.047549 0.054436 0.706229 -0.704285 640.088446 -191.354296 26.991830
slice8/query/img_03943_c1_1292959281128049us.jpg 0.046982 0.054505 0.706588 -0.703957 640.564305 -192.030188 26.984157
slice8/query/img_03944_c1_1292959281194674us.jpg 0.046548 0.054490 0.707096 -0.703477 641.040373 -192.704094 26.978225
slice8/query/img_03945_c1_1292959281328055us.jpg 0.045944 0.054819 0.707422 -0.703163 641.997810 -194.036510 26.958224
slice8/query/img_03946_c1_1292959281394680us.jpg 0.046039 0.054254 0.707357 -0.703266 642.475186 -194.722198 26.945731
slice8/query/img_03947_c1_1292959281461426us.jpg 0.046002 0.053653 0.707127 -0.703545 642.946514 -195.399872 26.936837
slice8/query/img_03948_c1_1292959281528052us.jpg 0.046360 0.052972 0.706698 -0.704005 643.424573 -196.064637 26.928920
slice8/query/img_03949_c1_1292959281661453us.jpg 0.047137 0.052219 0.705693 -0.705016 644.383548 -197.377060 26.920424
slice8/query/img_03950_c1_1292959281728075us.jpg 0.047422 0.052205 0.705301 -0.705391 644.855132 -198.036229 26.911606
slice8/query/img_03951_c1_1292959281861453us.jpg 0.047899 0.052077 0.705112 -0.705557 645.787453 -199.355843 26.896713
slice8/query/img_03952_c1_1292959281928077us.jpg 0.048618 0.052149 0.704900 -0.705714 646.262862 -200.010370 26.887709
slice8/query/img_03953_c1_1292959282061436us.jpg 0.048866 0.051994 0.704925 -0.705684 647.191273 -201.327657 26.877532
slice8/query/img_03954_c1_1292959282194711us.jpg 0.049138 0.052897 0.704852 -0.705671 648.117655 -202.635833 26.861263
slice8/query/img_03955_c1_1292959282261435us.jpg 0.049061 0.053324 0.704663 -0.705832 648.582369 -203.270981 26.854284
slice8/query/img_03956_c1_1292959282394688us.jpg 0.049336 0.052944 0.703765 -0.706737 649.509168 -204.579029 26.840593
slice8/query/img_03957_c1_1292959282461442us.jpg 0.049075 0.052947 0.703387 -0.707131 649.971350 -205.229453 26.836393
slice8/query/img_03958_c1_1292959282528064us.jpg 0.048943 0.052737 0.703269 -0.707274 650.427549 -205.880351 26.830440
slice8/query/img_03959_c1_1292959282594694us.jpg 0.049144 0.053048 0.703316 -0.707190 650.892575 -206.533310 26.826251
slice8/query/img_03960_c1_1292959282728070us.jpg 0.049276 0.052228 0.703229 -0.707328 651.820180 -207.857021 26.812747
slice8/query/img_03961_c1_1292959282794690us.jpg 0.049163 0.052093 0.703120 -0.707455 652.288343 -208.517773 26.801887
slice8/query/img_03962_c1_1292959282861442us.jpg 0.048950 0.051757 0.703002 -0.707611 652.749714 -209.172510 26.787652
slice8/query/img_03963_c1_1292959282928066us.jpg 0.048342 0.051713 0.702918 -0.707740 653.212768 -209.831738 26.778215
slice8/query/img_03964_c1_1292959283061445us.jpg 0.046686 0.051652 0.703229 -0.707546 654.164640 -211.177578 26.757660
slice8/query/img_03965_c1_1292959283128069us.jpg 0.045472 0.051607 0.703611 -0.707249 654.651114 -211.864019 26.755468
slice8/query/img_03966_c1_1292959283261486us.jpg 0.042550 0.050869 0.704692 -0.706407 655.638719 -213.234879 26.743199
slice8/query/img_03967_c1_1292959283328071us.jpg 0.040986 0.050495 0.705303 -0.705917 656.134472 -213.920864 26.739551
slice8/query/img_03968_c1_1292959283394702us.jpg 0.039821 0.049522 0.705731 -0.705624 656.633918 -214.603649 26.735566
slice8/query/img_03969_c1_1292959283461448us.jpg 0.038728 0.048502 0.705898 -0.705588 657.130675 -215.285139 26.731744
slice8/query/img_03970_c1_1292959283594713us.jpg 0.038839 0.046377 0.704839 -0.706784 658.165273 -216.640974 26.722447
slice8/query/img_03971_c1_1292959283661469us.jpg 0.039603 0.045696 0.703832 -0.707788 658.679347 -217.315721 26.720190
slice8/query/img_03972_c1_1292959283728076us.jpg 0.040843 0.045118 0.702747 -0.708832 659.191739 -217.987119 26.719358
slice8/query/img_03973_c1_1292959283794702us.jpg 0.041969 0.044854 0.701829 -0.709692 659.707570 -218.658615 26.718869
slice8/query/img_03974_c1_1292959283928101us.jpg 0.043682 0.045637 0.701248 -0.710113 660.733887 -220.024974 26.713317
slice8/query/img_03975_c1_1292959283994705us.jpg 0.044032 0.046666 0.701531 -0.709745 661.238743 -220.713944 26.709483
slice8/query/img_03976_c1_1292959284061454us.jpg 0.044063 0.047920 0.702178 -0.709019 661.740337 -221.408479 26.706253
slice8/query/img_03977_c1_1292959284194710us.jpg 0.043817 0.051437 0.703249 -0.707725 662.745509 -222.802487 26.697667
slice8/query/img_03978_c1_1292959284261456us.jpg 0.044248 0.052411 0.703570 -0.707308 663.249522 -223.506697 26.692063
slice8/query/img_03979_c1_1292959284394712us.jpg 0.045763 0.054274 0.703627 -0.707014 664.277069 -224.914195 26.684854
slice8/query/img_03980_c1_1292959284461460us.jpg 0.046340 0.055168 0.703458 -0.707076 664.786235 -225.623936 26.684291
slice8/query/img_03981_c1_1292959284528084us.jpg 0.046832 0.056019 0.703403 -0.707031 665.295389 -226.336875 26.682917
slice8/query/img_03982_c1_1292959284594709us.jpg 0.046871 0.057021 0.703525 -0.706827 665.800277 -227.050986 26.681678
slice8/query/img_03983_c1_1292959284728088us.jpg 0.047030 0.059458 0.704169 -0.705973 666.819672 -228.488915 26.674556
slice8/query/img_03984_c1_1292959284794716us.jpg 0.046734 0.060442 0.704304 -0.705775 667.324406 -229.213093 26.671143
slice8/query/img_03985_c1_1292959284861461us.jpg 0.046162 0.061768 0.704345 -0.705657 667.830331 -229.937302 26.664723
slice8/query/img_03986_c1_1292959284928087us.jpg 0.045308 0.062876 0.704638 -0.705322 668.334316 -230.664216 26.662387
slice8/query/img_03987_c1_1292959285061488us.jpg 0.044929 0.062970 0.705066 -0.704910 669.357712 -232.133159 26.659333
slice8/query/img_03988_c1_1292959285128089us.jpg 0.044739 0.063198 0.704953 -0.705015 669.874872 -232.867053 26.656621
slice8/query/img_03989_c1_1292959285194714us.jpg 0.044713 0.063339 0.704514 -0.705443 670.393701 -233.599232 26.655010
slice8/query/img_03990_c1_1292959285261465us.jpg 0.045203 0.063078 0.703920 -0.706027 670.915277 -234.332321 26.656181
slice8/query/img_03991_c1_1292959285394720us.jpg 0.046457 0.061286 0.702109 -0.707904 671.964861 -235.805524 26.662962
slice8/query/img_03992_c1_1292959285461467us.jpg 0.046792 0.060543 0.701369 -0.708679 672.487514 -236.542746 26.665029
slice8/query/img_03993_c1_1292959285528094us.jpg 0.046545 0.060615 0.701140 -0.708916 673.006229 -237.285304 26.667061
slice8/query/img_03994_c1_1292959285661473us.jpg 0.045031 0.061597 0.702031 -0.708047 674.045233 -238.781991 26.672355
slice8/query/img_03995_c1_1292959285728099us.jpg 0.044140 0.062066 0.702519 -0.707578 674.565357 -239.530686 26.675816
slice8/query/img_03996_c1_1292959285794721us.jpg 0.043007 0.062175 0.702715 -0.707444 675.087319 -240.281968 26.680213
slice8/query/img_03997_c1_1292959285861471us.jpg 0.041706 0.063105 0.702395 -0.707757 675.611946 -241.030845 26.680869
slice8/query/img_03998_c1_1292959285994740us.jpg 0.040374 0.063835 0.701550 -0.708606 676.669660 -242.537897 26.688243
slice8/query/img_03999_c1_1292959286061474us.jpg 0.040505 0.063141 0.701109 -0.709098 677.201013 -243.290871 26.699762
slice8/query/img_04000_c1_1292959286194729us.jpg 0.042052 0.060647 0.700133 -0.710188 678.278030 -244.794805 26.729995
slice8/query/img_04001_c1_1292959286261475us.jpg 0.042768 0.059236 0.699609 -0.710781 678.820448 -245.550975 26.745267
slice8/query/img_04002_c1_1292959286394731us.jpg 0.043370 0.058285 0.699667 -0.710766 679.903046 -247.061976 26.770028
slice8/query/img_04003_c1_1292959286461500us.jpg 0.043090 0.058285 0.700294 -0.710165 680.441477 -247.823487 26.776642
slice8/query/img_04004_c1_1292959286528103us.jpg 0.042589 0.058661 0.701278 -0.709193 680.979431 -248.587982 26.782916
slice8/query/img_04005_c1_1292959286594730us.jpg 0.041632 0.058874 0.702239 -0.708280 681.516755 -249.353544 26.788468
slice8/query/img_04006_c1_1292959286728395us.jpg 0.038721 0.060875 0.703822 -0.706704 682.594659 -250.891879 26.791130
slice8/query/img_04007_c1_1292959286794733us.jpg 0.036376 0.063680 0.704082 -0.706321 683.132721 -251.655252 26.786555
slice8/query/img_04008_c1_1292959286861481us.jpg 0.034452 0.065877 0.704275 -0.706024 683.673241 -252.422122 26.785330
slice8/query/img_04009_c1_1292959286928106us.jpg 0.033511 0.066419 0.704297 -0.705997 684.215369 -253.190881 26.794424
slice8/query/img_04010_c1_1292959286994733us.jpg 0.033897 0.065302 0.704416 -0.705964 684.766692 -253.961945 26.810666
slice8/query/img_04011_c1_1292959287128111us.jpg 0.035965 0.063152 0.704583 -0.705891 685.881720 -255.502860 26.845924
slice8/query/img_04012_c1_1292959287194736us.jpg 0.036773 0.062891 0.704172 -0.706282 686.440147 -256.271831 26.857441
slice8/query/img_04013_c1_1292959287261485us.jpg 0.037319 0.062687 0.703260 -0.707179 686.998012 -257.040725 26.868613
slice8/query/img_04014_c1_1292959287394756us.jpg 0.037182 0.062088 0.700977 -0.709503 688.112266 -258.587880 26.891157
slice8/query/img_04015_c1_1292959287461488us.jpg 0.036219 0.062777 0.700411 -0.710050 688.668355 -259.363491 26.901570
slice8/query/img_04016_c1_1292959287528113us.jpg 0.034668 0.063977 0.700759 -0.709678 689.220651 -260.146313 26.913997
slice8/query/img_04017_c1_1292959287594739us.jpg 0.033218 0.065389 0.701491 -0.708895 689.773618 -260.931430 26.926829
slice8/query/img_04018_c1_1292959287728121us.jpg 0.031709 0.066804 0.702895 -0.707440 690.896991 -262.497151 26.968397
slice8/query/img_04019_c1_1292959287794741us.jpg 0.031724 0.066959 0.703275 -0.707047 691.460875 -263.284044 26.990543
slice8/query/img_04020_c1_1292959287861492us.jpg 0.032082 0.066974 0.703272 -0.707031 692.026465 -264.072473 27.010850
slice8/query/img_04021_c1_1292959287928117us.jpg 0.032343 0.066797 0.702730 -0.707575 692.591562 -264.858373 27.030462
slice8/query/img_04022_c1_1292959287994743us.jpg 0.032463 0.066439 0.701960 -0.708367 693.157783 -265.646381 27.051327
slice8/query/img_04023_c1_1292959288128122us.jpg 0.032793 0.065664 0.700728 -0.709643 694.294933 -267.229091 27.091691
slice8/query/img_04024_c1_1292959288194746us.jpg 0.032904 0.065441 0.700366 -0.710016 694.865571 -268.019901 27.114138
slice8/query/img_04025_c1_1292959288261497us.jpg 0.033137 0.064864 0.700116 -0.710304 695.435880 -268.811146 27.140147
slice8/query/img_04026_c1_1292959288394771us.jpg 0.033836 0.064062 0.699459 -0.710991 696.586461 -270.409730 27.185849
slice8/query/img_04027_c1_1292959288594768us.jpg 0.034703 0.063106 0.697037 -0.713410 698.328519 -272.798010 27.256610
slice8/query/img_04028_c1_1292959288728161us.jpg 0.034826 0.062854 0.695532 -0.714892 699.489650 -274.396734 27.312240
slice8/query/img_04029_c1_1292959288794774us.jpg 0.034873 0.062576 0.695129 -0.715306 700.069652 -275.200778 27.342373
slice8/query/img_04030_c1_1292959288861502us.jpg 0.035131 0.062296 0.695047 -0.715398 700.651792 -276.003411 27.375787
slice8/query/img_04031_c1_1292959288928128us.jpg 0.035680 0.061872 0.695067 -0.715388 701.235596 -276.806971 27.407788
slice8/query/img_04032_c1_1292959289061527us.jpg 0.036469 0.061428 0.694891 -0.715558 702.405332 -278.415228 27.470852
slice8/query/img_04033_c1_1292959289128151us.jpg 0.036504 0.061541 0.694707 -0.715725 702.986880 -279.221686 27.499892
slice8/query/img_04034_c1_1292959289194755us.jpg 0.036492 0.061466 0.694514 -0.715919 703.569836 -280.029932 27.528920
slice8/query/img_04035_c1_1292959289261505us.jpg 0.036220 0.061670 0.694297 -0.716127 704.151507 -280.837726 27.556124
slice8/query/img_04036_c1_1292959289394781us.jpg 0.035696 0.062600 0.694384 -0.715988 705.318603 -282.453298 27.613646
slice8/query/img_04037_c1_1292959289461529us.jpg 0.035619 0.062712 0.694445 -0.715922 705.900393 -283.263662 27.643773
slice8/query/img_04038_c1_1292959289528133us.jpg 0.035707 0.062752 0.694651 -0.715715 706.482281 -284.074374 27.675049
slice8/query/img_04039_c1_1292959289594759us.jpg 0.035664 0.062943 0.694721 -0.715632 707.061864 -284.885090 27.706384
slice8/query/img_04040_c1_1292959289728137us.jpg 0.035184 0.063774 0.694189 -0.716099 708.223751 -286.502574 27.764278
slice8/query/img_04041_c1_1292959289794762us.jpg 0.034722 0.064341 0.693677 -0.716566 708.802120 -287.309417 27.796500
slice8/query/img_04042_c1_1292959289861512us.jpg 0.034166 0.064866 0.693174 -0.717032 709.379811 -288.114746 27.828843
slice8/query/img_04043_c1_1292959289928137us.jpg 0.033913 0.065121 0.692838 -0.717345 709.958185 -288.921105 27.864162
slice8/query/img_04044_c1_1292959290061536us.jpg 0.033721 0.065545 0.692142 -0.717988 711.114410 -290.529568 27.939411
