slice8/query/img_03083_c1_1299250802712715us.jpg 0.138340 0.144298 -0.704469 0.681002 570.958443 -112.473003 28.791980
slice8/query/img_03084_c1_1299250802779440us.jpg 0.135135 0.139483 -0.705451 0.681632 571.711811 -112.784793 28.753604
slice8/query/img_03085_c1_1299250802846067us.jpg 0.131412 0.135768 -0.705967 0.682575 572.454189 -113.099618 28.727254
slice8/query/img_03086_c1_1299250802912692us.jpg 0.126384 0.132517 -0.704818 0.685345 573.204314 -113.421734 28.700718
slice8/query/img_03087_c1_1299250803046073us.jpg 0.120967 0.119739 -0.702120 0.691417 574.648357 -114.077180 28.642451
slice8/query/img_03088_c1_1299250803112717us.jpg 0.117875 0.113229 -0.701409 0.693765 575.357946 -114.424280 28.615559
slice8/query/img_03089_c1_1299250803179442us.jpg 0.113098 0.108348 -0.702333 0.694405 576.070246 -114.783914 28.600032
slice8/query/img_03090_c1_1299250803246068us.jpg 0.106821 0.104321 -0.704537 0.693782 576.780073 -115.152316 28.588818
slice8/query/img_03091_c1_1299250803379446us.jpg 0.093888 0.095686 -0.709367 0.691974 578.161872 -115.917347 28.570803
slice8/query/img_03092_c1_1299250803446071us.jpg 0.088153 0.089992 -0.710634 0.692192 578.840713 -116.308318 28.556739
slice8/query/img_03093_c1_1299250803512695us.jpg 0.082904 0.083542 -0.710870 0.693406 579.506957 -116.703387 28.538262
slice8/query/img_03094_c1_1299250803579445us.jpg 0.077845 0.077570 -0.710370 0.695196 580.163883 -117.102994 28.517772
slice8/query/img_03095_c1_1299250803712940us.jpg 0.066508 0.069038 -0.710346 0.697294 581.459490 -117.940754 28.480210
slice8/query/img_03096_c1_1299250803779476us.jpg 0.061008 0.064920 -0.711085 0.697439 582.094129 -118.374822 28.471009
slice8/query/img_03097_c1_1299250803846072us.jpg 0.055790 0.059690 -0.711462 0.697958 582.716344 -118.808952 28.451221
slice8/query/img_03098_c1_1299250803912696us.jpg 0.051463 0.052871 -0.711312 0.698993 583.328346 -119.251229 28.426375
slice8/query/img_03099_c1_1299250804046101us.jpg 0.042808 0.040091 -0.710060 0.701694 584.525067 -120.163311 28.395130
slice8/query/img_03100_c1_1299250804112703us.jpg 0.037957 0.035092 -0.708954 0.703357 585.119011 -120.628848 28.383611
slice8/query/img_03101_c1_1299250804179449us.jpg 0.033484 0.030280 -0.708435 0.704331 585.699356 -121.102545 28.378781
slice8/query/img_03102_c1_1299250804246074us.jpg 0.029427 0.025115 -0.708765 0.704383 586.270330 -121.590656 28.368033
slice8/query/img_03103_c1_1299250804312700us.jpg 0.025432 0.019848 -0.709970 0.703492 586.829241 -122.085048 28.354880
slice8/query/img_03104_c1_1299250804446081us.jpg 0.017372 0.010822 -0.712071 0.701809 587.935577 -123.096143 28.350183
slice8/query/img_03105_c1_1299250804512700us.jpg 0.013340 0.007269 -0.712625 0.701381 588.474680 -123.612458 28.342593
slice8/query/img_03106_c1_1299250804579451us.jpg 0.008890 0.003878 -0.713144 0.700951 589.013217 -124.128221 28.334887
slice8/query/img_03107_c1_1299250804712728us.jpg 0.001334 -0.002626 -0.713572 0.700576 590.060731 -125.187726 28.318395
slice8/query/img_03108_c1_1299250804779459us.jpg 0.002168 0.005584 0.713228 -0.700907 590.580102 -125.717913 28.307848
slice8/query/img_03109_c1_1299250804846078us.jpg 0.005115 0.008598 0.712760 -0.701336 591.087093 -126.253444 28.292883
slice8/query/img_03110_c1_1299250804912701us.jpg 0.007778 0.011612 0.712803 -0.701225 591.591236 -126.791671 28.280646
slice8/query/img_03111_c1_1299250805046082us.jpg 0.011414 0.018219 0.713609 -0.700214 592.579287 -127.893447 28.244017
slice8/query/img_03112_c1_1299250805112704us.jpg 0.012922 0.020989 0.714075 -0.699635 593.064794 -128.448200 28.228557
slice8/query/img_03113_c1_1299250805179454us.jpg 0.014554 0.023025 0.714557 -0.699047 593.542251 -129.009809 28.218386
slice8/query/img_03114_c1_1299250805312708us.jpg 0.018190 0.026325 0.714965 -0.698427 594.502226 -130.128912 28.190878
slice8/query/img_03115_c1_1299250805379457us.jpg 0.020126 0.027815 0.715075 -0.698204 594.973872 -130.688995 28.180882
slice8/query/img_03116_c1_1299250805446081us.jpg 0.022099 0.029064 0.714801 -0.698374 595.440891 -131.250258 28.165526
slice8/query/img_03117_c1_1299250805646107us.jpg 0.026549 0.031880 0.714109 -0.698804 596.839814 -132.935845 28.119419
slice8/query/img_03118_c1_1299250805846122us.jpg 0.028530 0.034681 0.713808 -0.698900 598.218285 -134.642251 28.069211
slice8/query/img_03119_c1_1299250805912708us.jpg 0.029068 0.035912 0.713723 -0.698903 598.674223 -135.201452 28.053744
slice8/query/img_03120_c1_1299250806046094us.jpg 0.030555 0.036905 0.713494 -0.699021 599.587136 -136.343695 28.020376
slice8/query/img_03121_c1_1299250806112716us.jpg 0.031196 0.036304 0.713311 -0.699211 600.036110 -136.912431 28.008773
slice8/query/img_03122_c1_1299250806179460us.jpg 0.031581 0.035893 0.712934 -0.699600 600.488441 -137.485431 27.995688
slice8/query/img_03123_c1_1299250806246086us.jpg 0.032163 0.035681 0.712669 -0.699853 600.947570 -138.053029 27.982970
slice8/query/img_03124_c1_1299250806379485us.jpg 0.032733 0.036922 0.712374 -0.700064 601.845663 -139.178191 27.947743
slice8/query/img_03125_c1_1299250806446092us.jpg 0.033209 0.037753 0.712211 -0.700163 602.294578 -139.746808 27.928541
slice8/query/img_03126_c1_1299250806512713us.jpg 0.032967 0.038569 0.712013 -0.700330 602.736634 -140.315447 27.904448
slice8/query/img_03127_c1_1299250806646114us.jpg 0.032356 0.039613 0.712505 -0.699800 603.621413 -141.444298 27.873042
slice8/query/img_03128_c1_1299250806712725us.jpg 0.032367 0.039598 0.712999 -0.699298 604.061987 -142.020999 27.856674
slice8/query/img_03129_c1_1299250806779463us.jpg 0.032337 0.039711 0.713540 -0.698740 604.502790 -142.595708 27.841852
slice8/query/img_03130_c1_1299250806846089us.jpg 0.032818 0.039958 0.713926 -0.698310 604.945312 -143.163634 27.828132
slice8/query/img_03131_c1_1299250806979490us.jpg 0.034452 0.040797 0.712701 -0.699432 605.844184 -144.292098 27.792148
slice8/query/img_03132_c1_1299250807046091us.jpg 0.035409 0.040971 0.711605 -0.700490 606.283887 -144.862051 27.777207
slice8/query/img_03133_c1_1299250807112716us.jpg 0.036565 0.040364 0.710409 -0.701679 606.728654 -145.427848 27.769314
slice8/query/img_03134_c1_1299250807179466us.jpg 0.037554 0.039598 0.709507 -0.702582 607.168615 -145.999390 27.756384
slice8/query/img_03135_c1_1299250807313916us.jpg 0.037733 0.040475 0.709247 -0.702785 608.039308 -147.137989 27.723872
slice8/query/img_03136_c1_1299250807379468us.jpg 0.037979 0.040952 0.709486 -0.702503 608.475684 -147.707078 27.710255
slice8/query/img_03137_c1_1299250807446092us.jpg 0.038247 0.041385 0.709668 -0.702279 608.910637 -148.279189 27.702893
slice8/query/img_03138_c1_1299250807512718us.jpg 0.039078 0.041253 0.709459 -0.702452 609.347280 -148.849996 27.690519
slice8/query/img_03139_c1_1299250807646097us.jpg 0.040906 0.040773 0.708647 -0.703195 610.224674 -149.986517 27.671823
slice8/query/img_03140_c1_1299250807712743us.jpg 0.041795 0.040691 0.708186 -0.703612 610.660786 -150.554717 27.662276
slice8/query/img_03141_c1_1299250807779469us.jpg 0.043106 0.040559 0.707611 -0.704119 611.096825 -151.118337 27.652356
slice8/query/img_03142_c1_1299250807846094us.jpg 0.044099 0.040811 0.707540 -0.704115 611.523987 -151.689152 27.641196
slice8/query/img_03143_c1_1299250807979503us.jpg 0.045956 0.041908 0.708667 -0.702797 612.379731 -152.833308 27.617406
slice8/query/img_03144_c1_1299250808046095us.jpg 0.046317 0.042327 0.709425 -0.701982 612.798810 -153.406923 27.606157
slice8/query/img_03145_c1_1299250808112721us.jpg 0.046425 0.042980 0.710004 -0.701350 613.217661 -153.978778 27.589383
slice8/query/img_03146_c1_1299250808246125us.jpg 0.046071 0.045803 0.710665 -0.700524 614.053989 -155.127059 27.552505
slice8/query/img_03147_c1_1299250808312733us.jpg 0.046649 0.046951 0.710593 -0.700483 614.472334 -155.697666 27.534110
slice8/query/img_03148_c1_1299250808379472us.jpg 0.047437 0.047471 0.710133 -0.700862 614.889153 -156.268140 27.519055
slice8/query/img_03149_c1_1299250808446098us.jpg 0.048334 0.047374 0.709578 -0.701369 615.306218 -156.836722 27.504450
slice8/query/img_03150_c1_1299250808579478us.jpg 0.050199 0.047615 0.709015 -0.701791 616.135817 -157.977660 27.478774
slice8/query/img_03151_c1_1299250808646103us.jpg 0.050397 0.048146 0.709077 -0.701678 616.544846 -158.550829 27.464683
slice8/query/img_03152_c1_1299250808712724us.jpg 0.050560 0.048826 0.709264 -0.701430 616.953129 -159.123100 27.450158
slice8/query/img_03153_c1_1299250808779475us.jpg 0.050628 0.049413 0.709371 -0.701276 617.359575 -159.692756 27.435432
slice8/query/img_03154_c1_1299250808912732us.jpg 0.050357 0.050928 0.709501 -0.701056 618.169922 -160.824607 27.411224
slice8/query/img_03155_c1_1299250808979477us.jpg 0.050270 0.051565 0.709457 -0.701060 618.575060 -161.390461 27.396174
slice8/query/img_03156_c1_1299250809046101us.jpg 0.049988 0.052009 0.709179 -0.701328 618.978738 -161.953130 27.383831
slice8/query/img_03157_c1_1299250809112726us.jpg 0.049864 0.051844 0.708965 -0.701566 619.376718 -162.515038 27.370066
slice8/query/img_03158_c1_1299250809246133us.jpg 0.050028 0.051924 0.709029 -0.701484 620.184233 -163.648632 27.348544
slice8/query/img_03159_c1_1299250809312727us.jpg 0.049783 0.052406 0.709308 -0.701183 620.580995 -164.211142 27.338802
slice8/query/img_03160_c1_1299250809379478us.jpg 0.049708 0.052768 0.709608 -0.700858 620.981945 -164.767717 27.328658
slice8/query/img_03161_c1_1299250809512730us.jpg 0.049309 0.052937 0.709605 -0.700876 621.782043 -165.887027 27.307330
slice8/query/img_03162_c1_1299250809579479us.jpg 0.048538 0.053548 0.709547 -0.700942 622.178152 -166.441379 27.293174
slice8/query/img_03163_c1_1299250809712739us.jpg 0.047295 0.054633 0.709614 -0.700876 622.965295 -167.544176 27.276668
slice8/query/img_03164_c1_1299250809779486us.jpg 0.046885 0.055225 0.709676 -0.700793 623.365605 -168.096463 27.270060
slice8/query/img_03165_c1_1299250809846106us.jpg 0.046656 0.055322 0.709637 -0.700841 623.761261 -168.652907 27.263655
slice8/query/img_03166_c1_1299250809912731us.jpg 0.046583 0.055027 0.709532 -0.700975 624.153397 -169.207358 27.251998
slice8/query/img_03167_c1_1299250810046178us.jpg 0.046164 0.054882 0.709602 -0.700943 624.938439 -170.302107 27.238697
slice8/query/img_03168_c1_1299250810112738us.jpg 0.045811 0.055162 0.709893 -0.700650 625.329223 -170.853541 27.232687
slice8/query/img_03169_c1_1299250810179483us.jpg 0.045471 0.055440 0.710141 -0.700399 625.718186 -171.396231 27.223855
slice8/query/img_03170_c1_1299250810312740us.jpg 0.044876 0.055781 0.710526 -0.700019 626.493743 -172.487541 27.205844
slice8/query/img_03171_c1_1299250810379507us.jpg 0.044521 0.055780 0.710592 -0.699975 626.883300 -173.027887 27.198978
slice8/query/img_03172_c1_1299250810446108us.jpg 0.044175 0.055880 0.710701 -0.699879 627.266011 -173.568892 27.190443
slice8/query/img_03173_c1_1299250810579883us.jpg 0.043123 0.057340 0.710753 -0.699774 628.031612 -174.640230 27.173625
slice8/query/img_03175_c1_1299250810712735us.jpg 0.042497 0.057680 0.710206 -0.700338 628.798646 -175.706336 27.160250
slice8/query/img_03176_c1_1299250810779485us.jpg 0.042603 0.057278 0.710061 -0.700513 629.178129 -176.238193 27.156742
slice8/query/img_03177_c1_1299250810912741us.jpg 0.042147 0.057293 0.710519 -0.700075 629.935538 -177.300461 27.146452
slice8/query/img_03178_c1_1299250810979489us.jpg 0.042416 0.057192 0.710613 -0.699971 630.317709 -177.828400 27.142235
slice8/query/img_03179_c1_1299250811046112us.jpg 0.042472 0.056921 0.710496 -0.700108 630.694448 -178.355333 27.139617
slice8/query/img_03180_c1_1299250811112738us.jpg 0.042387 0.056637 0.710207 -0.700430 631.068137 -178.878118 27.134299
slice8/query/img_03181_c1_1299250811246139us.jpg 0.042323 0.056936 0.709591 -0.701033 631.816293 -179.912247 27.125943
slice8/query/img_03182_c1_1299250811312763us.jpg 0.042157 0.056761 0.709242 -0.701410 632.187623 -180.427327 27.121482
slice8/query/img_03183_c1_1299250811379490us.jpg 0.042231 0.056623 0.708931 -0.701731 632.557656 -180.941581 27.118478
slice8/query/img_03184_c1_1299250811446115us.jpg 0.042432 0.056664 0.708855 -0.701793 632.927776 -181.454736 27.116379
slice8/query/img_03185_c1_1299250811579516us.jpg 0.042387 0.057084 0.709588 -0.701020 633.663438 -182.482749 27.108048
slice8/query/img_03186_c1_1299250811646139us.jpg 0.042344 0.057220 0.710179 -0.700413 634.025056 -182.994100 27.104540
slice8/query/img_03187_c1_1299250811712740us.jpg 0.042421 0.057139 0.710347 -0.700245 634.387131 -183.499304 27.098717
slice8/query/img_03188_c1_1299250811779492us.jpg 0.042615 0.056827 0.710406 -0.700199 634.746308 -184.000074 27.097381
slice8/query/img_03189_c1_1299250811912748us.jpg 0.042671 0.056981 0.710228 -0.700363 635.458514 -185.008342 27.089531
slice8/query/img_03190_c1_1299250811979492us.jpg 0.042570 0.057269 0.709992 -0.700585 635.811262 -185.503538 27.086116
slice8/query/img_03191_c1_1299250812046118us.jpg 0.042636 0.057426 0.709641 -0.700924 636.164968 -185.999168 27.083459
slice8/query/img_03192_c1_1299250812179992us.jpg 0.042885 0.057387 0.708851 -0.701710 636.865674 -186.984330 27.076430
slice8/query/img_03193_c1_1299250812246121us.jpg 0.043282 0.056883 0.708825 -0.701754 637.215941 -187.473300 27.076157
slice8/query/img_03194_c1_1299250812312744us.jpg 0.043438 0.056677 0.709050 -0.701533 637.562046 -187.964946 27.075431
slice8/query/img_03195_c1_1299250812379495us.jpg 0.043557 0.056500 0.709430 -0.701156 637.907142 -188.452290 27.076680
slice8/query/img_03196_c1_1299250812512752us.jpg 0.042966 0.056882 0.709801 -0.700786 638.588243 -189.413530 27.073325
slice8/query/img_03197_c1_1299250812579521us.jpg 0.042883 0.057287 0.710056 -0.700500 638.929255 -189.889753 27.070040
slice8/query/img_03199_c1_1299250812779504us.jpg 0.042875 0.057746 0.710536 -0.699976 639.946049 -191.314074 27.067723
slice8/query/img_03200_c1_1299250812846164us.jpg 0.043041 0.057542 0.710552 -0.699966 640.281835 -191.783452 27.063870
slice8/query/img_03201_c1_1299250812912747us.jpg 0.042788 0.057608 0.710729 -0.699797 640.611206 -192.250428 27.061426
slice8/query/img_03203_c1_1299250813112753us.jpg 0.042344 0.057861 0.711266 -0.699256 641.599877 -193.644988 27.055642
slice8/query/img_03204_c1_1299250813179499us.jpg 0.042296 0.057531 0.711262 -0.699291 641.925687 -194.102874 27.053174
slice8/query/img_03205_c1_1299250813246124us.jpg 0.042109 0.057207 0.711315 -0.699275 642.249764 -194.560060 27.051924
slice8/query/img_03206_c1_1299250813312750us.jpg 0.041785 0.056961 0.711320 -0.699309 642.572541 -195.010282 27.052000
slice8/query/img_03207_c1_1299250813446151us.jpg 0.041741 0.056548 0.711321 -0.699344 643.219202 -195.910142 27.046168
slice8/query/img_03208_c1_1299250813512751us.jpg 0.041495 0.056250 0.711195 -0.699511 643.535591 -196.357689 27.041324
slice8/query/img_03209_c1_1299250813579502us.jpg 0.041410 0.055755 0.711064 -0.699689 643.852299 -196.802801 27.036046
slice8/query/img_03210_c1_1299250813713050us.jpg 0.041359 0.054863 0.710834 -0.699996 644.480150 -197.670964 27.034078
slice8/query/img_03211_c1_1299250813779525us.jpg 0.041203 0.054413 0.710699 -0.700177 644.788405 -198.098768 27.030809
slice8/query/img_03212_c1_1299250813846128us.jpg 0.041017 0.054053 0.710650 -0.700266 645.098061 -198.523596 27.028340
slice8/query/img_03214_c1_1299250814046152us.jpg 0.040716 0.053004 0.710551 -0.700465 646.018438 -199.786737 27.026230
slice8/query/img_03215_c1_1299250814179507us.jpg 0.040257 0.052123 0.710372 -0.700738 646.618462 -200.615260 27.022043
slice8/query/img_03216_c1_1299250814246154us.jpg 0.040374 0.051769 0.710305 -0.700826 646.919298 -201.020456 27.021315
slice8/query/img_03217_c1_1299250814312755us.jpg 0.040331 0.051474 0.710172 -0.700985 647.214675 -201.424834 27.019156
slice8/query/img_03218_c1_1299250814379506us.jpg 0.040232 0.051187 0.710079 -0.701106 647.508224 -201.824453 27.017175
slice8/query/img_03219_c1_1299250814512768us.jpg 0.040470 0.050769 0.709828 -0.701376 648.092432 -202.620149 27.011615
slice8/query/img_03220_c1_1299250814579531us.jpg 0.040610 0.050154 0.709500 -0.701744 648.376622 -203.014936 27.008794
slice8/query/img_03222_c1_1299250814712811us.jpg 0.041124 0.049995 0.708954 -0.702278 648.946366 -203.784244 27.005344
slice8/query/img_03223_c1_1299250814846138us.jpg 0.041884 0.050265 0.708618 -0.702552 649.506023 -204.548682 27.003285
slice8/query/img_03224_c1_1299250814912759us.jpg 0.042480 0.050102 0.708420 -0.702727 649.780984 -204.923326 27.002391
slice8/query/img_03225_c1_1299250814979510us.jpg 0.042957 0.050246 0.708235 -0.702875 650.053574 -205.296373 26.999890
slice8/query/img_03227_c1_1299250815179517us.jpg 0.043798 0.051053 0.708560 -0.702437 650.855994 -206.402506 26.996360
slice8/query/img_03229_c1_1299250815312761us.jpg 0.044950 0.050968 0.708300 -0.702633 651.381160 -207.122137 26.992258
slice8/query/img_03230_c1_1299250815446160us.jpg 0.045669 0.051109 0.708397 -0.702479 651.891571 -207.832115 26.987977
slice8/query/img_03231_c1_1299250815512769us.jpg 0.045966 0.051324 0.708552 -0.702287 652.140311 -208.179522 26.987050
slice8/query/img_03233_c1_1299250815646138us.jpg 0.046704 0.051840 0.708681 -0.702070 652.628677 -208.865812 26.983708
slice8/query/img_03234_c1_1299250815779519us.jpg 0.047200 0.052143 0.709016 -0.701676 653.105976 -209.533039 26.979780
slice8/query/img_03235_c1_1299250815846139us.jpg 0.047568 0.052231 0.709227 -0.701432 653.339459 -209.857181 26.981337
slice8/query/img_03237_c1_1299250816046170us.jpg 0.048800 0.052531 0.710265 -0.700273 654.019756 -210.810361 26.979891
slice8/query/img_03238_c1_1299250816112767us.jpg 0.049214 0.052682 0.710438 -0.700058 654.235882 -211.115055 26.977942
slice8/query/img_03240_c1_1299250816246141us.jpg 0.050107 0.053064 0.710466 -0.699936 654.657508 -211.708879 26.973386
slice8/query/img_03241_c1_1299250816379519us.jpg 0.050670 0.053334 0.710297 -0.700047 655.058333 -212.278248 26.969492
slice8/query/img_03242_c1_1299250816512792us.jpg 0.050977 0.053791 0.710175 -0.700114 655.443832 -212.825696 26.962131
slice8/query/img_03244_c1_1299250816712773us.jpg 0.051466 0.054564 0.710465 -0.699724 655.988833 -213.609715 26.955450
slice8/query/img_03245_c1_1299250816779520us.jpg 0.051584 0.054700 0.710554 -0.699614 656.161677 -213.860199 26.952175
slice8/query/img_03246_c1_1299250816979554us.jpg 0.051730 0.055173 0.710351 -0.699772 656.660924 -214.583248 26.940595
slice8/query/img_03247_c1_1299250817179528us.jpg 0.052242 0.054811 0.709806 -0.700316 657.129219 -215.256370 26.934412
slice8/query/img_03249_c1_1299250817312773us.jpg 0.052113 0.054747 0.709939 -0.700196 657.421514 -215.684150 26.930717
slice8/query/img_03251_c1_1299250817512776us.jpg 0.051863 0.055502 0.709920 -0.700174 657.836269 -216.286325 26.920653
slice8/query/img_03254_c1_1299250817779802us.jpg 0.052813 0.055065 0.709717 -0.700343 658.348851 -217.012005 26.918755
slice8/query/img_03256_c1_1299250817912775us.jpg 0.052707 0.055252 0.709936 -0.700115 658.576294 -217.341709 26.917310
slice8/query/img_03259_c1_1299250818179528us.jpg 0.052209 0.055734 0.710244 -0.699801 658.985241 -217.938604 26.910693
slice8/query/img_03263_c1_1299250818512781us.jpg 0.052167 0.055456 0.709909 -0.700166 659.400336 -218.551446 26.901746
slice8/query/img_03268_c1_1299250818979539us.jpg 0.051368 0.055740 0.710111 -0.699998 659.835731 -219.190380 26.894957
slice8/query/img_03276_c1_1299250819646160us.jpg 0.050075 0.056324 0.709255 -0.700912 660.230874 -219.759372 26.888017
slice8/query/img_03465_c1_1299250835979627us.jpg 0.045394 0.060257 0.705369 -0.704814 660.613434 -220.315222 26.864738
slice8/query/img_03471_c1_1299250836512879us.jpg 0.042443 0.062885 0.703691 -0.706444 660.999205 -220.883764 26.856285
slice8/query/img_03475_c1_1299250836846258us.jpg 0.042871 0.061774 0.703846 -0.706361 661.435414 -221.511072 26.854240
slice8/query/img_03478_c1_1299250837046257us.jpg 0.042485 0.061337 0.704153 -0.706118 661.754261 -221.972370 26.850690
slice8/query/img_03480_c1_1299250837246267us.jpg 0.042508 0.061152 0.705063 -0.705223 662.115867 -222.494603 26.851163
slice8/query/img_03483_c1_1299250837446259us.jpg 0.042686 0.060238 0.705243 -0.705111 662.518020 -223.067765 26.847592
slice8/query/img_03485_c1_1299250837712892us.jpg 0.042075 0.060102 0.705846 -0.704555 663.106185 -223.907613 26.844279
slice8/query/img_03486_c1_1299250837779640us.jpg 0.042084 0.059850 0.705947 -0.704475 663.262192 -224.126162 26.843947
slice8/query/img_03489_c1_1299250838046267us.jpg 0.041407 0.060606 0.706368 -0.704029 663.924531 -225.074537 26.831952
slice8/query/img_03490_c1_1299250838112914us.jpg 0.041014 0.060875 0.706467 -0.703929 664.099009 -225.321580 26.830046
slice8/query/img_03492_c1_1299250838246263us.jpg 0.040696 0.061282 0.706738 -0.703641 664.459298 -225.834548 26.824631
slice8/query/img_03493_c1_1299250838379649us.jpg 0.040725 0.060975 0.706966 -0.703436 664.835735 -226.376101 26.821221
slice8/query/img_03495_c1_1299250838512890us.jpg 0.040179 0.060959 0.707034 -0.703401 665.228250 -226.939648 26.813890
slice8/query/img_03496_c1_1299250838646290us.jpg 0.039591 0.061349 0.707517 -0.702915 665.635817 -227.522622 26.806079
slice8/query/img_03498_c1_1299250838779641us.jpg 0.039509 0.061170 0.707523 -0.702929 666.059965 -228.123692 26.801159
slice8/query/img_03499_c1_1299250838912894us.jpg 0.039080 0.061239 0.707413 -0.703057 666.497400 -228.745296 26.796552
slice8/query/img_03500_c1_1299250838979665us.jpg 0.038445 0.061627 0.707464 -0.703007 666.720316 -229.062484 26.792677
slice8/query/img_03502_c1_1299250839112893us.jpg 0.037918 0.061983 0.707744 -0.702723 667.178119 -229.713430 26.786257
slice8/query/img_03503_c1_1299250839246270us.jpg 0.038276 0.061050 0.707688 -0.702841 667.651260 -230.376525 26.785186
slice8/query/img_03505_c1_1299250839446273us.jpg 0.038041 0.060155 0.707400 -0.703221 668.381788 -231.397164 26.778476
slice8/query/img_03507_c1_1299250839579646us.jpg 0.037882 0.059890 0.706508 -0.704148 668.884526 -232.099812 26.776218
slice8/query/img_03508_c1_1299250839646271us.jpg 0.037593 0.060050 0.706080 -0.704579 669.142407 -232.460737 26.774099
slice8/query/img_03509_c1_1299250839779648us.jpg 0.037191 0.060441 0.705978 -0.704669 669.669707 -233.194907 26.770885
slice8/query/img_03510_c1_1299250839846271us.jpg 0.037580 0.060147 0.705951 -0.704700 669.941336 -233.571327 26.770742
slice8/query/img_03512_c1_1299250839979649us.jpg 0.038186 0.059281 0.705753 -0.704939 670.494425 -234.337862 26.771733
slice8/query/img_03513_c1_1299250840112902us.jpg 0.037827 0.059058 0.705720 -0.705010 671.056925 -235.126490 26.768931
slice8/query/img_03514_c1_1299250840179649us.jpg 0.037640 0.059392 0.705399 -0.705314 671.344194 -235.522228 26.766964
slice8/query/img_03515_c1_1299250840246274us.jpg 0.037479 0.059596 0.704895 -0.705809 671.632682 -235.925511 26.765448
slice8/query/img_03516_c1_1299250840312899us.jpg 0.037335 0.059758 0.704605 -0.706093 671.924585 -236.333667 26.763011
slice8/query/img_03517_c1_1299250840446290us.jpg 0.037407 0.059959 0.704599 -0.706078 672.517809 -237.160239 26.762775
slice8/query/img_03518_c1_1299250840512901us.jpg 0.038051 0.059611 0.704738 -0.705935 672.822144 -237.579816 26.766239
slice8/query/img_03519_c1_1299250840579652us.jpg 0.038271 0.059560 0.704747 -0.705918 673.127652 -238.005573 26.767728
slice8/query/img_03520_c1_1299250840712908us.jpg 0.038188 0.059672 0.705145 -0.705515 673.741858 -238.871709 26.768167
slice8/query/img_03521_c1_1299250840779653us.jpg 0.038293 0.059680 0.704997 -0.705657 674.055235 -239.309912 26.768754
slice8/query/img_03522_c1_1299250840846279us.jpg 0.037893 0.060062 0.704688 -0.705955 674.367937 -239.748069 26.769857
slice8/query/img_03523_c1_1299250840979663us.jpg 0.036576 0.061986 0.704070 -0.706474 674.998703 -240.640852 26.761963
slice8/query/img_03524_c1_1299250841046284us.jpg 0.036316 0.062915 0.703696 -0.706778 675.320477 -241.093601 26.760337
slice8/query/img_03525_c1_1299250841112904us.jpg 0.036452 0.063122 0.703350 -0.707097 675.645484 -241.550420 26.763189
slice8/query/img_03526_c1_1299250841179655us.jpg 0.036700 0.062850 0.703012 -0.707444 675.973425 -242.009576 26.767907
slice8/query/img_03527_c1_1299250841312908us.jpg 0.037654 0.062259 0.703129 -0.707330 676.638867 -242.943674 26.781963
slice8/query/img_03528_c1_1299250841379682us.jpg 0.038075 0.062249 0.703294 -0.707144 676.973864 -243.414228 26.789322
slice8/query/img_03529_c1_1299250841446281us.jpg 0.038535 0.062289 0.703212 -0.707197 677.312408 -243.889450 26.793415
slice8/query/img_03530_c1_1299250841512907us.jpg 0.038890 0.062213 0.702912 -0.707483 677.650672 -244.363419 26.797366
slice8/query/img_03531_c1_1299250841646285us.jpg 0.040086 0.061538 0.701700 -0.708677 678.341615 -245.325788 26.806761
slice8/query/img_03532_c1_1299250841712909us.jpg 0.040506 0.061494 0.701499 -0.708856 678.688020 -245.813243 26.810016
slice8/query/img_03533_c1_1299250841779658us.jpg 0.040990 0.061717 0.701677 -0.708632 679.033797 -246.302810 26.813236
slice8/query/img_03535_c1_1299250841979665us.jpg 0.041500 0.062975 0.703370 -0.706811 680.084589 -247.801057 26.822453
slice8/query/img_03536_c1_1299250842046286us.jpg 0.041395 0.063418 0.704398 -0.705753 680.436827 -248.311778 26.824992
slice8/query/img_03537_c1_1299250842112909us.jpg 0.040791 0.063840 0.705583 -0.704566 680.787454 -248.824570 26.826584
slice8/query/img_03538_c1_1299250842179660us.jpg 0.040016 0.064304 0.706672 -0.703476 681.141168 -249.337206 26.826330
slice8/query/img_03539_c1_1299250842312916us.jpg 0.038420 0.065147 0.707604 -0.702550 681.852313 -250.370148 26.823397
slice8/query/img_03540_c1_1299250842379695us.jpg 0.037335 0.066080 0.707091 -0.703037 682.210949 -250.884725 26.819606
slice8/query/img_03541_c1_1299250842446286us.jpg 0.035624 0.067787 0.706507 -0.703551 682.569528 -251.399730 26.815255
slice8/query/img_03543_c1_1299250842646315us.jpg 0.031153 0.069170 0.706297 -0.703839 683.667477 -252.975760 26.827045
slice8/query/img_03544_c1_1299250842712914us.jpg 0.030431 0.068104 0.707338 -0.702929 684.042647 -253.511732 26.838758
slice8/query/img_03545_c1_1299250842912917us.jpg 0.028614 0.065324 0.710091 -0.700489 685.188590 -255.134113 26.859988
slice8/query/img_03546_c1_1299250843046291us.jpg 0.027813 0.064422 0.708647 -0.702065 685.976589 -256.214720 26.865596
slice8/query/img_03547_c1_1299250843112915us.jpg 0.027258 0.063238 0.707197 -0.703655 686.374299 -256.753930 26.870858
slice8/query/img_03548_c1_1299250843179665us.jpg 0.026554 0.061782 0.705730 -0.705283 686.773457 -257.296891 26.877772
slice8/query/img_03549_c1_1299250843246290us.jpg 0.025599 0.060706 0.704867 -0.706274 687.175989 -257.845206 26.884311
slice8/query/img_03550_c1_1299250843379698us.jpg 0.022858 0.060110 0.705287 -0.705999 687.989098 -258.950860 26.902225
slice8/query/img_03551_c1_1299250843446315us.jpg 0.021864 0.059694 0.705482 -0.705871 688.401330 -259.506286 26.913452
slice8/query/img_03552_c1_1299250843512917us.jpg 0.020972 0.059182 0.705622 -0.705801 688.815967 -260.063021 26.927287
slice8/query/img_03553_c1_1299250843579668us.jpg 0.020469 0.058593 0.705611 -0.705876 689.234563 -260.620884 26.940787
slice8/query/img_03554_c1_1299250843712947us.jpg 0.020689 0.057100 0.704819 -0.706783 690.079355 -261.743355 26.974564
slice8/query/img_03555_c1_1299250843779669us.jpg 0.021127 0.056611 0.704241 -0.707385 690.508939 -262.303965 26.985178
slice8/query/img_03556_c1_1299250843846311us.jpg 0.021638 0.056547 0.703730 -0.707883 690.940708 -262.863183 26.997435
slice8/query/img_03557_c1_1299250843979699us.jpg 0.022239 0.057657 0.703333 -0.708169 691.807804 -264.007896 27.022229
slice8/query/img_03558_c1_1299250844046318us.jpg 0.022322 0.058263 0.703098 -0.708351 692.240603 -264.585254 27.035002
slice8/query/img_03559_c1_1299250844112921us.jpg 0.022476 0.058855 0.702697 -0.708695 692.675270 -265.164194 27.047354
slice8/query/img_03560_c1_1299250844179671us.jpg 0.022783 0.059569 0.702453 -0.708867 693.113300 -265.742407 27.062941
slice8/query/img_03561_c1_1299250844379673us.jpg 0.025850 0.060671 0.701523 -0.709589 694.434560 -267.501970 27.109152
slice8/query/img_03562_c1_1299250844512922us.jpg 0.028546 0.060404 0.700134 -0.710879 695.318748 -268.691881 27.145586
slice8/query/img_03563_c1_1299250844579673us.jpg 0.029696 0.060442 0.699511 -0.711441 695.763223 -269.289125 27.164096
slice8/query/img_03564_c1_1299250844646298us.jpg 0.030842 0.060938 0.699020 -0.711833 696.207312 -269.885379 27.181496
slice8/query/img_03565_c1_1299250844779676us.jpg 0.032484 0.062068 0.698032 -0.712631 697.099555 -271.107742 27.210848
slice8/query/img_03566_c1_1299250844846299us.jpg 0.033172 0.062531 0.697435 -0.713143 697.544916 -271.720851 27.228559
slice8/query/img_03567_c1_1299250844912926us.jpg 0.033890 0.063094 0.696803 -0.713678 697.992336 -272.334566 27.247049
slice8/query/img_03568_c1_1299250845046311us.jpg 0.034756 0.064427 0.695962 -0.714337 698.886700 -273.582430 27.283963
slice8/query/img_03569_c1_1299250845112929us.jpg 0.035314 0.064461 0.695431 -0.714824 699.334666 -274.208452 27.302960
slice8/query/img_03570_c1_1299250845312964us.jpg 0.036392 0.064498 0.694954 -0.715231 700.686760 -276.111021 27.373122
slice8/query/img_03571_c1_1299250845446322us.jpg 0.036112 0.064520 0.695157 -0.715045 701.591826 -277.394001 27.420433
slice8/query/img_03572_c1_1299250845579704us.jpg 0.035284 0.064941 0.695151 -0.715054 702.501747 -278.686572 27.463435
slice8/query/img_03573_c1_1299250845646306us.jpg 0.035118 0.064914 0.695099 -0.715116 702.961463 -279.333547 27.485837
slice8/query/img_03574_c1_1299250845779697us.jpg 0.034262 0.064774 0.695038 -0.715229 703.881876 -280.639139 27.532809
slice8/query/img_03575_c1_1299250845846307us.jpg 0.033837 0.064802 0.695062 -0.715223 704.346673 -281.291212 27.557207
slice8/query/img_03576_c1_1299250845912931us.jpg 0.033378 0.064856 0.695181 -0.715124 704.813604 -281.943640 27.581311
slice8/query/img_03577_c1_1299250846046330us.jpg 0.032422 0.064095 0.695447 -0.714978 705.754433 -283.256935 27.634377
slice8/query/img_03578_c1_1299250846112958us.jpg 0.032093 0.063680 0.695517 -0.714962 706.230494 -283.915668 27.659435
slice8/query/img_03579_c1_1299250846179690us.jpg 0.031613 0.063449 0.695552 -0.714970 706.707107 -284.579697 27.685815
slice8/query/img_03580_c1_1299250846246308us.jpg 0.030689 0.063650 0.695483 -0.715060 707.183204 -285.244957 27.711058
slice8/query/img_03581_c1_1299250846379740us.jpg 0.029069 0.063718 0.695064 -0.715528 708.146065 -286.582986 27.760471
slice8/query/img_03582_c1_1299250846446340us.jpg 0.028203 0.063709 0.694620 -0.715995 708.630168 -287.252657 27.787368
slice8/query/img_03583_c1_1299250846512933us.jpg 0.027474 0.063681 0.694371 -0.716267 709.117229 -287.924977 27.815676
slice8/query/img_03584_c1_1299250846579690us.jpg 0.027071 0.063458 0.694107 -0.716558 709.607491 -288.595309 27.846060
slice8/query/img_03585_c1_1299250846712958us.jpg 0.026275 0.062653 0.693747 -0.717007 710.590997 -289.937600 27.914233
