slice8/database/img_02749_c1_1303398711513970us.jpg 0.130884 0.141231 -0.701965 0.685688 570.095854 -111.264704 28.871668
slice8/database/img_02750_c1_1303398711647349us.jpg 0.122893 0.134188 -0.702542 0.687987 571.609422 -111.910733 28.806023
slice8/database/img_02751_c1_1303398711713977us.jpg 0.119866 0.127838 -0.704853 0.687366 572.346543 -112.248640 28.770309
slice8/database/img_02752_c1_1303398711780723us.jpg 0.116656 0.122077 -0.707064 0.686694 573.081477 -112.595450 28.735316
slice8/database/img_02753_c1_1303398711847346us.jpg 0.113300 0.116354 -0.708069 0.687214 573.811681 -112.953175 28.700734
slice8/database/img_02754_c1_1303398711980725us.jpg 0.109320 0.101915 -0.706556 0.691694 575.242226 -113.677395 28.627776
slice8/database/img_02755_c1_1303398712047348us.jpg 0.105200 0.096708 -0.705824 0.693825 575.949091 -114.050897 28.604633
slice8/database/img_02756_c1_1303398712180727us.jpg 0.090799 0.089938 -0.706897 0.695675 577.370272 -114.821876 28.587686
slice8/database/img_02757_c1_1303398712247373us.jpg 0.083061 0.086768 -0.707258 0.696677 578.069620 -115.217916 28.583283
slice8/database/img_02758_c1_1303398712313974us.jpg 0.075950 0.082804 -0.707258 0.697969 578.754454 -115.624196 28.572814
slice8/database/img_02759_c1_1303398712380726us.jpg 0.070499 0.077047 -0.706993 0.699467 579.423718 -116.038412 28.554072
slice8/database/img_02760_c1_1303398712513996us.jpg 0.060735 0.064294 -0.707407 0.701251 580.735613 -116.898225 28.505513
slice8/database/img_02761_c1_1303398712580726us.jpg 0.055085 0.059138 -0.708880 0.700683 581.383358 -117.349518 28.484505
slice8/database/img_02762_c1_1303398712647351us.jpg 0.048403 0.054770 -0.710701 0.699687 582.021566 -117.808820 28.468091
slice8/database/img_02763_c1_1303398712780732us.jpg 0.037314 0.042973 -0.711156 0.700727 583.269068 -118.742095 28.420212
slice8/database/img_02764_c1_1303398712847376us.jpg 0.032611 0.035782 -0.709852 0.702685 583.877490 -119.215840 28.388889
slice8/database/img_02765_c1_1303398712913978us.jpg 0.027811 0.028323 -0.708177 0.704918 584.473390 -119.692815 28.362229
slice8/database/img_02766_c1_1303398713047356us.jpg 0.017551 0.016536 -0.705667 0.708133 585.639721 -120.690830 28.329605
slice8/database/img_02767_c1_1303398713180730us.jpg 0.008078 0.005930 -0.706464 0.707678 586.765010 -121.733640 28.309003
slice8/database/img_02768_c1_1303398713247355us.jpg 0.003725 0.000581 -0.707873 0.706330 587.313427 -122.266355 28.299122
slice8/database/img_02769_c1_1303398713380735us.jpg 0.005006 0.008679 0.709467 -0.704668 588.385308 -123.355015 28.277874
slice8/database/img_02770_c1_1303398713447357us.jpg 0.009469 0.012794 0.709865 -0.704158 588.916695 -123.911657 28.265882
slice8/database/img_02771_c1_1303398713513981us.jpg 0.013581 0.016383 0.710238 -0.703640 589.439227 -124.473290 28.254373
slice8/database/img_02772_c1_1303398713580732us.jpg 0.017128 0.019550 0.710306 -0.703413 589.955971 -125.043130 28.242140
slice8/database/img_02773_c1_1303398713713988us.jpg 0.021494 0.025903 0.710006 -0.703391 590.976187 -126.184381 28.210260
slice8/database/img_02774_c1_1303398713780733us.jpg 0.022477 0.029151 0.710376 -0.702860 591.481267 -126.770201 28.195127
slice8/database/img_02775_c1_1303398713847359us.jpg 0.022565 0.032656 0.710955 -0.702116 591.977834 -127.372551 28.173882
slice8/database/img_02776_c1_1303398713980758us.jpg 0.021981 0.037684 0.712347 -0.700470 592.971988 -128.596141 28.141146
slice8/database/img_02777_c1_1303398714047360us.jpg 0.022191 0.039314 0.712843 -0.699869 593.471062 -129.214209 28.124932
slice8/database/img_02778_c1_1303398714113985us.jpg 0.022549 0.040130 0.713205 -0.699442 593.972065 -129.829819 28.110818
slice8/database/img_02779_c1_1303398714247386us.jpg 0.024555 0.040531 0.713540 -0.699010 594.986992 -131.073759 28.085729
slice8/database/img_02780_c1_1303398714313986us.jpg 0.025787 0.040023 0.713186 -0.699356 595.496049 -131.702620 28.074647
slice8/database/img_02781_c1_1303398714380737us.jpg 0.027011 0.039492 0.712679 -0.699857 596.006419 -132.327220 28.060703
slice8/database/img_02782_c1_1303398714514024us.jpg 0.029141 0.038911 0.711788 -0.700710 597.033029 -133.594048 28.031159
slice8/database/img_02783_c1_1303398714580737us.jpg 0.029657 0.039072 0.711497 -0.700975 597.544575 -134.232823 28.013867
slice8/database/img_02784_c1_1303398714647363us.jpg 0.029900 0.039413 0.711080 -0.701368 598.056021 -134.870097 27.996465
slice8/database/img_02785_c1_1303398714780932us.jpg 0.030867 0.039953 0.710631 -0.701751 599.088214 -136.163062 27.962474
slice8/database/img_02786_c1_1303398714847387us.jpg 0.031569 0.039668 0.710463 -0.701906 599.603665 -136.814825 27.946285
slice8/database/img_02787_c1_1303398714913989us.jpg 0.032579 0.039413 0.710085 -0.702256 600.122727 -137.462750 27.932303
slice8/database/img_02788_c1_1303398715048342us.jpg 0.034305 0.039029 0.709081 -0.703210 601.163424 -138.767549 27.900820
slice8/database/img_02789_c1_1303398715114002us.jpg 0.034726 0.039519 0.708900 -0.703344 601.679698 -139.423961 27.885171
slice8/database/img_02790_c1_1303398715180740us.jpg 0.035262 0.040533 0.708812 -0.703348 602.197286 -140.081111 27.867869
slice8/database/img_02791_c1_1303398715247365us.jpg 0.035357 0.041325 0.709009 -0.703099 602.712887 -140.741849 27.850361
slice8/database/img_02792_c1_1303398715380769us.jpg 0.034722 0.042674 0.709940 -0.702110 603.746644 -142.077982 27.812892
slice8/database/img_02793_c1_1303398715447366us.jpg 0.034423 0.042825 0.710443 -0.701607 604.264158 -142.749064 27.796877
slice8/database/img_02794_c1_1303398715513992us.jpg 0.034533 0.043373 0.710959 -0.701045 604.784464 -143.421773 27.780595
slice8/database/img_02795_c1_1303398715647392us.jpg 0.035382 0.044769 0.710602 -0.701277 605.829279 -144.766218 27.744067
slice8/database/img_02796_c1_1303398715713993us.jpg 0.036585 0.044776 0.709571 -0.702258 606.356057 -145.441819 27.728077
slice8/database/img_02797_c1_1303398715780743us.jpg 0.037950 0.043802 0.708166 -0.703663 606.882538 -146.112638 27.714832
slice8/database/img_02798_c1_1303398715913998us.jpg 0.040429 0.042340 0.706191 -0.705597 607.938378 -147.456170 27.691126
slice8/database/img_02799_c1_1303398716047395us.jpg 0.041517 0.042659 0.706345 -0.705360 608.986342 -148.815717 27.661663
slice8/database/img_02800_c1_1303398716113995us.jpg 0.042071 0.042800 0.706633 -0.705031 609.513313 -149.502838 27.648231
slice8/database/img_02801_c1_1303398716247373us.jpg 0.043375 0.043197 0.706766 -0.704793 610.568667 -150.884141 27.621262
slice8/database/img_02802_c1_1303398716314018us.jpg 0.044349 0.043332 0.706777 -0.704714 611.094692 -151.574933 27.608145
slice8/database/img_02803_c1_1303398716380747us.jpg 0.045373 0.043695 0.707084 -0.704318 611.615079 -152.264284 27.594306
slice8/database/img_02804_c1_1303398716514932us.jpg 0.047132 0.043841 0.708187 -0.703085 612.658588 -153.649679 27.565867
slice8/database/img_02805_c1_1303398716580771us.jpg 0.047573 0.044040 0.708651 -0.702575 613.176294 -154.344683 27.548470
slice8/database/img_02806_c1_1303398716647373us.jpg 0.047378 0.044730 0.708781 -0.702413 613.686978 -155.033630 27.526685
slice8/database/img_02807_c1_1303398716713999us.jpg 0.046789 0.045886 0.708955 -0.702202 614.194512 -155.724129 27.503916
slice8/database/img_02808_c1_1303398716847402us.jpg 0.045847 0.047367 0.708729 -0.702394 615.208049 -157.098904 27.460187
slice8/database/img_02809_c1_1303398716914000us.jpg 0.045680 0.047756 0.708400 -0.702710 615.713530 -157.781799 27.440851
slice8/database/img_02810_c1_1303398717047376us.jpg 0.045985 0.047567 0.708011 -0.703096 616.730008 -159.147564 27.408905
slice8/database/img_02811_c1_1303398717114001us.jpg 0.046269 0.047323 0.707981 -0.703123 617.235267 -159.830602 27.396084
slice8/database/img_02812_c1_1303398717180751us.jpg 0.046609 0.046754 0.707901 -0.703220 617.737216 -160.509792 27.383582
slice8/database/img_02813_c1_1303398717314007us.jpg 0.046548 0.047141 0.707726 -0.703374 618.745382 -161.866542 27.352924
slice8/database/img_02814_c1_1303398717380752us.jpg 0.046537 0.047062 0.707755 -0.703351 619.247580 -162.546302 27.339816
slice8/database/img_02815_c1_1303398717447378us.jpg 0.046260 0.047288 0.707756 -0.703353 619.742706 -163.220293 27.326197
slice8/database/img_02816_c1_1303398717580756us.jpg 0.045970 0.047956 0.708473 -0.702605 620.738391 -164.567374 27.299554
slice8/database/img_02817_c1_1303398717647378us.jpg 0.045924 0.048299 0.708897 -0.702156 621.232368 -165.240796 27.286559
slice8/database/img_02818_c1_1303398717714003us.jpg 0.045641 0.048380 0.709068 -0.701996 621.722217 -165.905329 27.273856
slice8/database/img_02819_c1_1303398717847382us.jpg 0.044931 0.049065 0.708912 -0.702152 622.697804 -167.221815 27.247693
slice8/database/img_02820_c1_1303398717914006us.jpg 0.044773 0.049483 0.708727 -0.702320 623.183976 -167.875206 27.235719
slice8/database/img_02821_c1_1303398717980755us.jpg 0.044539 0.049976 0.708550 -0.702478 623.663818 -168.522653 27.224679
slice8/database/img_02822_c1_1303398718114218us.jpg 0.044453 0.049907 0.708328 -0.702712 624.622594 -169.814217 27.207861
slice8/database/img_02823_c1_1303398718180757us.jpg 0.044432 0.050114 0.708534 -0.702491 625.096341 -170.457014 27.200259
slice8/database/img_02824_c1_1303398718247382us.jpg 0.044376 0.050392 0.708950 -0.702055 625.566456 -171.095909 27.192086
slice8/database/img_02825_c1_1303398718314007us.jpg 0.044257 0.050788 0.709457 -0.701522 626.033721 -171.728428 27.184367
slice8/database/img_02826_c1_1303398718447408us.jpg 0.044038 0.051339 0.709887 -0.701060 626.962177 -172.991645 27.169990
slice8/database/img_02827_c1_1303398718514008us.jpg 0.043777 0.051578 0.709957 -0.700988 627.418755 -173.618211 27.159351
slice8/database/img_02828_c1_1303398718647406us.jpg 0.043397 0.053329 0.709617 -0.701225 628.330432 -174.857494 27.140984
slice8/database/img_02829_c1_1303398718714009us.jpg 0.043471 0.054091 0.709125 -0.701659 628.784217 -175.466586 27.132743
slice8/database/img_02830_c1_1303398718847385us.jpg 0.044605 0.054295 0.708524 -0.702179 629.681643 -176.684850 27.125391
slice8/database/img_02831_c1_1303398718914011us.jpg 0.045256 0.054870 0.708527 -0.702091 630.124497 -177.291177 27.120770
slice8/database/img_02832_c1_1303398718980761us.jpg 0.046126 0.055429 0.708463 -0.702054 630.565933 -177.890351 27.117654
slice8/database/img_02833_c1_1303398719114011us.jpg 0.047495 0.056013 0.708131 -0.702252 631.435539 -179.092197 27.112718
slice8/database/img_02834_c1_1303398719180762us.jpg 0.047926 0.056821 0.707719 -0.702573 631.864064 -179.685718 27.108007
slice8/database/img_02835_c1_1303398719314036us.jpg 0.049112 0.058077 0.706816 -0.703296 632.711853 -180.866604 27.097860
slice8/database/img_02836_c1_1303398719380763us.jpg 0.049655 0.058861 0.706430 -0.703582 633.127416 -181.451910 27.094176
slice8/database/img_02837_c1_1303398719447388us.jpg 0.050046 0.059520 0.706427 -0.703501 633.540996 -182.032148 27.091748
slice8/database/img_02838_c1_1303398719580788us.jpg 0.050921 0.060509 0.707397 -0.702378 634.358740 -183.196783 27.086897
slice8/database/img_02839_c1_1303398719647393us.jpg 0.050997 0.060710 0.707734 -0.702016 634.761754 -183.771991 27.084234
slice8/database/img_02840_c1_1303398719714014us.jpg 0.051112 0.060789 0.707980 -0.701753 635.162221 -184.345286 27.080703
slice8/database/img_02841_c1_1303398719780765us.jpg 0.051010 0.061242 0.707930 -0.701771 635.556871 -184.912855 27.075196
slice8/database/img_02842_c1_1303398719914024us.jpg 0.050867 0.062128 0.707582 -0.702055 636.344475 -186.037674 27.068268
slice8/database/img_02843_c1_1303398719980766us.jpg 0.051191 0.062389 0.707041 -0.702553 636.738735 -186.592596 27.065620
slice8/database/img_02844_c1_1303398720047391us.jpg 0.051561 0.062162 0.706647 -0.702942 637.129889 -187.148254 27.064520
slice8/database/img_02845_c1_1303398720180792us.jpg 0.051997 0.061233 0.706910 -0.702727 637.901123 -188.253485 27.065520
slice8/database/img_02846_c1_1303398720247394us.jpg 0.051772 0.061036 0.707316 -0.702352 638.280700 -188.797079 27.067290
slice8/database/img_02847_c1_1303398720380770us.jpg 0.050998 0.061734 0.708195 -0.701462 639.034138 -189.882358 27.060291
slice8/database/img_02848_c1_1303398720580823us.jpg 0.050019 0.062462 0.709052 -0.700601 640.150342 -191.489943 27.053041
slice8/database/img_02849_c1_1303398720847395us.jpg 0.049454 0.062389 0.709667 -0.700024 641.623249 -193.596681 27.049289
slice8/database/img_02850_c1_1303398721047400us.jpg 0.049674 0.061995 0.709778 -0.699932 642.719354 -195.147900 27.043045
slice8/database/img_02851_c1_1303398721180794us.jpg 0.049481 0.062151 0.709698 -0.700013 643.440051 -196.167243 27.035065
slice8/database/img_02852_c1_1303398721247397us.jpg 0.049356 0.061855 0.709522 -0.700226 643.794201 -196.676212 27.028502
slice8/database/img_02853_c1_1303398721314022us.jpg 0.049244 0.061819 0.709402 -0.700358 644.147673 -197.172067 27.024838
slice8/database/img_02855_c1_1303398721514049us.jpg 0.049484 0.061247 0.709009 -0.700790 645.196029 -198.661410 27.014491
slice8/database/img_02856_c1_1303398721580774us.jpg 0.049463 0.061219 0.709089 -0.700713 645.541450 -199.154459 27.011667
slice8/database/img_02857_c1_1303398721647399us.jpg 0.049273 0.061095 0.708998 -0.700829 645.882521 -199.641132 27.007139
slice8/database/img_02858_c1_1303398721780802us.jpg 0.049082 0.060650 0.708990 -0.700889 646.561683 -200.604344 27.000764
slice8/database/img_02860_c1_1303398721914026us.jpg 0.048876 0.060697 0.708929 -0.700962 647.235506 -201.556848 26.991992
slice8/database/img_02861_c1_1303398722047427us.jpg 0.049248 0.060332 0.708907 -0.700989 647.906370 -202.499045 26.985683
slice8/database/img_02862_c1_1303398722114034us.jpg 0.049351 0.060272 0.708638 -0.701259 648.235554 -202.963121 26.982240
slice8/database/img_02864_c1_1303398722314030us.jpg 0.049228 0.059500 0.708187 -0.701789 649.209428 -204.353343 26.972453
slice8/database/img_02865_c1_1303398722514029us.jpg 0.049017 0.059305 0.707986 -0.702023 650.170341 -205.703081 26.964617
slice8/database/img_02866_c1_1303398722714037us.jpg 0.049160 0.058763 0.708077 -0.701966 651.104995 -207.031766 26.955327
slice8/database/img_02868_c1_1303398722914056us.jpg 0.049010 0.057692 0.708128 -0.702014 652.017459 -208.319248 26.949976
slice8/database/img_02869_c1_1303398722980784us.jpg 0.048491 0.057570 0.707986 -0.702204 652.312608 -208.739815 26.946242
slice8/database/img_02871_c1_1303398723180788us.jpg 0.048250 0.056793 0.708117 -0.702151 653.196806 -209.985627 26.937105
slice8/database/img_02872_c1_1303398723247410us.jpg 0.048101 0.056647 0.708067 -0.702224 653.485120 -210.392636 26.933143
slice8/database/img_02874_c1_1303398723447439us.jpg 0.047992 0.056457 0.708221 -0.702091 654.342973 -211.592122 26.927331
slice8/database/img_02876_c1_1303398723580785us.jpg 0.048589 0.056839 0.708065 -0.702177 654.903383 -212.372000 26.920235
slice8/database/img_02877_c1_1303398723714041us.jpg 0.049430 0.056191 0.707982 -0.702254 655.452687 -213.140697 26.916939
slice8/database/img_02878_c1_1303398723780810us.jpg 0.049639 0.056328 0.708139 -0.702070 655.722548 -213.514970 26.915200
slice8/database/img_02879_c1_1303398723914038us.jpg 0.049957 0.056828 0.708280 -0.701865 656.251651 -214.262246 26.908883
slice8/database/img_02880_c1_1303398724047443us.jpg 0.050484 0.056472 0.708442 -0.701692 656.765987 -214.993583 26.902670
slice8/database/img_02882_c1_1303398724180789us.jpg 0.051117 0.056390 0.708381 -0.701715 657.269481 -215.699856 26.896727
slice8/database/img_02884_c1_1303398724380795us.jpg 0.051824 0.056019 0.708585 -0.701487 657.999204 -216.728192 26.890999
slice8/database/img_02886_c1_1303398724514040us.jpg 0.051827 0.056422 0.708737 -0.701301 658.462160 -217.384089 26.885575
slice8/database/img_02887_c1_1303398724647440us.jpg 0.051668 0.056246 0.708764 -0.701299 658.907668 -218.019280 26.882317
slice8/database/img_02889_c1_1303398724780791us.jpg 0.051605 0.056387 0.709085 -0.700968 659.337483 -218.626083 26.877989
slice8/database/img_02890_c1_1303398724914068us.jpg 0.051573 0.056450 0.709034 -0.701017 659.749588 -219.207904 26.873519
slice8/database/img_02892_c1_1303398725047419us.jpg 0.051411 0.055967 0.708693 -0.701413 660.146720 -219.765423 26.870730
slice8/database/img_02893_c1_1303398725180820us.jpg 0.051047 0.056151 0.709115 -0.700997 660.529166 -220.303524 26.868199
slice8/database/img_02895_c1_1303398725314044us.jpg 0.050839 0.056620 0.708887 -0.701205 660.897237 -220.821546 26.863051
slice8/database/img_02897_c1_1303398725514048us.jpg 0.050317 0.056310 0.708501 -0.701657 661.422324 -221.569666 26.855191
slice8/database/img_02899_c1_1303398725647421us.jpg 0.049905 0.056570 0.708928 -0.701235 661.757803 -222.040236 26.852913
slice8/database/img_02900_c1_1303398725780798us.jpg 0.050016 0.056779 0.709086 -0.701051 662.081279 -222.494461 26.849957
slice8/database/img_02903_c1_1303398726047425us.jpg 0.049476 0.056270 0.709134 -0.701081 662.689335 -223.354005 26.844699
slice8/database/img_02905_c1_1303398726180799us.jpg 0.049274 0.056251 0.709650 -0.700575 662.973418 -223.754099 26.844121
slice8/database/img_02907_c1_1303398726380804us.jpg 0.048738 0.056474 0.709686 -0.700558 663.374349 -224.317055 26.838008
slice8/database/img_02910_c1_1303398726647429us.jpg 0.048207 0.056191 0.709843 -0.700458 663.866542 -225.009830 26.831574
slice8/database/img_02913_c1_1303398726847428us.jpg 0.047813 0.055830 0.710213 -0.700139 664.200361 -225.479142 26.827144
slice8/database/img_02916_c1_1303398727114054us.jpg 0.047780 0.055229 0.710725 -0.699669 664.598475 -226.028808 26.823059
slice8/database/img_02920_c1_1303398727447431us.jpg 0.046225 0.055666 0.711027 -0.699433 665.006083 -226.604812 26.815715
slice8/database/img_02924_c1_1303398727847433us.jpg 0.045700 0.054654 0.711126 -0.699446 665.398029 -227.146684 26.814330
slice8/database/img_02927_c1_1303398728514065us.jpg 0.044399 0.054329 0.710900 -0.699785 665.806776 -227.713877 26.805992
slice8/database/img_03044_c1_1303398738980868us.jpg 0.038810 0.058862 0.706484 -0.704209 666.211521 -228.282690 26.776291
slice8/database/img_03050_c1_1303398739514121us.jpg 0.037618 0.059501 0.705554 -0.705151 666.608750 -228.829819 26.767967
slice8/database/img_03054_c1_1303398739847497us.jpg 0.037555 0.059655 0.705608 -0.705087 666.997276 -229.361853 26.764531
slice8/database/img_03057_c1_1303398740114124us.jpg 0.037830 0.059397 0.705000 -0.705702 667.383640 -229.884139 26.759785
slice8/database/img_03060_c1_1303398740380878us.jpg 0.038201 0.059324 0.705266 -0.705423 667.825323 -230.489997 26.759310
slice8/database/img_03063_c1_1303398740647526us.jpg 0.039451 0.059249 0.704902 -0.705724 668.320940 -231.165592 26.758907
slice8/database/img_03065_c1_1303398740847506us.jpg 0.040646 0.059737 0.704137 -0.706378 668.723983 -231.714521 26.756204
slice8/database/img_03067_c1_1303398740980878us.jpg 0.041226 0.060363 0.703889 -0.706539 669.006862 -232.104721 26.755704
slice8/database/img_03069_c1_1303398741180921us.jpg 0.042159 0.061900 0.704118 -0.706123 669.452392 -232.723910 26.754581
slice8/database/img_03071_c1_1303398741380905us.jpg 0.044212 0.062601 0.703540 -0.706511 669.928357 -233.380228 26.752929
slice8/database/img_03073_c1_1303398741514131us.jpg 0.045650 0.062729 0.702980 -0.706965 670.258863 -233.837778 26.753761
slice8/database/img_03074_c1_1303398741647509us.jpg 0.046124 0.063311 0.703297 -0.706568 670.594488 -234.318934 26.752275
slice8/database/img_03076_c1_1303398741780882us.jpg 0.046021 0.064488 0.703909 -0.705858 670.940171 -234.811624 26.750659
slice8/database/img_03078_c1_1303398741980889us.jpg 0.045480 0.065432 0.702904 -0.706807 671.480196 -235.577427 26.741659
slice8/database/img_03080_c1_1303398742114134us.jpg 0.045173 0.064396 0.702283 -0.707539 671.851553 -236.107500 26.740557
slice8/database/img_03082_c1_1303398742314160us.jpg 0.044808 0.064448 0.702775 -0.707069 672.431478 -236.930424 26.739353
slice8/database/img_03083_c1_1303398742380886us.jpg 0.044956 0.063641 0.702984 -0.706925 672.626930 -237.212499 26.743164
slice8/database/img_03085_c1_1303398742514138us.jpg 0.044908 0.062338 0.703081 -0.706947 673.027720 -237.781498 26.746092
slice8/database/img_03086_c1_1303398742647537us.jpg 0.043610 0.063208 0.703479 -0.706555 673.432312 -238.360081 26.743111
slice8/database/img_03088_c1_1303398742780889us.jpg 0.042562 0.063160 0.702949 -0.707151 673.851697 -238.955329 26.740896
slice8/database/img_03089_c1_1303398742914282us.jpg 0.041361 0.063005 0.701853 -0.708323 674.283691 -239.568233 26.739245
slice8/database/img_03090_c1_1303398742980891us.jpg 0.040627 0.062898 0.701853 -0.708376 674.503344 -239.882878 26.740590
slice8/database/img_03092_c1_1303398743114141us.jpg 0.039047 0.063692 0.702111 -0.708138 674.952734 -240.522852 26.738032
slice8/database/img_03093_c1_1303398743247519us.jpg 0.038309 0.063681 0.701422 -0.708861 675.418378 -241.171299 26.737813
slice8/database/img_03094_c1_1303398743314164us.jpg 0.038058 0.062762 0.700902 -0.709471 675.654050 -241.501633 26.740744
slice8/database/img_03095_c1_1303398743447518us.jpg 0.037711 0.061366 0.701089 -0.709427 676.140344 -242.176165 26.750737
slice8/database/img_03096_c1_1303398743580916us.jpg 0.037564 0.060588 0.701432 -0.709162 676.636432 -242.864337 26.759046
slice8/database/img_03097_c1_1303398743647517us.jpg 0.037342 0.059909 0.701250 -0.709411 676.884815 -243.208548 26.763239
slice8/database/img_03099_c1_1303398743847524us.jpg 0.037296 0.058156 0.700673 -0.710130 677.666424 -244.271416 26.773836
slice8/database/img_03101_c1_1303398743980895us.jpg 0.038155 0.056737 0.699414 -0.711439 678.203853 -244.988960 26.785077
slice8/database/img_03102_c1_1303398744114149us.jpg 0.039257 0.056029 0.698716 -0.712121 678.750854 -245.724626 26.795016
slice8/database/img_03103_c1_1303398744180897us.jpg 0.039875 0.056406 0.698962 -0.711815 679.026913 -246.095433 26.798493
slice8/database/img_03104_c1_1303398744247523us.jpg 0.040285 0.056816 0.699258 -0.711469 679.301507 -246.471553 26.801734
slice8/database/img_03105_c1_1303398744380901us.jpg 0.040924 0.057412 0.699915 -0.710738 679.859089 -247.237864 26.809072
slice8/database/img_03106_c1_1303398744447548us.jpg 0.041057 0.057853 0.700465 -0.710152 680.141486 -247.626295 26.811546
slice8/database/img_03108_c1_1303398744580898us.jpg 0.041052 0.059459 0.701811 -0.708689 680.706552 -248.416754 26.812446
slice8/database/img_03109_c1_1303398744714173us.jpg 0.041016 0.060399 0.702469 -0.707960 681.281733 -249.219041 26.816318
slice8/database/img_03111_c1_1303398744847524us.jpg 0.040830 0.061718 0.702471 -0.707855 681.865121 -250.032847 26.816435
slice8/database/img_03112_c1_1303398744981646us.jpg 0.039932 0.063335 0.701624 -0.708602 682.455324 -250.859258 26.815929
slice8/database/img_03113_c1_1303398745047530us.jpg 0.038871 0.065167 0.701433 -0.708685 682.750861 -251.276905 26.811913
slice8/database/img_03114_c1_1303398745114151us.jpg 0.038010 0.067216 0.701471 -0.708502 683.047450 -251.697207 26.809375
slice8/database/img_03115_c1_1303398745180901us.jpg 0.037446 0.068026 0.701770 -0.708159 683.348113 -252.125601 26.810882
slice8/database/img_03116_c1_1303398745314181us.jpg 0.036981 0.067328 0.703059 -0.706970 683.958661 -252.996398 26.825443
slice8/database/img_03117_c1_1303398745380902us.jpg 0.036991 0.067133 0.704159 -0.705893 684.269268 -253.435876 26.835696
slice8/database/img_03118_c1_1303398745447527us.jpg 0.037200 0.066699 0.705016 -0.705068 684.585091 -253.878273 26.843829
slice8/database/img_03119_c1_1303398745580908us.jpg 0.038166 0.065878 0.704759 -0.705350 685.225765 -254.765465 26.856066
slice8/database/img_03120_c1_1303398745647528us.jpg 0.038615 0.065740 0.703990 -0.706106 685.552081 -255.212047 26.858861
slice8/database/img_03121_c1_1303398745714153us.jpg 0.039000 0.065709 0.702872 -0.707200 685.878503 -255.658262 26.861835
slice8/database/img_03122_c1_1303398745847532us.jpg 0.038768 0.065790 0.701167 -0.708896 686.533530 -256.568379 26.866479
slice8/database/img_03123_c1_1303398745914155us.jpg 0.038223 0.065929 0.700993 -0.709085 686.858746 -257.030603 26.870849
slice8/database/img_03125_c1_1303398746114183us.jpg 0.036174 0.067580 0.702303 -0.707739 687.851260 -258.437583 26.891524
slice8/database/img_03126_c1_1303398746180908us.jpg 0.035955 0.067985 0.702628 -0.707389 688.188519 -258.911366 26.898485
slice8/database/img_03127_c1_1303398746247531us.jpg 0.036046 0.067842 0.702556 -0.707470 688.524573 -259.384131 26.907526
slice8/database/img_03128_c1_1303398746314157us.jpg 0.036304 0.067546 0.702231 -0.707808 688.862808 -259.854922 26.917305
slice8/database/img_03129_c1_1303398746447541us.jpg 0.036233 0.067855 0.701760 -0.708248 689.546445 -260.805535 26.939113
slice8/database/img_03130_c1_1303398746514158us.jpg 0.036159 0.068095 0.701205 -0.708778 689.889723 -261.285014 26.948195
slice8/database/img_03131_c1_1303398746580908us.jpg 0.035724 0.067943 0.701142 -0.708877 690.229049 -261.762251 26.962317
slice8/database/img_03132_c1_1303398746714162us.jpg 0.034703 0.068877 0.701812 -0.708175 690.919973 -262.740584 26.985658
slice8/database/img_03133_c1_1303398746780910us.jpg 0.034199 0.069412 0.702240 -0.707723 691.270140 -263.232213 26.993088
slice8/database/img_03135_c1_1303398746980939us.jpg 0.033046 0.070550 0.702220 -0.707685 692.331814 -264.729691 27.021554
slice8/database/img_03136_c1_1303398747047560us.jpg 0.032709 0.070520 0.701646 -0.708272 692.690400 -265.234793 27.032243
slice8/database/img_03137_c1_1303398747114161us.jpg 0.032733 0.070248 0.701231 -0.708709 693.050481 -265.739935 27.042129
slice8/database/img_03138_c1_1303398747180911us.jpg 0.032843 0.070030 0.700947 -0.709006 693.413731 -266.244027 27.054273
slice8/database/img_03139_c1_1303398747314188us.jpg 0.033519 0.068935 0.700478 -0.709545 694.147601 -267.266806 27.084612
slice8/database/img_03140_c1_1303398747380913us.jpg 0.033824 0.068416 0.700176 -0.709880 694.517099 -267.780930 27.099292
slice8/database/img_03141_c1_1303398747447538us.jpg 0.034151 0.067758 0.699989 -0.710111 694.890637 -268.297383 27.114896
slice8/database/img_03142_c1_1303398747580941us.jpg 0.034262 0.067069 0.699332 -0.710819 695.637222 -269.340098 27.142361
slice8/database/img_03143_c1_1303398747647563us.jpg 0.034359 0.067077 0.699146 -0.710996 696.014873 -269.861318 27.155529
slice8/database/img_03144_c1_1303398747714165us.jpg 0.034497 0.066970 0.698901 -0.711240 696.393829 -270.385210 27.170711
slice8/database/img_03145_c1_1303398747780914us.jpg 0.034421 0.066543 0.698393 -0.711782 696.775813 -270.912555 27.187450
slice8/database/img_03146_c1_1303398747914171us.jpg 0.034796 0.065885 0.697236 -0.712959 697.549854 -271.976271 27.215436
slice8/database/img_03147_c1_1303398747980922us.jpg 0.034875 0.065702 0.696712 -0.713484 697.937284 -272.507190 27.232367
slice8/database/img_03148_c1_1303398748047541us.jpg 0.035076 0.065705 0.696294 -0.713882 698.327406 -273.046190 27.248061
slice8/database/img_03149_c1_1303398748114166us.jpg 0.035449 0.065387 0.695910 -0.714267 698.720909 -273.585448 27.266019
slice8/database/img_03150_c1_1303398748247567us.jpg 0.035990 0.064496 0.694861 -0.715341 699.510641 -274.671149 27.304595
slice8/database/img_03151_c1_1303398748314168us.jpg 0.036320 0.064575 0.694618 -0.715553 699.908213 -275.217909 27.322977
slice8/database/img_03152_c1_1303398748380919us.jpg 0.036617 0.064546 0.694486 -0.715669 700.305922 -275.766531 27.342139
slice8/database/img_03153_c1_1303398748447544us.jpg 0.036777 0.064539 0.694465 -0.715682 700.703981 -276.313518 27.364617
slice8/database/img_03154_c1_1303398748580921us.jpg 0.037365 0.064576 0.694333 -0.715776 701.506522 -277.420715 27.407048
slice8/database/img_03155_c1_1303398748781056us.jpg 0.037099 0.065541 0.694219 -0.715813 702.721914 -279.104582 27.464104
slice8/database/img_03156_c1_1303398748847568us.jpg 0.037021 0.065721 0.694046 -0.715968 703.128943 -279.671059 27.483552
slice8/database/img_03157_c1_1303398748914173us.jpg 0.037007 0.065842 0.693978 -0.716024 703.537254 -280.243231 27.503070
slice8/database/img_03158_c1_1303398749048993us.jpg 0.036878 0.066353 0.694091 -0.715874 704.357619 -281.391040 27.544874
slice8/database/img_03159_c1_1303398749114179us.jpg 0.036885 0.066526 0.694146 -0.715804 704.771328 -281.967211 27.566518
slice8/database/img_03160_c1_1303398749180924us.jpg 0.036959 0.066560 0.694188 -0.715756 705.186589 -282.545643 27.588015
slice8/database/img_03161_c1_1303398749247550us.jpg 0.037125 0.066501 0.694013 -0.715923 705.602089 -283.125940 27.609454
slice8/database/img_03162_c1_1303398749380957us.jpg 0.036763 0.066878 0.694198 -0.715727 706.433738 -284.296639 27.651424
slice8/database/img_03163_c1_1303398749447555us.jpg 0.036550 0.067438 0.694270 -0.715615 706.853798 -284.882051 27.672212
slice8/database/img_03164_c1_1303398749514174us.jpg 0.036151 0.067917 0.694147 -0.715709 707.273561 -285.469336 27.693318
slice8/database/img_03165_c1_1303398749580924us.jpg 0.035532 0.068310 0.694030 -0.715817 707.694264 -286.056207 27.716199
slice8/database/img_03166_c1_1303398749714180us.jpg 0.034531 0.069008 0.693248 -0.716556 708.541527 -287.237518 27.760122
slice8/database/img_03167_c1_1303398749780926us.jpg 0.034101 0.069419 0.693153 -0.716629 708.968340 -287.830408 27.782672
slice8/database/img_03168_c1_1303398749847552us.jpg 0.034079 0.069428 0.692867 -0.716906 709.396636 -288.428725 27.807056
slice8/database/img_03169_c1_1303398749914177us.jpg 0.034073 0.069026 0.692489 -0.717310 709.827745 -289.027710 27.836059
slice8/database/img_03170_c1_1303398750047557us.jpg 0.033793 0.068506 0.691779 -0.718057 710.695972 -290.225544 27.896769
