160725/0014/0321.jpg 64.10300000 0.37200000 1.47900000
161003/0009/0432.jpg 64.58400000 2.81400000 1.52200000
170904/0009/0910.jpg 64.93400000 5.40100000 1.52500000
170307/0011/0565.jpg 65.05800000 7.70800000 1.70600000
150813/0013/0795.jpg 64.84200000 9.80800000 1.61000000
161018/0009/0923.jpg 64.74500000 11.97400000 1.39000000
170725/0018/0480.jpg 65.59400000 13.98200000 1.00100000
160906/0011/0356.jpg 66.82300000 15.96200000 1.24100000
140129/0018/0639.jpg 67.67400000 17.54600000 1.25900000
141010/0023/0995.jpg 68.10000000 19.06700000 1.38500000
140904/0017/0199.jpg 68.07700000 20.54000000 1.75000000
160923/0011/0499.jpg 69.30100000 28.73800000 1.24200000
160725/0015/0210.jpg 69.81700000 30.46600000 1.54500000
160801/0011/0548.jpg 71.49600000 47.27100000 1.62500000
170307/0012/0596.jpg 71.52500000 49.78400000 1.27200000
160601/0011/0656.jpg 72.89300000 52.20400000 0.91800000
161003/0010/0792.jpg 75.17300000 54.33800000 0.94700000
151127/0015/0533.jpg 76.69200000 56.42000000 1.65900000
150305/0017/0726.jpg 76.77300000 58.39600000 1.60200000
150111/0021/0642.jpg 76.72200000 60.34100000 1.49200000
161223/0012/0966.jpg 77.24100000 62.66400000 0.99300000
141029/0017/0316.jpg 78.67200000 64.49400000 0.96800000
150320/0015/0988.jpg 79.35800000 66.60300000 1.69200000
161018/0011/0351.jpg 78.65500000 72.14900000 1.37500000
160620/0012/0964.jpg 79.75800000 74.08200000 1.00100000
160829/0012/0142.jpg 81.31400000 76.04600000 1.00200000
170424/0012/0161.jpg 82.34500000 77.74000000 1.22800000
170626/0012/0758.jpg 83.03600000 79.38500000 1.50100000
150813/0015/0857.jpg 83.22300000 81.52200000 1.39100000
161114/0028/0257.jpg 83.21900000 83.96200000 1.51800000
160719/0015/0160.jpg 83.48600000 86.32100000 1.55400000
160305/0014/0368.jpg 83.54800000 88.95900000 1.50000000
141121/0018/0545.jpg 83.55300000 91.51400000 1.37300000
150918/0013/0738.jpg 83.94400000 93.65300000 1.29300000
161123/0013/0920.jpg 84.80100000 95.61100000 1.02800000
141029/0018/0291.jpg 86.30400000 97.65000000 1.06400000
160912/0013/0026.jpg 87.73200000 99.51300000 0.99800000
150320/0017/0099.jpg 88.87800000 101.40900000 1.10900000
140926/0020/0601.jpg 89.88600000 103.58700000 1.36900000
140828/0020/0047.jpg 90.41400000 105.53200000 1.45500000
151118/0012/0521.jpg 90.30900000 107.66300000 1.80600000
161003/0012/0271.jpg 89.75100000 109.73800000 2.02600000
160725/0017/0745.jpg 89.27500000 111.50900000 1.77400000
161216/0016/0428.jpg 89.03200000 113.30600000 1.43100000
141128/0019/0687.jpg 89.24100000 114.94200000 1.32000000
140911/0029/0091.jpg 90.18200000 116.79200000 1.26400000
161010/0015/0557.jpg 91.32500000 118.69500000 1.27000000
160725/0018/0031.jpg 92.16800000 120.22700000 1.44300000
140911/0029/0359.jpg 92.86000000 121.99300000 0.95100000
151214/0016/0876.jpg 94.05000000 123.34000000 1.00900000
170411/0018/0380.jpg 95.84000000 124.84200000 0.88500000
150827/0017/0866.jpg 97.68400000 126.25900000 0.98000000
161127/0014/0555.jpg 98.73800000 127.60500000 1.21500000
161123/0014/0873.jpg 98.82600000 129.41300000 1.66900000
140129/0021/0712.jpg 98.18300000 131.39700000 1.75800000
140129/0021/0754.jpg 97.86200000 132.86700000 1.75800000
160321/0019/0344.jpg 97.69400000 134.38000000 1.63600000
160606/0014/0917.jpg 97.70700000 136.18700000 1.48400000
160305/0016/0007.jpg 98.00300000 138.29000000 1.41500000
161223/0015/0822.jpg 95.80000000 151.83400000 2.41000000
160211/0020/0462.jpg 95.03900000 152.99300000 2.33100000
141010/0028/0119.jpg 94.22100000 154.51200000 2.09000000
150820/0016/0539.jpg 93.37500000 156.19200000 2.24800000
170307/0016/0318.jpg 92.43300000 157.97900000 2.04400000
160816/0015/0251.jpg 91.51600000 159.92200000 2.07000000
160725/0019/0501.jpg 90.88200000 161.78600000 1.97500000
141029/0020/0347.jpg 90.64700000 163.84200000 1.73400000
160829/0014/0482.jpg 89.71100000 169.23300000 1.77700000
141107/0023/0361.jpg 90.10500000 171.37400000 1.55600000
161010/0017/0128.jpg 89.83500000 176.10500000 1.88700000
160725/0019/0946.jpg 89.12500000 177.80700000 2.08000000
170403/0015/0289.jpg 88.34000000 179.48800000 2.01100000
150111/0029/0154.jpg 86.49700000 182.85800000 2.38200000
150730/0020/0958.jpg 85.39600000 184.47700000 2.07800000
160305/0017/0653.jpg 83.99000000 186.29700000 2.22000000
140129/0023/0384.jpg 82.82600000 187.98600000 2.05500000
141010/0029/0174.jpg 82.22900000 189.57600000 2.03800000
150320/0020/0819.jpg 81.77700000 191.39400000 1.95200000
170403/0015/0660.jpg 81.33700000 193.01500000 1.91400000
161123/0016/0708.jpg 80.81800000 194.04100000 2.18000000
161123/0016/0738.jpg 79.99700000 194.93600000 2.54700000
150226/0022/0841.jpg 78.63200000 196.09600000 2.55900000
160305/0018/0089.jpg 77.62000000 197.33800000 2.27100000
150806/0017/0106.jpg 76.90900000 198.99800000 1.98100000
160201/0018/0284.jpg 76.25700000 201.22200000 1.99600000
160201/0018/0353.jpg 75.57200000 203.14600000 1.98600000
150723/0024/0000.jpg 74.59700000 204.85500000 2.13100000
170403/0016/0109.jpg 73.71200000 206.35100000 2.19800000
161216/0019/0625.jpg 72.99800000 207.96200000 1.79800000
160314/0019/0127.jpg 72.91200000 209.86800000 1.58500000
161223/0017/0593.jpg 73.31700000 212.26000000 1.28600000
150730/0021/0823.jpg 73.77800000 214.17000000 1.34400000
140613/0021/0416.jpg 74.10000000 216.07200000 1.70600000
170725/0023/0329.jpg 74.08600000 218.04200000 1.63200000
170904/0015/0255.jpg 74.53200000 219.80600000 2.10300000
161010/0018/0390.jpg 73.91600000 221.00600000 2.54600000
141010/0030/0225.jpg 72.24400000 222.65000000 2.52300000
170725/0023/0550.jpg 71.04600000 223.86100000 2.26500000
140117/0030/0979.jpg 70.16200000 225.56600000 1.92400000
160715/0017/0644.jpg 70.04000000 227.28800000 1.59100000
161223/0018/0120.jpg 70.40100000 228.90700000 1.65200000
161223/0018/0157.jpg 70.42200000 230.38900000 1.55700000
150820/0018/0665.jpg 70.22800000 232.62700000 1.48800000
150827/0021/0306.jpg 70.29600000 234.89200000 1.48900000
150910/0020/0550.jpg 70.53100000 237.20700000 1.76700000
161127/0017/0615.jpg 70.35000000 238.82200000 1.94600000
160912/0016/0783.jpg 69.68100000 240.08000000 2.11900000
161010/0018/0939.jpg 68.74400000 241.32400000 1.95800000
170419/0019/0712.jpg 68.21900000 242.60200000 1.88000000
170403/0017/0196.jpg 67.93800000 244.16100000 1.61000000
170904/0015/0877.jpg 67.74000000 246.31800000 1.73400000
170303/0019/0420.jpg 67.64000000 248.50900000 1.66100000
140911/0034/0956.jpg 67.31000000 250.25400000 2.17800000
150216/0024/0742.jpg 66.74900000 250.94100000 2.54200000
140106/0023/0921.jpg 65.21300000 251.65600000 2.34400000
140711/0035/0840.jpg 64.77700000 251.48700000 2.21300000
170424/0016/0929.jpg 64.46000000 252.30300000 1.88200000
170424/0016/0982.jpg 64.20400000 253.90800000 1.68600000
161127/0018/0062.jpg 64.11700000 256.26000000 1.69300000
161003/0016/0792.jpg 64.28900000 260.82200000 1.34100000
161003/0016/0846.jpg 65.17200000 263.00000000 0.99800000
170419/0020/0429.jpg 67.36200000 264.74700000 0.58600000
161010/0019/0630.jpg 69.95700000 265.99700000 0.56300000
140314/0033/0267.jpg 71.67200000 267.35500000 1.19500000
150827/0022/0339.jpg 71.82900000 268.70100000 1.88400000
150827/0022/0384.jpg 71.25700000 270.08700000 2.07200000
160321/0023/0757.jpg 70.95900000 271.43400000 1.56300000
140625/0030/0673.jpg 70.94600000 273.04800000 1.50300000
160426/0019/0774.jpg 71.10900000 275.29000000 1.45900000
161003/0017/0283.jpg 71.36000000 277.78000000 1.42700000
150327/0028/0959.jpg 71.37800000 279.75400000 1.81000000
150910/0021/0774.jpg 70.96400000 281.31500000 1.92300000
140314/0033/0776.jpg 70.36200000 282.75500000 2.01400000
140919/0027/0440.jpg 69.81300000 284.35000000 1.67600000
140911/0036/0436.jpg 69.28800000 286.57300000 1.57200000
150429/0020/0807.jpg 69.22300000 289.13000000 1.83400000
151111/0018/0098.jpg 69.13600000 291.92500000 1.57500000
170411/0023/0322.jpg 69.16600000 294.92900000 1.53600000
161010/0020/0508.jpg 67.92000000 301.47200000 2.75300000
170411/0023/0569.jpg 66.88900000 302.41000000 3.04800000
160314/0022/0017.jpg 65.65800000 302.73400000 2.73800000
160314/0022/0054.jpg 64.21300000 303.14400000 2.46600000
140828/0028/0933.jpg 46.86500000 308.50200000 -2.09300000
151214/0022/0960.jpg 46.28900000 306.95700000 -1.92000000
170403/0019/0460.jpg 46.04200000 305.25400000 -1.80200000
140528/0026/0852.jpg 45.59700000 303.89200000 -2.26400000
160816/0019/0957.jpg 44.65000000 302.49900000 -2.43000000
150216/0027/0877.jpg 42.90200000 301.32600000 -2.47400000
140424/0028/0915.jpg 40.93900000 300.27700000 -2.53900000
140424/0028/0964.jpg 39.30400000 299.16200000 -2.62700000
160801/0019/0161.jpg 37.37400000 297.80400000 -2.55100000
150806/0021/0238.jpg 35.23000000 296.77600000 -2.77800000
140502/0027/0393.jpg 32.68000000 295.96600000 -2.96600000
141121/0028/0599.jpg 29.86500000 295.35000000 -3.00300000
160426/0021/0962.jpg 27.02100000 295.06700000 -3.06100000
160725/0025/0081.jpg 24.35600000 295.35200000 3.12300000
160906/0019/0741.jpg 22.28300000 294.91500000 -2.51500000
150820/0022/0048.jpg 21.12200000 293.51200000 -1.82400000
161003/0019/0282.jpg 20.43400000 291.21900000 -1.72700000
170403/0020/0182.jpg 20.05400000 288.80400000 -1.57600000
170403/0020/0247.jpg 19.49200000 286.90900000 -2.13800000
161010/0022/0092.jpg 18.27100000 285.36300000 -2.51200000
161127/0021/0165.jpg 16.23800000 284.21200000 -2.84100000
140904/0028/0956.jpg 13.90300000 283.49300000 -2.76200000
170411/0025/0218.jpg 11.86500000 282.95400000 -2.93500000
170403/0020/0454.jpg 9.25500000 282.60300000 -2.94300000
140926/0031/0018.jpg 1.12500000 276.20200000 3.04400000
