171004/0008/0772.jpg 64.09200000 0.34500000 1.47900000
160816/0010/0798.jpg 64.57400000 2.84200000 1.50700000
161216/0012/0836.jpg 64.98700000 5.36700000 1.69800000
140625/0021/0431.jpg 65.06500000 7.69400000 1.54600000
160725/0014/0545.jpg 64.68400000 9.78200000 1.55200000
170303/0012/0830.jpg 64.58800000 12.02200000 1.55200000
160829/0010/0481.jpg 65.50900000 14.01300000 1.14400000
160426/0012/0245.jpg 66.95000000 15.91000000 1.21600000
150429/0014/0095.jpg 67.71800000 17.55800000 1.19200000
140129/0018/0678.jpg 68.02400000 19.09300000 1.34600000
160801/0010/0876.jpg 68.00300000 20.54900000 1.83000000
160426/0012/0566.jpg 69.16200000 28.83700000 0.96600000
160418/0012/0346.jpg 69.71700000 30.47600000 1.57100000
170307/0012/0523.jpg 71.44700000 47.23800000 1.78000000
170217/0016/0205.jpg 71.58500000 49.75800000 1.26500000
161018/0010/0873.jpg 72.73100000 52.31900000 0.94000000
160725/0015/0845.jpg 75.25100000 54.24900000 0.94200000
170223/0011/0818.jpg 76.69400000 56.37300000 1.65600000
170904/0011/0017.jpg 76.70300000 58.41200000 1.79100000
170320/0011/0959.jpg 76.81300000 60.32300000 1.66500000
160927/0012/0016.jpg 77.20600000 62.66800000 0.86900000
140926/0019/0471.jpg 78.71400000 64.46500000 1.05500000
140919/0020/0344.jpg 79.42500000 66.61000000 1.83200000
160620/0012/0921.jpg 78.70100000 72.09700000 1.15200000
160829/0012/0095.jpg 79.83900000 74.01800000 0.97200000
171004/0010/0382.jpg 81.33700000 75.98000000 0.98100000
140122/0015/0018.jpg 82.48000000 77.71000000 1.05900000
151214/0015/0712.jpg 83.15300000 79.36600000 1.29200000
160426/0013/0966.jpg 83.33600000 81.51700000 1.57600000
160912/0012/0675.jpg 83.23000000 83.93400000 1.41600000
170307/0013/0643.jpg 83.50500000 86.30000000 1.55500000
150730/0018/0151.jpg 83.50100000 88.97000000 1.73300000
170904/0011/0940.jpg 83.47500000 91.52000000 1.70300000
161003/0011/0879.jpg 83.98300000 93.66300000 1.20700000
161216/0015/0844.jpg 84.76800000 95.61400000 1.04900000
140828/0019/0822.jpg 86.35100000 97.61000000 0.98700000
140314/0027/0557.jpg 87.75000000 99.50000000 1.15800000
140314/0027/0604.jpg 88.82200000 101.42300000 1.14200000
151214/0016/0378.jpg 89.91700000 103.56100000 1.18900000
151127/0016/0958.jpg 90.43700000 105.52000000 1.46500000
140606/0039/0046.jpg 90.26000000 107.67200000 1.71100000
170626/0013/0447.jpg 89.74900000 109.70700000 1.85500000
160801/0013/0154.jpg 89.24100000 111.50400000 1.79000000
160912/0013/0352.jpg 89.05200000 113.30900000 1.65200000
151111/0013/0290.jpg 89.21800000 114.91800000 1.26400000
170320/0013/0183.jpg 90.14700000 116.80600000 1.13000000
161223/0014/0687.jpg 91.30300000 118.70000000 1.22600000
150327/0019/0067.jpg 92.08700000 120.26900000 1.29100000
160816/0014/0095.jpg 92.89100000 121.99100000 0.99400000
141222/0034/0760.jpg 94.02000000 123.32000000 1.01300000
170307/0014/0926.jpg 95.82900000 124.91800000 0.80600000
170217/0019/0026.jpg 97.68600000 126.22400000 1.11000000
160816/0014/0272.jpg 98.65500000 127.63300000 1.21100000
140314/0028/0531.jpg 98.75900000 129.41900000 1.88700000
161123/0014/0923.jpg 98.26100000 131.39600000 1.98200000
160314/0016/0614.jpg 97.90300000 132.86300000 1.89100000
160426/0015/0404.jpg 97.64400000 134.38700000 1.71900000
170223/0013/0639.jpg 97.79400000 136.20500000 1.67100000
160816/0014/0584.jpg 98.06900000 138.26500000 1.34000000
170217/0020/0277.jpg 95.70800000 151.73900000 2.15500000
170424/0014/0090.jpg 95.02000000 152.95000000 2.21400000
160606/0015/0482.jpg 94.17700000 154.43600000 2.24600000
160216/0018/0421.jpg 93.39200000 156.20500000 2.20400000
160816/0015/0208.jpg 92.48700000 158.02500000 2.06300000
170307/0016/0370.jpg 91.54700000 159.92800000 1.94100000
170307/0016/0423.jpg 91.02600000 161.82700000 1.77800000
160801/0014/0594.jpg 90.56900000 163.80300000 1.82200000
161010/0016/0992.jpg 89.79600000 169.22000000 1.61600000
160616/0015/0406.jpg 90.23400000 171.35500000 1.46500000
160801/0014/0831.jpg 89.89800000 176.11900000 1.96900000
160906/0015/0337.jpg 89.15600000 177.82700000 2.12800000
160719/0017/0448.jpg 88.17400000 179.39600000 2.23100000
141215/0023/0335.jpg 86.36000000 182.76300000 2.09400000
150111/0029/0238.jpg 85.43100000 184.51800000 2.25700000
160418/0016/0727.jpg 83.93600000 186.27300000 2.08100000
161123/0016/0540.jpg 82.85700000 187.99000000 2.17400000
141215/0023/0568.jpg 82.22700000 189.57200000 1.97300000
160923/0015/0564.jpg 81.75600000 191.37500000 1.82400000
150929/0030/0374.jpg 81.36200000 193.02000000 1.91700000
170320/0015/0172.jpg 80.87500000 194.05300000 2.10100000
150723/0023/0660.jpg 80.00900000 194.96100000 2.62100000
160305/0018/0041.jpg 78.66000000 196.14800000 2.33900000
151127/0019/0928.jpg 77.57400000 197.33800000 2.27400000
150827/0020/0268.jpg 76.91500000 198.99000000 1.94600000
170424/0015/0375.jpg 76.24400000 201.21500000 1.82500000
170424/0015/0444.jpg 75.60300000 203.16300000 2.04100000
150625/0021/0166.jpg 74.65500000 204.87500000 2.00200000
150730/0021/0626.jpg 73.75400000 206.34600000 2.08700000
170403/0016/0165.jpg 73.04400000 207.96600000 1.72400000
161216/0019/0679.jpg 72.93300000 209.85800000 1.44600000
160829/0015/0689.jpg 73.36200000 212.22500000 1.46700000
160725/0021/0083.jpg 73.74600000 214.14700000 1.52100000
170626/0016/0599.jpg 74.11900000 216.04500000 1.59300000
141121/0023/0425.jpg 74.22100000 218.02400000 1.60700000
160927/0015/0940.jpg 74.50700000 219.77500000 2.17100000
161223/0017/0868.jpg 73.94800000 221.07700000 2.38600000
150820/0018/0411.jpg 72.31900000 222.72900000 2.30200000
161123/0017/0640.jpg 70.95200000 223.78500000 2.14800000
161123/0017/0703.jpg 70.01300000 225.53100000 1.91300000
170626/0016/0932.jpg 70.14000000 227.27700000 1.61100000
160906/0016/0728.jpg 70.46000000 228.90100000 1.49500000
140613/0021/0922.jpg 70.46400000 230.41500000 1.59600000
141222/0038/0484.jpg 70.29200000 232.62300000 1.47900000
140723/0025/0343.jpg 70.25000000 234.91900000 1.35100000
140416/0019/0622.jpg 70.48600000 237.19600000 1.69400000
140625/0029/0538.jpg 70.35600000 238.82300000 1.89000000
150806/0018/0292.jpg 69.83300000 240.17700000 2.11100000
160719/0019/0222.jpg 68.84000000 241.38000000 1.92400000
170320/0016/0296.jpg 68.10000000 242.57100000 1.85000000
170320/0016/0331.jpg 67.88600000 244.14000000 1.61400000
140723/0025/0686.jpg 67.67600000 246.30900000 1.49100000
161018/0015/0498.jpg 67.70600000 248.50100000 1.73700000
161003/0016/0426.jpg 67.23100000 250.20600000 2.14800000
151111/0017/0133.jpg 66.67500000 250.88000000 2.49800000
160601/0016/0608.jpg 65.11500000 251.58800000 2.55900000
141010/0031/0141.jpg 64.94400000 251.57500000 2.12900000
170223/0016/0757.jpg 64.35500000 252.27000000 1.93000000
150312/0034/0006.jpg 64.14900000 253.93600000 1.62700000
160829/0016/0979.jpg 64.22900000 256.25800000 1.61500000
140606/0043/0221.jpg 64.18000000 260.85300000 1.33800000
141010/0031/0457.jpg 65.08300000 263.03800000 0.94300000
151127/0022/0209.jpg 67.35200000 264.86600000 0.73300000
170424/0017/0279.jpg 69.85000000 266.18100000 0.50700000
170320/0016/0922.jpg 71.47100000 267.41600000 1.24800000
161010/0019/0714.jpg 71.78000000 268.68900000 1.91900000
151118/0017/0152.jpg 71.22400000 270.06100000 1.98700000
140625/0030/0629.jpg 70.91400000 271.41100000 1.56600000
150216/0025/0527.jpg 70.93500000 273.05000000 1.54400000
140528/0025/0329.jpg 71.14100000 275.28900000 1.44100000
160725/0023/0182.jpg 71.51000000 277.80600000 1.53500000
140424/0027/0372.jpg 71.27800000 279.73300000 1.91800000
160816/0018/0597.jpg 70.94300000 281.26400000 2.12600000
140528/0025/0539.jpg 70.32300000 282.73000000 1.82900000
170419/0021/0149.jpg 69.79700000 284.32500000 1.77500000
170419/0021/0209.jpg 69.36500000 286.59200000 1.70600000
160906/0018/0333.jpg 69.19400000 289.09300000 1.61700000
161127/0019/0306.jpg 69.19100000 291.94000000 1.55000000
141010/0032/0614.jpg 69.21900000 294.96100000 1.68800000
160801/0018/0097.jpg 67.94100000 301.43400000 2.84700000
160829/0018/0163.jpg 66.85400000 302.20200000 3.09700000
151111/0018/0417.jpg 65.70300000 302.81800000 2.82200000
161003/0017/0949.jpg 64.30800000 303.26000000 2.61000000
150312/0036/0245.jpg 46.81200000 308.55300000 -2.05500000
141107/0029/0425.jpg 46.21200000 306.98900000 -1.98700000
161123/0020/0718.jpg 46.06100000 305.24000000 -1.96400000
160719/0022/0215.jpg 45.64400000 303.87900000 -2.19500000
161123/0020/0803.jpg 44.60200000 302.56200000 -2.32100000
161010/0021/0420.jpg 42.90900000 301.29900000 -2.45900000
150312/0036/0538.jpg 40.84000000 300.44600000 -2.37800000
170626/0019/0779.jpg 39.46500000 298.99200000 -2.45100000
160201/0023/0988.jpg 37.37800000 297.84000000 -2.64200000
170411/0024/0592.jpg 35.24700000 296.80400000 -2.76800000
161018/0017/0925.jpg 32.69900000 295.92400000 -2.91500000
161018/0017/0973.jpg 29.87900000 295.39500000 -2.95400000
160906/0019/0650.jpg 27.06300000 295.08400000 3.12900000
160927/0019/0527.jpg 24.35800000 295.31100000 -3.08300000
150820/0021/0972.jpg 22.32100000 294.88400000 -2.36600000
160801/0019/0529.jpg 21.05100000 293.54100000 -2.02200000
170217/0027/0890.jpg 20.47400000 291.22100000 -1.75600000
161010/0021/0986.jpg 20.14400000 288.80800000 -1.77400000
170424/0019/0721.jpg 19.36700000 286.96500000 -2.02900000
160906/0019/0986.jpg 18.30800000 285.35900000 -2.49300000
170403/0020/0327.jpg 16.24900000 284.15100000 -2.77500000
170411/0025/0180.jpg 13.93800000 283.45200000 -2.77100000
170403/0020/0401.jpg 11.84700000 283.04100000 -2.91700000
170307/0022/0263.jpg 9.26100000 282.57400000 -2.89900000
140911/0039/0822.jpg 1.11300000 276.12000000 3.01200000
