160808/0012/0718.jpg 64.10600000 0.36500000 1.35800000
160808/0012/0768.jpg 64.59000000 2.81600000 1.47900000
160808/0012/0818.jpg 64.92900000 5.39100000 1.54200000
160808/0012/0868.jpg 65.04600000 7.70000000 1.71000000
160808/0012/0918.jpg 64.81200000 9.80900000 1.71500000
160808/0012/0968.jpg 64.72900000 11.98800000 1.40000000
160808/0013/0018.jpg 65.58100000 13.98700000 1.08900000
160808/0013/0068.jpg 66.85000000 15.96500000 1.07900000
160808/0013/0118.jpg 67.66000000 17.56800000 1.24300000
160808/0013/0168.jpg 68.09800000 19.07600000 1.48300000
160808/0013/0218.jpg 68.06700000 20.55000000 1.81200000
160808/0013/0468.jpg 69.30600000 28.77300000 1.10700000
160808/0013/0518.jpg 69.79400000 30.47800000 1.69700000
160808/0013/0968.jpg 71.50000000 47.27000000 1.71500000
160808/0014/0018.jpg 71.50400000 49.80500000 1.32900000
160808/0014/0068.jpg 72.88900000 52.24000000 0.88800000
160808/0014/0118.jpg 75.21800000 54.32100000 0.82000000
160808/0014/0168.jpg 76.69100000 56.41800000 1.50600000
160808/0014/0218.jpg 76.77200000 58.41500000 1.77200000
160808/0014/0268.jpg 76.72900000 60.34200000 1.52300000
160808/0014/0318.jpg 77.27200000 62.64600000 1.03500000
160808/0014/0368.jpg 78.66400000 64.49300000 0.93300000
160808/0014/0418.jpg 79.33400000 66.61400000 1.75400000
160808/0014/0568.jpg 78.62500000 72.16700000 1.22500000
160808/0014/0618.jpg 79.72300000 74.11100000 0.92600000
160808/0014/0668.jpg 81.30000000 76.05900000 0.90300000
160808/0014/0718.jpg 82.39300000 77.74500000 1.10800000
160808/0014/0768.jpg 83.03800000 79.39600000 1.40400000
160808/0014/0818.jpg 83.23200000 81.54600000 1.55200000
160808/0014/0868.jpg 83.22100000 83.96500000 1.49100000
160808/0014/0918.jpg 83.46800000 86.31300000 1.48200000
160808/0014/0968.jpg 83.55800000 88.96800000 1.58400000
160808/0015/0018.jpg 83.59200000 91.51400000 1.53300000
160808/0015/0068.jpg 83.92500000 93.66800000 1.28800000
160808/0015/0118.jpg 84.81000000 95.59000000 1.04500000
160808/0015/0168.jpg 86.31000000 97.66000000 0.93100000
160808/0015/0218.jpg 87.73700000 99.51400000 0.99100000
160808/0015/0268.jpg 88.88300000 101.41500000 1.07900000
160808/0015/0318.jpg 89.89600000 103.58600000 1.20600000
160808/0015/0368.jpg 90.41300000 105.53500000 1.50900000
160808/0015/0418.jpg 90.31400000 107.66600000 1.75800000
160808/0015/0468.jpg 89.75700000 109.73400000 1.87400000
160808/0015/0518.jpg 89.26700000 111.50900000 1.77300000
160808/0015/0568.jpg 88.98900000 113.31100000 1.54500000
160808/0015/0618.jpg 89.27100000 114.92800000 1.24300000
160808/0015/0668.jpg 90.17600000 116.81000000 1.11500000
160808/0015/0718.jpg 91.32700000 118.68400000 1.16500000
160808/0015/0768.jpg 92.15300000 120.24700000 1.32700000
160808/0015/0818.jpg 92.86600000 122.00100000 1.11100000
160808/0015/0868.jpg 94.05100000 123.33100000 0.90300000
160808/0015/0918.jpg 95.86100000 124.87000000 0.81700000
160808/0015/0968.jpg 97.66900000 126.25600000 0.97600000
160808/0016/0018.jpg 98.74600000 127.60900000 1.35700000
160808/0016/0068.jpg 98.80700000 129.43600000 1.75900000
160808/0016/0118.jpg 98.20200000 131.40600000 1.86800000
160808/0016/0168.jpg 97.84200000 132.87000000 1.77600000
160808/0016/0218.jpg 97.68700000 134.38600000 1.66800000
160808/0016/0268.jpg 97.73100000 136.19200000 1.54200000
160808/0016/0318.jpg 97.97900000 138.30400000 1.50000000
160808/0016/0868.jpg 95.79800000 151.81500000 2.29000000
160808/0016/0918.jpg 95.08000000 153.01600000 2.24500000
160808/0016/0968.jpg 94.23100000 154.51800000 2.23800000
160808/0017/0018.jpg 93.36100000 156.18300000 2.19700000
160808/0017/0068.jpg 92.43800000 157.98300000 2.13100000
160808/0017/0118.jpg 91.50700000 159.93500000 2.05600000
160808/0017/0168.jpg 90.90900000 161.80300000 1.87500000
160808/0017/0218.jpg 90.64000000 163.83800000 1.80700000
160808/0017/0368.jpg 89.68300000 169.25500000 1.60900000
160808/0017/0418.jpg 90.05400000 171.36500000 1.54100000
160808/0017/0568.jpg 89.75200000 176.08300000 1.97900000
160808/0017/0618.jpg 89.09000000 177.78200000 2.05100000
160808/0017/0668.jpg 88.35100000 179.49700000 2.08400000
160808/0017/0768.jpg 86.48000000 182.84100000 2.20900000
160808/0017/0818.jpg 85.37600000 184.46700000 2.24600000
160808/0017/0868.jpg 83.96800000 186.28700000 2.24600000
160808/0017/0918.jpg 82.83400000 188.00000000 2.07500000
160808/0017/0968.jpg 82.24600000 189.57300000 1.92500000
160808/0018/0018.jpg 81.76600000 191.39100000 1.87200000
160808/0018/0068.jpg 81.33700000 193.02100000 2.01400000
160808/0018/0118.jpg 80.83200000 194.05200000 2.26700000
160808/0018/0168.jpg 79.97800000 194.94700000 2.45800000
160808/0018/0218.jpg 78.62000000 196.09900000 2.40400000
160808/0018/0268.jpg 77.60700000 197.34300000 2.12900000
160808/0018/0318.jpg 76.90900000 199.01100000 1.96600000
160808/0018/0368.jpg 76.25800000 201.21400000 1.90800000
160808/0018/0418.jpg 75.57400000 203.14600000 2.08600000
160808/0018/0468.jpg 74.58400000 204.86400000 2.16100000
160808/0018/0518.jpg 73.68000000 206.34300000 2.16500000
160808/0018/0568.jpg 72.98400000 207.94900000 1.84500000
160808/0018/0618.jpg 72.88800000 209.88100000 1.52600000
160808/0018/0668.jpg 73.28400000 212.24900000 1.40300000
160808/0018/0718.jpg 73.77400000 214.16200000 1.50400000
160808/0018/0768.jpg 74.10200000 216.06600000 1.63500000
160808/0018/0818.jpg 74.13100000 218.03200000 1.77900000
160808/0018/0868.jpg 74.54200000 219.80600000 2.09800000
160808/0018/0918.jpg 73.89900000 221.00500000 2.41500000
160808/0018/0968.jpg 72.26000000 222.69500000 2.46300000
160808/0019/0018.jpg 71.00200000 223.84500000 2.18300000
160808/0019/0068.jpg 70.12600000 225.54400000 1.76100000
160808/0019/0118.jpg 70.04700000 227.29500000 1.52300000
160808/0019/0168.jpg 70.39500000 228.89100000 1.64200000
160808/0019/0218.jpg 70.39100000 230.41900000 1.68700000
160808/0019/0268.jpg 70.24600000 232.60700000 1.62400000
160808/0019/0318.jpg 70.28800000 234.91200000 1.47600000
160808/0019/0368.jpg 70.52400000 237.21200000 1.61400000
160808/0019/0418.jpg 70.34300000 238.81300000 1.89900000
160808/0019/0468.jpg 69.70400000 240.09600000 2.22200000
160808/0019/0518.jpg 68.77400000 241.32500000 2.06700000
160808/0019/0568.jpg 68.20500000 242.59500000 1.79200000
160808/0019/0618.jpg 67.95300000 244.17200000 1.66100000
160808/0019/0668.jpg 67.75200000 246.31800000 1.60500000
160808/0019/0718.jpg 67.62100000 248.52500000 1.69600000
160808/0019/0768.jpg 67.29000000 250.24100000 2.05500000
160808/0019/0818.jpg 66.72400000 250.92000000 2.52200000
160808/0019/0868.jpg 65.19400000 251.68500000 2.46400000
160808/0019/0918.jpg 64.80900000 251.51000000 2.14700000
160808/0019/0968.jpg 64.44200000 252.31300000 1.81100000
160808/0020/0018.jpg 64.21200000 253.94000000 1.67600000
160808/0020/0068.jpg 64.09600000 256.27400000 1.64900000
160808/0020/0168.jpg 64.24500000 260.84500000 1.37100000
160808/0020/0218.jpg 65.22200000 262.96100000 0.94500000
160808/0020/0268.jpg 67.41600000 264.75000000 0.59200000
160808/0020/0318.jpg 69.97300000 266.01300000 0.57900000
160808/0020/0368.jpg 71.67300000 267.35300000 1.23200000
160808/0020/0418.jpg 71.83700000 268.70100000 1.95800000
160808/0020/0468.jpg 71.27500000 270.09800000 1.95900000
160808/0020/0518.jpg 70.96100000 271.43800000 1.73500000
160808/0020/0568.jpg 70.94700000 273.04300000 1.53400000
160808/0020/0618.jpg 71.11700000 275.28700000 1.46200000
160808/0020/0668.jpg 71.34700000 277.82000000 1.54500000
160808/0020/0718.jpg 71.34600000 279.76300000 1.77000000
160808/0020/0768.jpg 70.96700000 281.30700000 2.06000000
160808/0020/0818.jpg 70.35900000 282.77900000 1.96600000
160808/0020/0868.jpg 69.81800000 284.35200000 1.76800000
160808/0020/0918.jpg 69.28900000 286.58300000 1.72100000
160808/0020/0968.jpg 69.20900000 289.13600000 1.72300000
160808/0021/0018.jpg 69.04100000 291.92100000 1.69900000
160808/0021/0068.jpg 69.01800000 294.93000000 1.70300000
160808/0021/0218.jpg 67.92700000 301.47500000 2.71600000
160808/0021/0318.jpg 66.87100000 302.37700000 3.03900000
160808/0021/0368.jpg 65.65900000 302.72200000 2.86400000
160808/0021/0418.jpg 64.23700000 303.18000000 2.61200000
160808/0021/0968.jpg 46.85900000 308.50800000 -2.20000000
160808/0022/0018.jpg 46.27400000 306.96400000 -1.83200000
160808/0022/0068.jpg 46.02200000 305.25500000 -1.89400000
160808/0022/0118.jpg 45.61500000 303.88200000 -2.14900000
160808/0022/0168.jpg 44.64500000 302.49900000 -2.47700000
160808/0022/0218.jpg 42.88200000 301.33400000 -2.63000000
160808/0022/0268.jpg 40.93500000 300.30700000 -2.55000000
160808/0022/0318.jpg 39.31700000 299.12600000 -2.46500000
160808/0022/0368.jpg 37.35900000 297.81900000 -2.56400000
160808/0022/0418.jpg 35.23000000 296.77500000 -2.77400000
160808/0022/0468.jpg 32.68300000 295.96700000 -2.87600000
160808/0022/0518.jpg 29.86100000 295.36100000 -2.97800000
160808/0022/0568.jpg 27.02400000 295.08900000 3.14100000
160808/0022/0618.jpg 24.34200000 295.36000000 3.10900000
160808/0022/0668.jpg 22.28700000 294.91000000 -2.45900000
160808/0022/0718.jpg 21.10200000 293.51700000 -1.98200000
160808/0022/0768.jpg 20.44200000 291.22400000 -1.64500000
160808/0022/0818.jpg 20.05200000 288.80000000 -1.69300000
160808/0022/0868.jpg 19.47200000 286.89800000 -2.02800000
160808/0022/0918.jpg 18.26700000 285.37500000 -2.42300000
160808/0022/0968.jpg 16.23900000 284.19200000 -2.78500000
160808/0023/0018.jpg 13.89200000 283.50600000 -2.89000000
160808/0023/0068.jpg 11.82100000 282.96300000 -2.95400000
160808/0023/0118.jpg 9.26900000 282.61300000 -3.04000000
160808/0023/0368.jpg 1.09700000 276.19700000 3.05800000
