slice7/query/img_04339_c0_1283348135154347us.jpg 0.636657 0.604908 -0.320163 0.355316 359.274288 -59.477277 28.969339
slice7/query/img_04340_c0_1283348135287577us.jpg 0.636976 0.604582 -0.320825 0.354702 360.619286 -59.786998 29.048777
slice7/query/img_04341_c0_1283348135354316us.jpg 0.637258 0.604342 -0.321477 0.354013 361.309393 -59.936142 29.088782
slice7/query/img_04342_c0_1283348135420927us.jpg 0.637653 0.603744 -0.322145 0.353715 361.999448 -60.059224 29.123545
slice7/query/img_04343_c0_1283348135487539us.jpg 0.637888 0.603469 -0.322553 0.353389 362.674352 -60.201231 29.159589
slice7/query/img_04344_c0_1283348135554277us.jpg 0.638237 0.603255 -0.322819 0.352881 363.350725 -60.344831 29.191900
slice7/query/img_04345_c0_1283348135687507us.jpg 0.638107 0.603298 -0.322546 0.353290 364.689560 -60.621708 29.258406
slice7/query/img_04346_c0_1283348135754242us.jpg 0.637859 0.603556 -0.322089 0.353716 365.361925 -60.758285 29.286861
slice7/query/img_04347_c0_1283348135820856us.jpg 0.637447 0.603823 -0.322116 0.353978 366.027541 -60.895031 29.316884
slice7/query/img_04348_c0_1283348135887467us.jpg 0.637037 0.604134 -0.322304 0.354015 366.692739 -61.029624 29.346909
slice7/query/img_04349_c0_1283348135954207us.jpg 0.636439 0.604870 -0.322548 0.353611 367.358306 -61.167067 29.378977
slice7/query/img_04350_c0_1283348136087434us.jpg 0.635970 0.605433 -0.323290 0.352813 368.693173 -61.444978 29.444354
slice7/query/img_04351_c0_1283348136154170us.jpg 0.636109 0.605333 -0.323415 0.352618 369.356800 -61.585098 29.476470
slice7/query/img_04352_c0_1283348136220781us.jpg 0.636369 0.605056 -0.323664 0.352397 370.020425 -61.724882 29.508624
slice7/query/img_04353_c0_1283348136354136us.jpg 0.637058 0.604373 -0.323690 0.352298 371.351300 -62.011161 29.566370
slice7/query/img_04354_c0_1283348136420747us.jpg 0.637258 0.604347 -0.323506 0.352152 372.016253 -62.152595 29.592866
slice7/query/img_04355_c0_1283348136487361us.jpg 0.637391 0.604188 -0.323727 0.351982 372.683427 -62.291764 29.622222
slice7/query/img_04356_c0_1283348136554100us.jpg 0.637497 0.604109 -0.323760 0.351895 373.347922 -62.435319 29.651153
slice7/query/img_04357_c0_1283348136687331us.jpg 0.637161 0.604395 -0.323926 0.351859 374.674887 -62.714391 29.709732
slice7/query/img_04358_c0_1283348136754063us.jpg 0.636992 0.604255 -0.324260 0.352098 375.338185 -62.854571 29.740555
slice7/query/img_04359_c0_1283348136887291us.jpg 0.636447 0.604321 -0.324933 0.352349 376.671687 -63.131258 29.802499
slice7/query/img_04360_c0_1283348137020646us.jpg 0.636422 0.603871 -0.325600 0.352551 378.001221 -63.419161 29.863763
slice7/query/img_04361_c0_1283348137087282us.jpg 0.636457 0.603639 -0.325988 0.352525 378.665270 -63.563150 29.891241
slice7/query/img_04362_c0_1283348137153993us.jpg 0.636494 0.603237 -0.326685 0.352502 379.325178 -63.708603 29.922471
slice7/query/img_04364_c0_1283348137287222us.jpg 0.636513 0.602549 -0.327509 0.352878 380.648221 -64.001635 29.979606
slice7/query/img_04365_c0_1283348137420574us.jpg 0.636016 0.602183 -0.328348 0.353621 381.972143 -64.292715 30.036404
slice7/query/img_04366_c0_1283348137487207us.jpg 0.635716 0.602176 -0.328876 0.353679 382.632442 -64.440468 30.064011
slice7/query/img_04367_c0_1283348137553923us.jpg 0.635361 0.602231 -0.329549 0.353597 383.295340 -64.589173 30.093456
slice7/query/img_04368_c0_1283348137620537us.jpg 0.635041 0.602142 -0.330274 0.353648 383.957372 -64.738446 30.121630
slice7/query/img_04369_c0_1283348137687151us.jpg 0.634610 0.602334 -0.330783 0.353620 384.619906 -64.888547 30.147192
slice7/query/img_04370_c0_1283348137820527us.jpg 0.634159 0.602136 -0.331663 0.353940 385.950436 -65.188325 30.199760
slice7/query/img_04371_c0_1283348137887139us.jpg 0.634154 0.601641 -0.332163 0.354322 386.611723 -65.340689 30.225360
slice7/query/img_04372_c0_1283348137953850us.jpg 0.634096 0.601296 -0.332573 0.354627 387.274380 -65.491337 30.250043
slice7/query/img_04373_c0_1283348138020465us.jpg 0.634038 0.601018 -0.333160 0.354652 387.936435 -65.647007 30.274950
slice7/query/img_04374_c0_1283348138153821us.jpg 0.634192 0.600440 -0.333604 0.354936 389.258764 -65.956929 30.323551
slice7/query/img_04375_c0_1283348138220434us.jpg 0.634479 0.599984 -0.333962 0.354859 389.921502 -66.114683 30.348121
slice7/query/img_04376_c0_1283348138287044us.jpg 0.634796 0.599403 -0.334404 0.354859 390.583660 -66.270240 30.372340
slice7/query/img_04377_c0_1283348138353786us.jpg 0.634873 0.599233 -0.334854 0.354584 391.245729 -66.426697 30.396324
slice7/query/img_04378_c0_1283348138420397us.jpg 0.634812 0.599248 -0.335217 0.354324 391.906517 -66.583025 30.420192
slice7/query/img_04379_c0_1283348138553770us.jpg 0.634642 0.599307 -0.335493 0.354268 393.233994 -66.895880 30.466946
slice7/query/img_04380_c0_1283348138620380us.jpg 0.634537 0.599601 -0.335274 0.354166 393.895287 -67.054231 30.485602
slice7/query/img_04381_c0_1283348138686974us.jpg 0.634398 0.599783 -0.335567 0.353829 394.557825 -67.211957 30.507386
slice7/query/img_04382_c0_1283348138753713us.jpg 0.634409 0.599850 -0.335808 0.353465 395.220978 -67.367677 30.530015
slice7/query/img_04383_c0_1283348138886946us.jpg 0.634454 0.600177 -0.336226 0.352430 396.548398 -67.685976 30.570212
slice7/query/img_04384_c0_1283348138953682us.jpg 0.634534 0.600211 -0.336508 0.351960 397.214579 -67.841430 30.593615
slice7/query/img_04385_c0_1283348139020291us.jpg 0.634462 0.600474 -0.336540 0.351610 397.877429 -67.998678 30.612021
slice7/query/img_04386_c0_1283348139086904us.jpg 0.634297 0.600826 -0.336642 0.351208 398.538601 -68.155475 30.629495
slice7/query/img_04387_c0_1283348139220718us.jpg 0.634327 0.600994 -0.336875 0.350641 399.867978 -68.468470 30.665839
slice7/query/img_04388_c0_1283348139286896us.jpg 0.634366 0.601119 -0.336856 0.350375 400.533705 -68.625911 30.682933
slice7/query/img_04389_c0_1283348139353610us.jpg 0.634444 0.601081 -0.336995 0.350166 401.197653 -68.780549 30.698354
slice7/query/img_04390_c0_1283348139420221us.jpg 0.634558 0.601068 -0.337041 0.349939 401.864812 -68.935901 30.714740
slice7/query/img_04391_c0_1283348139486834us.jpg 0.634744 0.601009 -0.337094 0.349652 402.529621 -69.089947 30.730500
slice7/query/img_04392_c0_1283348139620207us.jpg 0.635165 0.600786 -0.337243 0.349126 403.866257 -69.403760 30.762683
slice7/query/img_04393_c0_1283348139686799us.jpg 0.635294 0.600856 -0.337189 0.348821 404.534380 -69.558278 30.778100
slice7/query/img_04394_c0_1283348139753537us.jpg 0.635369 0.601010 -0.336988 0.348614 405.201862 -69.711967 30.793730
slice7/query/img_04395_c0_1283348139820149us.jpg 0.635493 0.600975 -0.336733 0.348696 405.869259 -69.864282 30.810008
slice7/query/img_04396_c0_1283348139953504us.jpg 0.635382 0.601249 -0.336571 0.348583 407.216533 -70.167020 30.839930
slice7/query/img_04397_c0_1283348140020113us.jpg 0.635325 0.601414 -0.336629 0.348344 407.895044 -70.318284 30.856249
slice7/query/img_04398_c0_1283348140086727us.jpg 0.635143 0.601730 -0.336774 0.347991 408.571541 -70.469040 30.870719
slice7/query/img_04399_c0_1283348140153466us.jpg 0.634935 0.602197 -0.336695 0.347639 409.248181 -70.619585 30.883524
slice7/query/img_04400_c0_1283348140220081us.jpg 0.634811 0.602404 -0.336798 0.347407 409.920987 -70.770944 30.899336
slice7/query/img_04401_c0_1283348140353435us.jpg 0.635112 0.602305 -0.337090 0.346746 411.278551 -71.082806 30.923604
slice7/query/img_04402_c0_1283348140420044us.jpg 0.635340 0.602134 -0.337561 0.346166 411.958804 -71.236846 30.936535
slice7/query/img_04403_c0_1283348140486657us.jpg 0.635580 0.601976 -0.337897 0.345672 412.637298 -71.388969 30.947819
slice7/query/img_04404_c0_1283348140553396us.jpg 0.635632 0.602162 -0.338298 0.344858 413.318160 -71.542041 30.959549
slice7/query/img_04405_c0_1283348140686646us.jpg 0.636025 0.602170 -0.338442 0.343978 414.675877 -71.849031 30.979756
slice7/query/img_04406_c0_1283348140753361us.jpg 0.636419 0.601902 -0.338281 0.343875 415.359417 -72.000647 30.988109
slice7/query/img_04407_c0_1283348140819974us.jpg 0.636633 0.601596 -0.338075 0.344218 416.038678 -72.149600 30.996002
slice7/query/img_04408_c0_1283348140886589us.jpg 0.636682 0.601357 -0.337988 0.344629 416.719363 -72.301383 31.005246
slice7/query/img_04409_c0_1283348141019939us.jpg 0.636410 0.601867 -0.337685 0.344540 418.090629 -72.599246 31.017842
slice7/query/img_04410_c0_1283348141086552us.jpg 0.636459 0.601894 -0.337910 0.344182 418.779521 -72.753047 31.030475
slice7/query/img_04411_c0_1283348141153289us.jpg 0.636698 0.601707 -0.338062 0.343917 419.469204 -72.904345 31.040869
slice7/query/img_04412_c0_1283348141286542us.jpg 0.636889 0.601798 -0.338324 0.343146 420.855864 -73.212904 31.059506
slice7/query/img_04413_c0_1283348141353253us.jpg 0.636734 0.601968 -0.338550 0.342911 421.548257 -73.364033 31.070244
slice7/query/img_04414_c0_1283348141486503us.jpg 0.636074 0.602915 -0.338994 0.342033 422.946541 -73.667670 31.087887
slice7/query/img_04415_c0_1283348141553218us.jpg 0.635721 0.603192 -0.339099 0.342098 423.644652 -73.816799 31.095684
slice7/query/img_04416_c0_1283348141619830us.jpg 0.635562 0.603395 -0.339174 0.341961 424.346912 -73.970738 31.100530
slice7/query/img_04417_c0_1283348141686445us.jpg 0.635387 0.603391 -0.339409 0.342059 425.042959 -74.121395 31.104710
slice7/query/img_04418_c0_1283348141819818us.jpg 0.635363 0.603279 -0.339617 0.342094 426.444402 -74.434105 31.117264
slice7/query/img_04419_c0_1283348141886409us.jpg 0.635485 0.603062 -0.339722 0.342146 427.145412 -74.591000 31.122316
slice7/query/img_04420_c0_1283348141953167us.jpg 0.635541 0.602675 -0.339957 0.342492 427.844723 -74.743959 31.130311
slice7/query/img_04421_c0_1283348142086384us.jpg 0.635526 0.602182 -0.340707 0.342639 429.248156 -75.064248 31.142425
slice7/query/img_04422_c0_1283348142153112us.jpg 0.635418 0.601841 -0.341189 0.342959 429.951442 -75.224035 31.150449
slice7/query/img_04423_c0_1283348142219725us.jpg 0.635167 0.601718 -0.341610 0.343223 430.655706 -75.382612 31.155449
slice7/query/img_04424_c0_1283348142286339us.jpg 0.634907 0.601696 -0.341894 0.343458 431.358633 -75.544854 31.160378
slice7/query/img_04425_c0_1283348142419717us.jpg 0.634599 0.601339 -0.342606 0.343943 432.770262 -75.870697 31.176606
slice7/query/img_04426_c0_1283348142486303us.jpg 0.634660 0.600991 -0.343018 0.344028 433.480916 -76.032673 31.182917
slice7/query/img_04427_c0_1283348142553044us.jpg 0.634570 0.600774 -0.343914 0.343679 434.194587 -76.195323 31.188413
slice7/query/img_04428_c0_1283348142619657us.jpg 0.634307 0.600832 -0.344472 0.343503 434.901823 -76.362712 31.197540
slice7/query/img_04429_c0_1283348142753011us.jpg 0.633742 0.600750 -0.345350 0.343808 436.332911 -76.691646 31.203446
slice7/query/img_04430_c0_1283348142819621us.jpg 0.633255 0.600765 -0.345310 0.344719 437.045729 -76.854116 31.203750
slice7/query/img_04431_c0_1283348142886235us.jpg 0.632779 0.600831 -0.345428 0.345358 437.762595 -77.018170 31.203095
slice7/query/img_04432_c0_1283348142952972us.jpg 0.632249 0.600883 -0.346240 0.345424 438.480932 -77.184763 31.205874
slice7/query/img_04433_c0_1283348143086438us.jpg 0.631622 0.600740 -0.348367 0.344681 439.922143 -77.525947 31.215352
slice7/query/img_04434_c0_1283348143152960us.jpg 0.631737 0.600257 -0.349396 0.344271 440.642526 -77.698569 31.221016
slice7/query/img_04435_c0_1283348143219550us.jpg 0.632181 0.599444 -0.350290 0.343964 441.366317 -77.877066 31.223139
slice7/query/img_04436_c0_1283348143286165us.jpg 0.632723 0.598505 -0.351177 0.343697 442.087739 -78.050216 31.223890
slice7/query/img_04437_c0_1283348143352903us.jpg 0.633233 0.597517 -0.351890 0.343749 442.809030 -78.227463 31.224249
slice7/query/img_04438_c0_1283348143486131us.jpg 0.633326 0.596953 -0.352591 0.343838 444.253691 -78.576567 31.217464
slice7/query/img_04439_c0_1283348143552864us.jpg 0.632963 0.597178 -0.353053 0.343640 444.980454 -78.755646 31.212565
slice7/query/img_04440_c0_1283348143619481us.jpg 0.632296 0.597750 -0.353512 0.343402 445.706016 -78.928695 31.209115
slice7/query/img_04441_c0_1283348143686094us.jpg 0.631366 0.598747 -0.353714 0.343170 446.432656 -79.101501 31.205689
slice7/query/img_04442_c0_1283348143819459us.jpg 0.629776 0.600230 -0.353770 0.343444 447.894868 -79.447263 31.187669
slice7/query/img_04443_c0_1283348143886058us.jpg 0.629212 0.600627 -0.353712 0.343841 448.625824 -79.618731 31.178735
slice7/query/img_04444_c0_1283348143952799us.jpg 0.628991 0.600698 -0.353908 0.343920 449.357170 -79.796641 31.169708
slice7/query/img_04445_c0_1283348144019408us.jpg 0.628793 0.600828 -0.353800 0.344167 450.087043 -79.975916 31.161685
slice7/query/img_04446_c0_1283348144152764us.jpg 0.628875 0.600744 -0.353505 0.344467 451.554490 -80.332868 31.144200
slice7/query/img_04447_c0_1283348144219396us.jpg 0.629030 0.600529 -0.353358 0.344710 452.281474 -80.515320 31.137594
slice7/query/img_04448_c0_1283348144285988us.jpg 0.628954 0.600583 -0.353338 0.344775 453.015248 -80.695048 31.130551
slice7/query/img_04449_c0_1283348144352726us.jpg 0.628740 0.600723 -0.353683 0.344567 453.748479 -80.872653 31.123032
slice7/query/img_04450_c0_1283348144485977us.jpg 0.627223 0.602409 -0.354567 0.343479 455.223604 -81.233390 31.111834
slice7/query/img_04451_c0_1283348144552713us.jpg 0.626222 0.603459 -0.355182 0.342826 455.961651 -81.409519 31.106945
slice7/query/img_04452_c0_1283348144619305us.jpg 0.625347 0.604589 -0.355063 0.342554 456.696040 -81.587863 31.097311
slice7/query/img_04453_c0_1283348144685917us.jpg 0.624675 0.605410 -0.354777 0.342627 457.429557 -81.763975 31.084326
slice7/query/img_04454_c0_1283348144752656us.jpg 0.624782 0.605130 -0.354758 0.342946 458.159128 -81.945225 31.073093
slice7/query/img_04455_c0_1283348144885907us.jpg 0.625490 0.603904 -0.355043 0.343522 459.618063 -82.307357 31.054029
slice7/query/img_04456_c0_1283348144952620us.jpg 0.625828 0.603777 -0.354795 0.343385 460.345794 -82.490733 31.043507
slice7/query/img_04457_c0_1283348145019234us.jpg 0.626347 0.603574 -0.354735 0.342855 461.075073 -82.672155 31.032533
slice7/query/img_04458_c0_1283348145085848us.jpg 0.627019 0.603000 -0.355428 0.341919 461.802719 -82.855533 31.024680
slice7/query/img_04459_c0_1283348145152586us.jpg 0.627806 0.601954 -0.356847 0.340839 462.531720 -83.041135 31.020524
slice7/query/img_04460_c0_1283348145285834us.jpg 0.628344 0.601288 -0.358479 0.339308 463.989479 -83.400627 31.003051
slice7/query/img_04461_c0_1283348145352571us.jpg 0.628220 0.601479 -0.358326 0.339360 464.717218 -83.578097 30.990952
slice7/query/img_04462_c0_1283348145419164us.jpg 0.628220 0.601680 -0.357553 0.339817 465.443364 -83.756171 30.973250
slice7/query/img_04463_c0_1283348145485778us.jpg 0.628175 0.601844 -0.356723 0.340482 466.165594 -83.929836 30.957231
slice7/query/img_04464_c0_1283348145552515us.jpg 0.628288 0.601588 -0.356503 0.340957 466.885217 -84.103819 30.941871
slice7/query/img_04465_c0_1283348145685744us.jpg 0.628051 0.601560 -0.357685 0.340205 468.340577 -84.453725 30.919419
slice7/query/img_04466_c0_1283348145752501us.jpg 0.627892 0.601533 -0.358734 0.339439 469.066144 -84.629602 30.908440
slice7/query/img_04467_c0_1283348145819093us.jpg 0.627800 0.601572 -0.359372 0.338867 469.789317 -84.809092 30.897286
slice7/query/img_04468_c0_1283348145885706us.jpg 0.627717 0.601693 -0.359726 0.338428 470.509986 -84.985841 30.885694
slice7/query/img_04469_c0_1283348145952446us.jpg 0.627905 0.601490 -0.360061 0.338083 471.229581 -85.167813 30.870978
slice7/query/img_04470_c0_1283348146085697us.jpg 0.628408 0.601084 -0.360521 0.337380 472.663638 -85.527779 30.838753
slice7/query/img_04471_c0_1283348146152408us.jpg 0.628571 0.600834 -0.360866 0.337154 473.383798 -85.707340 30.823266
slice7/query/img_04472_c0_1283348146219021us.jpg 0.628423 0.600887 -0.360918 0.337280 474.101752 -85.881079 30.804676
slice7/query/img_04473_c0_1283348146285634us.jpg 0.628193 0.601183 -0.360674 0.337442 474.820081 -86.056771 30.781989
slice7/query/img_04474_c0_1283348146418988us.jpg 0.627678 0.601576 -0.360005 0.338413 476.252441 -86.408315 30.741148
slice7/query/img_04475_c0_1283348146485599us.jpg 0.627562 0.601730 -0.359388 0.339010 476.965670 -86.586563 30.722460
slice7/query/img_04476_c0_1283348146552338us.jpg 0.627523 0.601770 -0.359044 0.339374 477.677419 -86.765295 30.703642
slice7/query/img_04477_c0_1283348146618951us.jpg 0.627449 0.601862 -0.358859 0.339544 478.388969 -86.940518 30.684508
slice7/query/img_04478_c0_1283348146752325us.jpg 0.627294 0.602164 -0.359352 0.338773 479.819471 -87.302158 30.653861
slice7/query/img_04479_c0_1283348146818915us.jpg 0.627302 0.602179 -0.359777 0.338279 480.530042 -87.487122 30.640872
slice7/query/img_04480_c0_1283348146885528us.jpg 0.627277 0.602274 -0.360070 0.337845 481.241756 -87.667984 30.622551
slice7/query/img_04481_c0_1283348146952267us.jpg 0.627277 0.602212 -0.360300 0.337709 481.950448 -87.848160 30.606570
slice7/query/img_04482_c0_1283348147085495us.jpg 0.627622 0.602019 -0.359829 0.337915 483.367205 -88.213133 30.566704
slice7/query/img_04483_c0_1283348147152232us.jpg 0.627890 0.601820 -0.359495 0.338129 484.071153 -88.395472 30.545391
slice7/query/img_04484_c0_1283348147285479us.jpg 0.628207 0.601671 -0.358736 0.338608 485.477177 -88.756083 30.513242
slice7/query/img_04485_c0_1283348147485442us.jpg 0.627872 0.601835 -0.359446 0.338185 487.583413 -89.302809 30.482970
slice7/query/img_04486_c0_1283348147685420us.jpg 0.628067 0.601613 -0.359065 0.338623 489.715735 -89.822251 30.445809
slice7/query/img_04487_c0_1283348147752145us.jpg 0.628452 0.601380 -0.358526 0.338893 490.417000 -90.000342 30.429906
slice7/query/img_04488_c0_1283348147885355us.jpg 0.628771 0.601101 -0.358264 0.339076 491.817054 -90.347877 30.404426
slice7/query/img_04489_c0_1283348147952092us.jpg 0.628807 0.601091 -0.358559 0.338712 492.516293 -90.521899 30.393200
slice7/query/img_04490_c0_1283348148018704us.jpg 0.628667 0.601079 -0.358982 0.338546 493.216584 -90.692789 30.382290
slice7/query/img_04491_c0_1283348148085319us.jpg 0.628445 0.601243 -0.359015 0.338632 493.914556 -90.861338 30.371045
slice7/query/img_04492_c0_1283348148218712us.jpg 0.628183 0.601792 -0.358456 0.338736 495.297117 -91.204282 30.345069
slice7/query/img_04493_c0_1283348148285284us.jpg 0.628238 0.602003 -0.358122 0.338612 495.986718 -91.377762 30.332118
slice7/query/img_04494_c0_1283348148352023us.jpg 0.628458 0.602018 -0.358130 0.338167 496.670747 -91.549653 30.321105
slice7/query/img_04495_c0_1283348148418635us.jpg 0.628721 0.601670 -0.358557 0.337847 497.354669 -91.718365 30.312225
slice7/query/img_04496_c0_1283348148551989us.jpg 0.628651 0.601887 -0.358288 0.337876 498.710065 -92.057914 30.288086
slice7/query/img_04497_c0_1283348148618622us.jpg 0.628494 0.602194 -0.358102 0.337818 499.384436 -92.224627 30.273535
slice7/query/img_04498_c0_1283348148685213us.jpg 0.628257 0.602656 -0.357581 0.337987 500.055986 -92.386148 30.259088
slice7/query/img_04499_c0_1283348148751953us.jpg 0.627988 0.603165 -0.357522 0.337641 500.727837 -92.548311 30.246789
slice7/query/img_04500_c0_1283348148818566us.jpg 0.627993 0.603159 -0.358510 0.336594 501.401190 -92.709857 30.237189
slice7/query/img_04501_c0_1283348148951939us.jpg 0.629996 0.600774 -0.362768 0.332528 502.734036 -93.044271 30.229653
slice7/query/img_04502_c0_1283348149018551us.jpg 0.629650 0.601432 -0.362261 0.332548 503.392469 -93.202662 30.215457
slice7/query/img_04503_c0_1283348149085142us.jpg 0.629667 0.602147 -0.359728 0.333967 504.034614 -93.359385 30.194286
slice7/query/img_04505_c0_1283348149218494us.jpg 0.631421 0.600757 -0.357049 0.336027 505.309262 -93.665775 30.165445
slice7/query/img_04506_c0_1283348149351848us.jpg 0.630719 0.601557 -0.358056 0.334841 506.583353 -93.965976 30.148685
slice7/query/img_04507_c0_1283348149418459us.jpg 0.628865 0.603922 -0.358180 0.333938 507.215706 -94.106830 30.139937
slice7/query/img_04508_c0_1283348149485073us.jpg 0.627422 0.605955 -0.358234 0.332909 507.842789 -94.250576 30.131103
slice7/query/img_04509_c0_1283348149551811us.jpg 0.626910 0.606764 -0.358509 0.332102 508.465394 -94.394344 30.120616
slice7/query/img_04510_c0_1283348149618427us.jpg 0.627100 0.606731 -0.358528 0.331785 509.081245 -94.541739 30.111177
slice7/query/img_04511_c0_1283348149751777us.jpg 0.628290 0.606000 -0.357008 0.332507 510.291138 -94.830238 30.082003
slice7/query/img_04512_c0_1283348149818389us.jpg 0.628574 0.606100 -0.355617 0.333278 510.883869 -94.969250 30.064854
slice7/query/img_04514_c0_1283348149951740us.jpg 0.629180 0.606264 -0.354751 0.332758 512.061971 -95.253480 30.036730
slice7/query/img_04515_c0_1283348150084972us.jpg 0.629329 0.606164 -0.356101 0.331213 513.233216 -95.524910 30.022700
slice7/query/img_04516_c0_1283348150151705us.jpg 0.628883 0.606830 -0.356199 0.330734 513.809002 -95.657274 30.014240
slice7/query/img_04517_c0_1283348150218319us.jpg 0.628563 0.607372 -0.356066 0.330492 514.378492 -95.787120 30.004115
slice7/query/img_04519_c0_1283348150351670us.jpg 0.628961 0.607333 -0.355537 0.330376 515.505588 -96.053020 29.980393
slice7/query/img_04520_c0_1283348150484898us.jpg 0.629917 0.606471 -0.354957 0.330761 516.607773 -96.311990 29.965322
slice7/query/img_04521_c0_1283348150551635us.jpg 0.630370 0.606067 -0.354668 0.330950 517.152040 -96.438518 29.956374
slice7/query/img_04522_c0_1283348150618249us.jpg 0.630736 0.605808 -0.354197 0.331228 517.693327 -96.564426 29.946744
slice7/query/img_04524_c0_1283348150818215us.jpg 0.631184 0.605402 -0.354492 0.330804 519.290418 -96.937079 29.926739
slice7/query/img_04525_c0_1283348150884825us.jpg 0.631110 0.605442 -0.354862 0.330476 519.815613 -97.058620 29.920545
slice7/query/img_04527_c0_1283348151018178us.jpg 0.630952 0.605633 -0.354983 0.330296 520.853852 -97.292935 29.905686
slice7/query/img_04528_c0_1283348151151551us.jpg 0.631087 0.605600 -0.354636 0.330471 521.870246 -97.525301 29.887494
slice7/query/img_04530_c0_1283348151284754us.jpg 0.631609 0.604984 -0.354876 0.330345 522.867002 -97.756624 29.870210
slice7/query/img_04531_c0_1283348151418152us.jpg 0.631768 0.604692 -0.355090 0.330344 523.849356 -97.983491 29.857182
slice7/query/img_04532_c0_1283348151551459us.jpg 0.631346 0.605361 -0.354585 0.330470 524.814395 -98.202513 29.837266
slice7/query/img_04533_c0_1283348151751453us.jpg 0.631457 0.605423 -0.354552 0.330179 526.224051 -98.531346 29.811212
slice7/query/img_04534_c0_1283348152018079us.jpg 0.631499 0.605344 -0.353819 0.331029 528.043203 -98.950158 29.778621
slice7/query/img_04535_c0_1283348152217985us.jpg 0.632193 0.604790 -0.353358 0.331208 529.356184 -99.260050 29.756106
slice7/query/img_04536_c0_1283348152417938us.jpg 0.632513 0.604761 -0.352528 0.331536 530.628222 -99.568269 29.735272
slice7/query/img_04537_c0_1283348152617914us.jpg 0.631902 0.605640 -0.354207 0.329298 531.877507 -99.855457 29.720380
slice7/query/img_04538_c0_1283348152751246us.jpg 0.631722 0.605624 -0.355940 0.327801 532.688938 -100.038132 29.713762
slice7/query/img_04539_c0_1283348152817861us.jpg 0.631638 0.605827 -0.355915 0.327614 533.086047 -100.128749 29.706034
slice7/query/img_04540_c0_1283348152951233us.jpg 0.631439 0.606292 -0.355180 0.327936 533.866529 -100.307461 29.688857
slice7/query/img_04541_c0_1283348153017826us.jpg 0.631426 0.606339 -0.354945 0.328129 534.249714 -100.394617 29.679504
slice7/query/img_04543_c0_1283348153151177us.jpg 0.631906 0.606001 -0.354474 0.328338 535.007132 -100.565879 29.657286
slice7/query/img_04544_c0_1283348153284405us.jpg 0.632283 0.605737 -0.354596 0.327966 535.746888 -100.732962 29.644182
slice7/query/img_04546_c0_1283348153417758us.jpg 0.631956 0.606123 -0.355032 0.327413 536.471138 -100.894024 29.631296
slice7/query/img_04547_c0_1283348153551126us.jpg 0.631503 0.606878 -0.354683 0.327267 537.176098 -101.051233 29.612308
slice7/query/img_04549_c0_1283348153684332us.jpg 0.631713 0.606862 -0.354756 0.326811 537.857532 -101.205892 29.598349
slice7/query/img_04551_c0_1283348153884299us.jpg 0.631852 0.606624 -0.355175 0.326529 538.839731 -101.423815 29.576518
slice7/query/img_04552_c0_1283348153951036us.jpg 0.631798 0.606745 -0.355124 0.326466 539.153720 -101.494132 29.571039
slice7/query/img_04554_c0_1283348154084263us.jpg 0.632200 0.606574 -0.355199 0.325923 539.764804 -101.632998 29.557645
slice7/query/img_04555_c0_1283348154217639us.jpg 0.632413 0.606305 -0.355576 0.325596 540.348587 -101.765025 29.549307
slice7/query/img_04558_c0_1283348154417579us.jpg 0.632489 0.606249 -0.355655 0.325468 541.181754 -101.951189 29.530469
slice7/query/img_04559_c0_1283348154550932us.jpg 0.632889 0.605919 -0.355531 0.325439 541.703045 -102.066841 29.519862
slice7/query/img_04562_c0_1283348154750894us.jpg 0.633375 0.605311 -0.355659 0.325485 542.437854 -102.233535 29.506836
slice7/query/img_04564_c0_1283348154950862us.jpg 0.633387 0.605365 -0.355465 0.325574 543.117793 -102.386516 29.489627
slice7/query/img_04568_c0_1283348155284078us.jpg 0.633682 0.605404 -0.355115 0.325309 544.125365 -102.619092 29.472831
slice7/query/img_04570_c0_1283348155417403us.jpg 0.633765 0.605271 -0.355246 0.325251 544.483810 -102.698688 29.465485
slice7/query/img_04574_c0_1283348155750718us.jpg 0.634212 0.604829 -0.355295 0.325148 545.259994 -102.880193 29.447859
slice7/query/img_04578_c0_1283348156083930us.jpg 0.634525 0.604471 -0.355251 0.325252 545.894422 -103.025137 29.436430
slice7/query/img_04585_c0_1283348156683823us.jpg 0.634902 0.603918 -0.354876 0.325953 546.721764 -103.208975 29.418427
slice7/query/img_04594_c0_1283348157550400us.jpg 0.635387 0.603525 -0.354001 0.326687 547.324212 -103.346042 29.405756
slice7/query/img_04712_c0_1283348168281761us.jpg 0.638788 0.599267 -0.345929 0.336395 547.991163 -103.500905 29.366610
slice7/query/img_04716_c0_1283348168615077us.jpg 0.637316 0.600688 -0.346684 0.335876 548.577810 -103.628118 29.356470
slice7/query/img_04720_c0_1283348168948394us.jpg 0.637587 0.599952 -0.348520 0.334774 549.353874 -103.808264 29.343417
slice7/query/img_04722_c0_1283348169148381us.jpg 0.637239 0.599609 -0.349516 0.335013 549.898165 -103.930991 29.333512
slice7/query/img_04726_c0_1283348169414937us.jpg 0.636386 0.599048 -0.351290 0.335782 550.712060 -104.117104 29.319781
slice7/query/img_04728_c0_1283348169614901us.jpg 0.635494 0.598547 -0.352328 0.337273 551.378302 -104.270268 29.305419
slice7/query/img_04730_c0_1283348169748253us.jpg 0.635202 0.598042 -0.352659 0.338373 551.846993 -104.385927 29.295149
slice7/query/img_04732_c0_1283348169948239us.jpg 0.634832 0.596883 -0.353957 0.339756 552.600240 -104.571410 29.282762
slice7/query/img_04735_c0_1283348170215986us.jpg 0.632193 0.596861 -0.356933 0.341597 553.685525 -104.832358 29.262170
slice7/query/img_04736_c0_1283348170281410us.jpg 0.631628 0.596767 -0.357736 0.341965 553.965874 -104.902368 29.257709
slice7/query/img_04738_c0_1283348170414760us.jpg 0.630702 0.596394 -0.359072 0.342922 554.543981 -105.047997 29.247770
slice7/query/img_04740_c0_1283348170614748us.jpg 0.629213 0.595429 -0.361319 0.344970 555.441128 -105.276585 29.231395
slice7/query/img_04742_c0_1283348170748077us.jpg 0.627918 0.595077 -0.362770 0.346412 556.056314 -105.440959 29.214884
slice7/query/img_04744_c0_1283348170948065us.jpg 0.627074 0.593269 -0.364793 0.348906 557.013548 -105.703261 29.194539
slice7/query/img_04745_c0_1283348171014655us.jpg 0.626941 0.592097 -0.366577 0.349267 557.341227 -105.795987 29.190801
slice7/query/img_04747_c0_1283348171148007us.jpg 0.625175 0.591827 -0.369427 0.349887 558.010242 -105.980565 29.176179
slice7/query/img_04748_c0_1283348171281238us.jpg 0.622595 0.592805 -0.370494 0.351699 558.693520 -106.169949 29.154767
slice7/query/img_04750_c0_1283348171414582us.jpg 0.620728 0.592601 -0.371864 0.353890 559.387255 -106.369795 29.137631
slice7/query/img_04751_c0_1283348171549309us.jpg 0.620024 0.590645 -0.372490 0.357714 560.086316 -106.577147 29.114066
slice7/query/img_04753_c0_1283348171681160us.jpg 0.618732 0.589240 -0.373254 0.361453 560.800986 -106.791132 29.088491
slice7/query/img_04754_c0_1283348171747899us.jpg 0.617778 0.588827 -0.374303 0.362672 561.167378 -106.904609 29.080313
slice7/query/img_04755_c0_1283348171881127us.jpg 0.617437 0.585529 -0.378854 0.363864 561.912635 -107.147730 29.075542
slice7/query/img_04757_c0_1283348172014478us.jpg 0.617175 0.582378 -0.384703 0.363227 562.671693 -107.410983 29.079437
slice7/query/img_04759_c0_1283348172214443us.jpg 0.614732 0.581575 -0.388573 0.364536 563.833859 -107.822566 29.056476
slice7/query/img_04761_c0_1283348172347792us.jpg 0.613633 0.580001 -0.390489 0.366840 564.616446 -108.111520 29.030983
slice7/query/img_04763_c0_1283348172547785us.jpg 0.611749 0.576839 -0.394043 0.371147 565.821323 -108.560864 28.989993
slice7/query/img_04765_c0_1283348172680985us.jpg 0.607393 0.578121 -0.396043 0.374166 566.651371 -108.858806 28.959272
slice7/query/img_04766_c0_1283348172747723us.jpg 0.605628 0.578358 -0.396684 0.375977 567.065020 -109.012279 28.942313
slice7/query/img_04767_c0_1283348172880973us.jpg 0.604338 0.576042 -0.399397 0.378727 567.907046 -109.338468 28.918763
slice7/query/img_04768_c0_1283348172947693us.jpg 0.604289 0.573869 -0.401603 0.379770 568.324435 -109.507425 28.908775
slice7/query/img_04770_c0_1283348173080913us.jpg 0.603414 0.570652 -0.406274 0.381037 569.178139 -109.864217 28.885534
slice7/query/img_04772_c0_1283348173280903us.jpg 0.598218 0.571353 -0.411214 0.382876 570.471896 -110.405375 28.847397
slice7/query/img_04773_c0_1283348173347616us.jpg 0.596539 0.571028 -0.412234 0.384877 570.906500 -110.587529 28.830586
slice7/query/img_04775_c0_1283348173480844us.jpg 0.593586 0.568102 -0.414825 0.390942 571.768816 -110.956286 28.798554
