slice7/query/img_02519_c0_1284563468998892us.jpg 0.633418 0.607543 -0.321469 0.355430 359.722259 -59.369085 29.016074
slice7/query/img_02520_c0_1284563469065483us.jpg 0.632486 0.608144 -0.322081 0.355508 360.627890 -59.552856 29.066750
slice7/query/img_02521_c0_1284563469132222us.jpg 0.631989 0.608534 -0.322772 0.355100 361.527894 -59.739567 29.117489
slice7/query/img_02522_c0_1284563469265468us.jpg 0.632367 0.608073 -0.324368 0.353758 363.333971 -60.120543 29.219163
slice7/query/img_02523_c0_1284563469332208us.jpg 0.632922 0.607642 -0.324680 0.353218 364.237006 -60.314932 29.266871
slice7/query/img_02524_c0_1284563469398799us.jpg 0.633490 0.607009 -0.324732 0.353242 365.138398 -60.507133 29.311845
slice7/query/img_02525_c0_1284563469465413us.jpg 0.633586 0.606677 -0.324646 0.353719 366.037192 -60.695054 29.352019
slice7/query/img_02526_c0_1284563469598789us.jpg 0.632291 0.607423 -0.325484 0.353985 367.843784 -61.072221 29.440943
slice7/query/img_02527_c0_1284563469665395us.jpg 0.631170 0.608403 -0.325930 0.353892 368.753583 -61.259865 29.481760
slice7/query/img_02528_c0_1284563469732116us.jpg 0.630265 0.609079 -0.326475 0.353839 369.658988 -61.447423 29.522137
slice7/query/img_02529_c0_1284563469798729us.jpg 0.629795 0.609412 -0.326847 0.353760 370.563591 -61.638457 29.562949
slice7/query/img_02530_c0_1284563469932083us.jpg 0.630445 0.608505 -0.327206 0.353832 372.366694 -62.031661 29.643726
slice7/query/img_02531_c0_1284563469998714us.jpg 0.631103 0.607766 -0.327402 0.353747 373.270429 -62.228580 29.683244
slice7/query/img_02532_c0_1284563470065307us.jpg 0.631598 0.607084 -0.327598 0.353854 374.169824 -62.426043 29.724868
slice7/query/img_02533_c0_1284563470198657us.jpg 0.632303 0.605926 -0.328338 0.353893 375.975607 -62.824269 29.804514
slice7/query/img_02534_c0_1284563470265272us.jpg 0.632175 0.605908 -0.328698 0.353820 376.879957 -63.024523 29.846024
slice7/query/img_02535_c0_1284563470332010us.jpg 0.632035 0.605820 -0.329052 0.353890 377.782773 -63.222923 29.885102
slice7/query/img_02536_c0_1284563470465263us.jpg 0.631663 0.606167 -0.329876 0.353193 379.590711 -63.625262 29.968065
slice7/query/img_02537_c0_1284563470531997us.jpg 0.631567 0.606159 -0.330134 0.353138 380.488883 -63.828004 30.008582
slice7/query/img_02538_c0_1284563470665222us.jpg 0.631541 0.606056 -0.330824 0.352713 382.298268 -64.235831 30.087477
slice7/query/img_02539_c0_1284563470798573us.jpg 0.631272 0.606185 -0.332156 0.351721 384.104657 -64.642956 30.164113
slice7/query/img_02540_c0_1284563470865165us.jpg 0.630935 0.606455 -0.332702 0.351344 385.007084 -64.843534 30.201485
slice7/query/img_02541_c0_1284563470998517us.jpg 0.630415 0.606660 -0.333467 0.351200 386.810108 -65.243797 30.271369
slice7/query/img_02542_c0_1284563471065131us.jpg 0.630318 0.606598 -0.333808 0.351156 387.708100 -65.445554 30.303780
slice7/query/img_02543_c0_1284563471131868us.jpg 0.630267 0.606493 -0.334155 0.351100 388.603602 -65.646161 30.336286
slice7/query/img_02544_c0_1284563471265119us.jpg 0.630510 0.606088 -0.334616 0.350921 390.388154 -66.049321 30.402504
slice7/query/img_02545_c0_1284563471331855us.jpg 0.630700 0.605827 -0.335082 0.350588 391.278640 -66.250010 30.435217
slice7/query/img_02546_c0_1284563471398447us.jpg 0.630872 0.605662 -0.335698 0.349972 392.165989 -66.452001 30.466278
slice7/query/img_02547_c0_1284563471465060us.jpg 0.630871 0.605594 -0.336192 0.349617 393.047709 -66.652870 30.497849
slice7/query/img_02548_c0_1284563471598437us.jpg 0.630128 0.606104 -0.336747 0.349541 394.814149 -67.047509 30.554997
slice7/query/img_02549_c0_1284563471665032us.jpg 0.629716 0.606368 -0.337200 0.349388 395.695742 -67.245114 30.581914
slice7/query/img_02550_c0_1284563471731763us.jpg 0.629200 0.606758 -0.337660 0.349196 396.571102 -67.439822 30.608116
slice7/query/img_02551_c0_1284563471864993us.jpg 0.628708 0.607178 -0.338412 0.348623 398.317414 -67.834092 30.660491
slice7/query/img_02552_c0_1284563471931728us.jpg 0.628716 0.607188 -0.338727 0.348284 399.188042 -68.032060 30.683253
slice7/query/img_02553_c0_1284563471998437us.jpg 0.628888 0.606842 -0.339221 0.348097 400.052011 -68.229684 30.708180
slice7/query/img_02554_c0_1284563472131697us.jpg 0.629151 0.606389 -0.339856 0.347793 401.780552 -68.622869 30.751474
slice7/query/img_02555_c0_1284563472198308us.jpg 0.629313 0.606092 -0.340183 0.347697 402.639604 -68.818344 30.771796
slice7/query/img_02556_c0_1284563472264920us.jpg 0.629406 0.605961 -0.340445 0.347500 403.494895 -69.014462 30.792162
slice7/query/img_02557_c0_1284563472331657us.jpg 0.629516 0.605838 -0.340635 0.347330 404.344995 -69.210628 30.811324
slice7/query/img_02558_c0_1284563472464888us.jpg 0.629619 0.605827 -0.340623 0.347172 406.041376 -69.602386 30.848287
slice7/query/img_02559_c0_1284563472531623us.jpg 0.629690 0.605667 -0.340788 0.347162 406.889049 -69.795748 30.865973
slice7/query/img_02560_c0_1284563472598237us.jpg 0.629554 0.605763 -0.340975 0.347056 407.732895 -69.988284 30.884030
slice7/query/img_02561_c0_1284563472664851us.jpg 0.629228 0.606003 -0.341309 0.346901 408.573010 -70.177827 30.903342
slice7/query/img_02562_c0_1284563472798204us.jpg 0.628621 0.606859 -0.341668 0.346152 410.253726 -70.557217 30.937815
slice7/query/img_02563_c0_1284563472864815us.jpg 0.628733 0.606756 -0.342033 0.345769 411.087658 -70.750531 30.953823
slice7/query/img_02564_c0_1284563472931553us.jpg 0.628915 0.606561 -0.342414 0.345401 411.917915 -70.940601 30.971620
slice7/query/img_02565_c0_1284563472998167us.jpg 0.629198 0.606185 -0.342956 0.345009 412.744993 -71.134798 30.987655
slice7/query/img_02566_c0_1284563473131519us.jpg 0.629303 0.606387 -0.343836 0.343583 414.397497 -71.520757 31.017952
slice7/query/img_02567_c0_1284563473198131us.jpg 0.629686 0.606075 -0.343972 0.343297 415.220365 -71.710763 31.029005
slice7/query/img_02568_c0_1284563473264744us.jpg 0.630105 0.605602 -0.343773 0.343562 416.038253 -71.897762 31.038963
slice7/query/img_02569_c0_1284563473398098us.jpg 0.630679 0.604855 -0.343385 0.344209 417.677353 -72.267809 31.064963
slice7/query/img_02570_c0_1284563473464729us.jpg 0.630653 0.604918 -0.343560 0.343975 418.497286 -72.454190 31.074581
slice7/query/img_02571_c0_1284563473531448us.jpg 0.630669 0.605058 -0.343461 0.343795 419.315466 -72.639474 31.086246
slice7/query/img_02572_c0_1284563473598061us.jpg 0.630614 0.605239 -0.343415 0.343624 420.130664 -72.825430 31.099821
slice7/query/img_02573_c0_1284563473731438us.jpg 0.630142 0.605942 -0.343920 0.342744 421.762805 -73.192886 31.123952
slice7/query/img_02574_c0_1284563473798047us.jpg 0.629736 0.606409 -0.344445 0.342138 422.574441 -73.377854 31.136685
slice7/query/img_02575_c0_1284563473864638us.jpg 0.629287 0.606914 -0.344691 0.341821 423.384587 -73.558458 31.146462
slice7/query/img_02576_c0_1284563473931377us.jpg 0.628913 0.607234 -0.344773 0.341859 424.192518 -73.737003 31.153810
slice7/query/img_02577_c0_1284563474064606us.jpg 0.628705 0.607372 -0.344921 0.341846 425.806467 -74.096638 31.167044
slice7/query/img_02578_c0_1284563474131342us.jpg 0.629090 0.607040 -0.344864 0.341786 426.606858 -74.280170 31.172419
slice7/query/img_02579_c0_1284563474197955us.jpg 0.629489 0.606747 -0.344794 0.341641 427.405518 -74.462737 31.178180
slice7/query/img_02580_c0_1284563474264568us.jpg 0.629914 0.606257 -0.344833 0.341688 428.198903 -74.644581 31.183033
slice7/query/img_02581_c0_1284563474397945us.jpg 0.630518 0.605737 -0.345190 0.341136 429.792667 -75.008820 31.196762
slice7/query/img_02582_c0_1284563474464532us.jpg 0.630708 0.605518 -0.345405 0.340957 430.586081 -75.190272 31.202704
slice7/query/img_02583_c0_1284563474531271us.jpg 0.630583 0.605608 -0.345544 0.340886 431.376831 -75.369566 31.208732
slice7/query/img_02584_c0_1284563474664522us.jpg 0.630357 0.605698 -0.345772 0.340913 432.952923 -75.728850 31.221074
slice7/query/img_02585_c0_1284563474731258us.jpg 0.630134 0.605756 -0.346208 0.340779 433.739899 -75.906600 31.227060
slice7/query/img_02586_c0_1284563474797851us.jpg 0.629804 0.605983 -0.346808 0.340376 434.526395 -76.084704 31.232271
slice7/query/img_02587_c0_1284563474864464us.jpg 0.629411 0.606225 -0.347351 0.340118 435.311689 -76.260198 31.237748
slice7/query/img_02588_c0_1284563474997856us.jpg 0.628566 0.606537 -0.347569 0.340903 436.879234 -76.609016 31.241536
slice7/query/img_02589_c0_1284563475064433us.jpg 0.628039 0.606564 -0.347746 0.341643 437.658241 -76.783947 31.242498
slice7/query/img_02590_c0_1284563475131167us.jpg 0.627478 0.606649 -0.348298 0.341962 438.436266 -76.958370 31.244120
slice7/query/img_02591_c0_1284563475264416us.jpg 0.626818 0.606360 -0.350682 0.341247 439.995753 -77.317059 31.250737
slice7/query/img_02592_c0_1284563475331151us.jpg 0.626979 0.605879 -0.351618 0.340841 440.769831 -77.498670 31.253527
slice7/query/img_02593_c0_1284563475397745us.jpg 0.627433 0.604921 -0.352683 0.340608 441.542658 -77.683041 31.254197
slice7/query/img_02594_c0_1284563475464360us.jpg 0.628144 0.603815 -0.353455 0.340459 442.310679 -77.870725 31.254048
slice7/query/img_02595_c0_1284563475597712us.jpg 0.628940 0.602004 -0.354824 0.340772 443.841813 -78.242747 31.249765
slice7/query/img_02596_c0_1284563475664324us.jpg 0.628664 0.601985 -0.355503 0.340607 444.606067 -78.427270 31.245874
slice7/query/img_02597_c0_1284563475731059us.jpg 0.627915 0.602297 -0.356328 0.340577 445.369646 -78.610740 31.241445
slice7/query/img_02598_c0_1284563475797674us.jpg 0.626752 0.602931 -0.357267 0.340612 446.129709 -78.794583 31.235685
slice7/query/img_02599_c0_1284563475931029us.jpg 0.624071 0.604722 -0.358235 0.341341 447.651572 -79.158603 31.217509
slice7/query/img_02600_c0_1284563475997639us.jpg 0.623077 0.605146 -0.358384 0.342249 448.410642 -79.339923 31.206817
slice7/query/img_02601_c0_1284563476064253us.jpg 0.622271 0.605349 -0.358633 0.343096 449.165863 -79.522503 31.194826
slice7/query/img_02602_c0_1284563476197636us.jpg 0.621634 0.604916 -0.358952 0.344675 450.675590 -79.894636 31.173653
slice7/query/img_02603_c0_1284563476264237us.jpg 0.621655 0.604574 -0.359107 0.345076 451.427254 -80.085219 31.163722
slice7/query/img_02604_c0_1284563476330957us.jpg 0.621839 0.603952 -0.359391 0.345537 452.178165 -80.275425 31.155582
slice7/query/img_02605_c0_1284563476397568us.jpg 0.621982 0.603381 -0.359762 0.345891 452.926466 -80.467831 31.149273
slice7/query/img_02606_c0_1284563476530945us.jpg 0.621568 0.603345 -0.360685 0.345736 454.426502 -80.849142 31.136569
slice7/query/img_02607_c0_1284563476597534us.jpg 0.620999 0.603784 -0.361403 0.345244 455.174494 -81.040053 31.128712
slice7/query/img_02608_c0_1284563476664147us.jpg 0.620141 0.604591 -0.362127 0.344615 455.919738 -81.230687 31.119998
slice7/query/img_02609_c0_1284563476797521us.jpg 0.618398 0.606432 -0.362055 0.344587 457.403585 -81.613753 31.096592
slice7/query/img_02610_c0_1284563476864130us.jpg 0.618215 0.606583 -0.361913 0.344800 458.143361 -81.802854 31.081972
slice7/query/img_02611_c0_1284563476930850us.jpg 0.618698 0.605921 -0.362110 0.344890 458.880009 -81.994474 31.069534
slice7/query/img_02612_c0_1284563477064103us.jpg 0.620292 0.605194 -0.361015 0.344450 460.350608 -82.381376 31.045732
slice7/query/img_02613_c0_1284563477130834us.jpg 0.621366 0.604820 -0.360403 0.343811 461.083843 -82.574077 31.035115
slice7/query/img_02614_c0_1284563477197427us.jpg 0.622550 0.604021 -0.360839 0.342616 461.816323 -82.765573 31.027838
slice7/query/img_02615_c0_1284563477330805us.jpg 0.624270 0.602853 -0.362392 0.339895 463.286736 -83.141866 31.014055
slice7/query/img_02616_c0_1284563477397412us.jpg 0.624447 0.603201 -0.362458 0.338878 464.013199 -83.335834 31.005958
slice7/query/img_02617_c0_1284563477530745us.jpg 0.624423 0.604440 -0.360786 0.338498 465.475715 -83.697498 30.972439
slice7/query/img_02618_c0_1284563477597358us.jpg 0.624455 0.604881 -0.359622 0.338891 466.203465 -83.874150 30.952852
slice7/query/img_02619_c0_1284563477663971us.jpg 0.624586 0.605105 -0.358838 0.339080 466.930035 -84.052065 30.937311
slice7/query/img_02620_c0_1284563477798266us.jpg 0.624529 0.605496 -0.359359 0.337935 468.394076 -84.406669 30.913500
slice7/query/img_02621_c0_1284563477863955us.jpg 0.624439 0.605891 -0.359886 0.336829 469.126223 -84.584419 30.902579
slice7/query/img_02622_c0_1284563477930674us.jpg 0.624652 0.605927 -0.360288 0.335938 469.855972 -84.760903 30.890038
slice7/query/img_02623_c0_1284563477997287us.jpg 0.625039 0.605812 -0.360502 0.335195 470.583157 -84.937039 30.876936
slice7/query/img_02624_c0_1284563478130644us.jpg 0.626027 0.605498 -0.360561 0.333852 472.036976 -85.292573 30.845841
slice7/query/img_02625_c0_1284563478197251us.jpg 0.626311 0.605478 -0.360650 0.333262 472.762979 -85.468255 30.827638
slice7/query/img_02626_c0_1284563478263865us.jpg 0.626454 0.605608 -0.360669 0.332735 473.487632 -85.641812 30.809311
slice7/query/img_02627_c0_1284563478397219us.jpg 0.626105 0.606403 -0.360233 0.332415 474.938073 -85.982990 30.768735
slice7/query/img_02628_c0_1284563478463831us.jpg 0.625726 0.607111 -0.359706 0.332408 475.661062 -86.150379 30.748389
slice7/query/img_02629_c0_1284563478530568us.jpg 0.625550 0.607365 -0.359142 0.332884 476.379478 -86.316877 30.726210
slice7/query/img_02630_c0_1284563478663819us.jpg 0.625463 0.607687 -0.358095 0.333587 477.816582 -86.651634 30.684306
slice7/query/img_02631_c0_1284563478730554us.jpg 0.625440 0.607857 -0.358040 0.333381 478.532612 -86.819865 30.667906
slice7/query/img_02632_c0_1284563478797147us.jpg 0.625327 0.608126 -0.358260 0.332865 479.247025 -86.988485 30.653840
slice7/query/img_02633_c0_1284563478863759us.jpg 0.625255 0.608355 -0.358650 0.332160 479.960681 -87.156408 30.640578
slice7/query/img_02634_c0_1284563478997113us.jpg 0.625286 0.608331 -0.359404 0.331330 481.387106 -87.492575 30.608763
slice7/query/img_02635_c0_1284563479063725us.jpg 0.625225 0.608421 -0.359464 0.331216 482.093785 -87.657440 30.591862
slice7/query/img_02636_c0_1284563479197097us.jpg 0.625272 0.608251 -0.359144 0.331786 483.503516 -87.987101 30.551432
slice7/query/img_02637_c0_1284563479263690us.jpg 0.625219 0.608328 -0.358766 0.332152 484.205477 -88.151958 30.530949
slice7/query/img_02638_c0_1284563479330427us.jpg 0.625225 0.608162 -0.358627 0.332596 484.902400 -88.315783 30.512339
slice7/query/img_02639_c0_1284563479463678us.jpg 0.625099 0.607710 -0.359338 0.332890 486.297136 -88.641916 30.482490
slice7/query/img_02640_c0_1284563479530393us.jpg 0.624939 0.607431 -0.359934 0.333056 486.991119 -88.804211 30.472236
slice7/query/img_02641_c0_1284563479597007us.jpg 0.624803 0.607106 -0.360656 0.333122 487.682566 -88.968729 30.459428
slice7/query/img_02642_c0_1284563479663619us.jpg 0.624642 0.606932 -0.361082 0.333279 488.370606 -89.130734 30.446333
slice7/query/img_02643_c0_1284563479796973us.jpg 0.624647 0.606203 -0.361256 0.334407 489.741668 -89.451412 30.420510
slice7/query/img_02644_c0_1284563479863610us.jpg 0.624496 0.606138 -0.361023 0.335060 490.422714 -89.611700 30.408537
slice7/query/img_02645_c0_1284563479930322us.jpg 0.624288 0.605975 -0.360968 0.335800 491.097630 -89.772544 30.399030
slice7/query/img_02646_c0_1284563479996936us.jpg 0.624071 0.605855 -0.361183 0.336187 491.773472 -89.937231 30.388935
slice7/query/img_02647_c0_1284563480130311us.jpg 0.623449 0.605634 -0.362411 0.336418 493.121146 -90.262392 30.363671
slice7/query/img_02648_c0_1284563480196904us.jpg 0.623116 0.605564 -0.362962 0.336568 493.791702 -90.426414 30.349381
slice7/query/img_02649_c0_1284563480263514us.jpg 0.622777 0.605550 -0.363269 0.336888 494.454386 -90.589174 30.337181
slice7/query/img_02650_c0_1284563480330253us.jpg 0.622332 0.605818 -0.363532 0.336946 495.113985 -90.751892 30.327836
slice7/query/img_02651_c0_1284563480463481us.jpg 0.622017 0.605458 -0.364853 0.336746 496.418414 -91.081086 30.303906
slice7/query/img_02652_c0_1284563480530217us.jpg 0.621849 0.605223 -0.365783 0.336470 497.063621 -91.242808 30.294114
slice7/query/img_02653_c0_1284563480596830us.jpg 0.621616 0.604961 -0.366474 0.336618 497.701174 -91.402771 30.283089
slice7/query/img_02654_c0_1284563480663444us.jpg 0.621240 0.605021 -0.366817 0.336833 498.331741 -91.561889 30.272804
slice7/query/img_02655_c0_1284563480796795us.jpg 0.620405 0.605681 -0.366719 0.337292 499.573243 -91.879326 30.246010
slice7/query/img_02656_c0_1284563480863459us.jpg 0.620352 0.605656 -0.366450 0.337725 500.183543 -92.034829 30.232456
slice7/query/img_02657_c0_1284563480930152us.jpg 0.620246 0.605592 -0.366726 0.337735 500.788480 -92.189859 30.221775
slice7/query/img_02659_c0_1284563481130114us.jpg 0.623974 0.599740 -0.374494 0.332750 502.586193 -92.674934 30.213078
slice7/query/img_02660_c0_1284563481196747us.jpg 0.624194 0.600338 -0.372486 0.333512 503.163187 -92.827491 30.197383
slice7/query/img_02661_c0_1284563481263337us.jpg 0.623811 0.602318 -0.367854 0.335792 503.726563 -92.972399 30.168961
slice7/query/img_02662_c0_1284563481330077us.jpg 0.625097 0.602668 -0.362962 0.338088 504.278116 -93.119649 30.139925
slice7/query/img_02663_c0_1284563481463305us.jpg 0.628500 0.599331 -0.362569 0.338134 505.398372 -93.411911 30.116493
slice7/query/img_02664_c0_1284563481530041us.jpg 0.627651 0.600290 -0.363905 0.336570 505.960329 -93.546579 30.111472
slice7/query/img_02665_c0_1284563481596655us.jpg 0.624958 0.603797 -0.364604 0.334545 506.516792 -93.675058 30.106145
slice7/query/img_02666_c0_1284563481663268us.jpg 0.622125 0.607752 -0.364683 0.332572 507.064703 -93.801273 30.100592
slice7/query/img_02667_c0_1284563481796645us.jpg 0.620751 0.610684 -0.364240 0.330247 508.139396 -94.056500 30.084529
slice7/query/img_02668_c0_1284563481863231us.jpg 0.621860 0.609852 -0.363889 0.330083 508.664945 -94.184493 30.075050
slice7/query/img_02669_c0_1284563481929971us.jpg 0.623154 0.608909 -0.363060 0.330298 509.184167 -94.311408 30.063832
slice7/query/img_02670_c0_1284563482063199us.jpg 0.624981 0.608368 -0.360097 0.331085 510.202104 -94.560334 30.032019
slice7/query/img_02671_c0_1284563482196581us.jpg 0.625561 0.608900 -0.357919 0.331374 511.206338 -94.796298 30.005508
slice7/query/img_02672_c0_1284563482329903us.jpg 0.624922 0.610102 -0.358287 0.329967 512.204607 -95.024287 29.988262
slice7/query/img_02673_c0_1284563482396512us.jpg 0.624405 0.610808 -0.358516 0.329391 512.696639 -95.133993 29.982323
slice7/query/img_02674_c0_1284563482463127us.jpg 0.623984 0.611389 -0.358464 0.329167 513.182986 -95.241733 29.974512
slice7/query/img_02675_c0_1284563482597279us.jpg 0.624130 0.611891 -0.357463 0.329046 514.145711 -95.463253 29.952523
slice7/query/img_02676_c0_1284563482663114us.jpg 0.624810 0.611450 -0.357036 0.329040 514.619565 -95.572067 29.941449
slice7/query/img_02678_c0_1284563482796443us.jpg 0.626530 0.609961 -0.356232 0.329403 515.555996 -95.790104 29.921118
slice7/query/img_02679_c0_1284563482929796us.jpg 0.626975 0.609831 -0.355495 0.329593 516.482523 -96.001137 29.904516
slice7/query/img_02681_c0_1284563483063023us.jpg 0.626855 0.609916 -0.354992 0.330206 517.403246 -96.204553 29.888731
slice7/query/img_02682_c0_1284563483129761us.jpg 0.626616 0.610014 -0.354954 0.330519 517.859062 -96.303959 29.881558
slice7/query/img_02683_c0_1284563483263009us.jpg 0.626233 0.610268 -0.355184 0.330531 518.763750 -96.506277 29.867590
slice7/query/img_02685_c0_1284563483396337us.jpg 0.626621 0.609306 -0.356216 0.330458 519.660478 -96.710988 29.856234
slice7/query/img_02686_c0_1284563483462950us.jpg 0.626746 0.608977 -0.356604 0.330410 520.102037 -96.812627 29.850447
slice7/query/img_02687_c0_1284563483596304us.jpg 0.626554 0.608843 -0.356630 0.330990 520.982608 -97.011774 29.834891
slice7/query/img_02688_c0_1284563483662916us.jpg 0.626377 0.608682 -0.356645 0.331607 521.416601 -97.108170 29.826730
slice7/query/img_02690_c0_1284563483796268us.jpg 0.626005 0.608276 -0.357036 0.332630 522.288018 -97.306116 29.806857
slice7/query/img_02691_c0_1284563483929623us.jpg 0.625652 0.608025 -0.357136 0.333645 523.153501 -97.504612 29.789144
slice7/query/img_02692_c0_1284563483996232us.jpg 0.625618 0.607631 -0.357153 0.334406 523.585391 -97.604094 29.780326
slice7/query/img_02693_c0_1284563484062845us.jpg 0.625489 0.607298 -0.357227 0.335174 524.017516 -97.703980 29.771612
slice7/query/img_02695_c0_1284563484262835us.jpg 0.625287 0.606929 -0.357664 0.335752 525.321349 -98.015081 29.746894
slice7/query/img_02696_c0_1284563484329550us.jpg 0.625498 0.606619 -0.357857 0.335712 525.754729 -98.120774 29.740970
slice7/query/img_02697_c0_1284563484396162us.jpg 0.625702 0.606240 -0.358047 0.335817 526.187544 -98.225570 29.732674
slice7/query/img_02699_c0_1284563484596149us.jpg 0.626024 0.606404 -0.356967 0.336071 527.490107 -98.541427 29.707054
slice7/query/img_02701_c0_1284563484729479us.jpg 0.626572 0.606303 -0.356317 0.335920 528.361267 -98.749735 29.688331
slice7/query/img_02702_c0_1284563484796091us.jpg 0.626791 0.606362 -0.355883 0.335865 528.795034 -98.852401 29.680390
slice7/query/img_02703_c0_1284563484929444us.jpg 0.628303 0.605478 -0.355654 0.334876 529.665093 -99.061694 29.671077
slice7/query/img_02704_c0_1284563484996056us.jpg 0.629121 0.605060 -0.354946 0.334848 530.100590 -99.165969 29.664931
slice7/query/img_02706_c0_1284563485129408us.jpg 0.628698 0.606544 -0.353313 0.334684 530.977328 -99.367484 29.648039
slice7/query/img_02707_c0_1284563485262640us.jpg 0.628870 0.607225 -0.353003 0.333450 531.868853 -99.571961 29.635418
slice7/query/img_02708_c0_1284563485329373us.jpg 0.629161 0.607089 -0.353633 0.332480 532.319091 -99.674093 29.633220
slice7/query/img_02710_c0_1284563485462600us.jpg 0.628902 0.607665 -0.354144 0.331372 533.235167 -99.876810 29.620611
slice7/query/img_02711_c0_1284563485595972us.jpg 0.628739 0.609010 -0.352671 0.330781 534.158619 -100.082660 29.598166
slice7/query/img_02713_c0_1284563485795916us.jpg 0.630596 0.608329 -0.351486 0.329762 535.572923 -100.399605 29.564685
slice7/query/img_02715_c0_1284563485929267us.jpg 0.630812 0.608997 -0.350559 0.329101 536.531253 -100.607351 29.544278
slice7/query/img_02716_c0_1284563486062494us.jpg 0.630703 0.609842 -0.349650 0.328711 537.504048 -100.812165 29.521847
slice7/query/img_02718_c0_1284563486195846us.jpg 0.630331 0.610767 -0.348996 0.328401 538.488882 -101.019237 29.504570
slice7/query/img_02719_c0_1284563486329802us.jpg 0.630186 0.610863 -0.348878 0.328627 539.491598 -101.228491 29.484534
slice7/query/img_02720_c0_1284563486395810us.jpg 0.630070 0.610894 -0.349069 0.328589 539.999449 -101.335947 29.474377
slice7/query/img_02721_c0_1284563486462423us.jpg 0.630149 0.610761 -0.349324 0.328414 540.509528 -101.444664 29.462074
slice7/query/img_02722_c0_1284563486529165us.jpg 0.630293 0.610358 -0.349652 0.328540 541.021192 -101.554242 29.451446
slice7/query/img_02723_c0_1284563486662390us.jpg 0.630481 0.609345 -0.350453 0.329202 542.055966 -101.775006 29.432304
slice7/query/img_02724_c0_1284563486729128us.jpg 0.630406 0.609051 -0.350655 0.329674 542.576861 -101.886803 29.421453
slice7/query/img_02725_c0_1284563486862374us.jpg 0.630044 0.608477 -0.351168 0.330879 543.630515 -102.111079 29.402643
slice7/query/img_02726_c0_1284563486995707us.jpg 0.629126 0.608514 -0.351941 0.331737 544.702806 -102.340225 29.381962
slice7/query/img_02727_c0_1284563487062316us.jpg 0.628674 0.608426 -0.352577 0.332079 545.241525 -102.456697 29.373161
slice7/query/img_02728_c0_1284563487129055us.jpg 0.628415 0.608017 -0.353245 0.332607 545.784256 -102.574123 29.363128
slice7/query/img_02729_c0_1284563487195668us.jpg 0.628052 0.607726 -0.353967 0.333058 546.329264 -102.694202 29.354786
slice7/query/img_02730_c0_1284563487329023us.jpg 0.627423 0.607224 -0.354783 0.334287 547.424604 -102.938946 29.333630
slice7/query/img_02731_c0_1284563487395634us.jpg 0.627286 0.606790 -0.354978 0.335124 547.975335 -103.063978 29.322654
slice7/query/img_02732_c0_1284563487462248us.jpg 0.627087 0.606403 -0.355132 0.336034 548.529499 -103.190466 29.310735
slice7/query/img_02733_c0_1284563487528987us.jpg 0.626806 0.606047 -0.355389 0.336928 549.082804 -103.317238 29.300308
slice7/query/img_02734_c0_1284563487662214us.jpg 0.626449 0.604910 -0.357157 0.337764 550.206412 -103.582825 29.284105
slice7/query/img_02735_c0_1284563487728951us.jpg 0.626225 0.604261 -0.358351 0.338076 550.770847 -103.718426 29.277657
slice7/query/img_02736_c0_1284563487795563us.jpg 0.625828 0.603957 -0.359434 0.338205 551.333309 -103.856107 29.270228
slice7/query/img_02737_c0_1284563487928936us.jpg 0.625220 0.603410 -0.360259 0.339425 552.471313 -104.134933 29.252694
slice7/query/img_02739_c0_1284563488062139us.jpg 0.624894 0.602751 -0.360827 0.340591 553.623184 -104.421020 29.229642
slice7/query/img_02740_c0_1284563488128880us.jpg 0.624575 0.602298 -0.361670 0.341084 554.202142 -104.564783 29.220997
slice7/query/img_02741_c0_1284563488262109us.jpg 0.623064 0.602522 -0.362975 0.342064 555.371791 -104.857754 29.199824
slice7/query/img_02742_c0_1284563488328867us.jpg 0.621908 0.603109 -0.363437 0.342642 555.958693 -105.002873 29.189236
slice7/query/img_02743_c0_1284563488395458us.jpg 0.621082 0.603334 -0.363872 0.343281 556.549826 -105.152037 29.174480
slice7/query/img_02744_c0_1284563488462071us.jpg 0.620434 0.603335 -0.364271 0.344027 557.140660 -105.302913 29.163427
slice7/query/img_02745_c0_1284563488595425us.jpg 0.619421 0.602850 -0.366345 0.344501 558.331464 -105.613960 29.143000
slice7/query/img_02746_c0_1284563488662057us.jpg 0.618873 0.602940 -0.366652 0.345003 558.930782 -105.773198 29.128665
slice7/query/img_02747_c0_1284563488728776us.jpg 0.618058 0.603022 -0.367293 0.345637 559.529881 -105.932388 29.113905
slice7/query/img_02748_c0_1284563488795388us.jpg 0.617637 0.602966 -0.367160 0.346627 560.130507 -106.092956 29.097532
slice7/query/img_02749_c0_1284563488928742us.jpg 0.615829 0.602976 -0.366936 0.350046 561.337881 -106.407361 29.062449
slice7/query/img_02750_c0_1284563488995374us.jpg 0.614693 0.602903 -0.367742 0.351322 561.941520 -106.568193 29.048833
slice7/query/img_02751_c0_1284563489061967us.jpg 0.613754 0.602046 -0.369964 0.352097 562.546097 -106.732811 29.040368
slice7/query/img_02753_c0_1284563489261934us.jpg 0.612599 0.598094 -0.378652 0.351610 564.372098 -107.261217 29.029069
slice7/query/img_02754_c0_1284563489328691us.jpg 0.612431 0.596903 -0.380659 0.351760 564.976558 -107.449574 29.015847
slice7/query/img_02755_c0_1284563489395282us.jpg 0.612725 0.594756 -0.382660 0.352711 565.578012 -107.641968 29.001903
slice7/query/img_02756_c0_1284563489461896us.jpg 0.612826 0.592237 -0.384728 0.354520 566.179231 -107.833851 28.985682
slice7/query/img_02757_c0_1284563489595272us.jpg 0.609607 0.590572 -0.387014 0.360312 567.385619 -108.205119 28.940353
slice7/query/img_02758_c0_1284563489661881us.jpg 0.606622 0.591144 -0.387539 0.363829 567.988710 -108.388393 28.910208
slice7/query/img_02759_c0_1284563489728599us.jpg 0.603311 0.591411 -0.388580 0.367770 568.588787 -108.576350 28.888092
slice7/query/img_02761_c0_1284563489928566us.jpg 0.595005 0.590250 -0.398387 0.372641 570.402692 -109.186641 28.839950
slice7/query/img_02762_c0_1284563489995199us.jpg 0.593539 0.588618 -0.402581 0.373053 571.007628 -109.411390 28.830655
slice7/query/img_02763_c0_1284563490061788us.jpg 0.593056 0.585320 -0.406100 0.375190 571.608004 -109.640504 28.814067
slice7/query/img_02764_c0_1284563490128530us.jpg 0.592742 0.581169 -0.409051 0.378915 572.204437 -109.875262 28.791999
slice7/query/img_02765_c0_1284563490261778us.jpg 0.590002 0.573940 -0.414256 0.388436 573.389762 -110.355371 28.734705
