slice7/query/img_02829_c0_1285949917227713us.jpg 0.635496 0.605981 -0.320005 0.355709 358.939492 -59.240458 28.943871
slice7/query/img_02830_c0_1285949917294307us.jpg 0.634826 0.606598 -0.320255 0.355628 359.768642 -59.410294 28.990220
slice7/query/img_02831_c0_1285949917361044us.jpg 0.634529 0.606801 -0.320745 0.355370 360.599103 -59.584967 29.035395
slice7/query/img_02832_c0_1285949917494297us.jpg 0.634430 0.606674 -0.322054 0.354579 362.280778 -59.938169 29.125988
slice7/query/img_02833_c0_1285949917561010us.jpg 0.634593 0.606447 -0.322740 0.354053 363.128161 -60.115211 29.173532
slice7/query/img_02834_c0_1285949917627621us.jpg 0.634919 0.606172 -0.323091 0.353617 363.974948 -60.295543 29.215888
slice7/query/img_02835_c0_1285949917694234us.jpg 0.635117 0.605882 -0.323136 0.353718 364.825682 -60.470968 29.256634
slice7/query/img_02836_c0_1285949917894229us.jpg 0.633520 0.606505 -0.323808 0.354899 367.425268 -60.986963 29.381154
slice7/query/img_02837_c0_1285949918427484us.jpg 0.631730 0.606454 -0.328061 0.354269 374.378243 -62.498451 29.735909
slice7/query/img_02838_c0_1285949918494115us.jpg 0.631656 0.606246 -0.328482 0.354367 375.263650 -62.688897 29.774416
slice7/query/img_02839_c0_1285949918560832us.jpg 0.631367 0.606133 -0.328862 0.354723 376.147532 -62.879572 29.812680
slice7/query/img_02840_c0_1285949918627445us.jpg 0.631007 0.606086 -0.328996 0.355318 377.028521 -63.072570 29.850614
slice7/query/img_02841_c0_1285949918827409us.jpg 0.631144 0.605383 -0.330142 0.355212 379.700537 -63.670999 29.966544
slice7/query/img_02842_c0_1285949919027409us.jpg 0.632121 0.603706 -0.331934 0.354658 382.378085 -64.286634 30.083002
slice7/query/img_02843_c0_1285949919093987us.jpg 0.631960 0.603567 -0.332682 0.354480 383.272852 -64.492059 30.119631
slice7/query/img_02844_c0_1285949919227363us.jpg 0.630874 0.604303 -0.333784 0.354124 385.079325 -64.895528 30.191923
slice7/query/img_02845_c0_1285949919293953us.jpg 0.630364 0.604543 -0.334203 0.354228 385.981355 -65.100656 30.223972
slice7/query/img_02846_c0_1285949919360690us.jpg 0.630119 0.604403 -0.334693 0.354441 386.886919 -65.303567 30.256563
slice7/query/img_02847_c0_1285949919427305us.jpg 0.630010 0.604146 -0.335203 0.354589 387.790300 -65.509339 30.287809
slice7/query/img_02848_c0_1285949919560657us.jpg 0.630247 0.603449 -0.335827 0.354765 389.603602 -65.930598 30.355724
slice7/query/img_02849_c0_1285949919627272us.jpg 0.630606 0.602977 -0.336015 0.354752 390.512067 -66.143074 30.387007
slice7/query/img_02850_c0_1285949919693887us.jpg 0.630883 0.602535 -0.336521 0.354531 391.419237 -66.354636 30.418787
slice7/query/img_02851_c0_1285949919760622us.jpg 0.631123 0.602197 -0.337052 0.354173 392.327318 -66.574409 30.450860
slice7/query/img_02852_c0_1285949919893848us.jpg 0.631242 0.602034 -0.337578 0.353737 394.151762 -67.005914 30.514385
slice7/query/img_02853_c0_1285949919960586us.jpg 0.631227 0.602351 -0.337748 0.353061 395.071585 -67.219037 30.545124
slice7/query/img_02854_c0_1285949920027200us.jpg 0.631288 0.602634 -0.337934 0.352290 395.991860 -67.432934 30.573786
slice7/query/img_02855_c0_1285949920160575us.jpg 0.631634 0.603149 -0.337910 0.350809 397.836975 -67.862022 30.628924
slice7/query/img_02856_c0_1285949920227164us.jpg 0.631870 0.603363 -0.337912 0.350013 398.759248 -68.076929 30.654866
slice7/query/img_02857_c0_1285949920293777us.jpg 0.632215 0.603543 -0.337900 0.349089 399.685373 -68.293821 30.680766
slice7/query/img_02858_c0_1285949920360515us.jpg 0.632603 0.603524 -0.337920 0.348399 400.611571 -68.507763 30.703507
slice7/query/img_02859_c0_1285949920493743us.jpg 0.633241 0.603846 -0.337359 0.347224 402.477585 -68.931083 30.746715
slice7/query/img_02860_c0_1285949920560481us.jpg 0.633481 0.604066 -0.337076 0.346677 403.411261 -69.142326 30.767269
slice7/query/img_02861_c0_1285949920627093us.jpg 0.633762 0.604236 -0.336786 0.346150 404.346488 -69.351213 30.786642
slice7/query/img_02862_c0_1285949920693707us.jpg 0.633871 0.604517 -0.336530 0.345709 405.281991 -69.561072 30.806226
slice7/query/img_02863_c0_1285949920827079us.jpg 0.633304 0.605311 -0.336151 0.345726 407.171677 -69.968240 30.848062
slice7/query/img_02864_c0_1285949920893670us.jpg 0.632817 0.605737 -0.336412 0.345620 408.117511 -70.171212 30.866822
slice7/query/img_02865_c0_1285949921027025us.jpg 0.631274 0.607065 -0.337259 0.345284 410.018675 -70.580932 30.907799
slice7/query/img_02866_c0_1285949921093634us.jpg 0.630722 0.607433 -0.337867 0.345053 410.965047 -70.791074 30.927518
slice7/query/img_02867_c0_1285949921160377us.jpg 0.630477 0.607292 -0.338658 0.344972 411.912812 -71.001844 30.943585
slice7/query/img_02868_c0_1285949921293602us.jpg 0.630310 0.606701 -0.340692 0.344315 413.812906 -71.428179 30.983469
slice7/query/img_02869_c0_1285949921360340us.jpg 0.630257 0.606448 -0.341438 0.344117 414.765909 -71.642030 31.000067
slice7/query/img_02870_c0_1285949921426954us.jpg 0.630445 0.605832 -0.342000 0.344301 415.717341 -71.859674 31.012165
slice7/query/img_02871_c0_1285949921493565us.jpg 0.630651 0.605056 -0.342326 0.344963 416.670347 -72.075522 31.023210
slice7/query/img_02872_c0_1285949921626943us.jpg 0.630477 0.604094 -0.343240 0.346055 418.595602 -72.505111 31.042524
slice7/query/img_02873_c0_1285949921693532us.jpg 0.630149 0.604078 -0.343616 0.346309 419.555971 -72.726116 31.056286
slice7/query/img_02874_c0_1285949921760272us.jpg 0.629621 0.604234 -0.344125 0.346492 420.520376 -72.946409 31.067766
slice7/query/img_02875_c0_1285949921826886us.jpg 0.629010 0.604525 -0.344704 0.346519 421.481371 -73.165473 31.081214
slice7/query/img_02876_c0_1285949921960263us.jpg 0.627653 0.604940 -0.346575 0.346390 423.410847 -73.612634 31.111498
slice7/query/img_02877_c0_1285949922026851us.jpg 0.627287 0.604848 -0.347327 0.346458 424.376594 -73.837440 31.119643
slice7/query/img_02878_c0_1285949922093462us.jpg 0.626890 0.604792 -0.347853 0.346748 425.341498 -74.064169 31.128408
slice7/query/img_02879_c0_1285949922160201us.jpg 0.626807 0.604522 -0.348228 0.346990 426.303071 -74.297351 31.134197
slice7/query/img_02880_c0_1285949922293454us.jpg 0.627387 0.603564 -0.348455 0.347383 428.233716 -74.762603 31.147896
slice7/query/img_02881_c0_1285949922360165us.jpg 0.627937 0.602890 -0.348732 0.347282 429.199111 -75.002237 31.155977
slice7/query/img_02882_c0_1285949922426779us.jpg 0.628385 0.602261 -0.349007 0.347285 430.165537 -75.240583 31.164238
slice7/query/img_02883_c0_1285949922493393us.jpg 0.628660 0.601775 -0.349446 0.347189 431.133524 -75.479038 31.173589
slice7/query/img_02884_c0_1285949922626767us.jpg 0.628942 0.601527 -0.349701 0.346852 433.075370 -75.952412 31.192882
slice7/query/img_02885_c0_1285949922693357us.jpg 0.628807 0.601842 -0.349873 0.346378 434.049446 -76.189962 31.201323
slice7/query/img_02886_c0_1285949922760095us.jpg 0.628592 0.602311 -0.350064 0.345758 435.026624 -76.423810 31.209145
slice7/query/img_02887_c0_1285949922826704us.jpg 0.628446 0.602661 -0.350376 0.345096 436.004525 -76.659847 31.214894
slice7/query/img_02888_c0_1285949922961455us.jpg 0.628516 0.602890 -0.349844 0.345109 437.958039 -77.129814 31.220276
slice7/query/img_02889_c0_1285949923026670us.jpg 0.628422 0.603271 -0.349965 0.344491 438.938821 -77.366825 31.224550
slice7/query/img_02890_c0_1285949923093282us.jpg 0.628574 0.603332 -0.350498 0.343564 439.925541 -77.601145 31.226114
slice7/query/img_02891_c0_1285949923160021us.jpg 0.628875 0.603356 -0.350894 0.342567 440.908914 -77.840405 31.229098
slice7/query/img_02892_c0_1285949923226635us.jpg 0.629526 0.602922 -0.351461 0.341552 441.891198 -78.080861 31.231360
slice7/query/img_02893_c0_1285949923360010us.jpg 0.631097 0.601912 -0.351925 0.339952 443.866947 -78.555677 31.231408
slice7/query/img_02894_c0_1285949923426598us.jpg 0.631520 0.601861 -0.351942 0.339238 444.854616 -78.790334 31.227668
slice7/query/img_02895_c0_1285949923493214us.jpg 0.631427 0.602292 -0.351972 0.338615 445.847557 -79.021851 31.222724
slice7/query/img_02896_c0_1285949923559952us.jpg 0.630767 0.603147 -0.352037 0.338255 446.843091 -79.249142 31.214347
slice7/query/img_02897_c0_1285949923693180us.jpg 0.628322 0.605685 -0.351738 0.338582 448.841859 -79.702864 31.192843
slice7/query/img_02898_c0_1285949923759917us.jpg 0.626955 0.607035 -0.351635 0.338804 449.843984 -79.925656 31.181165
slice7/query/img_02899_c0_1285949923826530us.jpg 0.625844 0.608083 -0.351516 0.339103 450.842520 -80.150521 31.168081
slice7/query/img_02900_c0_1285949923893143us.jpg 0.625141 0.608878 -0.351226 0.339273 451.836338 -80.381727 31.156133
slice7/query/img_02901_c0_1285949924026515us.jpg 0.625248 0.608895 -0.351154 0.339121 453.833758 -80.837816 31.136925
slice7/query/img_02902_c0_1285949924093109us.jpg 0.625365 0.608826 -0.351700 0.338461 454.827699 -81.072793 31.132174
slice7/query/img_02903_c0_1285949924159847us.jpg 0.625170 0.609054 -0.352567 0.337509 455.823455 -81.303945 31.128179
slice7/query/img_02904_c0_1285949924226460us.jpg 0.624578 0.609809 -0.353107 0.336676 456.816268 -81.534976 31.117995
slice7/query/img_02905_c0_1285949924293074us.jpg 0.623593 0.610591 -0.353462 0.336713 457.806432 -81.760984 31.105927
slice7/query/img_02906_c0_1285949924426449us.jpg 0.622255 0.610853 -0.354209 0.337924 459.787210 -82.212964 31.075031
slice7/query/img_02907_c0_1285949924493060us.jpg 0.621689 0.611096 -0.353797 0.338959 460.770276 -82.441034 31.055789
slice7/query/img_02908_c0_1285949924559777us.jpg 0.621337 0.611055 -0.354117 0.339342 461.753527 -82.671548 31.039536
slice7/query/img_02909_c0_1285949924626391us.jpg 0.621497 0.610526 -0.355043 0.339034 462.734688 -82.907287 31.027440
slice7/query/img_02910_c0_1285949924759760us.jpg 0.622745 0.608340 -0.358042 0.337517 464.699876 -83.382053 31.008703
slice7/query/img_02911_c0_1285949924826354us.jpg 0.623337 0.607393 -0.358605 0.337531 465.678659 -83.618629 30.994805
slice7/query/img_02912_c0_1285949924892967us.jpg 0.623434 0.606969 -0.358795 0.337911 466.653412 -83.854465 30.976144
slice7/query/img_02913_c0_1285949924959706us.jpg 0.623059 0.606705 -0.359052 0.338804 467.625927 -84.089416 30.955681
slice7/query/img_02914_c0_1285949925092937us.jpg 0.621485 0.606876 -0.360796 0.339536 469.580773 -84.554491 30.917918
slice7/query/img_02915_c0_1285949925159670us.jpg 0.620676 0.607315 -0.361646 0.339326 470.553159 -84.791365 30.898736
slice7/query/img_02916_c0_1285949925226282us.jpg 0.620246 0.607530 -0.362332 0.338995 471.522780 -85.032530 30.878588
slice7/query/img_02917_c0_1285949925292894us.jpg 0.620401 0.607128 -0.363258 0.338440 472.491692 -85.271697 30.858670
slice7/query/img_02918_c0_1285949925426272us.jpg 0.621780 0.605359 -0.364693 0.337535 474.424716 -85.753526 30.812033
slice7/query/img_02919_c0_1285949925492861us.jpg 0.622406 0.604767 -0.364862 0.337257 475.381828 -86.001591 30.787699
slice7/query/img_02920_c0_1285949925559598us.jpg 0.622875 0.604406 -0.364384 0.337556 476.335892 -86.244655 30.760234
slice7/query/img_02921_c0_1285949925626212us.jpg 0.623065 0.604346 -0.363556 0.338205 477.290889 -86.484344 30.730329
slice7/query/img_02922_c0_1285949925692826us.jpg 0.622955 0.604702 -0.362500 0.338905 478.240039 -86.724446 30.701694
slice7/query/img_02923_c0_1285949925826201us.jpg 0.622138 0.605993 -0.361999 0.338635 480.149933 -87.202129 30.656441
slice7/query/img_02924_c0_1285949925892790us.jpg 0.621989 0.606343 -0.362278 0.337983 481.101753 -87.443574 30.634873
slice7/query/img_02925_c0_1285949925959528us.jpg 0.621944 0.606580 -0.362651 0.337239 482.053268 -87.685341 30.613572
slice7/query/img_02926_c0_1285949926026142us.jpg 0.622156 0.606565 -0.362674 0.336850 483.002867 -87.926303 30.590370
slice7/query/img_02927_c0_1285949926159493us.jpg 0.623043 0.606234 -0.361677 0.336879 484.901701 -88.405313 30.538847
slice7/query/img_02928_c0_1285949926226107us.jpg 0.623446 0.605967 -0.361384 0.336928 485.848431 -88.644251 30.515908
slice7/query/img_02929_c0_1285949926292720us.jpg 0.623593 0.605820 -0.361313 0.336998 486.791425 -88.879398 30.496801
slice7/query/img_02930_c0_1285949926359458us.jpg 0.623569 0.605562 -0.361798 0.336984 487.737784 -89.110706 30.481383
slice7/query/img_02931_c0_1285949926492689us.jpg 0.623219 0.605485 -0.362047 0.337502 489.631074 -89.570134 30.444002
slice7/query/img_02932_c0_1285949926559421us.jpg 0.622930 0.605689 -0.361546 0.338206 490.572812 -89.804362 30.425314
slice7/query/img_02933_c0_1285949926626034us.jpg 0.622730 0.605814 -0.361018 0.338913 491.512954 -90.038991 30.403026
slice7/query/img_02934_c0_1285949926759407us.jpg 0.622150 0.605673 -0.361476 0.339741 493.395355 -90.506145 30.374952
slice7/query/img_02935_c0_1285949926826021us.jpg 0.622059 0.605278 -0.361888 0.340175 494.338310 -90.741218 30.358126
slice7/query/img_02936_c0_1285949926892613us.jpg 0.621792 0.605315 -0.362006 0.340471 495.275454 -90.977449 30.341353
slice7/query/img_02937_c0_1285949926959351us.jpg 0.621497 0.605424 -0.362318 0.340483 496.213369 -91.214922 30.322293
slice7/query/img_02938_c0_1285949927092581us.jpg 0.621239 0.605262 -0.362942 0.340577 498.091742 -91.694056 30.286623
slice7/query/img_02939_c0_1285949927159316us.jpg 0.621193 0.605056 -0.363063 0.340900 499.025641 -91.932745 30.267678
slice7/query/img_02940_c0_1285949927225927us.jpg 0.620953 0.605190 -0.362781 0.341397 499.959720 -92.168802 30.249635
slice7/query/img_02941_c0_1285949927359283us.jpg 0.621110 0.604840 -0.364139 0.340284 501.828520 -92.651443 30.215772
slice7/query/img_02942_c0_1285949927425911us.jpg 0.622494 0.603244 -0.366513 0.338031 502.762869 -92.900013 30.208888
slice7/query/img_02943_c0_1285949927492508us.jpg 0.623482 0.602530 -0.366257 0.337763 503.688289 -93.142976 30.189637
slice7/query/img_02944_c0_1285949927559246us.jpg 0.626078 0.601670 -0.363361 0.337623 504.601272 -93.389708 30.164527
slice7/query/img_02945_c0_1285949927692496us.jpg 0.630456 0.601240 -0.358575 0.335350 506.440762 -93.864225 30.120500
slice7/query/img_02946_c0_1285949927759211us.jpg 0.631234 0.602412 -0.356986 0.333474 507.362503 -94.091059 30.104193
slice7/query/img_02947_c0_1285949927825825us.jpg 0.630807 0.604310 -0.356054 0.331839 508.288578 -94.308380 30.089377
slice7/query/img_02948_c0_1285949927959197us.jpg 0.628307 0.609024 -0.354192 0.329952 510.148806 -94.720443 30.056589
slice7/query/img_02949_c0_1285949928025793us.jpg 0.626930 0.611368 -0.352312 0.330249 511.075558 -94.917825 30.032799
slice7/query/img_02950_c0_1285949928092400us.jpg 0.625834 0.613234 -0.351280 0.329966 512.004128 -95.115891 30.010675
slice7/query/img_02951_c0_1285949928159141us.jpg 0.625382 0.614334 -0.350622 0.329478 512.932806 -95.314872 29.993455
slice7/query/img_02952_c0_1285949928292368us.jpg 0.626365 0.614065 -0.350229 0.328528 514.788745 -95.713256 29.962984
slice7/query/img_02953_c0_1285949928359105us.jpg 0.627435 0.613298 -0.349969 0.328196 515.713011 -95.915280 29.950198
slice7/query/img_02954_c0_1285949928425719us.jpg 0.628577 0.612365 -0.349813 0.327920 516.635626 -96.114485 29.933681
slice7/query/img_02955_c0_1285949928559096us.jpg 0.629802 0.611495 -0.348800 0.328270 518.483965 -96.506160 29.902726
slice7/query/img_02956_c0_1285949928625683us.jpg 0.629714 0.611589 -0.348701 0.328369 519.409541 -96.697324 29.886223
slice7/query/img_02957_c0_1285949928692298us.jpg 0.629370 0.611781 -0.349074 0.328276 520.335809 -96.889889 29.874563
slice7/query/img_02958_c0_1285949928759034us.jpg 0.628741 0.612309 -0.349178 0.328388 521.259000 -97.080697 29.860923
slice7/query/img_02959_c0_1285949928892284us.jpg 0.627639 0.612989 -0.349599 0.328777 523.106977 -97.457174 29.829034
slice7/query/img_02960_c0_1285949928958999us.jpg 0.627275 0.613056 -0.349840 0.329089 524.031310 -97.648932 29.813362
slice7/query/img_02961_c0_1285949929025613us.jpg 0.627128 0.612782 -0.350156 0.329544 524.951644 -97.842206 29.794061
slice7/query/img_02962_c0_1285949929158965us.jpg 0.626774 0.612387 -0.350664 0.330411 526.786513 -98.235762 29.759490
slice7/query/img_02963_c0_1285949929225577us.jpg 0.626855 0.611955 -0.350663 0.331057 527.701048 -98.434906 29.741959
slice7/query/img_02964_c0_1285949929292190us.jpg 0.626877 0.611507 -0.350862 0.331631 528.613467 -98.633033 29.725862
slice7/query/img_02965_c0_1285949929358930us.jpg 0.627370 0.610501 -0.351580 0.331794 529.523127 -98.833593 29.714050
slice7/query/img_02966_c0_1285949929492177us.jpg 0.626689 0.609992 -0.353374 0.332111 531.336749 -99.237287 29.692110
slice7/query/img_02967_c0_1285949929558895us.jpg 0.625984 0.610474 -0.353864 0.332033 532.238799 -99.439220 29.677611
slice7/query/img_02968_c0_1285949929625507us.jpg 0.625015 0.610867 -0.355479 0.331409 533.145102 -99.639081 29.668024
slice7/query/img_02969_c0_1285949929758860us.jpg 0.622926 0.611499 -0.357563 0.331937 534.943344 -100.029603 29.639033
slice7/query/img_02970_c0_1285949929825472us.jpg 0.621678 0.612170 -0.358236 0.332312 535.840892 -100.227946 29.619032
slice7/query/img_02971_c0_1285949929892086us.jpg 0.620650 0.612731 -0.358493 0.332922 536.732552 -100.432111 29.598223
slice7/query/img_02972_c0_1285949929958823us.jpg 0.620336 0.612489 -0.358565 0.333874 537.617748 -100.636578 29.576234
slice7/query/img_02973_c0_1285949930092055us.jpg 0.621044 0.610503 -0.358980 0.335744 539.380393 -101.056712 29.538217
slice7/query/img_02974_c0_1285949930158787us.jpg 0.621492 0.609363 -0.359723 0.336191 540.262323 -101.270577 29.521121
slice7/query/img_02975_c0_1285949930225402us.jpg 0.621625 0.608585 -0.360511 0.336511 541.137960 -101.483874 29.505333
slice7/query/img_02976_c0_1285949930358777us.jpg 0.621423 0.607609 -0.362023 0.337023 542.886162 -101.907626 29.477669
slice7/query/img_02977_c0_1285949930425366us.jpg 0.621320 0.607191 -0.362445 0.337513 543.756031 -102.121890 29.460375
slice7/query/img_02978_c0_1285949930491981us.jpg 0.621064 0.606862 -0.362933 0.338048 544.623035 -102.333906 29.443531
slice7/query/img_02979_c0_1285949930625352us.jpg 0.620454 0.606256 -0.363995 0.339115 546.356110 -102.757251 29.408010
slice7/query/img_02980_c0_1285949930691944us.jpg 0.620204 0.605897 -0.364627 0.339533 547.217984 -102.973034 29.392026
slice7/query/img_02981_c0_1285949930758682us.jpg 0.619996 0.605623 -0.364759 0.340259 548.070175 -103.189332 29.375661
slice7/query/img_02982_c0_1285949930825295us.jpg 0.619823 0.605340 -0.364711 0.341130 548.925521 -103.409466 29.359353
slice7/query/img_02983_c0_1285949930958672us.jpg 0.619508 0.604338 -0.365841 0.342265 550.625002 -103.846718 29.332853
slice7/query/img_02984_c0_1285949931025258us.jpg 0.619731 0.603428 -0.367119 0.342099 551.474408 -104.068430 29.320037
slice7/query/img_02985_c0_1285949931158610us.jpg 0.619666 0.602631 -0.367875 0.342808 553.159688 -104.515606 29.289938
slice7/query/img_02986_c0_1285949931225224us.jpg 0.619253 0.602667 -0.368120 0.343229 554.000817 -104.737927 29.273265
slice7/query/img_02987_c0_1285949931291836us.jpg 0.618814 0.602588 -0.368631 0.343610 554.835186 -104.963533 29.258335
slice7/query/img_02988_c0_1285949931425213us.jpg 0.616945 0.603055 -0.369621 0.345084 556.504650 -105.406856 29.225709
slice7/query/img_02989_c0_1285949931491806us.jpg 0.615825 0.603246 -0.370135 0.346199 557.332271 -105.628620 29.212160
slice7/query/img_02990_c0_1285949931625177us.jpg 0.612844 0.604116 -0.372544 0.347386 558.986140 -106.083619 29.172157
slice7/query/img_02991_c0_1285949931691766us.jpg 0.611056 0.604789 -0.373640 0.348187 559.811346 -106.318498 29.147157
slice7/query/img_02992_c0_1285949931758505us.jpg 0.609749 0.604780 -0.373489 0.350647 560.626064 -106.551516 29.117440
slice7/query/img_02993_c0_1285949931825124us.jpg 0.608450 0.604142 -0.374164 0.353273 561.440591 -106.776138 29.089327
slice7/query/img_02994_c0_1285949931958473us.jpg 0.606597 0.600617 -0.379383 0.356887 563.080497 -107.246219 29.076623
slice7/query/img_02995_c0_1285949932025085us.jpg 0.606033 0.598949 -0.382549 0.357268 563.893985 -107.507012 29.058016
slice7/query/img_02996_c0_1285949932091696us.jpg 0.604789 0.598179 -0.385631 0.357353 564.703706 -107.767178 29.032583
slice7/query/img_02997_c0_1285949932158435us.jpg 0.603745 0.596972 -0.388411 0.358126 565.502510 -108.028860 29.016681
slice7/query/img_02998_c0_1285949932291688us.jpg 0.601138 0.592971 -0.393847 0.363186 567.109195 -108.546015 28.966797
slice7/query/img_02999_c0_1285949932358401us.jpg 0.598327 0.591689 -0.395752 0.367817 567.909484 -108.806683 28.932806
slice7/query/img_03000_c0_1285949932425013us.jpg 0.594565 0.590950 -0.398060 0.372583 568.700228 -109.073233 28.900428
slice7/query/img_03001_c0_1285949932558365us.jpg 0.585413 0.591166 -0.405281 0.378894 570.279427 -109.627356 28.837183
slice7/query/img_03002_c0_1285949932624979us.jpg 0.580596 0.591626 -0.409519 0.381026 571.062160 -109.917496 28.808411
slice7/query/img_03003_c0_1285949932691592us.jpg 0.577022 0.590066 -0.413197 0.384884 571.830123 -110.216160 28.781651
