slice7/query/img_01728_c0_1287503958012037us.jpg 0.630200 0.600524 -0.331932 0.363372 359.277281 -59.402474 28.980728
slice7/query/img_01729_c0_1287503958145413us.jpg 0.630540 0.601140 -0.332150 0.361561 360.997190 -59.808667 29.077885
slice7/query/img_01730_c0_1287503958212002us.jpg 0.631543 0.601024 -0.332077 0.360067 361.857273 -60.018876 29.124745
slice7/query/img_01731_c0_1287503958278741us.jpg 0.632874 0.600639 -0.332256 0.358201 362.715415 -60.226996 29.173537
slice7/query/img_01732_c0_1287503958345351us.jpg 0.634203 0.600424 -0.331932 0.356510 363.570462 -60.430581 29.221257
slice7/query/img_01733_c0_1287503958478727us.jpg 0.636452 0.600142 -0.330230 0.354553 365.285495 -60.825938 29.309690
slice7/query/img_01734_c0_1287503958545336us.jpg 0.636811 0.600609 -0.329181 0.354092 366.148688 -61.015613 29.348479
slice7/query/img_01735_c0_1287503958611928us.jpg 0.636392 0.601821 -0.328482 0.353435 367.012705 -61.200268 29.386715
slice7/query/img_01736_c0_1287503958678668us.jpg 0.635286 0.603770 -0.327956 0.352588 367.870771 -61.380360 29.427940
slice7/query/img_01737_c0_1287503958811894us.jpg 0.633293 0.606960 -0.327403 0.351207 369.596942 -61.742358 29.507143
slice7/query/img_01738_c0_1287503958878651us.jpg 0.632913 0.607724 -0.327194 0.350765 370.460212 -61.921462 29.544350
slice7/query/img_01739_c0_1287503958945246us.jpg 0.633114 0.607782 -0.327073 0.350415 371.324292 -62.101586 29.581312
slice7/query/img_01740_c0_1287503959011857us.jpg 0.633482 0.607767 -0.326710 0.350114 372.184934 -62.283337 29.620164
slice7/query/img_01741_c0_1287503959145211us.jpg 0.634808 0.607005 -0.326237 0.349476 373.906808 -62.651645 29.696735
slice7/query/img_01742_c0_1287503959211841us.jpg 0.635338 0.606573 -0.326194 0.349302 374.764801 -62.833926 29.735267
slice7/query/img_01743_c0_1287503959278559us.jpg 0.635423 0.606346 -0.326381 0.349369 375.627195 -63.010624 29.775219
slice7/query/img_01744_c0_1287503959345171us.jpg 0.634955 0.606547 -0.326552 0.349709 376.488729 -63.186658 29.813478
slice7/query/img_01745_c0_1287503959478545us.jpg 0.633126 0.607291 -0.327553 0.350796 378.221480 -63.537154 29.889952
slice7/query/img_01746_c0_1287503959545155us.jpg 0.632140 0.607629 -0.328338 0.351256 379.087154 -63.713338 29.926048
slice7/query/img_01747_c0_1287503959611750us.jpg 0.631403 0.607616 -0.329299 0.351704 379.951633 -63.895443 29.963160
slice7/query/img_01748_c0_1287503959678489us.jpg 0.631002 0.607357 -0.329920 0.352287 380.807255 -64.081001 29.998939
slice7/query/img_01749_c0_1287503959811740us.jpg 0.631032 0.606010 -0.331489 0.353080 382.535252 -64.458306 30.077298
slice7/query/img_01750_c0_1287503959878452us.jpg 0.631274 0.605320 -0.332410 0.352965 383.397111 -64.654296 30.115369
slice7/query/img_01751_c0_1287503959945065us.jpg 0.631441 0.604701 -0.333489 0.352710 384.258124 -64.848122 30.150559
slice7/query/img_01752_c0_1287503960078441us.jpg 0.631314 0.604354 -0.334691 0.352392 385.985187 -65.237495 30.219192
slice7/query/img_01753_c0_1287503960145029us.jpg 0.631286 0.604021 -0.335289 0.352446 386.843314 -65.435223 30.250854
slice7/query/img_01754_c0_1287503960211642us.jpg 0.631231 0.603840 -0.335632 0.352527 387.706111 -65.631689 30.280727
slice7/query/img_01755_c0_1287503960278382us.jpg 0.631156 0.603738 -0.335835 0.352644 388.567110 -65.829231 30.312372
slice7/query/img_01756_c0_1287503960411607us.jpg 0.631479 0.603434 -0.335760 0.352657 390.283094 -66.235951 30.374290
slice7/query/img_01757_c0_1287503960478343us.jpg 0.632004 0.603033 -0.336028 0.352147 391.143244 -66.437853 30.405945
slice7/query/img_01758_c0_1287503960611573us.jpg 0.633124 0.602493 -0.336320 0.350777 392.872976 -66.836505 30.468704
slice7/query/img_01759_c0_1287503960678306us.jpg 0.633449 0.602415 -0.336233 0.350408 393.737283 -67.035174 30.499829
slice7/query/img_01760_c0_1287503960744920us.jpg 0.633424 0.602869 -0.336186 0.349717 394.600616 -67.234904 30.529228
slice7/query/img_01761_c0_1287503960878272us.jpg 0.633017 0.603901 -0.336435 0.348431 396.334883 -67.627801 30.584135
slice7/query/img_01762_c0_1287503960944884us.jpg 0.632833 0.604366 -0.336410 0.347982 397.203344 -67.819512 30.610070
slice7/query/img_01763_c0_1287503961011499us.jpg 0.632624 0.604868 -0.336354 0.347547 398.071870 -68.012294 30.634742
slice7/query/img_01764_c0_1287503961078238us.jpg 0.632535 0.605396 -0.336223 0.346915 398.940285 -68.201972 30.657333
slice7/query/img_01765_c0_1287503961211467us.jpg 0.633051 0.605533 -0.336412 0.345548 400.680140 -68.585682 30.703415
slice7/query/img_01766_c0_1287503961278207us.jpg 0.633441 0.605424 -0.336382 0.345054 401.549699 -68.774892 30.726166
slice7/query/img_01767_c0_1287503961411431us.jpg 0.634112 0.605281 -0.336175 0.344273 403.289599 -69.153555 30.770252
slice7/query/img_01768_c0_1287503961478162us.jpg 0.634387 0.605283 -0.336165 0.343772 404.162289 -69.344167 30.789954
slice7/query/img_01769_c0_1287503961544779us.jpg 0.634429 0.605589 -0.336021 0.343294 405.033582 -69.531627 30.809082
slice7/query/img_01770_c0_1287503961611391us.jpg 0.634175 0.606094 -0.335708 0.343180 405.900808 -69.717028 30.828608
slice7/query/img_01771_c0_1287503961744744us.jpg 0.633601 0.606802 -0.335837 0.342861 407.648711 -70.083360 30.866185
slice7/query/img_01772_c0_1287503961811355us.jpg 0.633153 0.607170 -0.336193 0.342690 408.518940 -70.266787 30.884394
slice7/query/img_01773_c0_1287503961878093us.jpg 0.632532 0.607866 -0.336514 0.342287 409.389210 -70.450932 30.902008
slice7/query/img_01774_c0_1287503962011344us.jpg 0.631786 0.608323 -0.337318 0.342063 411.123929 -70.817871 30.939568
slice7/query/img_01775_c0_1287503962078056us.jpg 0.631789 0.608094 -0.337817 0.341970 411.986742 -71.003616 30.958053
slice7/query/img_01776_c0_1287503962144671us.jpg 0.631926 0.607635 -0.338608 0.341753 412.849682 -71.193830 30.976311
slice7/query/img_01777_c0_1287503962211284us.jpg 0.631885 0.607496 -0.339395 0.341293 413.714280 -71.381982 30.992923
slice7/query/img_01778_c0_1287503962344636us.jpg 0.632064 0.606789 -0.340419 0.341199 415.445722 -71.755957 31.021567
slice7/query/img_01779_c0_1287503962411248us.jpg 0.632413 0.606115 -0.340444 0.341724 416.309089 -71.948423 31.032734
slice7/query/img_01780_c0_1287503962477985us.jpg 0.632534 0.605405 -0.340768 0.342436 417.168163 -72.140560 31.044190
slice7/query/img_01781_c0_1287503962544602us.jpg 0.632342 0.605189 -0.341026 0.342916 418.022787 -72.333677 31.058040
slice7/query/img_01782_c0_1287503962677972us.jpg 0.631455 0.605305 -0.341863 0.343510 419.762516 -72.712030 31.082781
slice7/query/img_01783_c0_1287503962744562us.jpg 0.630976 0.605569 -0.342295 0.343496 420.625444 -72.911044 31.098180
slice7/query/img_01784_c0_1287503962877915us.jpg 0.630016 0.605720 -0.343992 0.343297 422.370729 -73.297239 31.126067
slice7/query/img_01785_c0_1287503962944524us.jpg 0.629373 0.605880 -0.344771 0.343414 423.241039 -73.492247 31.136916
slice7/query/img_01786_c0_1287503963011141us.jpg 0.628798 0.605874 -0.345655 0.343586 424.111183 -73.688314 31.146606
slice7/query/img_01787_c0_1287503963144516us.jpg 0.628093 0.605580 -0.346557 0.344486 425.851917 -74.080204 31.159416
slice7/query/img_01788_c0_1287503963211123us.jpg 0.628152 0.605160 -0.346954 0.344717 426.722593 -74.280858 31.166723
slice7/query/img_01789_c0_1287503963277842us.jpg 0.628433 0.604525 -0.347189 0.345081 427.589341 -74.486696 31.171081
slice7/query/img_01790_c0_1287503963344458us.jpg 0.628741 0.603772 -0.347778 0.345247 428.457174 -74.693463 31.177476
slice7/query/img_01791_c0_1287503963477806us.jpg 0.629115 0.602520 -0.349045 0.345472 430.196168 -75.109538 31.192690
slice7/query/img_01792_c0_1287503963544419us.jpg 0.628987 0.602135 -0.349785 0.345629 431.062446 -75.320109 31.199871
slice7/query/img_01793_c0_1287503963611032us.jpg 0.628760 0.602029 -0.350223 0.345782 431.930041 -75.532009 31.207435
slice7/query/img_01794_c0_1287503963744385us.jpg 0.628055 0.601787 -0.351343 0.346348 433.662966 -75.952936 31.218439
slice7/query/img_01795_c0_1287503963810995us.jpg 0.627517 0.601937 -0.352021 0.346374 434.533512 -76.160320 31.225639
slice7/query/img_01796_c0_1287503963877735us.jpg 0.627038 0.602092 -0.352751 0.346230 435.406404 -76.372632 31.230910
slice7/query/img_01797_c0_1287503963944348us.jpg 0.626758 0.602118 -0.353144 0.346293 436.279691 -76.583015 31.233585
slice7/query/img_01798_c0_1287503964077725us.jpg 0.626343 0.601663 -0.353451 0.347519 438.019682 -77.008483 31.232902
slice7/query/img_01799_c0_1287503964144311us.jpg 0.626077 0.601610 -0.354252 0.347272 438.890850 -77.225916 31.237742
slice7/query/img_01800_c0_1287503964210924us.jpg 0.625988 0.601375 -0.355230 0.346842 439.764554 -77.441317 31.240655
slice7/query/img_01801_c0_1287503964344275us.jpg 0.626350 0.600569 -0.357258 0.345499 441.508699 -77.884010 31.245688
slice7/query/img_01802_c0_1287503964410889us.jpg 0.626942 0.599859 -0.358132 0.344754 442.376111 -78.111134 31.246391
slice7/query/img_01803_c0_1287503964477628us.jpg 0.627519 0.599150 -0.358810 0.344230 443.246023 -78.333785 31.245137
slice7/query/img_01804_c0_1287503964544241us.jpg 0.627704 0.598633 -0.359638 0.343928 444.113228 -78.557473 31.241893
slice7/query/img_01805_c0_1287503964677612us.jpg 0.626918 0.599209 -0.360970 0.342960 445.844063 -78.998484 31.231848
slice7/query/img_01806_c0_1287503964744204us.jpg 0.625913 0.600246 -0.361159 0.342784 446.708234 -79.216139 31.223548
slice7/query/img_01807_c0_1287503964810818us.jpg 0.624730 0.601264 -0.361215 0.343100 447.570970 -79.429452 31.210711
slice7/query/img_01808_c0_1287503964877556us.jpg 0.623639 0.602051 -0.361247 0.343671 448.430988 -79.643995 31.200191
slice7/query/img_01809_c0_1287503965010802us.jpg 0.621945 0.603305 -0.360995 0.344805 450.155302 -80.070767 31.174770
slice7/query/img_01810_c0_1287503965077519us.jpg 0.621489 0.603645 -0.360763 0.345274 451.011159 -80.290166 31.163209
slice7/query/img_01811_c0_1287503965144133us.jpg 0.621527 0.603511 -0.360516 0.345697 451.865121 -80.511391 31.152635
slice7/query/img_01812_c0_1287503965277509us.jpg 0.622065 0.602942 -0.360560 0.345677 453.573896 -80.955372 31.135359
slice7/query/img_01813_c0_1287503965344114us.jpg 0.622073 0.602896 -0.360958 0.345329 454.427265 -81.174654 31.128525
slice7/query/img_01814_c0_1287503965410709us.jpg 0.621643 0.603351 -0.361620 0.344614 455.282014 -81.394359 31.122010
slice7/query/img_01815_c0_1287503965477447us.jpg 0.620896 0.604176 -0.362197 0.343909 456.133867 -81.611147 31.113895
slice7/query/img_01816_c0_1287503965610694us.jpg 0.619229 0.605667 -0.362263 0.344222 457.834962 -82.039368 31.084621
slice7/query/img_01817_c0_1287503965677411us.jpg 0.619285 0.605298 -0.362390 0.344636 458.678570 -82.256201 31.069815
slice7/query/img_01818_c0_1287503965744023us.jpg 0.619563 0.605182 -0.362167 0.344575 459.522322 -82.470527 31.056784
slice7/query/img_01819_c0_1287503965810638us.jpg 0.620166 0.605302 -0.361250 0.344240 460.359235 -82.691147 31.043209
slice7/query/img_01820_c0_1287503965944013us.jpg 0.622378 0.604147 -0.361497 0.342012 462.035771 -83.135830 31.025440
slice7/query/img_01821_c0_1287503966010598us.jpg 0.624026 0.602745 -0.362545 0.340369 462.872090 -83.358320 31.018475
slice7/query/img_01822_c0_1287503966077339us.jpg 0.625238 0.601745 -0.363566 0.338821 463.707591 -83.578658 31.010483
slice7/query/img_01823_c0_1287503966143953us.jpg 0.625939 0.601522 -0.363679 0.337801 464.546089 -83.795744 30.998383
slice7/query/img_01824_c0_1287503966277326us.jpg 0.626286 0.602291 -0.361654 0.337961 466.210859 -84.213618 30.958301
slice7/query/img_01825_c0_1287503966343917us.jpg 0.626107 0.602805 -0.360653 0.338447 467.045696 -84.413948 30.938298
slice7/query/img_01826_c0_1287503966410529us.jpg 0.625706 0.603298 -0.360635 0.338328 467.881047 -84.612776 30.922319
slice7/query/img_01827_c0_1287503966543902us.jpg 0.625056 0.604440 -0.361550 0.336510 469.547120 -85.021878 30.895575
slice7/query/img_01828_c0_1287503966610492us.jpg 0.625129 0.604727 -0.361920 0.335459 470.378443 -85.225911 30.879702
slice7/query/img_01829_c0_1287503966810454us.jpg 0.627040 0.604022 -0.362270 0.332774 472.870984 -85.835787 30.826743
slice7/query/img_01830_c0_1287503966943841us.jpg 0.627886 0.603741 -0.361953 0.332033 474.525545 -86.234679 30.783356
slice7/query/img_01831_c0_1287503967010420us.jpg 0.627583 0.604347 -0.361420 0.332082 475.350394 -86.427550 30.759375
slice7/query/img_01832_c0_1287503967143795us.jpg 0.626599 0.605669 -0.359719 0.333378 477.001935 -86.809723 30.708458
slice7/query/img_01833_c0_1287503967210385us.jpg 0.626150 0.606301 -0.358887 0.333970 477.827129 -87.001721 30.685110
slice7/query/img_01834_c0_1287503967277124us.jpg 0.625791 0.606719 -0.358691 0.334095 478.649742 -87.193101 30.664566
slice7/query/img_01835_c0_1287503967343739us.jpg 0.625434 0.607307 -0.358845 0.333528 479.473131 -87.385789 30.648723
slice7/query/img_01836_c0_1287503967477110us.jpg 0.625412 0.607382 -0.359923 0.332268 481.120135 -87.775070 30.612592
slice7/query/img_01837_c0_1287503967543702us.jpg 0.625573 0.607256 -0.360175 0.331923 481.939177 -87.970188 30.592317
slice7/query/img_01838_c0_1287503967677054us.jpg 0.625938 0.606715 -0.360218 0.332177 483.576927 -88.359860 30.549343
slice7/query/img_01839_c0_1287503967743686us.jpg 0.625997 0.606678 -0.359721 0.332672 484.390381 -88.552742 30.525409
slice7/query/img_01840_c0_1287503967810278us.jpg 0.625945 0.606603 -0.359538 0.333103 485.204461 -88.747248 30.503142
slice7/query/img_01841_c0_1287503967877018us.jpg 0.625768 0.606704 -0.359571 0.333216 486.015941 -88.941264 30.484868
slice7/query/img_01842_c0_1287503968010244us.jpg 0.625491 0.606292 -0.360926 0.333021 487.640070 -89.319521 30.458642
slice7/query/img_01843_c0_1287503968076981us.jpg 0.625531 0.606113 -0.361342 0.332821 488.452714 -89.513001 30.442868
slice7/query/img_01844_c0_1287503968143593us.jpg 0.625648 0.605793 -0.361573 0.332934 489.259989 -89.706236 30.426777
slice7/query/img_01845_c0_1287503968210208us.jpg 0.625749 0.605576 -0.361399 0.333327 490.062103 -89.899010 30.410322
slice7/query/img_01846_c0_1287503968343558us.jpg 0.625913 0.605179 -0.360933 0.334244 491.659599 -90.282634 30.379048
slice7/query/img_01847_c0_1287503968410171us.jpg 0.625816 0.605141 -0.361246 0.334155 492.458171 -90.474581 30.364033
slice7/query/img_01848_c0_1287503968476909us.jpg 0.625590 0.605066 -0.361677 0.334249 493.250024 -90.666518 30.351836
slice7/query/img_01849_c0_1287503968610154us.jpg 0.624957 0.605295 -0.362314 0.334327 494.827896 -91.043638 30.330037
slice7/query/img_01850_c0_1287503968676873us.jpg 0.624677 0.605590 -0.362480 0.334137 495.610106 -91.235154 30.313063
slice7/query/img_01851_c0_1287503968743485us.jpg 0.624402 0.605795 -0.362860 0.333868 496.385877 -91.423744 30.300798
slice7/query/img_01852_c0_1287503968810099us.jpg 0.624298 0.605752 -0.363284 0.333679 497.158026 -91.613785 30.287607
slice7/query/img_01853_c0_1287503968943478us.jpg 0.624067 0.605477 -0.363941 0.333893 498.690744 -91.986739 30.258915
slice7/query/img_01854_c0_1287503969010063us.jpg 0.623724 0.605725 -0.363754 0.334289 499.447908 -92.169505 30.241627
slice7/query/img_01855_c0_1287503969076801us.jpg 0.623376 0.606068 -0.363476 0.334617 500.201261 -92.351374 30.226236
slice7/query/img_01856_c0_1287503969143414us.jpg 0.622873 0.606519 -0.363780 0.334407 500.948162 -92.532005 30.212835
slice7/query/img_01857_c0_1287503969276767us.jpg 0.623440 0.604874 -0.368279 0.331392 502.440540 -92.903912 30.194310
slice7/query/img_01858_c0_1287503969343379us.jpg 0.623788 0.604532 -0.368302 0.331336 503.168774 -93.086637 30.182085
slice7/query/img_01859_c0_1287503969409991us.jpg 0.624352 0.604715 -0.366111 0.332367 503.886727 -93.266744 30.158141
slice7/query/img_01860_c0_1287503969476729us.jpg 0.625524 0.604082 -0.363774 0.333875 504.594606 -93.447812 30.134486
slice7/query/img_01861_c0_1287503969609956us.jpg 0.626964 0.603286 -0.362991 0.333466 506.015057 -93.800563 30.108259
slice7/query/img_01862_c0_1287503969676695us.jpg 0.626579 0.604112 -0.363157 0.332512 506.720817 -93.971793 30.098384
slice7/query/img_01863_c0_1287503969743307us.jpg 0.625582 0.605795 -0.363242 0.331232 507.422734 -94.139005 30.088242
slice7/query/img_01864_c0_1287503969876659us.jpg 0.623872 0.608208 -0.363506 0.329742 508.810877 -94.463823 30.061832
slice7/query/img_01865_c0_1287503969943270us.jpg 0.623450 0.608929 -0.363366 0.329365 509.494682 -94.624337 30.046580
slice7/query/img_01866_c0_1287503970009884us.jpg 0.623292 0.609531 -0.362570 0.329427 510.170040 -94.782649 30.029217
slice7/query/img_01867_c0_1287503970076622us.jpg 0.623277 0.610091 -0.361665 0.329413 510.834793 -94.938861 30.012956
slice7/query/img_01868_c0_1287503970209870us.jpg 0.623816 0.610605 -0.361616 0.327490 512.151754 -95.249395 29.991873
slice7/query/img_01869_c0_1287503970276585us.jpg 0.624422 0.610266 -0.362216 0.326301 512.798139 -95.401075 29.984664
slice7/query/img_01870_c0_1287503970343204us.jpg 0.624885 0.610055 -0.362579 0.325404 513.436071 -95.550563 29.975086
slice7/query/img_01871_c0_1287503970476575us.jpg 0.625060 0.610782 -0.361702 0.324681 514.683434 -95.839198 29.948400
slice7/query/img_01873_c0_1287503970609776us.jpg 0.625411 0.610982 -0.361059 0.324344 515.898877 -96.114747 29.923239
slice7/query/img_01874_c0_1287503970676515us.jpg 0.625623 0.611065 -0.360625 0.324262 516.491621 -96.247450 29.911960
slice7/query/img_01875_c0_1287503970809764us.jpg 0.626354 0.610889 -0.359758 0.324145 517.649895 -96.507467 29.889499
slice7/query/img_01876_c0_1287503970876478us.jpg 0.626714 0.610869 -0.359465 0.323811 518.213783 -96.635033 29.880217
slice7/query/img_01878_c0_1287503971076443us.jpg 0.627624 0.610376 -0.360480 0.321844 519.855348 -96.997821 29.857340
slice7/query/img_01879_c0_1287503971143054us.jpg 0.627493 0.610682 -0.360399 0.321609 520.382478 -97.112534 29.849730
slice7/query/img_01881_c0_1287503971343047us.jpg 0.627566 0.611309 -0.358752 0.322118 521.899390 -97.437572 29.818669
slice7/query/img_01882_c0_1287503971409632us.jpg 0.627786 0.611204 -0.358974 0.321640 522.385867 -97.545140 29.810095
slice7/query/img_01884_c0_1287503971609599us.jpg 0.628278 0.610950 -0.358721 0.321443 523.787306 -97.845861 29.782534
slice7/query/img_01886_c0_1287503971742945us.jpg 0.628032 0.611428 -0.358601 0.321151 524.675340 -98.036011 29.766088
slice7/query/img_01887_c0_1287503971809560us.jpg 0.628034 0.611529 -0.358612 0.320942 525.102614 -98.127704 29.757823
slice7/query/img_01888_c0_1287503971942914us.jpg 0.628031 0.611480 -0.358411 0.321265 525.928843 -98.301643 29.740145
slice7/query/img_01890_c0_1287503972076261us.jpg 0.627924 0.611473 -0.358168 0.321757 526.716562 -98.467041 29.725018
slice7/query/img_01891_c0_1287503972209490us.jpg 0.628155 0.611357 -0.357652 0.322101 527.467324 -98.627765 29.708899
slice7/query/img_01893_c0_1287503972342841us.jpg 0.628357 0.610961 -0.357793 0.322301 528.185642 -98.780234 29.694072
slice7/query/img_01894_c0_1287503972476190us.jpg 0.628372 0.610961 -0.357637 0.322446 528.863188 -98.925788 29.682801
slice7/query/img_01896_c0_1287503972676154us.jpg 0.629556 0.609159 -0.358269 0.322844 529.811210 -99.135353 29.671053
slice7/query/img_01897_c0_1287503972742766us.jpg 0.629099 0.609607 -0.357442 0.323806 530.106394 -99.196459 29.661546
slice7/query/img_01900_c0_1287503973009347us.jpg 0.626966 0.611677 -0.358945 0.322370 531.212152 -99.427677 29.645317
slice7/query/img_01901_c0_1287503973076083us.jpg 0.627392 0.611242 -0.359283 0.321990 531.463888 -99.484287 29.642024
slice7/query/img_01903_c0_1287503973276068us.jpg 0.628471 0.609795 -0.360772 0.320964 532.166416 -99.644767 29.636749
slice7/query/img_01907_c0_1287503973609258us.jpg 0.626268 0.611712 -0.361115 0.321237 533.166504 -99.850774 29.615229
slice7/query/img_01910_c0_1287503973875939us.jpg 0.627194 0.610754 -0.360641 0.321783 533.802428 -99.991329 29.596889
slice7/query/img_01914_c0_1287503974209136us.jpg 0.627564 0.610239 -0.360374 0.322339 534.433194 -100.130719 29.582717
slice7/query/img_01920_c0_1287503974742507us.jpg 0.627894 0.609790 -0.360526 0.322376 535.135056 -100.286171 29.570682
slice7/query/img_02070_c0_1287503987740097us.jpg 0.627125 0.610032 -0.353558 0.331017 535.760343 -100.447863 29.579289
slice7/query/img_02078_c0_1287503988406599us.jpg 0.629068 0.607842 -0.351184 0.333873 536.327426 -100.574129 29.564904
slice7/query/img_02083_c0_1287503988806509us.jpg 0.628476 0.608435 -0.351140 0.333955 537.024272 -100.723600 29.551040
slice7/query/img_02086_c0_1287503989073215us.jpg 0.628664 0.608356 -0.351445 0.333423 537.634684 -100.865605 29.540323
slice7/query/img_02089_c0_1287503989339787us.jpg 0.628483 0.608401 -0.350959 0.334193 538.372555 -101.025010 29.521453
slice7/query/img_02091_c0_1287503989539752us.jpg 0.628212 0.608546 -0.350808 0.334596 539.008924 -101.163984 29.508874
slice7/query/img_02094_c0_1287503989739714us.jpg 0.628880 0.608179 -0.351455 0.333329 539.718879 -101.330469 29.498704
slice7/query/img_02096_c0_1287503989939680us.jpg 0.628502 0.608461 -0.352809 0.332093 540.482776 -101.499357 29.484626
slice7/query/img_02098_c0_1287503990139667us.jpg 0.627020 0.609952 -0.353027 0.331927 541.278788 -101.667199 29.466345
slice7/query/img_02100_c0_1287503990272993us.jpg 0.627737 0.609276 -0.352931 0.331918 541.825103 -101.792741 29.455514
slice7/query/img_02102_c0_1287503990472959us.jpg 0.629675 0.607180 -0.352778 0.332249 542.672965 -101.987667 29.439353
slice7/query/img_02103_c0_1287503990539571us.jpg 0.629790 0.606952 -0.352701 0.332530 542.964297 -102.053123 29.433689
slice7/query/img_02105_c0_1287503990739534us.jpg 0.628722 0.608114 -0.352155 0.333005 543.875418 -102.247840 29.412943
slice7/query/img_02107_c0_1287503990872885us.jpg 0.628525 0.608466 -0.352269 0.332615 544.503520 -102.387979 29.402586
slice7/query/img_02109_c0_1287503991072872us.jpg 0.628966 0.607766 -0.353024 0.332259 545.472027 -102.603185 29.384978
slice7/query/img_02110_c0_1287503991139462us.jpg 0.628812 0.607785 -0.353086 0.332449 545.799416 -102.673868 29.378212
slice7/query/img_02112_c0_1287503991339427us.jpg 0.629176 0.607396 -0.352452 0.333145 546.808831 -102.899592 29.357792
slice7/query/img_02113_c0_1287503991406040us.jpg 0.629555 0.606909 -0.352110 0.333678 547.155015 -102.977141 29.350929
slice7/query/img_02115_c0_1287503991606026us.jpg 0.628952 0.606914 -0.351968 0.334951 548.236927 -103.216926 29.330410
slice7/query/img_02116_c0_1287503991672738us.jpg 0.628617 0.607181 -0.351722 0.335357 548.605399 -103.298915 29.322481
slice7/query/img_02118_c0_1287503991805964us.jpg 0.628648 0.606499 -0.352399 0.335821 549.363889 -103.470535 29.307996
slice7/query/img_02119_c0_1287503991939319us.jpg 0.628439 0.605406 -0.354275 0.336210 550.143463 -103.648941 29.298921
slice7/query/img_02120_c0_1287503992005930us.jpg 0.628064 0.605305 -0.355083 0.336240 550.538825 -103.739344 29.295757
slice7/query/img_02122_c0_1287503992205915us.jpg 0.627823 0.604541 -0.356304 0.336774 551.755148 -104.027685 29.281346
slice7/query/img_02124_c0_1287503992339246us.jpg 0.627432 0.603992 -0.356476 0.338301 552.590175 -104.226680 29.264412
slice7/query/img_02125_c0_1287503992472597us.jpg 0.626506 0.604231 -0.356899 0.339143 553.442747 -104.427808 29.248317
slice7/query/img_02126_c0_1287503992539213us.jpg 0.626271 0.603930 -0.357644 0.339330 553.879102 -104.531607 29.243470
slice7/query/img_02128_c0_1287503992739195us.jpg 0.624081 0.604405 -0.359621 0.340427 555.218818 -104.849061 29.221887
slice7/query/img_02130_c0_1287503992872526us.jpg 0.622941 0.604680 -0.360231 0.341382 556.130593 -105.070238 29.203792
slice7/query/img_02131_c0_1287503992939135us.jpg 0.622690 0.604272 -0.360744 0.342018 556.590768 -105.185046 29.194009
slice7/query/img_02132_c0_1287503993072506us.jpg 0.622007 0.603588 -0.362132 0.343002 557.530232 -105.419676 29.175634
slice7/query/img_02133_c0_1287503993139102us.jpg 0.621553 0.603611 -0.363151 0.342705 558.004463 -105.540106 29.166812
slice7/query/img_02134_c0_1287503993205713us.jpg 0.621145 0.603351 -0.363957 0.343048 558.484905 -105.662815 29.155672
slice7/query/img_02135_c0_1287503993339066us.jpg 0.619674 0.603658 -0.364736 0.344338 559.457879 -105.908208 29.135213
slice7/query/img_02136_c0_1287503993405678us.jpg 0.619289 0.603492 -0.364471 0.345600 559.945973 -106.035871 29.120036
slice7/query/img_02137_c0_1287503993472416us.jpg 0.618865 0.603391 -0.363825 0.347213 560.438018 -106.161385 29.103379
slice7/query/img_02139_c0_1287503993672378us.jpg 0.616064 0.603390 -0.365205 0.350730 561.954164 -106.551596 29.070094
slice7/query/img_02140_c0_1287503993738990us.jpg 0.615964 0.602151 -0.367377 0.350765 562.467150 -106.691115 29.067160
slice7/query/img_02142_c0_1287503993938979us.jpg 0.616856 0.597380 -0.374901 0.349391 564.040011 -107.139279 29.057165
slice7/query/img_02143_c0_1287503994005568us.jpg 0.616642 0.596983 -0.376076 0.349186 564.562219 -107.295978 29.047835
slice7/query/img_02145_c0_1287503994205555us.jpg 0.617807 0.592187 -0.379131 0.351979 566.163894 -107.772392 29.000573
slice7/query/img_02146_c0_1287503994272291us.jpg 0.616094 0.592177 -0.380432 0.353590 566.707208 -107.926843 28.979983
slice7/query/img_02147_c0_1287503994338884us.jpg 0.613324 0.593291 -0.380949 0.355974 567.250153 -108.080197 28.956972
slice7/query/img_02148_c0_1287503994405496us.jpg 0.609987 0.594449 -0.381938 0.358706 567.791782 -108.234280 28.934018
slice7/query/img_02149_c0_1287503994538851us.jpg 0.604428 0.594458 -0.384795 0.364993 568.882906 -108.555837 28.895319
slice7/query/img_02150_c0_1287503994605466us.jpg 0.602013 0.593924 -0.387405 0.367085 569.435376 -108.728459 28.881143
slice7/query/img_02151_c0_1287503994672205us.jpg 0.600047 0.592637 -0.391305 0.368246 569.987059 -108.913790 28.871258
slice7/query/img_02152_c0_1287503994805426us.jpg 0.598481 0.587736 -0.400095 0.369204 571.098320 -109.312098 28.858509
slice7/query/img_02153_c0_1287503994872165us.jpg 0.598582 0.583656 -0.403545 0.371748 571.652799 -109.519784 28.842885
slice7/query/img_02154_c0_1287503994938777us.jpg 0.598301 0.579734 -0.405948 0.375701 572.204350 -109.731819 28.820071
slice7/query/img_02155_c0_1287503995005389us.jpg 0.596985 0.576429 -0.407485 0.381176 572.754587 -109.944900 28.790315
