slice7/query/img_03017_c0_1288106493976768us.jpg 0.635900 0.600439 -0.324708 0.360095 357.300220 -58.871061 28.867370
slice7/query/img_03018_c0_1288106494043382us.jpg 0.635496 0.601118 -0.324153 0.360177 358.288555 -59.098603 28.923795
slice7/query/img_03019_c0_1288106494176737us.jpg 0.633568 0.603586 -0.324080 0.359511 360.268728 -59.536017 29.039060
slice7/query/img_03020_c0_1288106494243347us.jpg 0.632702 0.604639 -0.324695 0.358710 361.264696 -59.747514 29.098737
slice7/query/img_03021_c0_1288106494309961us.jpg 0.632348 0.605295 -0.325208 0.357762 362.259185 -59.968065 29.154486
slice7/query/img_03022_c0_1288106494443315us.jpg 0.633021 0.605459 -0.325886 0.355670 364.251560 -60.404736 29.264864
slice7/query/img_03023_c0_1288106494509927us.jpg 0.633775 0.605134 -0.325448 0.355281 365.246399 -60.620207 29.311705
slice7/query/img_03024_c0_1288106494576664us.jpg 0.634565 0.604489 -0.325318 0.355089 366.236920 -60.837243 29.357316
slice7/query/img_03025_c0_1288106494643279us.jpg 0.634896 0.604292 -0.325194 0.354946 367.234243 -61.053069 29.403781
slice7/query/img_03026_c0_1288106494776635us.jpg 0.633726 0.605753 -0.325522 0.354246 369.237973 -61.468097 29.499251
slice7/query/img_03027_c0_1288106494843266us.jpg 0.632965 0.606687 -0.325590 0.353947 370.236316 -61.680968 29.544900
slice7/query/img_03028_c0_1288106494909858us.jpg 0.632532 0.607449 -0.325435 0.353554 371.234973 -61.891767 29.587781
slice7/query/img_03029_c0_1288106494976596us.jpg 0.632404 0.607814 -0.325326 0.353258 372.230938 -62.105533 29.633073
slice7/query/img_03030_c0_1288106495109826us.jpg 0.632806 0.607835 -0.325079 0.352728 374.222789 -62.524299 29.723454
slice7/query/img_03031_c0_1288106495176584us.jpg 0.633411 0.607300 -0.325163 0.352485 375.216794 -62.735721 29.766934
slice7/query/img_03032_c0_1288106495243175us.jpg 0.633939 0.606839 -0.325223 0.352275 376.211179 -62.946224 29.811795
slice7/query/img_03033_c0_1288106495309788us.jpg 0.634216 0.606492 -0.325502 0.352116 377.200236 -63.155292 29.857832
slice7/query/img_03034_c0_1288106495443143us.jpg 0.634031 0.606669 -0.326289 0.351415 379.183759 -63.572713 29.949455
slice7/query/img_03035_c0_1288106495509776us.jpg 0.633573 0.607139 -0.326668 0.351077 380.171370 -63.783279 29.995795
slice7/query/img_03036_c0_1288106495576494us.jpg 0.633180 0.607481 -0.326805 0.351067 381.155369 -63.990748 30.039306
slice7/query/img_03037_c0_1288106495776456us.jpg 0.631967 0.608298 -0.328094 0.350635 384.113958 -64.623273 30.165279
slice7/query/img_03038_c0_1288106495909720us.jpg 0.631291 0.608621 -0.329149 0.350305 386.082789 -65.041408 30.243946
slice7/query/img_03039_c0_1288106495976424us.jpg 0.631411 0.608196 -0.329641 0.350365 387.066478 -65.252180 30.281718
slice7/query/img_03040_c0_1288106496043038us.jpg 0.631616 0.607571 -0.330309 0.350449 388.044517 -65.466149 30.318514
slice7/query/img_03041_c0_1288106496109653us.jpg 0.631862 0.606960 -0.330826 0.350577 389.025006 -65.678548 30.353860
slice7/query/img_03042_c0_1288106496243011us.jpg 0.632157 0.606237 -0.331493 0.350666 390.987442 -66.107566 30.421977
slice7/query/img_03043_c0_1288106496309618us.jpg 0.632202 0.606115 -0.331992 0.350323 391.967287 -66.325741 30.456673
slice7/query/img_03044_c0_1288106496376356us.jpg 0.632192 0.606005 -0.332525 0.350026 392.943833 -66.542127 30.488783
slice7/query/img_03045_c0_1288106496442967us.jpg 0.632085 0.605949 -0.332859 0.349999 393.918004 -66.758471 30.520579
slice7/query/img_03046_c0_1288106496576325us.jpg 0.631006 0.606595 -0.334081 0.349662 395.872995 -67.188550 30.586764
slice7/query/img_03047_c0_1288106496642955us.jpg 0.630433 0.606971 -0.334926 0.349234 396.848569 -67.401459 30.612911
slice7/query/img_03048_c0_1288106496709549us.jpg 0.629884 0.607413 -0.335613 0.348796 397.816037 -67.617086 30.642145
slice7/query/img_03049_c0_1288106496842925us.jpg 0.629674 0.607487 -0.337242 0.347474 399.751395 -68.056520 30.694811
slice7/query/img_03050_c0_1288106496909514us.jpg 0.629906 0.607143 -0.337822 0.347091 400.713838 -68.271905 30.719110
slice7/query/img_03051_c0_1288106496976253us.jpg 0.630204 0.606801 -0.338244 0.346739 401.675552 -68.486700 30.743266
slice7/query/img_03052_c0_1288106497109482us.jpg 0.630950 0.606041 -0.338630 0.346332 403.581791 -68.918761 30.790190
slice7/query/img_03053_c0_1288106497176221us.jpg 0.631391 0.605874 -0.338530 0.345920 404.534207 -69.137288 30.811965
slice7/query/img_03054_c0_1288106497242835us.jpg 0.631618 0.605785 -0.338389 0.345798 405.479726 -69.349231 30.831790
slice7/query/img_03055_c0_1288106497309446us.jpg 0.631710 0.605963 -0.338037 0.345662 406.420137 -69.562088 30.852824
slice7/query/img_03056_c0_1288106497443154us.jpg 0.631256 0.606620 -0.337852 0.345520 408.309911 -69.975932 30.898125
slice7/query/img_03057_c0_1288106497509433us.jpg 0.630760 0.607179 -0.338041 0.345259 409.252234 -70.179007 30.918675
slice7/query/img_03058_c0_1288106497576149us.jpg 0.630208 0.607782 -0.338331 0.344922 410.191214 -70.383424 30.938222
slice7/query/img_03059_c0_1288106497642768us.jpg 0.629834 0.608181 -0.338616 0.344621 411.126200 -70.592168 30.957028
slice7/query/img_03060_c0_1288106497776116us.jpg 0.629591 0.608111 -0.339703 0.344119 412.992541 -71.005287 30.996425
slice7/query/img_03061_c0_1288106497842738us.jpg 0.629673 0.607947 -0.340430 0.343539 413.921080 -71.206732 31.012734
slice7/query/img_03062_c0_1288106497976084us.jpg 0.630345 0.607246 -0.341195 0.342787 415.775057 -71.618724 31.037327
slice7/query/img_03063_c0_1288106498042697us.jpg 0.630806 0.606523 -0.341225 0.343189 416.698122 -71.822159 31.050810
slice7/query/img_03064_c0_1288106498109310us.jpg 0.631308 0.605841 -0.341296 0.343401 417.615508 -72.026859 31.061592
slice7/query/img_03065_c0_1288106498176048us.jpg 0.631682 0.605232 -0.341644 0.343441 418.528773 -72.232573 31.073320
slice7/query/img_03066_c0_1288106498309278us.jpg 0.631686 0.605306 -0.341690 0.343257 420.362918 -72.640748 31.099716
slice7/query/img_03067_c0_1288106498376014us.jpg 0.631227 0.605671 -0.341908 0.343241 421.276076 -72.841504 31.108493
slice7/query/img_03068_c0_1288106498442628us.jpg 0.630574 0.606000 -0.342520 0.343250 422.192770 -73.038453 31.122641
slice7/query/img_03069_c0_1288106498576011us.jpg 0.629027 0.606713 -0.343588 0.343760 424.017064 -73.442189 31.141127
slice7/query/img_03070_c0_1288106498642617us.jpg 0.628561 0.606950 -0.343762 0.344021 424.929982 -73.645917 31.150535
slice7/query/img_03071_c0_1288106498709209us.jpg 0.628549 0.606867 -0.343892 0.344060 425.841432 -73.852977 31.156185
slice7/query/img_03072_c0_1288106498775947us.jpg 0.628881 0.606439 -0.343928 0.344172 426.750163 -74.060239 31.161202
slice7/query/img_03073_c0_1288106498909177us.jpg 0.630344 0.604595 -0.344479 0.344188 428.567944 -74.483122 31.172330
slice7/query/img_03074_c0_1288106498975913us.jpg 0.630999 0.603626 -0.344866 0.344301 429.478177 -74.694273 31.182760
slice7/query/img_03075_c0_1288106499042527us.jpg 0.631287 0.603018 -0.345339 0.344365 430.390813 -74.905329 31.191826
slice7/query/img_03076_c0_1288106499109140us.jpg 0.631273 0.602760 -0.345825 0.344356 431.301183 -75.115295 31.196099
slice7/query/img_03077_c0_1288106499242515us.jpg 0.630544 0.603082 -0.346278 0.344671 433.129497 -75.537820 31.206073
slice7/query/img_03078_c0_1288106499309129us.jpg 0.629983 0.603326 -0.346908 0.344637 434.042164 -75.749336 31.209938
slice7/query/img_03079_c0_1288106499375846us.jpg 0.629318 0.603903 -0.347352 0.344394 434.959237 -75.960028 31.212878
slice7/query/img_03080_c0_1288106499442459us.jpg 0.628799 0.604252 -0.347730 0.344347 435.875255 -76.168779 31.216669
slice7/query/img_03081_c0_1288106499509074us.jpg 0.628247 0.604605 -0.347551 0.344915 436.796333 -76.375177 31.217209
slice7/query/img_03082_c0_1288106499642448us.jpg 0.627569 0.604441 -0.348326 0.345655 438.633271 -76.800919 31.227058
slice7/query/img_03083_c0_1288106499709040us.jpg 0.627354 0.604331 -0.349260 0.345296 439.552887 -77.022780 31.228897
slice7/query/img_03084_c0_1288106499775778us.jpg 0.627423 0.603984 -0.350372 0.344649 440.472542 -77.244921 31.231746
slice7/query/img_03085_c0_1288106499842392us.jpg 0.627870 0.603454 -0.351231 0.343889 441.393557 -77.469539 31.233707
slice7/query/img_03086_c0_1288106499975752us.jpg 0.629374 0.601548 -0.352826 0.342845 443.236243 -77.922809 31.238290
slice7/query/img_03087_c0_1288106500042355us.jpg 0.630108 0.600555 -0.353511 0.342530 444.157993 -78.148627 31.238149
slice7/query/img_03088_c0_1288106500108972us.jpg 0.630428 0.600086 -0.354245 0.342006 445.084308 -78.374727 31.234037
slice7/query/img_03089_c0_1288106500175711us.jpg 0.630026 0.600406 -0.354824 0.341585 446.009628 -78.597377 31.224402
slice7/query/img_03090_c0_1288106500308940us.jpg 0.627572 0.602780 -0.355350 0.341373 447.862613 -79.036735 31.204102
slice7/query/img_03091_c0_1288106500375678us.jpg 0.626242 0.603889 -0.355175 0.342038 448.790344 -79.256594 31.189013
slice7/query/img_03092_c0_1288106500442290us.jpg 0.625064 0.604745 -0.355065 0.342793 449.715386 -79.479245 31.174988
slice7/query/img_03093_c0_1288106500508905us.jpg 0.624231 0.605415 -0.354519 0.343693 450.644605 -79.698198 31.159423
slice7/query/img_03094_c0_1288106500642282us.jpg 0.623874 0.605546 -0.354029 0.344614 452.501962 -80.146400 31.138111
slice7/query/img_03095_c0_1288106500708870us.jpg 0.624312 0.605075 -0.354059 0.344618 453.428081 -80.379633 31.129665
slice7/query/img_03096_c0_1288106500775610us.jpg 0.624723 0.604751 -0.354561 0.343924 454.357986 -80.616818 31.124292
slice7/query/img_03097_c0_1288106500842223us.jpg 0.624767 0.604707 -0.355399 0.343055 455.286629 -80.849348 31.120470
slice7/query/img_03098_c0_1288106500975599us.jpg 0.623570 0.605905 -0.357107 0.341343 457.151448 -81.308137 31.100306
slice7/query/img_03099_c0_1288106501042189us.jpg 0.622674 0.606695 -0.357491 0.341172 458.085830 -81.534945 31.083821
slice7/query/img_03100_c0_1288106501108802us.jpg 0.622002 0.607108 -0.357528 0.341625 459.016710 -81.762978 31.064757
slice7/query/img_03101_c0_1288106501175541us.jpg 0.621560 0.607431 -0.357080 0.342323 459.946176 -81.988603 31.047175
slice7/query/img_03102_c0_1288106501308772us.jpg 0.621761 0.607395 -0.356200 0.342938 461.799878 -82.450831 31.014751
slice7/query/img_03103_c0_1288106501375528us.jpg 0.622613 0.606585 -0.356988 0.342004 462.730058 -82.686815 31.001542
slice7/query/img_03104_c0_1288106501442122us.jpg 0.623761 0.605529 -0.358093 0.340627 463.664582 -82.926770 30.994093
slice7/query/img_03105_c0_1288106501508744us.jpg 0.624938 0.604316 -0.359232 0.339420 464.606743 -83.146825 30.979273
slice7/query/img_03106_c0_1288106501642113us.jpg 0.625889 0.603793 -0.359171 0.338664 466.467366 -83.613504 30.944867
slice7/query/img_03107_c0_1288106501708702us.jpg 0.625510 0.604242 -0.358747 0.339013 467.393246 -83.842397 30.922204
slice7/query/img_03108_c0_1288106501775441us.jpg 0.625125 0.604457 -0.358581 0.339514 468.326495 -84.069342 30.901582
slice7/query/img_03109_c0_1288106501842056us.jpg 0.624555 0.604825 -0.358904 0.339567 469.263861 -84.291985 30.880631
slice7/query/img_03110_c0_1288106501976347us.jpg 0.624021 0.605943 -0.359542 0.337876 471.133608 -84.750284 30.839785
slice7/query/img_03111_c0_1288106502042025us.jpg 0.624482 0.605744 -0.360094 0.336791 472.066846 -84.984337 30.819452
slice7/query/img_03112_c0_1288106502108636us.jpg 0.625437 0.604941 -0.360750 0.335759 473.000093 -85.218599 30.796215
slice7/query/img_03113_c0_1288106502175374us.jpg 0.625957 0.604555 -0.361318 0.334875 473.934021 -85.448915 30.777546
slice7/query/img_03114_c0_1288106502308625us.jpg 0.626382 0.604253 -0.361236 0.334711 475.800754 -85.901082 30.722768
slice7/query/img_03115_c0_1288106502375346us.jpg 0.626301 0.604435 -0.360392 0.335444 476.729787 -86.126080 30.692518
slice7/query/img_03116_c0_1288106502441954us.jpg 0.625918 0.604831 -0.359395 0.336513 477.660305 -86.346254 30.664630
slice7/query/img_03117_c0_1288106502575309us.jpg 0.624983 0.606167 -0.358158 0.337164 479.524453 -86.790592 30.609526
slice7/query/img_03118_c0_1288106502641918us.jpg 0.624579 0.606678 -0.358381 0.336759 480.457146 -87.016453 30.590354
slice7/query/img_03119_c0_1288106502708534us.jpg 0.624608 0.606790 -0.358800 0.336056 481.393879 -87.247129 30.570714
slice7/query/img_03120_c0_1288106502775273us.jpg 0.624853 0.606598 -0.359187 0.335532 482.326833 -87.478593 30.547630
slice7/query/img_03121_c0_1288106502908524us.jpg 0.625921 0.605884 -0.359064 0.334963 484.196449 -87.937074 30.498606
slice7/query/img_03122_c0_1288106502975239us.jpg 0.626394 0.605626 -0.358545 0.335103 485.129245 -88.163922 30.472689
slice7/query/img_03123_c0_1288106503041853us.jpg 0.626810 0.605325 -0.358094 0.335350 486.063061 -88.387770 30.449904
slice7/query/img_03124_c0_1288106503176531us.jpg 0.626850 0.605276 -0.358060 0.335399 487.930078 -88.834455 30.419452
slice7/query/img_03125_c0_1288106503241829us.jpg 0.626789 0.605365 -0.358081 0.335332 488.861702 -89.059045 30.404975
slice7/query/img_03126_c0_1288106503308433us.jpg 0.626582 0.605711 -0.357723 0.335475 489.791444 -89.280105 30.389644
slice7/query/img_03127_c0_1288106503441792us.jpg 0.626458 0.606193 -0.356705 0.335919 491.655013 -89.720799 30.356228
slice7/query/img_03128_c0_1288106503508399us.jpg 0.626528 0.606216 -0.356472 0.335996 492.586850 -89.944191 30.340627
slice7/query/img_03129_c0_1288106503575140us.jpg 0.626538 0.606232 -0.356496 0.335921 493.513410 -90.167441 30.326342
slice7/query/img_03130_c0_1288106503708368us.jpg 0.626189 0.606650 -0.356282 0.336045 495.372857 -90.604074 30.298695
slice7/query/img_03131_c0_1288106503775106us.jpg 0.625934 0.607161 -0.356028 0.335867 496.297655 -90.824174 30.281990
slice7/query/img_03132_c0_1288106503841721us.jpg 0.625760 0.607374 -0.356212 0.335610 497.224704 -91.043130 30.267484
slice7/query/img_03133_c0_1288106503908334us.jpg 0.625732 0.607466 -0.356159 0.335551 498.149874 -91.259801 30.251685
slice7/query/img_03134_c0_1288106504041689us.jpg 0.625434 0.608009 -0.355421 0.335906 499.996600 -91.692329 30.219150
slice7/query/img_03135_c0_1288106504108300us.jpg 0.625473 0.608109 -0.355066 0.336028 500.917290 -91.910234 30.201407
slice7/query/img_03136_c0_1288106504175041us.jpg 0.626416 0.606636 -0.356866 0.335026 501.844112 -92.132442 30.190179
slice7/query/img_03137_c0_1288106504308269us.jpg 0.628382 0.603368 -0.360776 0.333052 503.693526 -92.582959 30.171121
slice7/query/img_03138_c0_1288106504375026us.jpg 0.629077 0.604073 -0.357564 0.333926 504.601672 -92.805847 30.138885
slice7/query/img_03139_c0_1288106504441620us.jpg 0.629078 0.604579 -0.355373 0.335342 505.512275 -93.020406 30.116850
slice7/query/img_03140_c0_1288106504508235us.jpg 0.628270 0.604477 -0.355437 0.336970 506.429489 -93.228460 30.097515
slice7/query/img_03141_c0_1288106504641607us.jpg 0.622571 0.608496 -0.357396 0.338240 508.279352 -93.629184 30.073697
slice7/query/img_03142_c0_1288106504708201us.jpg 0.619456 0.611408 -0.357908 0.338166 509.201423 -93.836539 30.053774
slice7/query/img_03143_c0_1288106504774939us.jpg 0.617544 0.613386 -0.357558 0.338452 510.114481 -94.049644 30.035898
slice7/query/img_03144_c0_1288106504841554us.jpg 0.617440 0.613523 -0.357147 0.338827 511.021639 -94.270316 30.014570
slice7/query/img_03145_c0_1288106504974926us.jpg 0.620992 0.609570 -0.358269 0.338285 512.839008 -94.721293 29.984538
slice7/query/img_03146_c0_1288106505041521us.jpg 0.623058 0.607499 -0.358827 0.337621 513.741006 -94.955072 29.970116
slice7/query/img_03147_c0_1288106505174876us.jpg 0.624854 0.606097 -0.358641 0.337015 515.550522 -95.402914 29.931456
slice7/query/img_03148_c0_1288106505241488us.jpg 0.624826 0.606307 -0.358144 0.337220 516.450844 -95.622908 29.915872
slice7/query/img_03149_c0_1288106505308102us.jpg 0.624616 0.606704 -0.357443 0.337637 517.351664 -95.840231 29.898960
slice7/query/img_03150_c0_1288106505374841us.jpg 0.624242 0.607218 -0.356695 0.338198 518.254443 -96.052535 29.884256
slice7/query/img_03151_c0_1288106505508091us.jpg 0.623978 0.607752 -0.356441 0.337993 520.060385 -96.489213 29.851208
slice7/query/img_03152_c0_1288106505574808us.jpg 0.624084 0.607804 -0.356597 0.337538 520.960875 -96.707297 29.839416
slice7/query/img_03153_c0_1288106505708038us.jpg 0.625157 0.607261 -0.356617 0.336507 522.759612 -97.142881 29.809268
slice7/query/img_03154_c0_1288106505774774us.jpg 0.625773 0.606798 -0.356759 0.336046 523.660048 -97.359164 29.794937
slice7/query/img_03155_c0_1288106505841389us.jpg 0.626308 0.606433 -0.356576 0.335903 524.560320 -97.573462 29.780473
slice7/query/img_03156_c0_1288106505908002us.jpg 0.626530 0.606331 -0.356466 0.335790 525.458793 -97.784855 29.764450
slice7/query/img_03157_c0_1288106506041357us.jpg 0.626280 0.607064 -0.355451 0.336008 527.254956 -98.207216 29.726135
slice7/query/img_03158_c0_1288106506107969us.jpg 0.626080 0.607353 -0.355033 0.336300 528.149898 -98.415413 29.708398
slice7/query/img_03159_c0_1288106506174708us.jpg 0.626001 0.607517 -0.354536 0.336676 529.046832 -98.622533 29.692898
slice7/query/img_03160_c0_1288106506241322us.jpg 0.626555 0.606288 -0.355873 0.336450 529.941630 -98.836335 29.681541
slice7/query/img_03161_c0_1288106506374678us.jpg 0.628065 0.606829 -0.353612 0.335039 531.719316 -99.262720 29.655525
slice7/query/img_03162_c0_1288106506441289us.jpg 0.628308 0.607073 -0.353364 0.334404 532.609918 -99.471354 29.643610
slice7/query/img_03163_c0_1288106506507903us.jpg 0.628513 0.607073 -0.354213 0.333116 533.501613 -99.674383 29.635120
slice7/query/img_03164_c0_1288106506641281us.jpg 0.628004 0.608310 -0.354683 0.331315 535.285813 -100.084048 29.605628
slice7/query/img_03165_c0_1288106506707871us.jpg 0.627375 0.609593 -0.354166 0.330701 536.172760 -100.281157 29.587599
slice7/query/img_03166_c0_1288106506774609us.jpg 0.626851 0.610822 -0.353218 0.330441 537.060094 -100.476665 29.565827
slice7/query/img_03167_c0_1288106506841222us.jpg 0.626646 0.611501 -0.352280 0.330575 537.943555 -100.667899 29.544420
slice7/query/img_03168_c0_1288106506907837us.jpg 0.627002 0.611412 -0.351531 0.330862 538.827857 -100.859001 29.524509
slice7/query/img_03169_c0_1288106507041192us.jpg 0.628327 0.610561 -0.350672 0.330831 540.599036 -101.247827 29.490224
slice7/query/img_03170_c0_1288106507107804us.jpg 0.628661 0.610384 -0.350812 0.330376 541.481628 -101.441104 29.475631
slice7/query/img_03171_c0_1288106507174544us.jpg 0.628836 0.610273 -0.350949 0.330102 542.365014 -101.634836 29.461355
slice7/query/img_03172_c0_1288106507241158us.jpg 0.628902 0.610111 -0.351122 0.330092 543.246328 -101.824432 29.445515
slice7/query/img_03173_c0_1288106507374888us.jpg 0.628523 0.610146 -0.351091 0.330780 545.007602 -102.210343 29.413730
slice7/query/img_03174_c0_1288106507441125us.jpg 0.627911 0.610389 -0.351412 0.331153 545.890877 -102.400975 29.397326
slice7/query/img_03175_c0_1288106507507743us.jpg 0.627104 0.610512 -0.351979 0.331853 546.770837 -102.589386 29.381292
slice7/query/img_03176_c0_1288106507641117us.jpg 0.625397 0.610584 -0.352711 0.334158 548.531813 -102.969709 29.345951
slice7/query/img_03177_c0_1288106507707703us.jpg 0.624384 0.610504 -0.353011 0.335877 549.407088 -103.159193 29.328034
slice7/query/img_03178_c0_1288106507774444us.jpg 0.623632 0.610087 -0.353929 0.337062 550.286339 -103.358468 29.311268
slice7/query/img_03179_c0_1288106507841058us.jpg 0.622995 0.609172 -0.355599 0.338136 551.161955 -103.554484 29.298437
slice7/query/img_03180_c0_1288106507974410us.jpg 0.621381 0.607719 -0.359118 0.339998 552.912416 -103.963642 29.276503
slice7/query/img_03181_c0_1288106508041025us.jpg 0.620422 0.607219 -0.360528 0.341146 553.783165 -104.177556 29.263936
slice7/query/img_03182_c0_1288106508107640us.jpg 0.619232 0.606688 -0.362195 0.342486 554.653764 -104.390588 29.249568
slice7/query/img_03183_c0_1288106508241002us.jpg 0.615809 0.606114 -0.365783 0.345844 556.390380 -104.822361 29.219757
slice7/query/img_03184_c0_1288106508307606us.jpg 0.613542 0.606235 -0.367324 0.348020 557.257416 -105.044574 29.200120
slice7/query/img_03185_c0_1288106508374345us.jpg 0.610843 0.606329 -0.369494 0.350300 558.120230 -105.267330 29.179783
slice7/query/img_03186_c0_1288106508440960us.jpg 0.608025 0.606367 -0.371981 0.352496 558.980387 -105.496451 29.158827
slice7/query/img_03187_c0_1288106508574337us.jpg 0.603372 0.605076 -0.375817 0.358589 560.695178 -105.972899 29.115005
slice7/query/img_03188_c0_1288106508640951us.jpg 0.600253 0.604072 -0.378210 0.362975 561.549678 -106.219496 29.092392
slice7/query/img_03189_c0_1288106508707541us.jpg 0.597837 0.602116 -0.380981 0.367289 562.404497 -106.476379 29.069070
slice7/query/img_03190_c0_1288106508774280us.jpg 0.596234 0.598896 -0.385664 0.370258 563.254551 -106.749009 29.055935
slice7/query/img_03191_c0_1288106508907510us.jpg 0.593443 0.592851 -0.396142 0.373396 564.953011 -107.334009 29.032105
slice7/query/img_03192_c0_1288106508974270us.jpg 0.592427 0.590036 -0.400543 0.374770 565.792477 -107.640286 29.016022
slice7/query/img_03193_c0_1288106509040861us.jpg 0.591251 0.586984 -0.404815 0.376825 566.626947 -107.956949 28.992451
slice7/query/img_03194_c0_1288106509107477us.jpg 0.589579 0.584113 -0.408306 0.380124 567.457944 -108.270274 28.959172
slice7/query/img_03195_c0_1288106509240831us.jpg 0.583616 0.579955 -0.413359 0.390101 569.101874 -108.914904 28.885859
slice7/query/img_03196_c0_1288106509307444us.jpg 0.578998 0.579408 -0.416935 0.393971 569.923926 -109.249640 28.850611
slice7/query/img_03197_c0_1288106509374182us.jpg 0.573982 0.579736 -0.420434 0.397096 570.740727 -109.592404 28.812427
