slice7/query/img_03532_c0_1288792632461548us.jpg 0.635350 0.598566 -0.326218 0.362810 358.537107 -59.308588 28.922890
slice7/query/img_03533_c0_1288792632528142us.jpg 0.634722 0.599492 -0.326189 0.362406 359.425973 -59.513044 28.977113
slice7/query/img_03534_c0_1288792632594749us.jpg 0.634253 0.600355 -0.326471 0.361543 360.300243 -59.731239 29.033570
slice7/query/img_03535_c0_1288792632728100us.jpg 0.634477 0.600861 -0.327040 0.359793 362.118104 -60.123286 29.129694
slice7/query/img_03536_c0_1288792632861475us.jpg 0.635938 0.600395 -0.327167 0.357869 363.919573 -60.535750 29.226397
slice7/query/img_03537_c0_1288792632994677us.jpg 0.637130 0.599838 -0.326207 0.357559 365.713529 -60.936866 29.310373
slice7/query/img_03538_c0_1288792633061414us.jpg 0.637075 0.600086 -0.325936 0.357489 366.604206 -61.135015 29.355761
slice7/query/img_03539_c0_1288792633128027us.jpg 0.636332 0.601074 -0.325917 0.357169 367.507960 -61.329410 29.400028
slice7/query/img_03540_c0_1288792633194640us.jpg 0.635274 0.602268 -0.326088 0.356885 368.411159 -61.518819 29.442415
slice7/query/img_03541_c0_1288792633328015us.jpg 0.633499 0.604156 -0.326757 0.356236 370.224997 -61.899210 29.527351
slice7/query/img_03542_c0_1288792633394630us.jpg 0.633348 0.604316 -0.326902 0.356101 371.128601 -62.091282 29.567544
slice7/query/img_03543_c0_1288792633461341us.jpg 0.633557 0.604191 -0.326938 0.355906 372.029721 -62.288720 29.606443
slice7/query/img_03544_c0_1288792633594588us.jpg 0.634576 0.603220 -0.326961 0.355718 373.835071 -62.675753 29.689860
slice7/query/img_03545_c0_1288792633661303us.jpg 0.635393 0.602382 -0.327084 0.355567 374.731482 -62.876113 29.728574
slice7/query/img_03546_c0_1288792633727916us.jpg 0.636016 0.601748 -0.327246 0.355378 375.630952 -63.074722 29.770460
slice7/query/img_03547_c0_1288792633794530us.jpg 0.636211 0.601547 -0.327335 0.355286 376.529376 -63.275170 29.812631
slice7/query/img_03548_c0_1288792633927903us.jpg 0.635684 0.601832 -0.327716 0.355397 378.336237 -63.660802 29.894095
slice7/query/img_03549_c0_1288792633994492us.jpg 0.635324 0.602134 -0.328133 0.355144 379.235318 -63.862856 29.936882
slice7/query/img_03550_c0_1288792634194475us.jpg 0.634887 0.602333 -0.328806 0.354966 381.950679 -64.461814 30.058677
slice7/query/img_03551_c0_1288792634327831us.jpg 0.634986 0.602076 -0.329911 0.354198 383.769034 -64.859004 30.135670
slice7/query/img_03552_c0_1288792634394442us.jpg 0.634941 0.602132 -0.330550 0.353588 384.681502 -65.057045 30.173615
slice7/query/img_03553_c0_1288792634461159us.jpg 0.634763 0.602272 -0.330993 0.353253 385.586674 -65.257683 30.211495
slice7/query/img_03554_c0_1288792634594407us.jpg 0.634439 0.602156 -0.331664 0.353405 387.403721 -65.657095 30.281579
slice7/query/img_03555_c0_1288792634661144us.jpg 0.634287 0.602148 -0.331986 0.353389 388.311699 -65.859486 30.314387
slice7/query/img_03556_c0_1288792634727735us.jpg 0.634139 0.602208 -0.332209 0.353342 389.217111 -66.063068 30.347113
slice7/query/img_03557_c0_1288792634861108us.jpg 0.634197 0.602082 -0.332647 0.353040 391.041491 -66.466145 30.410734
slice7/query/img_03558_c0_1288792634927698us.jpg 0.634353 0.601881 -0.333210 0.352571 391.950757 -66.668465 30.444067
slice7/query/img_03559_c0_1288792634994310us.jpg 0.634531 0.601629 -0.333655 0.352261 392.858523 -66.872087 30.476153
slice7/query/img_03560_c0_1288792635061050us.jpg 0.634482 0.601491 -0.333940 0.352315 393.762781 -67.076792 30.507365
slice7/query/img_03561_c0_1288792635194275us.jpg 0.633788 0.601929 -0.335114 0.351699 395.591650 -67.471088 30.567362
slice7/query/img_03562_c0_1288792635261012us.jpg 0.633461 0.602139 -0.335679 0.351391 396.503045 -67.671594 30.594219
slice7/query/img_03563_c0_1288792635327630us.jpg 0.633133 0.602339 -0.336028 0.351305 397.409745 -67.870815 30.620197
slice7/query/img_03564_c0_1288792635460977us.jpg 0.632604 0.602638 -0.336725 0.351078 399.219202 -68.272517 30.668783
slice7/query/img_03565_c0_1288792635527590us.jpg 0.632501 0.602628 -0.337213 0.350812 400.124262 -68.479850 30.693344
slice7/query/img_03566_c0_1288792635594201us.jpg 0.632621 0.602409 -0.337643 0.350558 401.028166 -68.689919 30.717084
slice7/query/img_03567_c0_1288792635727575us.jpg 0.632901 0.601850 -0.338340 0.350340 402.847506 -69.098795 30.760495
slice7/query/img_03568_c0_1288792635794186us.jpg 0.633014 0.601641 -0.338606 0.350240 403.763993 -69.303196 30.781909
slice7/query/img_03569_c0_1288792635860902us.jpg 0.633016 0.601564 -0.338868 0.350116 404.677931 -69.513072 30.803097
slice7/query/img_03570_c0_1288792635994151us.jpg 0.632743 0.601651 -0.338792 0.350532 406.506533 -69.924366 30.842187
slice7/query/img_03571_c0_1288792636060866us.jpg 0.632554 0.601729 -0.338928 0.350607 407.419408 -70.136274 30.864092
slice7/query/img_03572_c0_1288792636194115us.jpg 0.631944 0.602248 -0.339558 0.350207 409.255761 -70.548618 30.903320
slice7/query/img_03573_c0_1288792636260830us.jpg 0.631646 0.602511 -0.339881 0.349977 410.167880 -70.759346 30.923559
slice7/query/img_03574_c0_1288792636327442us.jpg 0.631517 0.602467 -0.340498 0.349685 411.075447 -70.973168 30.942522
slice7/query/img_03575_c0_1288792636460797us.jpg 0.631642 0.601980 -0.341968 0.348864 412.903755 -71.395007 30.980572
slice7/query/img_03576_c0_1288792636527404us.jpg 0.631664 0.601992 -0.342682 0.348102 413.811870 -71.611811 30.998373
slice7/query/img_03577_c0_1288792636660776us.jpg 0.631987 0.601695 -0.343165 0.347553 415.630845 -72.033252 31.023144
slice7/query/img_03578_c0_1288792636727374us.jpg 0.632395 0.601084 -0.343047 0.347984 416.541303 -72.243633 31.032610
slice7/query/img_03579_c0_1288792636860742us.jpg 0.632602 0.600616 -0.342958 0.348505 418.381634 -72.660251 31.055322
slice7/query/img_03580_c0_1288792636927332us.jpg 0.632521 0.600708 -0.342969 0.348481 419.297152 -72.869759 31.067228
slice7/query/img_03581_c0_1288792636993946us.jpg 0.632337 0.600911 -0.343075 0.348361 420.212236 -73.081039 31.079934
slice7/query/img_03582_c0_1288792637127298us.jpg 0.631743 0.601593 -0.343835 0.347511 422.048479 -73.502784 31.109482
slice7/query/img_03583_c0_1288792637193908us.jpg 0.631369 0.601981 -0.344340 0.347019 422.961066 -73.716106 31.123147
slice7/query/img_03584_c0_1288792637260648us.jpg 0.631043 0.602289 -0.344724 0.346695 423.879504 -73.926715 31.133428
slice7/query/img_03585_c0_1288792637327259us.jpg 0.630758 0.602441 -0.345067 0.346611 424.796389 -74.138697 31.141805
slice7/query/img_03586_c0_1288792637460643us.jpg 0.630416 0.602620 -0.345236 0.346752 426.635570 -74.561120 31.153895
slice7/query/img_03587_c0_1288792637527222us.jpg 0.630506 0.602543 -0.345181 0.346776 427.548448 -74.776932 31.159716
slice7/query/img_03588_c0_1288792637660672us.jpg 0.631251 0.601872 -0.345321 0.346446 429.381106 -75.212104 31.172399
slice7/query/img_03589_c0_1288792637727212us.jpg 0.631660 0.601425 -0.345586 0.346215 430.297311 -75.429870 31.180633
slice7/query/img_03590_c0_1288792637793815us.jpg 0.631855 0.601045 -0.346014 0.346092 431.213533 -75.647401 31.190034
slice7/query/img_03591_c0_1288792637860541us.jpg 0.632030 0.600893 -0.346133 0.345915 432.128702 -75.866193 31.198426
slice7/query/img_03592_c0_1288792637993767us.jpg 0.631913 0.600967 -0.346644 0.345488 433.960563 -76.303397 31.212826
slice7/query/img_03593_c0_1288792638060505us.jpg 0.631459 0.601551 -0.347077 0.344866 434.883350 -76.515952 31.216457
slice7/query/img_03594_c0_1288792638127117us.jpg 0.631065 0.601819 -0.347736 0.344457 435.799924 -76.731786 31.221335
slice7/query/img_03595_c0_1288792638260493us.jpg 0.630506 0.602132 -0.348068 0.344598 437.639636 -77.163765 31.228679
slice7/query/img_03596_c0_1288792638327102us.jpg 0.630144 0.602382 -0.348359 0.344530 438.557101 -77.378832 31.232796
slice7/query/img_03597_c0_1288792638393693us.jpg 0.629810 0.602657 -0.349054 0.343953 439.477477 -77.595705 31.237664
slice7/query/img_03598_c0_1288792638460431us.jpg 0.629820 0.602561 -0.349885 0.343261 440.399520 -77.815733 31.237806
slice7/query/img_03599_c0_1288792638593675us.jpg 0.631045 0.601257 -0.351232 0.341918 442.228137 -78.274333 31.234260
slice7/query/img_03600_c0_1288792638660395us.jpg 0.631710 0.600586 -0.351636 0.341453 443.140457 -78.504837 31.234672
slice7/query/img_03601_c0_1288792638793641us.jpg 0.632269 0.599886 -0.352618 0.340635 444.993503 -78.940421 31.219202
slice7/query/img_03602_c0_1288792638860358us.jpg 0.631799 0.600310 -0.353048 0.340316 445.922156 -79.143662 31.217162
slice7/query/img_03603_c0_1288792638926970us.jpg 0.630942 0.601138 -0.353297 0.340185 446.851354 -79.351907 31.208020
slice7/query/img_03604_c0_1288792639060320us.jpg 0.628527 0.603320 -0.353085 0.341013 448.701887 -79.762434 31.184911
slice7/query/img_03605_c0_1288792639260310us.jpg 0.626422 0.605101 -0.352023 0.342823 451.471420 -80.386613 31.143532
slice7/query/img_03606_c0_1288792639460248us.jpg 0.626894 0.604313 -0.352193 0.343175 454.215039 -81.035090 31.121204
slice7/query/img_03607_c0_1288792639593473us.jpg 0.626201 0.604972 -0.353879 0.341541 456.069457 -81.435046 31.102135
slice7/query/img_03608_c0_1288792639660212us.jpg 0.625172 0.606110 -0.354163 0.341116 456.986889 -81.636168 31.090731
slice7/query/img_03609_c0_1288792639726824us.jpg 0.624127 0.606930 -0.354263 0.341466 457.900120 -81.838420 31.078214
slice7/query/img_03610_c0_1288792639860197us.jpg 0.623758 0.606662 -0.354452 0.342421 459.715568 -82.256932 31.049696
slice7/query/img_03611_c0_1288792639926788us.jpg 0.623867 0.606572 -0.353844 0.343010 460.614845 -82.465826 31.034954
slice7/query/img_03612_c0_1288792639993400us.jpg 0.624187 0.606395 -0.353664 0.342925 461.514190 -82.681534 31.023158
slice7/query/img_03613_c0_1288792640060138us.jpg 0.625023 0.605550 -0.354367 0.342168 462.412183 -82.902964 31.013786
slice7/query/img_03614_c0_1288792640193367us.jpg 0.627210 0.603030 -0.357031 0.339840 464.220223 -83.344807 30.996825
slice7/query/img_03615_c0_1288792640260123us.jpg 0.627840 0.602398 -0.357472 0.339334 465.125127 -83.561495 30.985261
slice7/query/img_03616_c0_1288792640326736us.jpg 0.627971 0.602293 -0.357194 0.339571 466.023247 -83.774819 30.966230
slice7/query/img_03617_c0_1288792640393327us.jpg 0.627653 0.602579 -0.356667 0.340203 466.920015 -83.987026 30.947849
slice7/query/img_03618_c0_1288792640526701us.jpg 0.626010 0.603566 -0.357285 0.340833 468.729218 -84.401658 30.911961
slice7/query/img_03619_c0_1288792640593311us.jpg 0.625241 0.604100 -0.357997 0.340551 469.628958 -84.611683 30.895676
slice7/query/img_03620_c0_1288792640660028us.jpg 0.624834 0.604441 -0.358616 0.340043 470.529745 -84.827203 30.878172
slice7/query/img_03621_c0_1288792640726640us.jpg 0.624904 0.604378 -0.359127 0.339484 471.427706 -85.043325 30.859380
slice7/query/img_03622_c0_1288792640793255us.jpg 0.625376 0.603926 -0.359852 0.338652 472.326866 -85.260011 30.841372
slice7/query/img_03623_c0_1288792640926605us.jpg 0.626754 0.602308 -0.361104 0.337652 474.123270 -85.694198 30.800725
slice7/query/img_03624_c0_1288792640993217us.jpg 0.627011 0.601888 -0.361267 0.337748 475.015900 -85.910946 30.777077
slice7/query/img_03625_c0_1288792641059955us.jpg 0.626874 0.601916 -0.360907 0.338337 475.906276 -86.122636 30.750411
slice7/query/img_03626_c0_1288792641126568us.jpg 0.626356 0.602319 -0.360166 0.339367 476.795481 -86.337187 30.723502
slice7/query/img_03627_c0_1288792641259919us.jpg 0.624966 0.603521 -0.358817 0.341219 478.577293 -86.764686 30.672523
slice7/query/img_03628_c0_1288792641326531us.jpg 0.624240 0.604208 -0.358838 0.341310 479.467202 -86.982304 30.651807
slice7/query/img_03629_c0_1288792641393144us.jpg 0.623761 0.604650 -0.359377 0.340836 480.358223 -87.202780 30.635721
slice7/query/img_03630_c0_1288792641459882us.jpg 0.623657 0.604622 -0.360183 0.340223 481.251405 -87.423152 30.617235
slice7/query/img_03631_c0_1288792641593121us.jpg 0.624287 0.603777 -0.361334 0.339346 483.032940 -87.869073 30.581349
slice7/query/img_03632_c0_1288792641659844us.jpg 0.624771 0.603229 -0.361337 0.339428 483.919482 -88.093275 30.560374
slice7/query/img_03633_c0_1288792641726457us.jpg 0.625086 0.603008 -0.360911 0.339694 484.802371 -88.321932 30.541993
slice7/query/img_03634_c0_1288792641859828us.jpg 0.624428 0.603396 -0.360650 0.340491 486.566144 -88.774711 30.531112
slice7/query/img_03635_c0_1288792641926425us.jpg 0.623940 0.603686 -0.360959 0.340545 487.448607 -89.000668 30.528328
slice7/query/img_03636_c0_1288792641993034us.jpg 0.623808 0.603743 -0.361066 0.340571 488.333453 -89.231306 30.517137
slice7/query/img_03637_c0_1288792642059772us.jpg 0.623597 0.603994 -0.360825 0.340769 489.215090 -89.460347 30.512368
slice7/query/img_03638_c0_1288792642193020us.jpg 0.623650 0.604376 -0.359331 0.341574 490.982983 -89.917789 30.496523
slice7/query/img_03639_c0_1288792642259756us.jpg 0.623914 0.604352 -0.358917 0.341567 491.869721 -90.149181 30.485150
slice7/query/img_03640_c0_1288792642326376us.jpg 0.624204 0.604244 -0.358951 0.341194 492.754763 -90.378003 30.476032
slice7/query/img_03641_c0_1288792642392961us.jpg 0.624410 0.604251 -0.358979 0.340776 493.640022 -90.603606 30.465173
slice7/query/img_03642_c0_1288792642526334us.jpg 0.624133 0.605249 -0.358557 0.339954 495.420573 -91.037992 30.445461
slice7/query/img_03643_c0_1288792642592924us.jpg 0.624003 0.605847 -0.358513 0.339173 496.307494 -91.261716 30.430425
slice7/query/img_03644_c0_1288792642659681us.jpg 0.623837 0.606257 -0.358568 0.338689 497.188968 -91.479937 30.420198
slice7/query/img_03645_c0_1288792642726274us.jpg 0.623885 0.606447 -0.358494 0.338337 498.071839 -91.691655 30.406623
slice7/query/img_03646_c0_1288792642859649us.jpg 0.623688 0.607258 -0.357396 0.338406 499.832219 -92.098324 30.371756
slice7/query/img_03647_c0_1288792642926258us.jpg 0.623421 0.607810 -0.357086 0.338236 500.702515 -92.305753 30.354470
slice7/query/img_03648_c0_1288792642992873us.jpg 0.623866 0.607190 -0.358714 0.336803 501.578110 -92.514021 30.340356
slice7/query/img_03649_c0_1288792643059589us.jpg 0.624879 0.604981 -0.362948 0.334354 502.453516 -92.728327 30.334625
slice7/query/img_03650_c0_1288792643192836us.jpg 0.625765 0.605336 -0.360150 0.335080 504.162683 -93.148719 30.291586
slice7/query/img_03651_c0_1288792643259572us.jpg 0.626104 0.605517 -0.358049 0.336369 505.009838 -93.351007 30.266764
slice7/query/img_03652_c0_1288792643326165us.jpg 0.625674 0.605266 -0.358089 0.337574 505.855005 -93.551018 30.246937
slice7/query/img_03653_c0_1288792643392778us.jpg 0.624044 0.606329 -0.359110 0.337601 506.698030 -93.753379 30.237501
slice7/query/img_03654_c0_1288792643526150us.jpg 0.619444 0.610142 -0.361436 0.336719 508.378286 -94.144423 30.216917
slice7/query/img_03655_c0_1288792643592740us.jpg 0.617915 0.611395 -0.362333 0.336292 509.205462 -94.343029 30.205092
slice7/query/img_03656_c0_1288792643659477us.jpg 0.617323 0.611856 -0.362622 0.336228 510.021271 -94.543836 30.189177
slice7/query/img_03657_c0_1288792643792708us.jpg 0.617898 0.611065 -0.362727 0.336497 511.636058 -94.934595 30.153585
slice7/query/img_03658_c0_1288792643859441us.jpg 0.618486 0.610311 -0.363284 0.336184 512.430055 -95.130204 30.140136
slice7/query/img_03659_c0_1288792643926053us.jpg 0.618873 0.609725 -0.363892 0.335878 513.215338 -95.325567 30.129812
slice7/query/img_03660_c0_1288792644059418us.jpg 0.619289 0.608985 -0.364390 0.335915 514.762489 -95.708268 30.099857
slice7/query/img_03661_c0_1288792644126037us.jpg 0.619262 0.608873 -0.364406 0.336150 515.517852 -95.899481 30.088599
slice7/query/img_03662_c0_1288792644192631us.jpg 0.619375 0.608650 -0.364161 0.336611 516.271844 -96.086633 30.072489
slice7/query/img_03663_c0_1288792644259375us.jpg 0.619543 0.608435 -0.363839 0.337037 517.015479 -96.268109 30.056013
slice7/query/img_03664_c0_1288792644392618us.jpg 0.620417 0.607768 -0.363162 0.337365 518.487029 -96.623041 30.023452
slice7/query/img_03665_c0_1288792644459332us.jpg 0.621007 0.607421 -0.363245 0.336812 519.210891 -96.801633 30.012098
slice7/query/img_03666_c0_1288792644525944us.jpg 0.621658 0.606996 -0.363672 0.335918 519.923929 -96.981932 30.004223
slice7/query/img_03667_c0_1288792644592558us.jpg 0.622371 0.606580 -0.363738 0.335276 520.629923 -97.155660 29.993153
slice7/query/img_03668_c0_1288792644725911us.jpg 0.623362 0.606636 -0.362810 0.334337 522.019773 -97.491253 29.965812
slice7/query/img_03669_c0_1288792644792542us.jpg 0.623793 0.606724 -0.362288 0.333940 522.703013 -97.656157 29.950846
slice7/query/img_03670_c0_1288792644859259us.jpg 0.624264 0.606766 -0.361799 0.333513 523.378900 -97.817443 29.935951
slice7/query/img_03671_c0_1288792644993417us.jpg 0.624671 0.607546 -0.360451 0.332789 524.708857 -98.133020 29.909083
slice7/query/img_03672_c0_1288792645059245us.jpg 0.624700 0.608185 -0.359808 0.332264 525.357909 -98.288622 29.898369
slice7/query/img_03673_c0_1288792645125835us.jpg 0.624914 0.608718 -0.359124 0.331625 526.001201 -98.440594 29.887737
slice7/query/img_03674_c0_1288792645192448us.jpg 0.625233 0.609009 -0.358500 0.331163 526.638574 -98.588331 29.875947
slice7/query/img_03675_c0_1288792645325801us.jpg 0.626020 0.609451 -0.356818 0.330680 527.891681 -98.873454 29.849466
slice7/query/img_03676_c0_1288792645392429us.jpg 0.626287 0.609813 -0.356198 0.330176 528.507502 -99.013444 29.838727
slice7/query/img_03677_c0_1288792645459149us.jpg 0.626809 0.610014 -0.355189 0.329900 529.115750 -99.149957 29.829143
slice7/query/img_03678_c0_1288792645525762us.jpg 0.627313 0.609994 -0.354624 0.329588 529.714063 -99.286732 29.821315
slice7/query/img_03679_c0_1288792645659114us.jpg 0.627880 0.610600 -0.353332 0.328772 530.890987 -99.551809 29.806517
slice7/query/img_03680_c0_1288792645725746us.jpg 0.627765 0.611280 -0.353427 0.327623 531.468538 -99.681625 29.801481
slice7/query/img_03682_c0_1288792645925691us.jpg 0.627630 0.612507 -0.355220 0.323626 533.184666 -100.034906 29.778784
slice7/query/img_03683_c0_1288792645992322us.jpg 0.627380 0.612938 -0.355062 0.323469 533.739352 -100.146221 29.765534
slice7/query/img_03684_c0_1288792646059040us.jpg 0.627022 0.613492 -0.354682 0.323529 534.279174 -100.258666 29.750852
slice7/query/img_03686_c0_1288792646259010us.jpg 0.626739 0.613942 -0.354553 0.323367 535.863241 -100.577935 29.708858
slice7/query/img_03687_c0_1288792646325638us.jpg 0.626647 0.613967 -0.354893 0.323124 536.371871 -100.684793 29.700031
slice7/query/img_03689_c0_1288792646458966us.jpg 0.626359 0.614137 -0.355338 0.322869 537.355330 -100.890274 29.679662
slice7/query/img_03690_c0_1288792646592193us.jpg 0.626033 0.614049 -0.355692 0.323278 538.297958 -101.086142 29.661841
slice7/query/img_03691_c0_1288792646658929us.jpg 0.625763 0.614055 -0.356037 0.323410 538.752472 -101.182720 29.655176
slice7/query/img_03692_c0_1288792646725543us.jpg 0.625410 0.614096 -0.356482 0.323527 539.193896 -101.274277 29.649064
slice7/query/img_03693_c0_1288792646858919us.jpg 0.625143 0.613776 -0.357341 0.323701 540.049916 -101.464075 29.631447
slice7/query/img_03695_c0_1288792646992118us.jpg 0.625376 0.612839 -0.358151 0.324130 540.864484 -101.636885 29.614381
slice7/query/img_03696_c0_1288792647058856us.jpg 0.625478 0.612455 -0.358708 0.324045 541.255655 -101.723373 29.604883
slice7/query/img_03697_c0_1288792647192105us.jpg 0.625790 0.611442 -0.359690 0.324266 542.002868 -101.888776 29.584881
slice7/query/img_03699_c0_1288792647325433us.jpg 0.625915 0.610771 -0.359864 0.325097 542.701661 -102.043096 29.567800
slice7/query/img_03700_c0_1288792647458805us.jpg 0.625703 0.610488 -0.360458 0.325377 543.356343 -102.183765 29.548044
slice7/query/img_03703_c0_1288792647658747us.jpg 0.625303 0.610099 -0.360913 0.326370 544.251064 -102.376523 29.522191
slice7/query/img_03704_c0_1288792647792000us.jpg 0.625482 0.609528 -0.361586 0.326348 544.797183 -102.501655 29.509152
slice7/query/img_03707_c0_1288792648058698us.jpg 0.624811 0.609219 -0.362839 0.326819 545.733546 -102.716197 29.503056
slice7/query/img_03710_c0_1288792648325272us.jpg 0.624961 0.608237 -0.363368 0.327774 546.489941 -102.893218 29.489431
slice7/query/img_03713_c0_1288792648525214us.jpg 0.625135 0.607779 -0.362730 0.328997 546.947540 -103.000141 29.475598
slice7/query/img_03717_c0_1288792648991752us.jpg 0.624744 0.607448 -0.362480 0.330621 547.711466 -103.179207 29.460088
slice7/query/img_03932_c0_1288792668388204us.jpg 0.627395 0.603685 -0.355005 0.340457 548.399504 -103.372549 29.428792
slice7/query/img_03938_c0_1288792668921482us.jpg 0.628030 0.601943 -0.353375 0.344048 548.944325 -103.505627 29.423612
slice7/query/img_03942_c0_1288792669254795us.jpg 0.627838 0.601459 -0.354658 0.343924 549.611513 -103.670094 29.416595
slice7/query/img_03945_c0_1288792669521373us.jpg 0.628021 0.600311 -0.356039 0.344169 550.322396 -103.849637 29.409617
slice7/query/img_03947_c0_1288792669721334us.jpg 0.627079 0.600603 -0.357176 0.344199 550.952078 -104.008745 29.400471
slice7/query/img_03950_c0_1288792669987912us.jpg 0.625945 0.601194 -0.357283 0.345120 551.908778 -104.246357 29.382051
slice7/query/img_03951_c0_1288792670054648us.jpg 0.625858 0.601049 -0.357440 0.345368 552.165597 -104.310476 29.377083
slice7/query/img_03953_c0_1288792670254633us.jpg 0.625913 0.599950 -0.358738 0.345832 552.984681 -104.518727 29.361453
slice7/query/img_03955_c0_1288792670387859us.jpg 0.624918 0.600386 -0.359468 0.346117 553.563439 -104.665101 29.356768
slice7/query/img_03957_c0_1288792670587802us.jpg 0.623253 0.601147 -0.360847 0.346363 554.484962 -104.892930 29.340929
slice7/query/img_03959_c0_1288792670721151us.jpg 0.622223 0.601400 -0.361543 0.347049 555.122644 -105.054899 29.328545
slice7/query/img_03960_c0_1288792670854503us.jpg 0.621629 0.601353 -0.361955 0.347764 555.780617 -105.229643 29.317181
slice7/query/img_03962_c0_1288792670987727us.jpg 0.621398 0.601063 -0.362443 0.348171 556.461294 -105.408910 29.302570
slice7/query/img_03963_c0_1288792671121101us.jpg 0.621474 0.599828 -0.363626 0.348930 557.161867 -105.597981 29.292735
slice7/query/img_03964_c0_1288792671187713us.jpg 0.621312 0.599309 -0.364848 0.348834 557.521078 -105.696587 29.288168
slice7/query/img_03966_c0_1288792671321041us.jpg 0.620010 0.600270 -0.366097 0.348190 558.257770 -105.893755 29.271793
slice7/query/img_03967_c0_1288792671454399us.jpg 0.617990 0.601754 -0.366524 0.348770 559.004006 -106.091072 29.252222
slice7/query/img_03969_c0_1288792671654356us.jpg 0.617403 0.601091 -0.365000 0.352532 560.148786 -106.396831 29.214344
slice7/query/img_03971_c0_1288792671787581us.jpg 0.617052 0.600652 -0.363774 0.355152 560.938831 -106.612232 29.191053
slice7/query/img_03973_c0_1288792671987565us.jpg 0.616207 0.598789 -0.368154 0.355251 562.183621 -106.956740 29.178500
slice7/query/img_03975_c0_1288792672120895us.jpg 0.617081 0.595813 -0.373155 0.353516 563.040700 -107.209594 29.181979
slice7/query/img_03976_c0_1288792672254247us.jpg 0.616429 0.595383 -0.375086 0.353334 563.906873 -107.468702 29.164059
slice7/query/img_03977_c0_1288792672320859us.jpg 0.615933 0.595093 -0.375633 0.354107 564.345706 -107.596099 29.149838
slice7/query/img_03979_c0_1288792672520843us.jpg 0.616343 0.591510 -0.377997 0.356869 565.698629 -108.004623 29.115044
slice7/query/img_03980_c0_1288792672587434us.jpg 0.615151 0.590880 -0.379410 0.358466 566.163145 -108.140243 29.100891
slice7/query/img_03982_c0_1288792672720785us.jpg 0.610610 0.593350 -0.379989 0.361524 567.102360 -108.407676 29.063143
slice7/query/img_03983_c0_1288792672854137us.jpg 0.607600 0.593281 -0.380997 0.365625 568.059449 -108.692836 29.030182
slice7/query/img_03984_c0_1288792672920749us.jpg 0.606925 0.591626 -0.382708 0.367635 568.544470 -108.843488 29.015478
slice7/query/img_03985_c0_1288792672987362us.jpg 0.605794 0.590596 -0.384951 0.368813 569.034056 -109.002616 29.005110
slice7/query/img_03986_c0_1288792673120736us.jpg 0.602336 0.589922 -0.390880 0.369319 570.035707 -109.336441 28.980214
slice7/query/img_03987_c0_1288792673187325us.jpg 0.600761 0.589145 -0.394163 0.369633 570.542874 -109.504409 28.964677
slice7/query/img_03988_c0_1288792673254063us.jpg 0.599411 0.587643 -0.397055 0.371120 571.051537 -109.677776 28.945073
slice7/query/img_03989_c0_1288792673320677us.jpg 0.598232 0.585448 -0.399215 0.374162 571.561420 -109.857035 28.921642
