slice7/query/img_02916_c0_1289589892232435us.jpg 0.636271 0.602642 -0.321850 0.358322 358.666009 -59.156039 28.944001
slice7/query/img_02917_c0_1289589892299175us.jpg 0.634984 0.603829 -0.322043 0.358432 359.596596 -59.347920 28.995264
slice7/query/img_02918_c0_1289589892432428us.jpg 0.633040 0.605436 -0.323592 0.357765 361.435046 -59.738023 29.097712
slice7/query/img_02919_c0_1289589892499140us.jpg 0.632809 0.605605 -0.324638 0.356940 362.352325 -59.933038 29.150829
slice7/query/img_02920_c0_1289589892565751us.jpg 0.633018 0.605331 -0.325488 0.356259 363.267773 -60.131748 29.199773
slice7/query/img_02921_c0_1289589892632366us.jpg 0.633534 0.604835 -0.326029 0.355687 364.172884 -60.332040 29.248768
slice7/query/img_02922_c0_1289589892765718us.jpg 0.634493 0.603582 -0.325923 0.356204 365.996877 -60.724115 29.335677
slice7/query/img_02923_c0_1289589892832330us.jpg 0.634390 0.603391 -0.326054 0.356592 366.900971 -60.920843 29.378318
slice7/query/img_02924_c0_1289589892899068us.jpg 0.633673 0.603800 -0.326551 0.356719 367.807945 -61.112960 29.423158
slice7/query/img_02925_c0_1289589893033507us.jpg 0.631747 0.605261 -0.327604 0.356694 369.626146 -61.499256 29.508386
slice7/query/img_02926_c0_1289589893099033us.jpg 0.631258 0.605567 -0.328014 0.356663 370.533379 -61.695551 29.549856
slice7/query/img_02927_c0_1289589893165646us.jpg 0.631275 0.605357 -0.328275 0.356748 371.440562 -61.894400 29.589069
slice7/query/img_02928_c0_1289589893232260us.jpg 0.631716 0.604810 -0.328453 0.356733 372.345187 -62.095448 29.628828
slice7/query/img_02929_c0_1289589893365635us.jpg 0.632713 0.603511 -0.328862 0.356789 374.150089 -62.497893 29.712026
slice7/query/img_02930_c0_1289589893432245us.jpg 0.633294 0.602790 -0.329122 0.356737 375.049463 -62.703750 29.753571
slice7/query/img_02931_c0_1289589893498963us.jpg 0.633694 0.602265 -0.329302 0.356747 375.953590 -62.906926 29.794944
slice7/query/img_02932_c0_1289589893565575us.jpg 0.633866 0.601957 -0.329418 0.356855 376.857310 -63.107043 29.835951
slice7/query/img_02933_c0_1289589893698928us.jpg 0.633851 0.601827 -0.329804 0.356744 378.670703 -63.512170 29.916361
slice7/query/img_02934_c0_1289589893765540us.jpg 0.633752 0.601927 -0.330117 0.356461 379.580489 -63.715806 29.956671
slice7/query/img_02935_c0_1289589893832154us.jpg 0.633694 0.602004 -0.330266 0.356297 380.486815 -63.921365 29.995317
slice7/query/img_02936_c0_1289589893898891us.jpg 0.633713 0.601977 -0.330373 0.356209 381.389489 -64.125780 30.036436
slice7/query/img_02937_c0_1289589894032119us.jpg 0.633883 0.601856 -0.330924 0.355598 383.213411 -64.530750 30.116026
slice7/query/img_02938_c0_1289589894098856us.jpg 0.633993 0.601947 -0.331350 0.354851 384.125648 -64.738611 30.155335
slice7/query/img_02939_c0_1289589894165469us.jpg 0.634084 0.602095 -0.331629 0.354179 385.036120 -64.944236 30.191880
slice7/query/img_02940_c0_1289589894298844us.jpg 0.634275 0.602205 -0.331863 0.353427 386.862842 -65.350214 30.260726
slice7/query/img_02941_c0_1289589894365434us.jpg 0.634347 0.602251 -0.331969 0.353121 387.778163 -65.552472 30.294004
slice7/query/img_02942_c0_1289589894432048us.jpg 0.634299 0.602522 -0.332035 0.352683 388.693171 -65.755679 30.326379
slice7/query/img_02943_c0_1289589894565401us.jpg 0.634560 0.602684 -0.331920 0.352044 390.521298 -66.160824 30.391841
slice7/query/img_02944_c0_1289589894632032us.jpg 0.634833 0.602676 -0.332089 0.351404 391.434466 -66.362832 30.425405
slice7/query/img_02945_c0_1289589894698751us.jpg 0.635252 0.602500 -0.332350 0.350702 392.343439 -66.569249 30.458868
slice7/query/img_02946_c0_1289589894765365us.jpg 0.635441 0.602555 -0.332465 0.350155 393.252769 -66.772686 30.491995
slice7/query/img_02947_c0_1289589894898717us.jpg 0.635124 0.603159 -0.332661 0.349504 395.082742 -67.167307 30.552158
slice7/query/img_02948_c0_1289589894965329us.jpg 0.634593 0.603774 -0.332961 0.349121 395.995153 -67.363574 30.581221
slice7/query/img_02949_c0_1289589895031943us.jpg 0.634197 0.604216 -0.333125 0.348920 396.912315 -67.557813 30.608679
slice7/query/img_02950_c0_1289589895165296us.jpg 0.633565 0.605024 -0.333454 0.348352 398.745176 -67.944918 30.662016
slice7/query/img_02951_c0_1289589895231929us.jpg 0.633463 0.605232 -0.333770 0.347874 399.655879 -68.146170 30.687989
slice7/query/img_02952_c0_1289589895298651us.jpg 0.633652 0.605110 -0.334141 0.347386 400.571152 -68.345096 30.712920
slice7/query/img_02953_c0_1289589895365257us.jpg 0.633894 0.604869 -0.334480 0.347036 401.482530 -68.543314 30.734728
slice7/query/img_02954_c0_1289589895498611us.jpg 0.634336 0.604327 -0.335115 0.346562 403.306889 -68.940990 30.779587
slice7/query/img_02955_c0_1289589895565221us.jpg 0.634404 0.604202 -0.335422 0.346358 404.219604 -69.138834 30.799680
slice7/query/img_02956_c0_1289589895631835us.jpg 0.634356 0.604121 -0.335658 0.346359 405.129276 -69.336098 30.818768
slice7/query/img_02957_c0_1289589895765189us.jpg 0.633534 0.604426 -0.335916 0.347081 406.954739 -69.721740 30.858226
slice7/query/img_02958_c0_1289589895831820us.jpg 0.633090 0.604541 -0.336321 0.347299 407.869906 -69.916813 30.877058
slice7/query/img_02959_c0_1289589895898538us.jpg 0.632488 0.604780 -0.336957 0.347362 408.779428 -70.113994 30.896969
slice7/query/img_02960_c0_1289589895965152us.jpg 0.631910 0.605023 -0.337675 0.347293 409.687848 -70.313614 30.917304
slice7/query/img_02961_c0_1289589896098503us.jpg 0.631162 0.605116 -0.338802 0.347396 411.508144 -70.715948 30.957131
slice7/query/img_02962_c0_1289589896165116us.jpg 0.631254 0.604581 -0.339596 0.347383 412.416338 -70.919316 30.974926
slice7/query/img_02963_c0_1289589896231729us.jpg 0.631408 0.604086 -0.340644 0.346938 413.318210 -71.129499 30.991148
slice7/query/img_02964_c0_1289589896365082us.jpg 0.631258 0.603618 -0.342110 0.346583 415.140886 -71.540823 31.023294
slice7/query/img_02965_c0_1289589896431716us.jpg 0.631487 0.602960 -0.342461 0.346963 416.047654 -71.750593 31.032677
slice7/query/img_02966_c0_1289589896498433us.jpg 0.631690 0.602303 -0.342711 0.347489 416.950390 -71.959697 31.043832
slice7/query/img_02967_c0_1289589896565044us.jpg 0.631719 0.601831 -0.343193 0.347778 417.855569 -72.169158 31.055490
slice7/query/img_02968_c0_1289589896698396us.jpg 0.631158 0.601630 -0.344406 0.347944 419.662256 -72.586389 31.078275
slice7/query/img_02969_c0_1289589896765008us.jpg 0.630837 0.601715 -0.344898 0.347893 420.563622 -72.795372 31.090681
slice7/query/img_02970_c0_1289589896831622us.jpg 0.630436 0.601919 -0.345459 0.347711 421.460377 -73.005878 31.102853
slice7/query/img_02971_c0_1289589896964973us.jpg 0.629177 0.602411 -0.347237 0.347368 423.265752 -73.423947 31.126859
slice7/query/img_02972_c0_1289589897031587us.jpg 0.628570 0.602554 -0.348001 0.347454 424.161047 -73.633973 31.136653
slice7/query/img_02973_c0_1289589897098323us.jpg 0.628188 0.602577 -0.348453 0.347652 425.053561 -73.845713 31.145962
slice7/query/img_02974_c0_1289589897231577us.jpg 0.628379 0.602055 -0.348861 0.347801 426.836394 -74.275169 31.157794
slice7/query/img_02975_c0_1289589897298288us.jpg 0.628884 0.601481 -0.348915 0.347828 427.721807 -74.493372 31.164309
slice7/query/img_02976_c0_1289589897364904us.jpg 0.629390 0.600908 -0.349115 0.347703 428.605115 -74.710046 31.168567
slice7/query/img_02977_c0_1289589897498278us.jpg 0.630242 0.599705 -0.349840 0.347507 430.366311 -75.141860 31.181774
slice7/query/img_02978_c0_1289589897564868us.jpg 0.630351 0.599389 -0.350210 0.347481 431.245459 -75.358825 31.188959
slice7/query/img_02979_c0_1289589897631481us.jpg 0.630268 0.599394 -0.350402 0.347429 432.120925 -75.572986 31.193945
slice7/query/img_02980_c0_1289589897764852us.jpg 0.629833 0.599534 -0.350989 0.347385 433.871500 -75.999705 31.205549
slice7/query/img_02981_c0_1289589897831446us.jpg 0.629288 0.600071 -0.351417 0.347014 434.746702 -76.209210 31.213004
slice7/query/img_02982_c0_1289589897898183us.jpg 0.628876 0.600397 -0.351924 0.346681 435.619276 -76.420701 31.219342
slice7/query/img_02983_c0_1289589898031415us.jpg 0.628476 0.600648 -0.351903 0.346992 437.352661 -76.842498 31.224880
slice7/query/img_02984_c0_1289589898098150us.jpg 0.628414 0.600406 -0.352023 0.347402 438.217310 -77.053433 31.224578
slice7/query/img_02985_c0_1289589898164762us.jpg 0.628158 0.600512 -0.352723 0.346971 439.080224 -77.267313 31.227747
slice7/query/img_02986_c0_1289589898231377us.jpg 0.628069 0.600391 -0.353506 0.346545 439.943478 -77.480196 31.230020
slice7/query/img_02987_c0_1289589898364750us.jpg 0.628524 0.599808 -0.355153 0.345043 441.671477 -77.908564 31.232841
slice7/query/img_02988_c0_1289589898431342us.jpg 0.629319 0.598908 -0.355813 0.344476 442.528281 -78.123567 31.233183
slice7/query/img_02989_c0_1289589898498080us.jpg 0.630037 0.598282 -0.356090 0.343965 443.383299 -78.339225 31.230764
slice7/query/img_02990_c0_1289589898631307us.jpg 0.630331 0.597763 -0.356925 0.343463 445.095851 -78.763703 31.221563
slice7/query/img_02991_c0_1289589898698043us.jpg 0.629880 0.598214 -0.357412 0.342998 445.949184 -78.974804 31.215873
slice7/query/img_02992_c0_1289589898764658us.jpg 0.629113 0.599069 -0.357432 0.342894 446.804901 -79.180085 31.207823
slice7/query/img_02993_c0_1289589898831272us.jpg 0.628148 0.600157 -0.357254 0.342945 447.657896 -79.384161 31.196686
slice7/query/img_02994_c0_1289589898964654us.jpg 0.626361 0.601694 -0.356885 0.343903 449.361915 -79.794836 31.171102
slice7/query/img_02995_c0_1289589899031236us.jpg 0.625695 0.602304 -0.356594 0.344348 450.212629 -80.000580 31.159622
slice7/query/img_02996_c0_1289589899097974us.jpg 0.625429 0.602552 -0.356255 0.344749 451.059772 -80.209093 31.148648
slice7/query/img_02997_c0_1289589899231227us.jpg 0.625787 0.602288 -0.355815 0.345016 452.758300 -80.628254 31.130287
slice7/query/img_02998_c0_1289589899297960us.jpg 0.626061 0.601990 -0.355851 0.345002 453.604347 -80.839059 31.124136
slice7/query/img_02999_c0_1289589899364551us.jpg 0.626010 0.602081 -0.356271 0.344500 454.450609 -81.050105 31.116004
slice7/query/img_03000_c0_1289589899431166us.jpg 0.625467 0.602624 -0.356892 0.343895 455.299173 -81.259463 31.109305
slice7/query/img_03001_c0_1289589899564539us.jpg 0.623469 0.604963 -0.357209 0.343087 457.000823 -81.672643 31.088708
slice7/query/img_03002_c0_1289589899631129us.jpg 0.622580 0.605620 -0.357276 0.343471 457.849306 -81.875966 31.074531
slice7/query/img_03003_c0_1289589899697868us.jpg 0.622513 0.605323 -0.357459 0.343926 458.694302 -82.083797 31.061329
slice7/query/img_03004_c0_1289589899831121us.jpg 0.623112 0.604744 -0.356910 0.344429 460.386111 -82.502640 31.035487
slice7/query/img_03005_c0_1289589899897832us.jpg 0.623659 0.604511 -0.356683 0.344084 461.230015 -82.713956 31.023009
slice7/query/img_03006_c0_1289589899964447us.jpg 0.624559 0.603587 -0.357517 0.343205 462.076034 -82.931167 31.012786
slice7/query/img_03007_c0_1289589900031060us.jpg 0.625579 0.602354 -0.358775 0.342201 462.924195 -83.147473 31.005923
slice7/query/img_03008_c0_1289589900164433us.jpg 0.626769 0.600946 -0.360609 0.340566 464.625554 -83.576856 30.985661
slice7/query/img_03009_c0_1289589900231024us.jpg 0.626804 0.601064 -0.360210 0.340716 465.471979 -83.787773 30.968080
slice7/query/img_03010_c0_1289589900297763us.jpg 0.626571 0.601423 -0.359468 0.341295 466.320075 -83.998721 30.947871
slice7/query/img_03011_c0_1289589900364375us.jpg 0.626158 0.601732 -0.359179 0.341812 467.165162 -84.204412 30.927520
slice7/query/img_03012_c0_1289589900497749us.jpg 0.625145 0.602265 -0.360610 0.341220 468.862994 -84.619369 30.898341
slice7/query/img_03013_c0_1289589900564339us.jpg 0.624851 0.602436 -0.361420 0.340599 469.708695 -84.829781 30.883904
slice7/query/img_03014_c0_1289589900630953us.jpg 0.624700 0.602485 -0.362116 0.340050 470.554412 -85.041277 30.868487
slice7/query/img_03015_c0_1289589900764306us.jpg 0.625205 0.602024 -0.363102 0.338884 472.243277 -85.467648 30.830950
slice7/query/img_03016_c0_1289589900830917us.jpg 0.625707 0.601411 -0.363599 0.338514 473.085208 -85.677994 30.810222
slice7/query/img_03017_c0_1289589900897657us.jpg 0.626051 0.601020 -0.363913 0.338234 473.928084 -85.889131 30.788623
slice7/query/img_03018_c0_1289589900964268us.jpg 0.626092 0.600920 -0.363937 0.338310 474.766589 -86.098343 30.763929
slice7/query/img_03019_c0_1289589901097622us.jpg 0.625332 0.601489 -0.363156 0.339541 476.443875 -86.510576 30.710792
slice7/query/img_03020_c0_1289589901164234us.jpg 0.624909 0.601810 -0.362315 0.340648 477.279232 -86.716538 30.684920
slice7/query/img_03021_c0_1289589901230847us.jpg 0.624470 0.602275 -0.361688 0.341298 478.112211 -86.923989 30.661398
slice7/query/img_03022_c0_1289589901297585us.jpg 0.624074 0.602634 -0.361625 0.341453 478.945012 -87.133488 30.640884
slice7/query/img_03023_c0_1289589901430834us.jpg 0.623820 0.602733 -0.362874 0.340417 480.619700 -87.546336 30.606338
slice7/query/img_03024_c0_1289589901497549us.jpg 0.623905 0.602552 -0.363544 0.339866 481.452234 -87.758828 30.590248
slice7/query/img_03025_c0_1289589901564162us.jpg 0.624051 0.602302 -0.363967 0.339589 482.284238 -87.969971 30.572042
slice7/query/img_03026_c0_1289589901697537us.jpg 0.624548 0.601804 -0.363702 0.339842 483.942140 -88.390926 30.529387
slice7/query/img_03027_c0_1289589901764125us.jpg 0.624875 0.601707 -0.363040 0.340121 484.768103 -88.601528 30.508344
slice7/query/img_03028_c0_1289589901830738us.jpg 0.625081 0.601708 -0.362549 0.340264 485.590001 -88.812382 30.490267
slice7/query/img_03029_c0_1289589901897477us.jpg 0.625209 0.601705 -0.362524 0.340060 486.414457 -89.028732 30.477348
slice7/query/img_03030_c0_1289589902030705us.jpg 0.625476 0.601398 -0.363100 0.339497 488.066612 -89.438156 30.457701
slice7/query/img_03031_c0_1289589902097442us.jpg 0.625840 0.601192 -0.362882 0.339425 488.890425 -89.644406 30.441574
slice7/query/img_03032_c0_1289589902164057us.jpg 0.626052 0.601129 -0.362289 0.339779 489.713292 -89.849895 30.427046
slice7/query/img_03033_c0_1289589902297431us.jpg 0.626575 0.601313 -0.360155 0.340756 491.356936 -90.269368 30.394835
slice7/query/img_03034_c0_1289589902364040us.jpg 0.626741 0.601332 -0.359638 0.340964 492.181604 -90.476871 30.379656
slice7/query/img_03035_c0_1289589902430639us.jpg 0.626829 0.601354 -0.359629 0.340772 493.006952 -90.684243 30.368677
slice7/query/img_03036_c0_1289589902497371us.jpg 0.626667 0.601576 -0.359679 0.340624 493.834562 -90.891886 30.360790
slice7/query/img_03037_c0_1289589902630611us.jpg 0.626588 0.602299 -0.358831 0.340386 495.492386 -91.301851 30.337404
slice7/query/img_03038_c0_1289589902697337us.jpg 0.626698 0.602677 -0.358406 0.339965 496.323848 -91.512650 30.320916
slice7/query/img_03039_c0_1289589902763950us.jpg 0.626906 0.602661 -0.358398 0.339615 497.154386 -91.724011 30.305687
slice7/query/img_03040_c0_1289589902830565us.jpg 0.627114 0.602648 -0.358320 0.339338 497.985220 -91.931296 30.292099
slice7/query/img_03041_c0_1289589902963915us.jpg 0.626987 0.603141 -0.357411 0.339655 499.658749 -92.331893 30.258954
slice7/query/img_03042_c0_1289589903030529us.jpg 0.626645 0.603840 -0.356714 0.339777 500.493415 -92.535202 30.238072
slice7/query/img_03043_c0_1289589903097266us.jpg 0.626243 0.604413 -0.356991 0.339207 501.333801 -92.740152 30.222473
slice7/query/img_03044_c0_1289589903230496us.jpg 0.626449 0.604234 -0.359074 0.336939 503.026001 -93.144782 30.198144
slice7/query/img_03045_c0_1289589903297252us.jpg 0.626729 0.604216 -0.358111 0.337478 503.869936 -93.349149 30.177603
slice7/query/img_03046_c0_1289589903363845us.jpg 0.627314 0.603607 -0.356869 0.338790 504.710711 -93.554844 30.154477
slice7/query/img_03047_c0_1289589903430457us.jpg 0.627716 0.603086 -0.356769 0.339081 505.553717 -93.760794 30.134786
slice7/query/img_03048_c0_1289589903563809us.jpg 0.627200 0.604235 -0.356173 0.338617 507.249461 -94.165542 30.109166
slice7/query/img_03049_c0_1289589903630423us.jpg 0.626740 0.604877 -0.356596 0.337876 508.103571 -94.372191 30.097373
slice7/query/img_03050_c0_1289589903697160us.jpg 0.626317 0.605278 -0.357136 0.337371 508.954982 -94.575378 30.081385
slice7/query/img_03051_c0_1289589903830412us.jpg 0.625339 0.606389 -0.356200 0.338179 510.660649 -94.976322 30.046119
slice7/query/img_03052_c0_1289589903897147us.jpg 0.624517 0.607480 -0.355347 0.338635 511.513210 -95.177548 30.027019
slice7/query/img_03053_c0_1289589903963739us.jpg 0.624099 0.608115 -0.355201 0.338420 512.369179 -95.380684 30.007757
slice7/query/img_03054_c0_1289589904030353us.jpg 0.623968 0.608286 -0.355657 0.337875 513.225197 -95.580063 29.992684
slice7/query/img_03055_c0_1289589904163705us.jpg 0.624642 0.607597 -0.356529 0.336950 514.937463 -95.986812 29.966211
slice7/query/img_03056_c0_1289589904297090us.jpg 0.625542 0.606582 -0.356771 0.336853 516.645751 -96.396649 29.939922
slice7/query/img_03057_c0_1289589904363666us.jpg 0.626106 0.606108 -0.356446 0.337002 517.496251 -96.601996 29.922842
slice7/query/img_03058_c0_1289589904430283us.jpg 0.626695 0.605705 -0.355811 0.337303 518.346699 -96.808399 29.904839
slice7/query/img_03059_c0_1289589904563644us.jpg 0.627241 0.605283 -0.355923 0.336927 520.049504 -97.210990 29.874181
slice7/query/img_03060_c0_1289589904630244us.jpg 0.627413 0.605075 -0.356204 0.336683 520.900370 -97.408908 29.860631
slice7/query/img_03061_c0_1289589904696984us.jpg 0.627527 0.605219 -0.355985 0.336444 521.748992 -97.608207 29.845075
slice7/query/img_03062_c0_1289589904763598us.jpg 0.627586 0.605369 -0.355792 0.336268 522.597798 -97.805677 29.829162
slice7/query/img_03063_c0_1289589904896950us.jpg 0.627833 0.605612 -0.355163 0.336034 524.293603 -98.200672 29.792639
slice7/query/img_03064_c0_1289589904963561us.jpg 0.627989 0.605731 -0.354789 0.335923 525.139981 -98.394477 29.777317
slice7/query/img_03065_c0_1289589905030175us.jpg 0.628178 0.606030 -0.354338 0.335507 525.987210 -98.589752 29.761259
slice7/query/img_03066_c0_1289589905096914us.jpg 0.628480 0.606219 -0.353625 0.335350 526.833360 -98.784552 29.743844
slice7/query/img_03067_c0_1289589905230141us.jpg 0.629183 0.606356 -0.352300 0.335180 528.528018 -99.173366 29.707961
slice7/query/img_03068_c0_1289589905296878us.jpg 0.629774 0.606228 -0.351415 0.335230 529.374020 -99.368513 29.693291
slice7/query/img_03069_c0_1289589905363491us.jpg 0.630276 0.606430 -0.350332 0.335056 530.216503 -99.569743 29.678826
slice7/query/img_03070_c0_1289589905496867us.jpg 0.631135 0.606736 -0.349722 0.333518 531.911059 -99.944840 29.660451
slice7/query/img_03071_c0_1289589905563478us.jpg 0.631370 0.607263 -0.350487 0.331303 532.757103 -100.135071 29.653765
slice7/query/img_03072_c0_1289589905630070us.jpg 0.631910 0.607538 -0.350802 0.329432 533.608300 -100.325530 29.643907
slice7/query/img_03073_c0_1289589905696808us.jpg 0.632292 0.607852 -0.350775 0.328146 534.458545 -100.507960 29.630925
slice7/query/img_03074_c0_1289589905830037us.jpg 0.632760 0.608630 -0.349643 0.327007 536.163244 -100.868500 29.588259
slice7/query/img_03075_c0_1289589905896794us.jpg 0.632708 0.609390 -0.348413 0.327006 537.012638 -101.040423 29.565467
slice7/query/img_03076_c0_1289589905963386us.jpg 0.632522 0.610131 -0.347170 0.327307 537.863541 -101.212975 29.542835
slice7/query/img_03077_c0_1289589906029998us.jpg 0.632242 0.610830 -0.346172 0.327598 538.713894 -101.385754 29.521851
slice7/query/img_03078_c0_1289589906163372us.jpg 0.631878 0.611551 -0.345835 0.327313 540.430122 -101.730183 29.486681
slice7/query/img_03079_c0_1289589906229963us.jpg 0.631828 0.611697 -0.346125 0.326830 541.290011 -101.899476 29.474612
slice7/query/img_03080_c0_1289589906296702us.jpg 0.632047 0.611441 -0.346417 0.326575 542.146947 -102.071242 29.460678
slice7/query/img_03081_c0_1289589906429929us.jpg 0.632809 0.610581 -0.346559 0.326558 543.862765 -102.417366 29.431803
slice7/query/img_03082_c0_1289589906496669us.jpg 0.633169 0.610136 -0.346488 0.326767 544.720112 -102.588013 29.414104
slice7/query/img_03083_c0_1289589906563285us.jpg 0.633251 0.609971 -0.346597 0.326801 545.576702 -102.760261 29.398111
slice7/query/img_03084_c0_1289589906696632us.jpg 0.632626 0.609778 -0.347360 0.327562 547.290446 -103.101110 29.368779
slice7/query/img_03085_c0_1289589906763243us.jpg 0.631947 0.610075 -0.347380 0.328295 548.145474 -103.271965 29.352175
slice7/query/img_03086_c0_1289589906829856us.jpg 0.631163 0.610404 -0.347073 0.329516 548.998810 -103.442362 29.335021
slice7/query/img_03087_c0_1289589906963231us.jpg 0.629682 0.610334 -0.348268 0.331214 550.709868 -103.789873 29.304245
slice7/query/img_03088_c0_1289589907029820us.jpg 0.629211 0.609655 -0.349805 0.331738 551.563798 -103.971005 29.295105
slice7/query/img_03089_c0_1289589907096558us.jpg 0.628816 0.609234 -0.350786 0.332226 552.411817 -104.157447 29.284510
slice7/query/img_03090_c0_1289589907229808us.jpg 0.627390 0.608847 -0.352225 0.334103 554.113080 -104.530223 29.262430
slice7/query/img_03091_c0_1289589907296524us.jpg 0.626557 0.608583 -0.353394 0.334912 554.965381 -104.719380 29.247608
slice7/query/img_03092_c0_1289589907363137us.jpg 0.625509 0.608376 -0.354564 0.336009 555.814791 -104.908242 29.234576
slice7/query/img_03093_c0_1289589907496492us.jpg 0.622565 0.608656 -0.356650 0.338749 557.511993 -105.285825 29.199914
slice7/query/img_03094_c0_1289589907563103us.jpg 0.620614 0.609164 -0.358206 0.339773 558.356933 -105.481387 29.184530
slice7/query/img_03095_c0_1289589907629717us.jpg 0.618289 0.609701 -0.359598 0.341575 559.202622 -105.676049 29.164244
slice7/query/img_03096_c0_1289589907696455us.jpg 0.616097 0.609551 -0.361726 0.343549 560.047508 -105.878493 29.146188
slice7/query/img_03097_c0_1289589907829685us.jpg 0.612406 0.608980 -0.363016 0.349744 561.728687 -106.289304 29.103276
slice7/query/img_03098_c0_1289589907896420us.jpg 0.610552 0.607706 -0.365144 0.352972 562.571410 -106.502572 29.084821
slice7/query/img_03099_c0_1289589907963033us.jpg 0.609298 0.605136 -0.369322 0.355201 563.412917 -106.729772 29.072660
slice7/query/img_03100_c0_1289589908096409us.jpg 0.605645 0.600734 -0.379247 0.358446 565.090883 -107.201624 29.052025
slice7/query/img_03101_c0_1289589908163019us.jpg 0.603722 0.598719 -0.383755 0.360260 565.922519 -107.457109 29.036559
slice7/query/img_03102_c0_1289589908229612us.jpg 0.601594 0.596397 -0.388156 0.362945 566.755119 -107.714712 29.011384
slice7/query/img_03103_c0_1289589908296349us.jpg 0.599053 0.593886 -0.392044 0.367066 567.577690 -107.975940 28.984676
slice7/query/img_03104_c0_1289589908429577us.jpg 0.592376 0.588847 -0.398261 0.379128 569.210062 -108.513055 28.919040
slice7/query/img_03105_c0_1289589908496313us.jpg 0.587487 0.587832 -0.402202 0.384116 570.028161 -108.796767 28.880344
slice7/query/img_03106_c0_1289589908562926us.jpg 0.582722 0.586755 -0.407345 0.387588 570.839940 -109.097748 28.849767
slice7/query/img_03107_c0_1289589908696279us.jpg 0.575479 0.581126 -0.417908 0.395562 572.444334 -109.747028 28.781270
