slice7/query/img_02968_c0_1290444898690396us.jpg 0.636667 0.602443 -0.322316 0.357534 359.238255 -59.253281 28.963912
slice7/query/img_02969_c0_1290444898823622us.jpg 0.635215 0.604052 -0.322760 0.357001 361.017709 -59.615790 29.056670
slice7/query/img_02970_c0_1290444898890359us.jpg 0.634831 0.604481 -0.323200 0.356559 361.908518 -59.802132 29.105480
slice7/query/img_02971_c0_1290444898956970us.jpg 0.634997 0.604580 -0.323673 0.355665 362.799522 -59.993399 29.154015
slice7/query/img_02972_c0_1290444899023583us.jpg 0.635320 0.604462 -0.323937 0.355048 363.678704 -60.183837 29.198631
slice7/query/img_02973_c0_1290444899090321us.jpg 0.635730 0.604337 -0.323864 0.354594 364.565863 -60.370802 29.242315
slice7/query/img_02974_c0_1290444899223548us.jpg 0.636226 0.603913 -0.323447 0.354806 366.340633 -60.742032 29.331924
slice7/query/img_02975_c0_1290444899290284us.jpg 0.635890 0.604152 -0.323658 0.354810 367.225025 -60.925057 29.374764
slice7/query/img_02976_c0_1290444899423527us.jpg 0.634237 0.605844 -0.324421 0.354185 369.017632 -61.288984 29.458048
slice7/query/img_02977_c0_1290444899490245us.jpg 0.633538 0.606453 -0.324660 0.354176 369.910821 -61.472177 29.500762
slice7/query/img_02978_c0_1290444899623473us.jpg 0.633224 0.606662 -0.324880 0.354177 371.699454 -61.843182 29.581547
slice7/query/img_02979_c0_1290444899690207us.jpg 0.633494 0.606341 -0.324926 0.354202 372.593615 -62.033219 29.623799
slice7/query/img_02980_c0_1290444899756818us.jpg 0.633889 0.606040 -0.324945 0.353993 373.480849 -62.227855 29.664927
slice7/query/img_02981_c0_1290444899890174us.jpg 0.634439 0.605264 -0.325276 0.354031 375.271393 -62.612572 29.748252
slice7/query/img_02982_c0_1290444899956782us.jpg 0.634511 0.604985 -0.325570 0.354108 376.169228 -62.802066 29.788466
slice7/query/img_02983_c0_1290444900023394us.jpg 0.634416 0.604882 -0.325926 0.354127 377.068035 -62.994216 29.828666
slice7/query/img_02984_c0_1290444900156754us.jpg 0.634053 0.604889 -0.326657 0.354091 378.867752 -63.376651 29.910171
slice7/query/img_02985_c0_1290444900223358us.jpg 0.634156 0.604789 -0.327080 0.353688 379.763631 -63.574169 29.949161
slice7/query/img_02986_c0_1290444900290094us.jpg 0.634370 0.604453 -0.327269 0.353703 380.659368 -63.769076 29.987503
slice7/query/img_02987_c0_1290444900423345us.jpg 0.634399 0.603945 -0.328194 0.353663 382.467667 -64.152665 30.064598
slice7/query/img_02988_c0_1290444900490059us.jpg 0.634134 0.603910 -0.328768 0.353663 383.368629 -64.349676 30.103206
slice7/query/img_02989_c0_1290444900556672us.jpg 0.633544 0.604439 -0.329443 0.353188 384.272751 -64.546366 30.142832
slice7/query/img_02990_c0_1290444900623283us.jpg 0.633060 0.604738 -0.329963 0.353060 385.172897 -64.742178 30.179056
slice7/query/img_02991_c0_1290444900757234us.jpg 0.632711 0.604524 -0.331035 0.353049 386.978079 -65.134524 30.245341
slice7/query/img_02992_c0_1290444900823268us.jpg 0.632707 0.604192 -0.331411 0.353272 387.880892 -65.332514 30.279667
slice7/query/img_02993_c0_1290444900889982us.jpg 0.632724 0.603975 -0.331802 0.353245 388.781530 -65.533919 30.313736
slice7/query/img_02994_c0_1290444900956595us.jpg 0.632783 0.603592 -0.332053 0.353557 389.681662 -65.735638 30.348101
slice7/query/img_02995_c0_1290444901089965us.jpg 0.633204 0.602958 -0.333048 0.352951 391.489252 -66.145552 30.411903
slice7/query/img_02996_c0_1290444901156581us.jpg 0.633291 0.602674 -0.333831 0.352539 392.396487 -66.346305 30.446714
slice7/query/img_02997_c0_1290444901223172us.jpg 0.633246 0.602577 -0.334238 0.352400 393.301956 -66.549338 30.479250
slice7/query/img_02998_c0_1290444901289910us.jpg 0.633066 0.602484 -0.334400 0.352730 394.205519 -66.748917 30.508075
slice7/query/img_02999_c0_1290444901356522us.jpg 0.632617 0.602820 -0.334937 0.352449 395.109504 -66.954529 30.537422
slice7/query/img_03000_c0_1290444901489889us.jpg 0.631693 0.603462 -0.335873 0.352117 396.925958 -67.364094 30.595888
slice7/query/img_03001_c0_1290444901556484us.jpg 0.631464 0.603506 -0.336434 0.351918 397.833090 -67.568144 30.620898
slice7/query/img_03002_c0_1290444901623097us.jpg 0.631413 0.603495 -0.336831 0.351648 398.740074 -67.775378 30.645902
slice7/query/img_03003_c0_1290444901756449us.jpg 0.631583 0.603077 -0.337895 0.351039 400.552728 -68.188359 30.697598
slice7/query/img_03004_c0_1290444901823064us.jpg 0.632005 0.602533 -0.338478 0.350652 401.462495 -68.396562 30.722468
slice7/query/img_03005_c0_1290444901889803us.jpg 0.632504 0.601987 -0.338813 0.350366 402.370493 -68.607862 30.744315
slice7/query/img_03006_c0_1290444901956409us.jpg 0.632869 0.601522 -0.339161 0.350168 403.274981 -68.819240 30.765125
slice7/query/img_03007_c0_1290444902089820us.jpg 0.633046 0.601189 -0.339579 0.350015 405.089468 -69.237706 30.806604
slice7/query/img_03008_c0_1290444902156373us.jpg 0.632776 0.601361 -0.339560 0.350225 405.995888 -69.443453 30.827129
slice7/query/img_03009_c0_1290444902222985us.jpg 0.632660 0.601400 -0.339530 0.350397 406.905842 -69.649373 30.845649
slice7/query/img_03010_c0_1290444902289723us.jpg 0.632314 0.601650 -0.339712 0.350416 407.816551 -69.856612 30.867436
slice7/query/img_03011_c0_1290444902422956us.jpg 0.631494 0.602378 -0.340382 0.349995 409.644239 -70.265132 30.907719
slice7/query/img_03012_c0_1290444902489705us.jpg 0.631158 0.602775 -0.340643 0.349662 410.555185 -70.471850 30.929034
slice7/query/img_03013_c0_1290444902556297us.jpg 0.631269 0.602597 -0.341063 0.349361 411.463654 -70.681736 30.947551
slice7/query/img_03014_c0_1290444902622910us.jpg 0.631603 0.602184 -0.341583 0.348960 412.375376 -70.892681 30.965595
slice7/query/img_03015_c0_1290444902756283us.jpg 0.631937 0.601976 -0.342746 0.347572 414.202924 -71.324339 31.002454
slice7/query/img_03016_c0_1290444902822894us.jpg 0.632160 0.601855 -0.343137 0.346988 415.119009 -71.537577 31.014819
slice7/query/img_03017_c0_1290444902889609us.jpg 0.632482 0.601427 -0.343171 0.347112 416.031938 -71.747188 31.026504
slice7/query/img_03018_c0_1290444902956223us.jpg 0.632902 0.600863 -0.343083 0.347409 416.946652 -71.958627 31.036570
slice7/query/img_03019_c0_1290444903089574us.jpg 0.633219 0.600405 -0.343192 0.347514 418.781708 -72.381338 31.061031
slice7/query/img_03020_c0_1290444903156210us.jpg 0.633240 0.600544 -0.343134 0.347294 419.703619 -72.594723 31.073261
slice7/query/img_03021_c0_1290444903222797us.jpg 0.633092 0.600851 -0.343038 0.347128 420.624604 -72.803796 31.085113
slice7/query/img_03022_c0_1290444903289536us.jpg 0.632890 0.601273 -0.343204 0.346601 421.544772 -73.018105 31.098221
slice7/query/img_03023_c0_1290444903356147us.jpg 0.632494 0.601649 -0.343829 0.346051 422.465859 -73.228201 31.111243
slice7/query/img_03024_c0_1290444903489497us.jpg 0.631537 0.602445 -0.344767 0.345479 424.310760 -73.648987 31.133683
slice7/query/img_03025_c0_1290444903556110us.jpg 0.631150 0.602757 -0.344944 0.345468 425.234042 -73.859475 31.140865
slice7/query/img_03026_c0_1290444903622724us.jpg 0.631079 0.602844 -0.344984 0.345405 426.154575 -74.069349 31.146605
slice7/query/img_03027_c0_1290444903757061us.jpg 0.631903 0.602176 -0.344769 0.345279 427.992296 -74.501766 31.158754
slice7/query/img_03028_c0_1290444903822708us.jpg 0.632580 0.601570 -0.344780 0.345083 428.911408 -74.718788 31.162873
slice7/query/img_03029_c0_1290444903889423us.jpg 0.633029 0.600976 -0.345110 0.344966 429.832126 -74.930263 31.172575
slice7/query/img_03030_c0_1290444903956035us.jpg 0.633348 0.600605 -0.345412 0.344723 430.755213 -75.146010 31.180867
slice7/query/img_03031_c0_1290444904022647us.jpg 0.633345 0.600480 -0.345662 0.344697 431.674782 -75.360727 31.187252
slice7/query/img_03032_c0_1290444904156023us.jpg 0.633017 0.600481 -0.346213 0.344745 433.517239 -75.786958 31.200783
slice7/query/img_03033_c0_1290444904222610us.jpg 0.632503 0.600974 -0.346635 0.344405 434.440321 -76.000184 31.207103
slice7/query/img_03034_c0_1290444904289348us.jpg 0.631971 0.601546 -0.347020 0.343995 435.363097 -76.213752 31.213596
slice7/query/img_03035_c0_1290444904355961us.jpg 0.631391 0.602095 -0.347130 0.343987 436.288028 -76.424115 31.219222
slice7/query/img_03036_c0_1290444904489314us.jpg 0.630676 0.602299 -0.346978 0.345095 438.146288 -76.837220 31.220842
slice7/query/img_03037_c0_1290444904555923us.jpg 0.630211 0.602484 -0.347747 0.344846 439.075046 -77.052597 31.224062
slice7/query/img_03038_c0_1290444904622535us.jpg 0.630018 0.602362 -0.348648 0.344502 440.001530 -77.272061 31.229307
slice7/query/img_03039_c0_1290444904755884us.jpg 0.630460 0.601409 -0.350702 0.343273 441.860928 -77.706743 31.234841
slice7/query/img_03040_c0_1290444904822497us.jpg 0.631211 0.600308 -0.351660 0.342838 442.788160 -77.927261 31.235055
slice7/query/img_03041_c0_1290444904889234us.jpg 0.631882 0.599408 -0.352330 0.342490 443.714368 -78.150009 31.234477
slice7/query/img_03042_c0_1290444905022461us.jpg 0.631733 0.598971 -0.353942 0.341865 445.578390 -78.592733 31.227273
slice7/query/img_03043_c0_1290444905089202us.jpg 0.630662 0.599751 -0.354850 0.341533 446.509043 -78.812854 31.219550
slice7/query/img_03044_c0_1290444905155813us.jpg 0.629099 0.601044 -0.355406 0.341565 447.440121 -79.030844 31.210630
slice7/query/img_03045_c0_1290444905222422us.jpg 0.627464 0.602340 -0.355736 0.341946 448.365785 -79.253308 31.200342
slice7/query/img_03046_c0_1290444905355795us.jpg 0.625004 0.603875 -0.356019 0.343447 450.220933 -79.687278 31.172768
slice7/query/img_03047_c0_1290444905422386us.jpg 0.624329 0.604151 -0.355898 0.344313 451.144640 -79.908783 31.158983
slice7/query/img_03048_c0_1290444905489124us.jpg 0.624197 0.603903 -0.355850 0.345036 452.064215 -80.134990 31.147240
slice7/query/img_03049_c0_1290444905622355us.jpg 0.624679 0.602978 -0.356090 0.345533 453.904348 -80.592332 31.136313
slice7/query/img_03050_c0_1290444905689106us.jpg 0.624723 0.602737 -0.356865 0.345074 454.826140 -80.823531 31.131223
slice7/query/img_03051_c0_1290444905755699us.jpg 0.624285 0.602848 -0.357949 0.344552 455.748201 -81.053695 31.128163
slice7/query/img_03052_c0_1290444905889051us.jpg 0.622296 0.604379 -0.359232 0.344130 457.591638 -81.505949 31.107168
slice7/query/img_03053_c0_1290444905955661us.jpg 0.621192 0.604967 -0.359649 0.344658 458.507512 -81.729771 31.091477
slice7/query/img_03054_c0_1290444906089014us.jpg 0.620006 0.605203 -0.359597 0.346427 460.334599 -82.182734 31.062280
slice7/query/img_03055_c0_1290444906155624us.jpg 0.620149 0.604905 -0.359539 0.346752 461.242865 -82.417234 31.046572
slice7/query/img_03056_c0_1290444906222237us.jpg 0.620819 0.604072 -0.360147 0.346374 462.152276 -82.654223 31.035224
slice7/query/img_03057_c0_1290444906288973us.jpg 0.621771 0.602849 -0.361491 0.345394 463.058339 -82.896364 31.029261
slice7/query/img_03058_c0_1290444906422226us.jpg 0.623634 0.600605 -0.363719 0.343601 464.874959 -83.374158 31.012882
slice7/query/img_03059_c0_1290444906488940us.jpg 0.623958 0.600209 -0.363722 0.343703 465.777218 -83.607873 30.996924
slice7/query/img_03060_c0_1290444906622182us.jpg 0.623171 0.600741 -0.362973 0.344990 467.583914 -84.070649 30.958663
slice7/query/img_03061_c0_1290444906688921us.jpg 0.622446 0.601050 -0.363305 0.345413 468.487344 -84.296540 30.937840
slice7/query/img_03062_c0_1290444906755511us.jpg 0.621725 0.601547 -0.363882 0.345237 469.388834 -84.528110 30.923525
slice7/query/img_03063_c0_1290444906822124us.jpg 0.621298 0.601954 -0.364365 0.344788 470.287108 -84.762891 30.909232
slice7/query/img_03064_c0_1290444906955500us.jpg 0.621554 0.601802 -0.365604 0.343276 472.083680 -85.232889 30.880230
slice7/query/img_03065_c0_1290444907022106us.jpg 0.622355 0.601074 -0.366259 0.342401 472.977448 -85.473602 30.861674
slice7/query/img_03066_c0_1290444907088824us.jpg 0.623046 0.600314 -0.367014 0.341668 473.868907 -85.708549 30.841677
slice7/query/img_03067_c0_1290444907155437us.jpg 0.623569 0.599878 -0.367187 0.341294 474.760167 -85.942145 30.819683
slice7/query/img_03068_c0_1290444907288817us.jpg 0.623743 0.600107 -0.366026 0.341820 476.541032 -86.406017 30.769269
slice7/query/img_03069_c0_1290444907355420us.jpg 0.623599 0.600480 -0.364902 0.342630 477.426492 -86.634799 30.741982
slice7/query/img_03070_c0_1290444907422011us.jpg 0.623228 0.601112 -0.364016 0.343137 478.313444 -86.861001 30.717343
slice7/query/img_03071_c0_1290444907488749us.jpg 0.622835 0.601831 -0.363513 0.343124 479.201702 -87.083007 30.695651
slice7/query/img_03072_c0_1290444907621993us.jpg 0.622519 0.602685 -0.363925 0.341760 480.987554 -87.528086 30.657804
slice7/query/img_03073_c0_1290444907755326us.jpg 0.623251 0.602630 -0.364232 0.340193 482.763333 -87.985275 30.624523
slice7/query/img_03074_c0_1290444907821937us.jpg 0.624041 0.602322 -0.363632 0.339932 483.649045 -88.213311 30.601722
slice7/query/img_03075_c0_1290444907888675us.jpg 0.624676 0.602184 -0.362907 0.339783 484.535683 -88.436305 30.579155
slice7/query/img_03076_c0_1290444907955287us.jpg 0.625195 0.602153 -0.362129 0.339713 485.413998 -88.658429 30.558822
slice7/query/img_03077_c0_1290444908088639us.jpg 0.625456 0.602675 -0.361525 0.338950 487.182493 -89.103291 30.531529
slice7/query/img_03078_c0_1290444908155271us.jpg 0.625590 0.602816 -0.361418 0.338566 488.063580 -89.323406 30.515428
slice7/query/img_03079_c0_1290444908221862us.jpg 0.625699 0.603065 -0.361054 0.338309 488.944925 -89.543551 30.498580
slice7/query/img_03080_c0_1290444908288599us.jpg 0.625759 0.603264 -0.360333 0.338611 489.826175 -89.756223 30.478845
slice7/query/img_03081_c0_1290444908421829us.jpg 0.625812 0.603882 -0.358589 0.339264 491.588696 -90.189134 30.445854
slice7/query/img_03082_c0_1290444908488562us.jpg 0.626071 0.603854 -0.358273 0.339170 492.472892 -90.405490 30.429302
slice7/query/img_03083_c0_1290444908555176us.jpg 0.626278 0.603757 -0.358338 0.338891 493.350960 -90.623834 30.415158
slice7/query/img_03084_c0_1290444908621787us.jpg 0.626444 0.603649 -0.358372 0.338742 494.229226 -90.836878 30.402078
slice7/query/img_03085_c0_1290444908755139us.jpg 0.626300 0.604454 -0.357787 0.338191 495.987070 -91.272610 30.373019
slice7/query/img_03086_c0_1290444908821751us.jpg 0.626296 0.604729 -0.357686 0.337813 496.868739 -91.484881 30.354883
slice7/query/img_03087_c0_1290444908888489us.jpg 0.626327 0.604750 -0.357676 0.337727 497.746536 -91.696163 30.340057
slice7/query/img_03088_c0_1290444908955101us.jpg 0.626333 0.604797 -0.357448 0.337872 498.624165 -91.904984 30.322234
slice7/query/img_03089_c0_1290444909021714us.jpg 0.626039 0.605184 -0.357197 0.337989 499.499114 -92.114848 30.305994
slice7/query/img_03090_c0_1290444909155085us.jpg 0.625263 0.606226 -0.356830 0.337947 501.250268 -92.528920 30.272918
slice7/query/img_03091_c0_1290444909221680us.jpg 0.625818 0.605088 -0.359657 0.335956 502.130399 -92.747681 30.265531
slice7/query/img_03092_c0_1290444909288413us.jpg 0.627274 0.603944 -0.360520 0.334373 503.000146 -92.965496 30.256498
slice7/query/img_03093_c0_1290444909355026us.jpg 0.627032 0.604259 -0.359990 0.334827 503.871212 -93.175805 30.234561
slice7/query/img_03094_c0_1290444909421638us.jpg 0.627287 0.603774 -0.358246 0.337087 504.734100 -93.386587 30.202221
slice7/query/img_03095_c0_1290444909554990us.jpg 0.627650 0.603540 -0.356902 0.338254 506.470095 -93.800528 30.164479
slice7/query/img_03096_c0_1290444909621600us.jpg 0.626938 0.604536 -0.356559 0.338157 507.336785 -94.002960 30.150549
slice7/query/img_03097_c0_1290444909688342us.jpg 0.625729 0.606047 -0.356747 0.337493 508.209223 -94.200073 30.134501
slice7/query/img_03098_c0_1290444909821569us.jpg 0.623410 0.608829 -0.356995 0.336513 509.958243 -94.597687 30.103902
slice7/query/img_03099_c0_1290444909888302us.jpg 0.623019 0.609496 -0.356203 0.336869 510.821738 -94.797416 30.083772
slice7/query/img_03100_c0_1290444909954912us.jpg 0.623005 0.609827 -0.355591 0.336944 511.686681 -95.000713 30.064570
slice7/query/img_03101_c0_1290444910021525us.jpg 0.623447 0.609574 -0.355587 0.336587 512.552336 -95.203256 30.046925
slice7/query/img_03102_c0_1290444910154878us.jpg 0.625005 0.608468 -0.355608 0.335675 514.280189 -95.610334 30.017533
slice7/query/img_03103_c0_1290444910221487us.jpg 0.625683 0.608070 -0.355474 0.335275 515.139138 -95.816188 30.002777
slice7/query/img_03104_c0_1290444910288225us.jpg 0.626308 0.607749 -0.355062 0.335127 516.001805 -96.017834 29.986714
slice7/query/img_03105_c0_1290444910354838us.jpg 0.626796 0.607521 -0.354571 0.335148 516.860407 -96.218855 29.969740
slice7/query/img_03106_c0_1290444910488189us.jpg 0.627283 0.607747 -0.353203 0.335272 518.575881 -96.617165 29.943053
slice7/query/img_03107_c0_1290444910554802us.jpg 0.627505 0.607885 -0.352981 0.334840 519.436672 -96.814199 29.929002
slice7/query/img_03108_c0_1290444910688174us.jpg 0.628221 0.607849 -0.352932 0.333610 521.157027 -97.205484 29.901466
slice7/query/img_03109_c0_1290444910754763us.jpg 0.628617 0.607915 -0.352464 0.333240 522.017368 -97.397352 29.886346
slice7/query/img_03110_c0_1290444910821377us.jpg 0.629124 0.607905 -0.352068 0.332721 522.874961 -97.588760 29.870143
slice7/query/img_03111_c0_1290444910954747us.jpg 0.630136 0.607779 -0.351251 0.331897 524.589977 -97.966947 29.839869
slice7/query/img_03112_c0_1290444911021357us.jpg 0.630336 0.608041 -0.350762 0.331555 525.445940 -98.153956 29.823257
slice7/query/img_03113_c0_1290444911088076us.jpg 0.630356 0.608553 -0.350226 0.331145 526.301567 -98.338908 29.807517
slice7/query/img_03114_c0_1290444911154689us.jpg 0.630390 0.609006 -0.349395 0.331123 527.155668 -98.521584 29.790285
slice7/query/img_03115_c0_1290444911288041us.jpg 0.630664 0.609595 -0.348015 0.330972 528.864394 -98.885518 29.757716
slice7/query/img_03116_c0_1290444911421282us.jpg 0.632029 0.608972 -0.346949 0.330633 530.564922 -99.246479 29.735457
slice7/query/img_03117_c0_1290444911488001us.jpg 0.631288 0.610059 -0.346681 0.330328 531.416915 -99.423496 29.721917
slice7/query/img_03118_c0_1290444911621252us.jpg 0.629250 0.611266 -0.348951 0.329593 533.129400 -99.775623 29.695283
slice7/query/img_03119_c0_1290444911687964us.jpg 0.628032 0.611704 -0.350170 0.329810 533.981726 -99.946659 29.679224
slice7/query/img_03120_c0_1290444911754576us.jpg 0.626640 0.612409 -0.351142 0.330115 534.832349 -100.118805 29.661084
slice7/query/img_03121_c0_1290444911887952us.jpg 0.624702 0.613428 -0.351799 0.331197 536.529500 -100.474964 29.617648
slice7/query/img_03122_c0_1290444911954540us.jpg 0.624555 0.613092 -0.352012 0.331868 537.370674 -100.659187 29.596346
slice7/query/img_03123_c0_1290444912021152us.jpg 0.624984 0.612130 -0.352028 0.332821 538.212004 -100.843429 29.576395
slice7/query/img_03124_c0_1290444912087890us.jpg 0.625561 0.610872 -0.352420 0.333629 539.049573 -101.033146 29.558865
slice7/query/img_03125_c0_1290444912221137us.jpg 0.625804 0.609210 -0.353923 0.334621 540.722602 -101.423426 29.528808
slice7/query/img_03126_c0_1290444912287873us.jpg 0.625599 0.608789 -0.354942 0.334690 541.558971 -101.615663 29.515724
slice7/query/img_03127_c0_1290444912354465us.jpg 0.625205 0.608498 -0.355814 0.335030 542.392079 -101.808343 29.502531
slice7/query/img_03128_c0_1290444912421078us.jpg 0.624957 0.608135 -0.356548 0.335373 543.224690 -102.002723 29.486539
slice7/query/img_03129_c0_1290444912554449us.jpg 0.624388 0.607564 -0.357595 0.336350 544.879382 -102.389928 29.451410
slice7/query/img_03130_c0_1290444912621040us.jpg 0.624179 0.607254 -0.358220 0.336632 545.703396 -102.586926 29.435410
slice7/query/img_03131_c0_1290444912754414us.jpg 0.623868 0.606154 -0.359591 0.337728 547.345711 -102.976271 29.401486
slice7/query/img_03132_c0_1290444912821022us.jpg 0.623720 0.605681 -0.359918 0.338501 548.160899 -103.170673 29.382590
slice7/query/img_03133_c0_1290444912887741us.jpg 0.623475 0.605419 -0.359828 0.339515 548.974379 -103.365531 29.363095
slice7/query/img_03134_c0_1290444912954354us.jpg 0.623178 0.605124 -0.360201 0.340189 549.781941 -103.561787 29.347443
slice7/query/img_03135_c0_1290444913087705us.jpg 0.622873 0.603827 -0.362380 0.340738 551.396917 -103.962991 29.323963
slice7/query/img_03136_c0_1290444913154317us.jpg 0.622623 0.603386 -0.363294 0.341003 552.207465 -104.162640 29.311758
slice7/query/img_03137_c0_1290444913220929us.jpg 0.622483 0.603116 -0.363571 0.341441 553.004801 -104.366935 29.298542
slice7/query/img_03138_c0_1290444913287666us.jpg 0.622104 0.603006 -0.363888 0.341988 553.802471 -104.568474 29.283811
slice7/query/img_03139_c0_1290444913420892us.jpg 0.621211 0.602608 -0.365179 0.342935 555.399961 -104.972362 29.255220
slice7/query/img_03140_c0_1290444913487629us.jpg 0.620427 0.602725 -0.365743 0.343548 556.196244 -105.174116 29.237870
slice7/query/img_03141_c0_1290444913554240us.jpg 0.619324 0.603175 -0.366057 0.344412 556.985907 -105.375466 29.219935
slice7/query/img_03142_c0_1290444913620853us.jpg 0.618061 0.603438 -0.366967 0.345252 557.771973 -105.577026 29.205174
slice7/query/img_03143_c0_1290444913754227us.jpg 0.615765 0.604280 -0.368501 0.346245 559.339276 -105.991263 29.174954
slice7/query/img_03144_c0_1290444913820816us.jpg 0.614216 0.604680 -0.369012 0.347751 560.119173 -106.197355 29.153581
slice7/query/img_03145_c0_1290444913887559us.jpg 0.612643 0.604637 -0.369210 0.350380 560.895579 -106.403237 29.129275
slice7/query/img_03146_c0_1290444913954167us.jpg 0.611030 0.604322 -0.370043 0.352853 561.667462 -106.610910 29.110900
slice7/query/img_03147_c0_1290444914087518us.jpg 0.608777 0.600527 -0.375992 0.356914 563.215045 -107.041703 29.088172
slice7/query/img_03148_c0_1290444914154150us.jpg 0.607836 0.598919 -0.379497 0.357511 563.989408 -107.268796 29.077862
slice7/query/img_03149_c0_1290444914220742us.jpg 0.606521 0.597867 -0.382860 0.357919 564.753981 -107.508693 29.066240
slice7/query/img_03150_c0_1290444914354111us.jpg 0.605168 0.593984 -0.388920 0.360134 566.264036 -107.992432 29.034663
slice7/query/img_03151_c0_1290444914420703us.jpg 0.604161 0.591504 -0.391856 0.362715 567.019267 -108.238610 29.010731
slice7/query/img_03152_c0_1290444914487442us.jpg 0.602001 0.589754 -0.393897 0.366920 567.770311 -108.482891 28.979574
slice7/query/img_03153_c0_1290444914554056us.jpg 0.598890 0.588612 -0.395664 0.371910 568.518037 -108.726889 28.945099
slice7/query/img_03154_c0_1290444914687426us.jpg 0.590289 0.588711 -0.401246 0.379447 570.008090 -109.233316 28.883572
slice7/query/img_03155_c0_1290444914754015us.jpg 0.585650 0.589028 -0.405446 0.381671 570.750662 -109.500390 28.859925
slice7/query/img_03156_c0_1290444914887392us.jpg 0.579805 0.585056 -0.413420 0.388098 572.218427 -110.064513 28.805167
slice7/query/img_03157_c0_1290444914953998us.jpg 0.578485 0.580337 -0.416799 0.393501 572.937250 -110.352097 28.764855
