slice7/query/img_03636_c0_1292959254394198us.jpg 0.632643 0.601630 -0.327061 0.361712 359.512373 -59.261415 28.993978
slice7/query/img_03637_c0_1292959254527601us.jpg 0.632412 0.601623 -0.327990 0.361286 361.152516 -59.623424 29.081868
slice7/query/img_03638_c0_1292959254594200us.jpg 0.632506 0.601659 -0.328334 0.360747 361.968052 -59.809752 29.129336
slice7/query/img_03639_c0_1292959254660951us.jpg 0.632884 0.601399 -0.328900 0.360003 362.783278 -59.999229 29.174674
slice7/query/img_03640_c0_1292959254727575us.jpg 0.633276 0.601426 -0.329048 0.359132 363.597178 -60.187040 29.217614
slice7/query/img_03641_c0_1292959254860975us.jpg 0.634211 0.601055 -0.328563 0.358547 365.234145 -60.557116 29.300846
slice7/query/img_03642_c0_1292959254927578us.jpg 0.634410 0.601035 -0.328176 0.358583 366.052303 -60.737514 29.338814
slice7/query/img_03643_c0_1292959254994203us.jpg 0.634309 0.601187 -0.328137 0.358542 366.870152 -60.920714 29.377490
slice7/query/img_03644_c0_1292959255060953us.jpg 0.633600 0.602050 -0.328374 0.358130 367.689952 -61.098619 29.417728
slice7/query/img_03645_c0_1292959255194228us.jpg 0.632295 0.603872 -0.328527 0.357229 369.339525 -61.455582 29.497285
slice7/query/img_03646_c0_1292959255260975us.jpg 0.632185 0.604261 -0.328551 0.356742 370.164524 -61.635655 29.536806
slice7/query/img_03647_c0_1292959255327580us.jpg 0.632539 0.604164 -0.328381 0.356435 370.988147 -61.817782 29.575291
slice7/query/img_03648_c0_1292959255394206us.jpg 0.633146 0.603642 -0.328455 0.356174 371.810663 -61.998391 29.611757
slice7/query/img_03649_c0_1292959255460957us.jpg 0.633788 0.603366 -0.328279 0.355662 372.633812 -62.184248 29.648961
slice7/query/img_03650_c0_1292959255594228us.jpg 0.634771 0.602741 -0.328099 0.355134 374.283454 -62.545090 29.722364
slice7/query/img_03651_c0_1292959255660957us.jpg 0.635033 0.602655 -0.327965 0.354935 375.107459 -62.727447 29.759042
slice7/query/img_03652_c0_1292959255727582us.jpg 0.635219 0.602441 -0.328162 0.354783 375.933973 -62.907686 29.796433
slice7/query/img_03653_c0_1292959255794207us.jpg 0.635038 0.602791 -0.328017 0.354647 376.760466 -63.086882 29.833352
slice7/query/img_03654_c0_1292959255927601us.jpg 0.634541 0.603434 -0.328117 0.354351 378.419933 -63.445132 29.910571
slice7/query/img_03655_c0_1292959256060976us.jpg 0.634474 0.603500 -0.328851 0.353677 380.086043 -63.808775 29.985829
slice7/query/img_03656_c0_1292959256127586us.jpg 0.634521 0.603448 -0.329007 0.353537 380.916648 -63.992697 30.022454
slice7/query/img_03657_c0_1292959256194212us.jpg 0.634634 0.603273 -0.329050 0.353592 381.749563 -64.172465 30.056104
slice7/query/img_03658_c0_1292959256327589us.jpg 0.634698 0.603032 -0.329931 0.353068 383.426235 -64.533845 30.128067
slice7/query/img_03659_c0_1292959256394213us.jpg 0.634435 0.603190 -0.330484 0.352752 384.267756 -64.716007 30.163172
slice7/query/img_03660_c0_1292959256460961us.jpg 0.634009 0.603519 -0.331026 0.352447 385.109219 -64.896178 30.195022
slice7/query/img_03661_c0_1292959256527589us.jpg 0.633540 0.603792 -0.331390 0.352481 385.950718 -65.075558 30.226443
slice7/query/img_03662_c0_1292959256660987us.jpg 0.633121 0.603538 -0.332172 0.352933 387.631861 -65.440251 30.288307
slice7/query/img_03663_c0_1292959256727589us.jpg 0.633045 0.603363 -0.332490 0.353069 388.473411 -65.625192 30.317831
slice7/query/img_03664_c0_1292959256794216us.jpg 0.633289 0.602869 -0.332762 0.353218 389.315970 -65.812440 30.349059
slice7/query/img_03665_c0_1292959256860966us.jpg 0.633586 0.602448 -0.332957 0.353221 390.159092 -65.996115 30.376801
slice7/query/img_03666_c0_1292959256994239us.jpg 0.634168 0.601631 -0.334020 0.352564 391.848560 -66.373952 30.441036
slice7/query/img_03667_c0_1292959257060969us.jpg 0.634282 0.601447 -0.334460 0.352255 392.690501 -66.567936 30.472061
slice7/query/img_03668_c0_1292959257194221us.jpg 0.633776 0.601623 -0.335065 0.352290 394.388979 -66.943517 30.529173
slice7/query/img_03669_c0_1292959257260971us.jpg 0.633211 0.602056 -0.335546 0.352110 395.240555 -67.131397 30.556322
slice7/query/img_03670_c0_1292959257394220us.jpg 0.632242 0.602972 -0.336307 0.351557 396.946779 -67.505943 30.606156
slice7/query/img_03671_c0_1292959257460967us.jpg 0.632130 0.603040 -0.336693 0.351273 397.796527 -67.696539 30.630220
slice7/query/img_03672_c0_1292959257527597us.jpg 0.632151 0.603139 -0.336939 0.350828 398.648303 -67.889425 30.654112
slice7/query/img_03673_c0_1292959257594222us.jpg 0.632419 0.602920 -0.337323 0.350353 399.499311 -68.080088 30.677385
slice7/query/img_03674_c0_1292959257727617us.jpg 0.633258 0.602159 -0.338169 0.349329 401.205519 -68.468175 30.723566
slice7/query/img_03675_c0_1292959257794221us.jpg 0.633647 0.601712 -0.338366 0.349201 402.060342 -68.659929 30.743737
slice7/query/img_03676_c0_1292959257860974us.jpg 0.633712 0.601699 -0.338521 0.348957 402.911595 -68.853110 30.764843
slice7/query/img_03677_c0_1292959257994225us.jpg 0.633714 0.601805 -0.338672 0.348624 404.618770 -69.239849 30.800408
slice7/query/img_03678_c0_1292959258060980us.jpg 0.633540 0.602168 -0.338496 0.348484 405.471814 -69.432216 30.818493
slice7/query/img_03679_c0_1292959258127602us.jpg 0.633486 0.602245 -0.338311 0.348629 406.325897 -69.622051 30.836922
slice7/query/img_03680_c0_1292959258260974us.jpg 0.633255 0.602493 -0.338444 0.348491 408.042295 -69.996367 30.876687
slice7/query/img_03681_c0_1292959258394247us.jpg 0.632759 0.603186 -0.339046 0.347606 409.759694 -70.378215 30.916976
slice7/query/img_03682_c0_1292959258460977us.jpg 0.632671 0.603358 -0.339336 0.347185 410.619590 -70.569799 30.935018
slice7/query/img_03683_c0_1292959258527603us.jpg 0.632784 0.603164 -0.339853 0.346811 411.479725 -70.761329 30.953422
slice7/query/img_03684_c0_1292959258660980us.jpg 0.633103 0.602709 -0.340953 0.345939 413.198401 -71.150927 30.988138
slice7/query/img_03685_c0_1292959258727625us.jpg 0.632976 0.602985 -0.341447 0.345202 414.057493 -71.345152 31.003410
slice7/query/img_03686_c0_1292959258794228us.jpg 0.633020 0.603007 -0.341715 0.344818 414.917048 -71.539114 31.014386
slice7/query/img_03687_c0_1292959258860980us.jpg 0.633321 0.602607 -0.341907 0.344773 415.772933 -71.734625 31.026606
slice7/query/img_03688_c0_1292959258994254us.jpg 0.634111 0.601424 -0.341777 0.345516 417.503912 -72.116322 31.046456
slice7/query/img_03689_c0_1292959259061002us.jpg 0.634173 0.601301 -0.341830 0.345564 418.368653 -72.311507 31.056572
slice7/query/img_03690_c0_1292959259127606us.jpg 0.634233 0.601376 -0.341804 0.345350 419.232867 -72.508149 31.068375
slice7/query/img_03691_c0_1292959259194233us.jpg 0.634053 0.601560 -0.341863 0.345299 420.095663 -72.700873 31.082461
slice7/query/img_03692_c0_1292959259327632us.jpg 0.633607 0.601990 -0.342554 0.344683 421.832870 -73.086598 31.104365
slice7/query/img_03693_c0_1292959259394255us.jpg 0.633114 0.602416 -0.343164 0.344237 422.701484 -73.279031 31.117107
slice7/query/img_03694_c0_1292959259460985us.jpg 0.632509 0.602946 -0.343495 0.344091 423.569097 -73.470623 31.127483
slice7/query/img_03695_c0_1292959259527611us.jpg 0.632001 0.603294 -0.343735 0.344176 424.436763 -73.665235 31.133775
slice7/query/img_03696_c0_1292959259662263us.jpg 0.631593 0.603411 -0.344078 0.344378 426.177851 -74.053521 31.146600
slice7/query/img_03697_c0_1292959259727613us.jpg 0.631969 0.602966 -0.344219 0.344326 427.045363 -74.253478 31.152000
slice7/query/img_03698_c0_1292959259794238us.jpg 0.632559 0.602309 -0.344200 0.344410 427.911936 -74.454200 31.158899
slice7/query/img_03699_c0_1292959259860990us.jpg 0.633083 0.601627 -0.344455 0.344386 428.780611 -74.655118 31.167636
slice7/query/img_03700_c0_1292959259927615us.jpg 0.633419 0.601183 -0.344796 0.344202 429.649163 -74.854220 31.175594
slice7/query/img_03701_c0_1292959260061012us.jpg 0.633545 0.600579 -0.345855 0.343962 431.394172 -75.251190 31.192752
slice7/query/img_03702_c0_1292959260127636us.jpg 0.633357 0.600631 -0.346100 0.343972 432.266296 -75.450216 31.200817
slice7/query/img_03703_c0_1292959260194241us.jpg 0.633110 0.600572 -0.346384 0.344242 433.135867 -75.648715 31.206161
slice7/query/img_03704_c0_1292959260327618us.jpg 0.632133 0.601263 -0.347301 0.343906 434.882573 -76.042258 31.216938
slice7/query/img_03705_c0_1292959260394242us.jpg 0.631532 0.601767 -0.347709 0.343717 435.756305 -76.237381 31.223778
slice7/query/img_03706_c0_1292959260460994us.jpg 0.631050 0.602167 -0.347689 0.343922 436.625020 -76.437569 31.227394
slice7/query/img_03707_c0_1292959260527618us.jpg 0.630587 0.602312 -0.348019 0.344184 437.495971 -76.637301 31.228406
slice7/query/img_03708_c0_1292959260661019us.jpg 0.629751 0.602281 -0.349991 0.343770 439.237920 -77.036880 31.237766
slice7/query/img_03709_c0_1292959260727619us.jpg 0.629567 0.602072 -0.351240 0.343198 440.106206 -77.241146 31.242329
slice7/query/img_03710_c0_1292959260794245us.jpg 0.629675 0.601810 -0.352081 0.342597 440.969305 -77.447820 31.246034
slice7/query/img_03711_c0_1292959260860997us.jpg 0.630173 0.600996 -0.353072 0.342089 441.834018 -77.653276 31.246856
slice7/query/img_03712_c0_1292959260927622us.jpg 0.630954 0.600041 -0.353690 0.341690 442.690904 -77.865434 31.248288
slice7/query/img_03713_c0_1292959261061022us.jpg 0.632082 0.598302 -0.354929 0.341369 444.403981 -78.285559 31.245018
slice7/query/img_03714_c0_1292959261127623us.jpg 0.631913 0.598151 -0.355798 0.341041 445.261677 -78.489767 31.238180
slice7/query/img_03715_c0_1292959261194250us.jpg 0.631167 0.598607 -0.356686 0.340695 446.119131 -78.693353 31.233959
slice7/query/img_03716_c0_1292959261261000us.jpg 0.629944 0.599728 -0.357140 0.340510 446.973353 -78.896335 31.225182
slice7/query/img_03717_c0_1292959261394271us.jpg 0.627458 0.601588 -0.357297 0.341655 448.681871 -79.294295 31.201621
slice7/query/img_03718_c0_1292959261461001us.jpg 0.626508 0.602250 -0.357084 0.342453 449.532365 -79.494179 31.188856
slice7/query/img_03719_c0_1292959261527627us.jpg 0.625930 0.602439 -0.356924 0.343342 450.381297 -79.695372 31.174383
slice7/query/img_03720_c0_1292959261594252us.jpg 0.625609 0.602574 -0.356638 0.343986 451.226514 -79.904698 31.163783
slice7/query/img_03721_c0_1292959261727648us.jpg 0.626045 0.601545 -0.356976 0.344643 452.915779 -80.319954 31.147263
slice7/query/img_03722_c0_1292959261794254us.jpg 0.626237 0.601293 -0.357182 0.344521 453.757055 -80.532888 31.143023
slice7/query/img_03723_c0_1292959261861004us.jpg 0.626317 0.600992 -0.358004 0.344048 454.602844 -80.741875 31.136438
slice7/query/img_03724_c0_1292959261927630us.jpg 0.625959 0.601138 -0.358961 0.343447 455.445035 -80.954338 31.128389
slice7/query/img_03725_c0_1292959262061006us.jpg 0.624123 0.602625 -0.359900 0.343199 457.125766 -81.368046 31.108987
slice7/query/img_03726_c0_1292959262127630us.jpg 0.623025 0.603515 -0.360018 0.343507 457.965629 -81.572489 31.094858
slice7/query/img_03727_c0_1292959262194257us.jpg 0.622622 0.603555 -0.360069 0.344113 458.805341 -81.779958 31.080036
slice7/query/img_03728_c0_1292959262261006us.jpg 0.622651 0.603408 -0.359949 0.344443 459.641899 -81.988490 31.064118
slice7/query/img_03729_c0_1292959262394261us.jpg 0.623548 0.602682 -0.358937 0.345148 461.310663 -82.409790 31.035749
slice7/query/img_03730_c0_1292959262461029us.jpg 0.624262 0.602043 -0.359544 0.344338 462.144681 -82.626852 31.027269
slice7/query/img_03731_c0_1292959262527633us.jpg 0.625258 0.601038 -0.360785 0.342987 462.979746 -82.847204 31.020759
slice7/query/img_03732_c0_1292959262594259us.jpg 0.626169 0.599948 -0.362174 0.341768 463.815871 -83.061181 31.012062
slice7/query/img_03733_c0_1292959262727636us.jpg 0.626641 0.599632 -0.362605 0.340999 465.483869 -83.483015 30.986075
slice7/query/img_03734_c0_1292959262794260us.jpg 0.626163 0.600326 -0.362049 0.341246 466.315855 -83.690656 30.964658
slice7/query/img_03735_c0_1292959262861010us.jpg 0.625516 0.601165 -0.361209 0.341845 467.146876 -83.896120 30.944891
slice7/query/img_03736_c0_1292959262927635us.jpg 0.625057 0.601243 -0.361207 0.342549 467.976400 -84.099960 30.928032
slice7/query/img_03737_c0_1292959263061013us.jpg 0.624502 0.601511 -0.362231 0.342009 469.645713 -84.515240 30.900985
slice7/query/img_03738_c0_1292959263127636us.jpg 0.624558 0.601744 -0.362664 0.341035 470.476666 -84.725698 30.885419
slice7/query/img_03739_c0_1292959263261032us.jpg 0.626065 0.600626 -0.363658 0.339180 472.134542 -85.153477 30.852733
slice7/query/img_03740_c0_1292959263327637us.jpg 0.626984 0.599777 -0.364144 0.338464 472.965391 -85.363536 30.835957
slice7/query/img_03741_c0_1292959263461015us.jpg 0.627554 0.599210 -0.364559 0.337965 474.625414 -85.780695 30.795629
slice7/query/img_03742_c0_1292959263527638us.jpg 0.626950 0.599907 -0.364135 0.338306 475.455706 -85.984179 30.771248
slice7/query/img_03743_c0_1292959263661017us.jpg 0.625890 0.601049 -0.362375 0.340127 477.112165 -86.392581 30.717165
slice7/query/img_03744_c0_1292959263727638us.jpg 0.625679 0.601479 -0.361511 0.340674 477.938851 -86.598499 30.691879
slice7/query/img_03745_c0_1292959263861569us.jpg 0.625502 0.601941 -0.361476 0.340221 479.600369 -87.007440 30.652901
slice7/query/img_03746_c0_1292959263927643us.jpg 0.625733 0.601807 -0.362030 0.339442 480.430252 -87.217059 30.639848
slice7/query/img_03747_c0_1292959263994266us.jpg 0.626081 0.601404 -0.362793 0.338699 481.261174 -87.425013 30.622873
slice7/query/img_03748_c0_1292959264061017us.jpg 0.626500 0.601187 -0.363003 0.338084 482.090423 -87.637784 30.604460
slice7/query/img_03749_c0_1292959264194272us.jpg 0.626979 0.600757 -0.362664 0.338324 483.754574 -88.046166 30.560852
slice7/query/img_03750_c0_1292959264261040us.jpg 0.627078 0.600823 -0.362037 0.338694 484.581381 -88.255463 30.537383
slice7/query/img_03751_c0_1292959264327647us.jpg 0.627134 0.600856 -0.361596 0.339003 485.412576 -88.459200 30.517632
slice7/query/img_03752_c0_1292959264394271us.jpg 0.627096 0.600992 -0.361372 0.339072 486.242596 -88.664987 30.499919
slice7/query/img_03753_c0_1292959264527648us.jpg 0.627285 0.600772 -0.361980 0.338462 487.906535 -89.080683 30.474682
slice7/query/img_03754_c0_1292959264594272us.jpg 0.627570 0.600653 -0.361916 0.338214 488.736708 -89.290971 30.461754
slice7/query/img_03755_c0_1292959264661024us.jpg 0.627976 0.600364 -0.361601 0.338309 489.564538 -89.499822 30.443194
slice7/query/img_03756_c0_1292959264794300us.jpg 0.628400 0.600220 -0.360346 0.339117 491.218581 -89.907438 30.413607
slice7/query/img_03757_c0_1292959264861045us.jpg 0.628575 0.600100 -0.360074 0.339292 492.049043 -90.115347 30.397239
slice7/query/img_03758_c0_1292959264927651us.jpg 0.628581 0.600243 -0.359996 0.339113 492.880409 -90.320227 30.382185
slice7/query/img_03759_c0_1292959264994277us.jpg 0.628443 0.600247 -0.360158 0.339189 493.708539 -90.526053 30.370016
slice7/query/img_03760_c0_1292959265127675us.jpg 0.627709 0.601209 -0.359948 0.339067 495.373761 -90.927937 30.342982
slice7/query/img_03761_c0_1292959265194299us.jpg 0.627369 0.601732 -0.359991 0.338723 496.201281 -91.131681 30.331073
slice7/query/img_03762_c0_1292959265261028us.jpg 0.627330 0.601917 -0.360156 0.338290 497.031668 -91.333445 30.316528
slice7/query/img_03763_c0_1292959265327654us.jpg 0.627585 0.601609 -0.360261 0.338255 497.858240 -91.538767 30.301719
slice7/query/img_03764_c0_1292959265461310us.jpg 0.627558 0.601681 -0.359792 0.338674 499.512876 -91.935026 30.267477
slice7/query/img_03765_c0_1292959265527860us.jpg 0.627271 0.602137 -0.359177 0.339049 500.337868 -92.132144 30.251722
slice7/query/img_03766_c0_1292959265594466us.jpg 0.626884 0.602467 -0.359329 0.339017 501.163008 -92.329126 30.234153
slice7/query/img_03767_c0_1292959265661218us.jpg 0.627618 0.600905 -0.362239 0.337329 501.991489 -92.533689 30.225965
slice7/query/img_03768_c0_1292959265794469us.jpg 0.628470 0.599019 -0.365426 0.335658 503.638356 -92.949745 30.207714
slice7/query/img_03769_c0_1292959265861217us.jpg 0.629078 0.599244 -0.362404 0.337388 504.448246 -93.158812 30.173969
slice7/query/img_03770_c0_1292959265927846us.jpg 0.630011 0.598891 -0.360286 0.338542 505.259937 -93.362219 30.148805
slice7/query/img_03771_c0_1292959265994469us.jpg 0.630444 0.597991 -0.359811 0.339828 506.073099 -93.564814 30.127273
slice7/query/img_03772_c0_1292959266127867us.jpg 0.627382 0.600488 -0.361012 0.339818 507.716268 -93.953286 30.100835
slice7/query/img_03773_c0_1292959266194471us.jpg 0.624849 0.603019 -0.361764 0.339202 508.535754 -94.151201 30.087126
slice7/query/img_03774_c0_1292959266261221us.jpg 0.622940 0.604770 -0.362438 0.338878 509.355332 -94.347240 30.070946
slice7/query/img_03775_c0_1292959266327847us.jpg 0.622334 0.605382 -0.362294 0.339050 510.167678 -94.546669 30.054362
slice7/query/img_03776_c0_1292959266461225us.jpg 0.623594 0.604086 -0.361688 0.339695 511.791490 -94.952911 30.015909
slice7/query/img_03777_c0_1292959266527850us.jpg 0.624732 0.603148 -0.361647 0.339313 512.599167 -95.159458 30.000000
slice7/query/img_03778_c0_1292959266594474us.jpg 0.625715 0.602241 -0.362024 0.338712 513.407466 -95.364814 29.986492
slice7/query/img_03779_c0_1292959266727853us.jpg 0.626906 0.601591 -0.361939 0.337754 515.016557 -95.774820 29.957108
slice7/query/img_03780_c0_1292959266794477us.jpg 0.627246 0.601404 -0.361792 0.337613 515.820148 -95.975723 29.941320
slice7/query/img_03781_c0_1292959266861229us.jpg 0.627498 0.601534 -0.361248 0.337495 516.620376 -96.180322 29.926835
slice7/query/img_03782_c0_1292959267061258us.jpg 0.628723 0.601832 -0.359071 0.337005 519.025495 -96.767528 29.876380
slice7/query/img_03783_c0_1292959267327870us.jpg 0.631809 0.601263 -0.357909 0.333469 522.225336 -97.544246 29.820746
slice7/query/img_03784_c0_1292959267394485us.jpg 0.632234 0.601620 -0.357271 0.332702 523.023863 -97.730201 29.805731
slice7/query/img_03785_c0_1292959267461235us.jpg 0.632730 0.601774 -0.356608 0.332192 523.821075 -97.914654 29.792192
slice7/query/img_03786_c0_1292959267594505us.jpg 0.633248 0.602838 -0.354923 0.331078 525.415893 -98.271239 29.759304
slice7/query/img_03787_c0_1292959267727861us.jpg 0.633625 0.603978 -0.353108 0.330220 527.004218 -98.621182 29.728125
slice7/query/img_03788_c0_1292959267794488us.jpg 0.633986 0.604391 -0.352136 0.329808 527.792521 -98.796235 29.712317
slice7/query/img_03789_c0_1292959267861239us.jpg 0.634351 0.604576 -0.351385 0.329568 528.581159 -98.969440 29.698168
slice7/query/img_03790_c0_1292959267994512us.jpg 0.635443 0.604645 -0.349658 0.329173 530.160592 -99.309099 29.673726
slice7/query/img_03791_c0_1292959268061241us.jpg 0.635504 0.605025 -0.349151 0.328896 530.948337 -99.480725 29.661000
slice7/query/img_03792_c0_1292959268127867us.jpg 0.635086 0.605907 -0.349346 0.327872 531.736152 -99.648682 29.651551
slice7/query/img_03793_c0_1292959268261265us.jpg 0.633955 0.606992 -0.351661 0.325571 533.323615 -99.975384 29.633869
slice7/query/img_03794_c0_1292959268327867us.jpg 0.633254 0.607521 -0.352326 0.325229 534.112605 -100.138910 29.618545
slice7/query/img_03795_c0_1292959268394492us.jpg 0.632462 0.608092 -0.352626 0.325378 534.896689 -100.302073 29.599137
slice7/query/img_03796_c0_1292959268527893us.jpg 0.631532 0.608750 -0.352148 0.326471 536.463836 -100.618247 29.558101
slice7/query/img_03797_c0_1292959268594494us.jpg 0.631611 0.608423 -0.351943 0.327148 537.240132 -100.782973 29.538917
slice7/query/img_03798_c0_1292959268661246us.jpg 0.631676 0.608030 -0.351939 0.327757 538.016269 -100.944464 29.519814
slice7/query/img_03799_c0_1292959268794499us.jpg 0.631780 0.607028 -0.352827 0.328458 539.563699 -101.276872 29.489982
slice7/query/img_03800_c0_1292959268861270us.jpg 0.631506 0.606909 -0.353538 0.328440 540.334579 -101.445469 29.475633
slice7/query/img_03801_c0_1292959268927874us.jpg 0.631273 0.606716 -0.354291 0.328432 541.103879 -101.613368 29.460300
slice7/query/img_03802_c0_1292959269061275us.jpg 0.631011 0.605966 -0.355578 0.328930 542.633869 -101.951439 29.432784
slice7/query/img_03803_c0_1292959269127900us.jpg 0.631073 0.605420 -0.355833 0.329540 543.396142 -102.122372 29.414790
slice7/query/img_03804_c0_1292959269194504us.jpg 0.631065 0.604970 -0.356013 0.330185 544.154635 -102.291250 29.397230
slice7/query/img_03805_c0_1292959269261255us.jpg 0.630899 0.604740 -0.356288 0.330627 544.911541 -102.459743 29.379893
slice7/query/img_03806_c0_1292959269394527us.jpg 0.630624 0.603738 -0.357762 0.331392 546.423278 -102.805192 29.349436
slice7/query/img_03807_c0_1292959269461260us.jpg 0.630301 0.603432 -0.358420 0.331851 547.175214 -102.977091 29.334737
slice7/query/img_03808_c0_1292959269527882us.jpg 0.629836 0.603166 -0.358859 0.332744 547.920306 -103.148058 29.319555
slice7/query/img_03809_c0_1292959269661279us.jpg 0.628651 0.603016 -0.359204 0.334876 549.405155 -103.495731 29.285512
slice7/query/img_03810_c0_1292959269727904us.jpg 0.628243 0.602436 -0.360091 0.335733 550.146004 -103.670834 29.273662
slice7/query/img_03811_c0_1292959269794510us.jpg 0.628020 0.601593 -0.361708 0.335922 550.884972 -103.848301 29.261304
slice7/query/img_03812_c0_1292959269861261us.jpg 0.627747 0.600904 -0.363368 0.335875 551.618012 -104.029287 29.249008
slice7/query/img_03813_c0_1292959269994513us.jpg 0.626792 0.600053 -0.365348 0.337029 553.077769 -104.390063 29.222587
slice7/query/img_03814_c0_1292959270061263us.jpg 0.626302 0.599616 -0.365975 0.338036 553.802843 -104.572201 29.205215
slice7/query/img_03815_c0_1292959270127889us.jpg 0.625721 0.598886 -0.367117 0.339166 554.526332 -104.754101 29.189226
slice7/query/img_03816_c0_1292959270194515us.jpg 0.624882 0.598417 -0.368316 0.340240 555.245189 -104.938023 29.171233
slice7/query/img_03817_c0_1292959270327892us.jpg 0.622155 0.598512 -0.370291 0.342916 556.677301 -105.302425 29.133151
slice7/query/img_03818_c0_1292959270394537us.jpg 0.620696 0.598501 -0.371385 0.344391 557.390168 -105.487807 29.115423
slice7/query/img_03819_c0_1292959270461267us.jpg 0.619260 0.598311 -0.373360 0.345171 558.100877 -105.676042 29.099688
slice7/query/img_03820_c0_1292959270527894us.jpg 0.617714 0.597885 -0.375282 0.346593 558.807855 -105.868017 29.081165
slice7/query/img_03821_c0_1292959270661269us.jpg 0.614891 0.597396 -0.377755 0.349756 560.212192 -106.264943 29.040856
slice7/query/img_03822_c0_1292959270727895us.jpg 0.613546 0.596782 -0.378190 0.352683 560.909712 -106.462196 29.015861
slice7/query/img_03823_c0_1292959270794522us.jpg 0.611972 0.595804 -0.379625 0.355518 561.605659 -106.661738 28.994475
slice7/query/img_03824_c0_1292959270861273us.jpg 0.610948 0.593884 -0.381768 0.358186 562.297262 -106.870872 28.974688
slice7/query/img_03825_c0_1292959270994524us.jpg 0.609767 0.588629 -0.389586 0.360447 563.685466 -107.313979 28.952804
slice7/query/img_03826_c0_1292959271061274us.jpg 0.608546 0.587737 -0.392350 0.360968 564.370378 -107.545340 28.937462
slice7/query/img_03827_c0_1292959271127901us.jpg 0.607695 0.586763 -0.394695 0.361430 565.049748 -107.784119 28.917071
slice7/query/img_03828_c0_1292959271261297us.jpg 0.607914 0.581353 -0.399730 0.364260 566.408771 -108.268866 28.871309
slice7/query/img_03829_c0_1292959271327902us.jpg 0.607242 0.579224 -0.401579 0.366730 567.083340 -108.509843 28.846287
slice7/query/img_03830_c0_1292959271394527us.jpg 0.605277 0.578390 -0.402216 0.370577 567.761831 -108.747158 28.811061
slice7/query/img_03831_c0_1292959271461279us.jpg 0.602185 0.578645 -0.403255 0.374071 568.435442 -108.987008 28.778050
slice7/query/img_03832_c0_1292959271594548us.jpg 0.595758 0.579199 -0.408304 0.378007 569.785806 -109.484969 28.722614
slice7/query/img_03833_c0_1292959271661280us.jpg 0.592600 0.579909 -0.411671 0.378229 570.457838 -109.744266 28.701302
slice7/query/img_03834_c0_1292959271727906us.jpg 0.590450 0.580183 -0.413807 0.378841 571.122570 -110.010252 28.675441
slice7/query/img_03835_c0_1292959271794531us.jpg 0.589110 0.578534 -0.416147 0.380881 571.778526 -110.281805 28.649644
slice7/query/img_03836_c0_1292959271927930us.jpg 0.588836 0.570667 -0.421336 0.387411 573.091738 -110.848197 28.596129
