slice7/query/img_02897_c0_1299250786979329us.jpg 0.637042 0.601505 -0.322037 0.358694 358.304526 -59.264700 28.904540
slice7/query/img_02898_c0_1299250787112593us.jpg 0.635404 0.603113 -0.322690 0.358313 360.109112 -59.629219 29.006863
slice7/query/img_02899_c0_1299250787179313us.jpg 0.635013 0.603459 -0.323268 0.357901 361.011161 -59.813986 29.053244
slice7/query/img_02900_c0_1299250787245932us.jpg 0.635122 0.603444 -0.324001 0.357070 361.902827 -60.021388 29.108857
slice7/query/img_02901_c0_1299250787312559us.jpg 0.635590 0.603040 -0.324665 0.356315 362.798691 -60.211277 29.156380
slice7/query/img_02902_c0_1299250787379310us.jpg 0.636260 0.602515 -0.325102 0.355609 363.684143 -60.409209 29.203955
slice7/query/img_02903_c0_1299250787512584us.jpg 0.637392 0.601599 -0.324649 0.355546 365.490212 -60.788573 29.282626
slice7/query/img_02904_c0_1299250787579310us.jpg 0.637343 0.601443 -0.324542 0.355994 366.388701 -60.977472 29.324260
slice7/query/img_02905_c0_1299250787645935us.jpg 0.636647 0.602011 -0.324683 0.356151 367.290859 -61.163579 29.366558
slice7/query/img_02906_c0_1299250787712561us.jpg 0.635587 0.603030 -0.324974 0.356056 368.201843 -61.342437 29.406104
slice7/query/img_02907_c0_1299250787845941us.jpg 0.633850 0.604829 -0.325687 0.355449 370.008657 -61.721535 29.495765
slice7/query/img_02908_c0_1299250787912591us.jpg 0.633721 0.604817 -0.325924 0.355482 370.915310 -61.907643 29.534120
slice7/query/img_02909_c0_1299250787979313us.jpg 0.634010 0.604536 -0.326093 0.355290 371.818008 -62.102806 29.573040
slice7/query/img_02910_c0_1299250788045937us.jpg 0.634480 0.604041 -0.326171 0.355222 372.720164 -62.300071 29.616156
slice7/query/img_02911_c0_1299250788179316us.jpg 0.635655 0.603063 -0.326158 0.354795 374.523336 -62.699317 29.703880
slice7/query/img_02912_c0_1299250788245940us.jpg 0.636220 0.602417 -0.326279 0.354767 375.427423 -62.898806 29.744384
slice7/query/img_02913_c0_1299250788312566us.jpg 0.636411 0.602257 -0.326393 0.354591 376.334192 -63.096639 29.786063
slice7/query/img_02914_c0_1299250788379316us.jpg 0.636319 0.602259 -0.326633 0.354531 377.241083 -63.295317 29.826660
slice7/query/img_02915_c0_1299250788512574us.jpg 0.635449 0.603110 -0.327461 0.353881 379.063963 -63.682283 29.910493
slice7/query/img_02916_c0_1299250788579316us.jpg 0.635219 0.603368 -0.327926 0.353423 379.973071 -63.879328 29.951944
slice7/query/img_02917_c0_1299250788645940us.jpg 0.635280 0.603349 -0.328059 0.353223 380.877941 -64.078336 29.991597
slice7/query/img_02918_c0_1299250788712566us.jpg 0.635497 0.603074 -0.328262 0.353114 381.781065 -64.276180 30.031728
slice7/query/img_02919_c0_1299250788779317us.jpg 0.635762 0.602804 -0.328609 0.352775 382.688482 -64.472795 30.067197
slice7/query/img_02920_c0_1299250788912594us.jpg 0.635526 0.603125 -0.329586 0.351738 384.505860 -64.862734 30.148200
slice7/query/img_02921_c0_1299250788979318us.jpg 0.635321 0.603451 -0.329954 0.351204 385.410020 -65.060329 30.184532
slice7/query/img_02922_c0_1299250789045944us.jpg 0.635205 0.603484 -0.330216 0.351112 386.316891 -65.252831 30.219384
slice7/query/img_02923_c0_1299250789112569us.jpg 0.635123 0.603427 -0.330413 0.351172 387.212738 -65.449680 30.253077
slice7/query/img_02924_c0_1299250789245972us.jpg 0.634931 0.603392 -0.330699 0.351311 389.030970 -65.833717 30.323367
slice7/query/img_02925_c0_1299250789312595us.jpg 0.635015 0.603297 -0.330630 0.351386 389.934212 -66.028592 30.356541
slice7/query/img_02926_c0_1299250789379321us.jpg 0.635228 0.603066 -0.330775 0.351260 390.836467 -66.226157 30.389879
slice7/query/img_02927_c0_1299250789445945us.jpg 0.635464 0.602903 -0.331248 0.350669 391.737530 -66.426064 30.423877
slice7/query/img_02928_c0_1299250789512571us.jpg 0.635663 0.602626 -0.331720 0.350338 392.637357 -66.625136 30.458438
slice7/query/img_02929_c0_1299250789645950us.jpg 0.635597 0.602636 -0.332332 0.349860 394.446336 -67.014972 30.524408
slice7/query/img_02930_c0_1299250789712596us.jpg 0.635156 0.602997 -0.332855 0.349541 395.354267 -67.209584 30.556392
slice7/query/img_02931_c0_1299250789779322us.jpg 0.634588 0.603584 -0.333413 0.349028 396.261849 -67.400226 30.585284
slice7/query/img_02932_c0_1299250789845949us.jpg 0.634113 0.603930 -0.333671 0.349047 397.162013 -67.597313 30.612173
slice7/query/img_02933_c0_1299250789979352us.jpg 0.633573 0.604456 -0.334237 0.348576 398.959385 -67.997138 30.665598
slice7/query/img_02934_c0_1299250790045950us.jpg 0.633663 0.604300 -0.334719 0.348219 399.865469 -68.192586 30.690462
slice7/query/img_02935_c0_1299250790112576us.jpg 0.633879 0.604045 -0.335121 0.347882 400.770851 -68.386675 30.712459
slice7/query/img_02936_c0_1299250790179326us.jpg 0.634176 0.603608 -0.335513 0.347719 401.671679 -68.585356 30.734576
slice7/query/img_02937_c0_1299250790313460us.jpg 0.634706 0.602946 -0.336144 0.347291 403.475523 -68.993059 30.780033
slice7/query/img_02938_c0_1299250790379349us.jpg 0.634732 0.602923 -0.336257 0.347175 404.375941 -69.191811 30.799335
slice7/query/img_02939_c0_1299250790445952us.jpg 0.634785 0.602890 -0.336384 0.347013 405.278066 -69.391250 30.815949
slice7/query/img_02940_c0_1299250790512577us.jpg 0.634651 0.602911 -0.336430 0.347176 406.177862 -69.589903 30.835952
slice7/query/img_02941_c0_1299250790645979us.jpg 0.634202 0.603188 -0.336654 0.347298 407.984568 -69.980312 30.875757
slice7/query/img_02942_c0_1299250790712586us.jpg 0.633705 0.603608 -0.336991 0.347148 408.885993 -70.177686 30.896144
slice7/query/img_02943_c0_1299250790779328us.jpg 0.633378 0.603851 -0.337564 0.346767 409.791544 -70.372461 30.917608
slice7/query/img_02944_c0_1299250790845957us.jpg 0.633209 0.603946 -0.338065 0.346421 410.696006 -70.569859 30.936176
slice7/query/img_02945_c0_1299250790979339us.jpg 0.633169 0.603398 -0.339351 0.346191 412.501925 -70.968590 30.971283
slice7/query/img_02946_c0_1299250791045956us.jpg 0.633020 0.603351 -0.340152 0.345759 413.406792 -71.170635 30.988027
slice7/query/img_02947_c0_1299250791112586us.jpg 0.632708 0.603533 -0.340843 0.345333 414.309945 -71.371227 31.005842
slice7/query/img_02948_c0_1299250791179330us.jpg 0.632606 0.603378 -0.341364 0.345275 415.212341 -71.571640 31.017760
slice7/query/img_02949_c0_1299250791312587us.jpg 0.632893 0.602240 -0.341730 0.346371 417.026425 -71.975248 31.042298
slice7/query/img_02950_c0_1299250791379332us.jpg 0.633049 0.601717 -0.342076 0.346655 417.927422 -72.176426 31.053109
slice7/query/img_02951_c0_1299250791445957us.jpg 0.633073 0.601400 -0.342723 0.346522 418.831803 -72.382851 31.065224
slice7/query/img_02952_c0_1299250791512583us.jpg 0.632825 0.601471 -0.342966 0.346612 419.735082 -72.590185 31.076700
slice7/query/img_02953_c0_1299250791579337us.jpg 0.632501 0.601600 -0.343455 0.346495 420.638199 -72.793233 31.086931
slice7/query/img_02954_c0_1299250791712597us.jpg 0.631395 0.602021 -0.344830 0.346416 422.451641 -73.193456 31.113098
slice7/query/img_02955_c0_1299250791779340us.jpg 0.630750 0.602201 -0.345579 0.346531 423.357011 -73.398723 31.122385
slice7/query/img_02956_c0_1299250791845959us.jpg 0.629988 0.602498 -0.346076 0.346904 424.260018 -73.604526 31.132839
slice7/query/img_02957_c0_1299250791912585us.jpg 0.629606 0.602465 -0.346535 0.347197 425.162033 -73.812335 31.135207
slice7/query/img_02958_c0_1299250792045967us.jpg 0.629688 0.601955 -0.346965 0.347503 426.964104 -74.244593 31.150236
slice7/query/img_02959_c0_1299250792112606us.jpg 0.630225 0.601117 -0.347186 0.347760 427.867435 -74.458340 31.155994
slice7/query/img_02960_c0_1299250792179335us.jpg 0.630642 0.600451 -0.347479 0.347860 428.764792 -74.678738 31.164060
slice7/query/img_02961_c0_1299250792245961us.jpg 0.631076 0.599639 -0.348056 0.347897 429.665283 -74.899503 31.170555
slice7/query/img_02962_c0_1299250792379366us.jpg 0.631080 0.598985 -0.349052 0.348020 431.471020 -75.344444 31.186674
slice7/query/img_02963_c0_1299250792512587us.jpg 0.630515 0.598998 -0.349599 0.348473 433.285763 -75.781343 31.201204
slice7/query/img_02964_c0_1299250792579339us.jpg 0.630145 0.599251 -0.350008 0.348296 434.194029 -76.003820 31.208506
slice7/query/img_02965_c0_1299250792645968us.jpg 0.629786 0.599680 -0.350438 0.347774 435.107351 -76.222179 31.211927
slice7/query/img_02966_c0_1299250792779346us.jpg 0.629173 0.600048 -0.350851 0.347832 436.934276 -76.662357 31.221175
slice7/query/img_02967_c0_1299250792845965us.jpg 0.628931 0.600129 -0.350898 0.348084 437.848893 -76.881763 31.223145
slice7/query/img_02968_c0_1299250792912590us.jpg 0.628732 0.600012 -0.351444 0.348093 438.765856 -77.100972 31.223962
slice7/query/img_02969_c0_1299250792979341us.jpg 0.628375 0.600179 -0.352279 0.347605 439.683585 -77.324202 31.230347
slice7/query/img_02970_c0_1299250793112593us.jpg 0.628495 0.599811 -0.353786 0.346493 441.520253 -77.772474 31.237619
slice7/query/img_02971_c0_1299250793179368us.jpg 0.629152 0.599148 -0.354519 0.345696 442.438275 -77.999685 31.237898
slice7/query/img_02972_c0_1299250793245989us.jpg 0.630032 0.598268 -0.355017 0.345105 443.351243 -78.233643 31.235089
slice7/query/img_02973_c0_1299250793312593us.jpg 0.630549 0.597810 -0.355341 0.344621 444.266727 -78.464170 31.232520
slice7/query/img_02974_c0_1299250793379343us.jpg 0.630813 0.597544 -0.356082 0.343835 445.184209 -78.693601 31.227152
slice7/query/img_02975_c0_1299250793512596us.jpg 0.629880 0.598860 -0.356587 0.342730 447.024724 -79.137015 31.206624
slice7/query/img_02976_c0_1299250793579345us.jpg 0.628697 0.600191 -0.356324 0.342847 447.944896 -79.358581 31.197000
slice7/query/img_02977_c0_1299250793645970us.jpg 0.627687 0.601283 -0.355981 0.343140 448.865546 -79.576820 31.183583
slice7/query/img_02978_c0_1299250793712594us.jpg 0.626763 0.602154 -0.355592 0.343706 449.791395 -79.794266 31.169753
slice7/query/img_02979_c0_1299250793779348us.jpg 0.626077 0.602996 -0.354859 0.344236 450.710234 -80.014324 31.157149
slice7/query/img_02980_c0_1299250793912600us.jpg 0.625883 0.603544 -0.353641 0.344882 452.550678 -80.462736 31.135174
slice7/query/img_02981_c0_1299250793979346us.jpg 0.626169 0.603372 -0.353421 0.344889 453.476162 -80.685827 31.128235
slice7/query/img_02982_c0_1299250794045972us.jpg 0.626372 0.603198 -0.353751 0.344487 454.399762 -80.909714 31.122839
slice7/query/img_02983_c0_1299250794112597us.jpg 0.626341 0.603457 -0.354399 0.343420 455.325506 -81.135896 31.117259
slice7/query/img_02984_c0_1299250794245972us.jpg 0.624756 0.605434 -0.354947 0.342261 457.183045 -81.580605 31.102021
slice7/query/img_02985_c0_1299250794312598us.jpg 0.623839 0.606206 -0.355150 0.342356 458.114852 -81.800224 31.085409
slice7/query/img_02986_c0_1299250794379348us.jpg 0.623257 0.606380 -0.355414 0.342835 459.041440 -82.020636 31.068143
slice7/query/img_02987_c0_1299250794512623us.jpg 0.622813 0.606752 -0.354496 0.343931 460.898497 -82.469658 31.042517
slice7/query/img_02988_c0_1299250794579388us.jpg 0.623325 0.606373 -0.354469 0.343699 461.827769 -82.697777 31.027625
slice7/query/img_02989_c0_1299250794645975us.jpg 0.624185 0.605383 -0.355562 0.342755 462.761509 -82.926489 31.021673
slice7/query/img_02990_c0_1299250794712601us.jpg 0.625211 0.604351 -0.356684 0.341537 463.695408 -83.161497 31.015800
slice7/query/img_02991_c0_1299250794846002us.jpg 0.626718 0.602915 -0.357891 0.340046 465.570727 -83.617024 30.993831
slice7/query/img_02992_c0_1299250794912623us.jpg 0.626669 0.602998 -0.357501 0.340400 466.506664 -83.841589 30.975305
slice7/query/img_02993_c0_1299250794979352us.jpg 0.626225 0.603104 -0.357320 0.341219 467.443052 -84.064520 30.954024
slice7/query/img_02994_c0_1299250795045978us.jpg 0.625381 0.603540 -0.357623 0.341678 468.385363 -84.284010 30.935303
slice7/query/img_02995_c0_1299250795179360us.jpg 0.623551 0.604911 -0.358717 0.341450 470.268407 -84.731934 30.900277
slice7/query/img_02996_c0_1299250795246003us.jpg 0.623294 0.605194 -0.359180 0.340932 471.206329 -84.964462 30.882729
slice7/query/img_02997_c0_1299250795312603us.jpg 0.623466 0.605117 -0.359680 0.340226 472.143552 -85.201810 30.866827
slice7/query/img_02998_c0_1299250795445981us.jpg 0.624988 0.603408 -0.361385 0.338658 474.026069 -85.670487 30.827211
slice7/query/img_02999_c0_1299250795512606us.jpg 0.625606 0.602699 -0.361619 0.338530 474.968030 -85.904199 30.803127
slice7/query/img_03000_c0_1299250795579357us.jpg 0.625764 0.602359 -0.361577 0.338888 475.907815 -86.137824 30.777629
slice7/query/img_03001_c0_1299250795645984us.jpg 0.625505 0.602485 -0.360921 0.339841 476.846852 -86.371196 30.748358
slice7/query/img_03002_c0_1299250795779359us.jpg 0.623826 0.603998 -0.359424 0.341823 478.727901 -86.832306 30.694934
slice7/query/img_03003_c0_1299250795845982us.jpg 0.622900 0.604870 -0.359485 0.341906 479.673320 -87.062273 30.671755
slice7/query/img_03004_c0_1299250795912606us.jpg 0.622381 0.605389 -0.359910 0.341483 480.617429 -87.301150 30.650814
slice7/query/img_03005_c0_1299250796046011us.jpg 0.622420 0.604966 -0.361285 0.340709 482.510134 -87.772134 30.610482
slice7/query/img_03006_c0_1299250796112636us.jpg 0.622937 0.604302 -0.361568 0.340643 483.457549 -88.009471 30.588278
slice7/query/img_03007_c0_1299250796179358us.jpg 0.623476 0.603632 -0.361543 0.340871 484.400109 -88.250935 30.564411
slice7/query/img_03008_c0_1299250796245987us.jpg 0.623699 0.603424 -0.361051 0.341351 485.343411 -88.490162 30.546432
slice7/query/img_03009_c0_1299250796379390us.jpg 0.623651 0.603121 -0.361155 0.341865 487.231960 -88.970297 30.514259
slice7/query/img_03010_c0_1299250796445985us.jpg 0.623597 0.603025 -0.361467 0.341802 488.176777 -89.212480 30.499793
slice7/query/img_03011_c0_1299250796512611us.jpg 0.623462 0.602979 -0.361560 0.342032 489.121331 -89.452842 30.484826
slice7/query/img_03012_c0_1299250796579362us.jpg 0.623507 0.603002 -0.361069 0.342427 490.069758 -89.694244 30.466230
slice7/query/img_03013_c0_1299250796712641us.jpg 0.623511 0.603078 -0.360013 0.343397 491.959953 -90.175261 30.433052
slice7/query/img_03014_c0_1299250796779386us.jpg 0.623678 0.602829 -0.360200 0.343335 492.906038 -90.418407 30.418440
slice7/query/img_03015_c0_1299250796845987us.jpg 0.623908 0.602492 -0.360469 0.343226 493.852177 -90.659716 30.402246
slice7/query/img_03016_c0_1299250796912617us.jpg 0.623896 0.602503 -0.360370 0.343333 494.799221 -90.898140 30.387807
slice7/query/img_03017_c0_1299250797046115us.jpg 0.623130 0.603549 -0.360682 0.342559 496.696211 -91.373802 30.361363
slice7/query/img_03018_c0_1299250797112617us.jpg 0.623078 0.603572 -0.360992 0.342287 497.641683 -91.614521 30.344593
slice7/query/img_03019_c0_1299250797179364us.jpg 0.623226 0.603497 -0.360898 0.342247 498.584602 -91.855823 30.327657
slice7/query/img_03020_c0_1299250797245990us.jpg 0.623390 0.603479 -0.360703 0.342186 499.527349 -92.092335 30.309881
slice7/query/img_03021_c0_1299250797312614us.jpg 0.623395 0.603855 -0.359926 0.342332 500.470389 -92.325368 30.289326
slice7/query/img_03022_c0_1299250797446021us.jpg 0.624131 0.602893 -0.362684 0.339766 502.361990 -92.803452 30.259064
slice7/query/img_03023_c0_1299250797512616us.jpg 0.625850 0.602067 -0.362480 0.338282 503.302389 -93.044541 30.245585
slice7/query/img_03024_c0_1299250797579372us.jpg 0.626954 0.602150 -0.360558 0.338146 504.233322 -93.285534 30.221726
slice7/query/img_03025_c0_1299250797645997us.jpg 0.627881 0.601927 -0.358545 0.338961 505.161522 -93.521802 30.194711
slice7/query/img_03026_c0_1299250797779372us.jpg 0.628734 0.602418 -0.356958 0.338182 507.032021 -93.984567 30.157247
slice7/query/img_03027_c0_1299250797846021us.jpg 0.628369 0.603644 -0.356413 0.337250 507.967963 -94.205693 30.142118
slice7/query/img_03028_c0_1299250797912623us.jpg 0.627640 0.605203 -0.356177 0.336059 508.903458 -94.424530 30.127406
slice7/query/img_03029_c0_1299250797979373us.jpg 0.626969 0.606603 -0.355467 0.335538 509.840959 -94.638852 30.109722
slice7/query/img_03030_c0_1299250798045998us.jpg 0.626217 0.608012 -0.354351 0.335572 510.772321 -94.850056 30.086528
slice7/query/img_03031_c0_1299250798179402us.jpg 0.625689 0.610015 -0.352698 0.334662 512.629733 -95.278431 30.044363
slice7/query/img_03032_c0_1299250798246020us.jpg 0.626194 0.610157 -0.352425 0.333746 513.559689 -95.489847 30.028406
slice7/query/img_03033_c0_1299250798312635us.jpg 0.627135 0.609777 -0.352076 0.333041 514.488711 -95.702853 30.014635
slice7/query/img_03034_c0_1299250798379371us.jpg 0.628207 0.609186 -0.351823 0.332368 515.416984 -95.913700 29.997774
slice7/query/img_03035_c0_1299250798512628us.jpg 0.629852 0.608142 -0.351009 0.332028 517.268186 -96.327044 29.962618
slice7/query/img_03036_c0_1299250798579371us.jpg 0.630155 0.608159 -0.350288 0.332182 518.191715 -96.533830 29.945186
slice7/query/img_03037_c0_1299250798645998us.jpg 0.630195 0.608240 -0.349923 0.332343 519.114670 -96.737095 29.926704
slice7/query/img_03038_c0_1299250798712623us.jpg 0.629998 0.608502 -0.350058 0.332096 520.041506 -96.934421 29.911001
slice7/query/img_03039_c0_1299250798846003us.jpg 0.629543 0.609069 -0.350108 0.331866 521.886352 -97.332467 29.881307
slice7/query/img_03040_c0_1299250798912625us.jpg 0.629372 0.609302 -0.350187 0.331680 522.810415 -97.528252 29.865241
slice7/query/img_03041_c0_1299250798979381us.jpg 0.629376 0.609235 -0.350319 0.331657 523.731266 -97.726956 29.848568
slice7/query/img_03042_c0_1299250799045999us.jpg 0.629452 0.609127 -0.350252 0.331779 524.650755 -97.924586 29.833030
slice7/query/img_03043_c0_1299250799179400us.jpg 0.629432 0.608963 -0.350335 0.332032 526.486694 -98.320298 29.798205
slice7/query/img_03044_c0_1299250799246001us.jpg 0.629509 0.608769 -0.350136 0.332451 527.399998 -98.518997 29.780286
slice7/query/img_03045_c0_1299250799312637us.jpg 0.629453 0.608595 -0.350051 0.332963 528.311975 -98.718421 29.762315
slice7/query/img_03046_c0_1299250799379378us.jpg 0.629531 0.608323 -0.349937 0.333432 529.223405 -98.914298 29.747365
slice7/query/img_03047_c0_1299250799512658us.jpg 0.629758 0.607409 -0.350620 0.333954 531.041894 -99.321493 29.721432
slice7/query/img_03048_c0_1299250799579401us.jpg 0.629271 0.608025 -0.350837 0.333522 531.950243 -99.520506 29.708148
slice7/query/img_03049_c0_1299250799646003us.jpg 0.628445 0.608722 -0.351707 0.332891 532.860594 -99.723980 29.697039
slice7/query/img_03050_c0_1299250799712629us.jpg 0.627500 0.608869 -0.353063 0.332971 533.768394 -99.918652 29.682155
slice7/query/img_03051_c0_1299250799846053us.jpg 0.625573 0.609579 -0.354970 0.333269 535.579420 -100.326057 29.642587
slice7/query/img_03052_c0_1299250799912657us.jpg 0.624706 0.609969 -0.355428 0.333694 536.481911 -100.530056 29.623950
slice7/query/img_03053_c0_1299250799979380us.jpg 0.624210 0.610056 -0.355380 0.334512 537.382365 -100.735527 29.601249
slice7/query/img_03054_c0_1299250800046006us.jpg 0.624197 0.609526 -0.355433 0.335446 538.277339 -100.938530 29.579618
slice7/query/img_03055_c0_1299250800112630us.jpg 0.624405 0.608587 -0.355860 0.336308 539.170956 -101.142950 29.559543
slice7/query/img_03056_c0_1299250800246009us.jpg 0.624686 0.607020 -0.357206 0.337191 540.956986 -101.567888 29.528960
slice7/query/img_03057_c0_1299250800312630us.jpg 0.624514 0.606597 -0.358116 0.337307 541.850138 -101.774432 29.512745
slice7/query/img_03058_c0_1299250800379383us.jpg 0.624429 0.606076 -0.358917 0.337549 542.736006 -101.987877 29.496504
slice7/query/img_03059_c0_1299250800512638us.jpg 0.623987 0.605119 -0.360543 0.338348 544.505105 -102.414516 29.461400
slice7/query/img_03060_c0_1299250800579383us.jpg 0.623634 0.604690 -0.361460 0.338788 545.382202 -102.633068 29.442899
slice7/query/img_03061_c0_1299250800646009us.jpg 0.623114 0.604405 -0.362354 0.339298 546.256757 -102.848728 29.429347
slice7/query/img_03062_c0_1299250800780050us.jpg 0.621828 0.603537 -0.364367 0.341041 548.003212 -103.279374 29.399442
slice7/query/img_03063_c0_1299250800846035us.jpg 0.621076 0.603275 -0.364800 0.342410 548.872118 -103.498398 29.381437
slice7/query/img_03064_c0_1299250800912635us.jpg 0.620380 0.602769 -0.365404 0.343915 549.731897 -103.716623 29.358216
slice7/query/img_03065_c0_1299250800979385us.jpg 0.619583 0.602190 -0.366718 0.344966 550.593110 -103.940750 29.346004
slice7/query/img_03066_c0_1299250801112660us.jpg 0.618061 0.600408 -0.370394 0.346871 552.303548 -104.396669 29.323374
slice7/query/img_03067_c0_1299250801179386us.jpg 0.617129 0.599740 -0.371727 0.348255 553.149037 -104.629992 29.308132
slice7/query/img_03068_c0_1299250801246015us.jpg 0.616141 0.599011 -0.373108 0.349782 553.996636 -104.861866 29.290494
slice7/query/img_03069_c0_1299250801379416us.jpg 0.613957 0.597813 -0.375938 0.352629 555.671709 -105.346402 29.250386
slice7/query/img_03070_c0_1299250801446020us.jpg 0.612651 0.597321 -0.377335 0.354240 556.504561 -105.589238 29.227543
slice7/query/img_03071_c0_1299250801512638us.jpg 0.611336 0.596702 -0.378794 0.355991 557.334271 -105.833327 29.206437
slice7/query/img_03072_c0_1299250801579388us.jpg 0.610107 0.595928 -0.381017 0.357024 558.158982 -106.081227 29.187263
slice7/query/img_03073_c0_1299250801712664us.jpg 0.607014 0.595662 -0.384623 0.358866 559.798548 -106.590017 29.141338
slice7/query/img_03074_c0_1299250801846039us.jpg 0.604794 0.593118 -0.386730 0.364520 561.417198 -107.109493 29.096787
slice7/query/img_03075_c0_1299250801912641us.jpg 0.604560 0.590720 -0.388500 0.366912 562.227398 -107.378096 29.074817
slice7/query/img_03076_c0_1299250801979391us.jpg 0.604212 0.588770 -0.391096 0.367860 563.028731 -107.653256 29.059025
slice7/query/img_03077_c0_1299250802112643us.jpg 0.601825 0.587490 -0.395898 0.368683 564.633496 -108.184607 29.031219
slice7/query/img_03078_c0_1299250802179393us.jpg 0.600786 0.586357 -0.398520 0.369355 565.435452 -108.469578 29.007474
slice7/query/img_03079_c0_1299250802246022us.jpg 0.599854 0.584967 -0.400792 0.370613 566.222582 -108.751854 28.985956
slice7/query/img_03080_c0_1299250802312642us.jpg 0.598470 0.583857 -0.402298 0.372964 567.006960 -109.024782 28.947857
slice7/query/img_03081_c0_1299250802446025us.jpg 0.594596 0.582171 -0.404318 0.379552 568.570119 -109.602747 28.875033
slice7/query/img_03082_c0_1299250802579426us.jpg 0.590336 0.581557 -0.408442 0.382714 570.133210 -110.207251 28.815512
slice7/query/img_03083_c0_1299250802712651us.jpg 0.585176 0.581655 -0.412228 0.386413 571.674136 -110.821939 28.748875
