slice7/database/img_02560_c0_1303398695047214us.jpg 0.636108 0.599262 -0.324931 0.361484 357.715518 -59.077084 28.877316
slice7/database/img_02561_c0_1303398695180618us.jpg 0.634377 0.601451 -0.324681 0.361116 359.493519 -59.465846 28.974682
slice7/database/img_02562_c0_1303398695247223us.jpg 0.633802 0.602231 -0.324922 0.360608 360.380543 -59.659739 29.024487
slice7/database/img_02563_c0_1303398695313840us.jpg 0.633641 0.602639 -0.325588 0.359608 361.269697 -59.855889 29.073369
slice7/database/img_02564_c0_1303398695380590us.jpg 0.633887 0.602700 -0.325998 0.358700 362.153341 -60.052631 29.123698
slice7/database/img_02565_c0_1303398695513866us.jpg 0.635327 0.601942 -0.326580 0.356891 363.925789 -60.443275 29.219124
slice7/database/img_02566_c0_1303398695580599us.jpg 0.636071 0.601490 -0.326193 0.356681 364.817738 -60.638405 29.262516
slice7/database/img_02567_c0_1303398695647216us.jpg 0.636543 0.601173 -0.325912 0.356630 365.706041 -60.827318 29.304790
slice7/database/img_02568_c0_1303398695780620us.jpg 0.635879 0.602082 -0.325628 0.356541 367.499943 -61.201176 29.389078
slice7/database/img_02569_c0_1303398695847225us.jpg 0.634878 0.603284 -0.325694 0.356233 368.394338 -61.385671 29.430676
slice7/database/img_02570_c0_1303398695913843us.jpg 0.634008 0.604296 -0.325812 0.355959 369.294650 -61.568824 29.470459
slice7/database/img_02571_c0_1303398695980594us.jpg 0.633469 0.605005 -0.326038 0.355507 370.190782 -61.758144 29.512041
slice7/database/img_02572_c0_1303398696113870us.jpg 0.633594 0.605084 -0.325954 0.355227 371.978078 -62.129959 29.597757
slice7/database/img_02573_c0_1303398696180597us.jpg 0.634176 0.604758 -0.325954 0.354743 372.870118 -62.321216 29.640546
slice7/database/img_02574_c0_1303398696247221us.jpg 0.634927 0.604192 -0.325855 0.354455 373.763207 -62.512639 29.681013
slice7/database/img_02575_c0_1303398696380599us.jpg 0.636173 0.603155 -0.325971 0.353881 375.552689 -62.894933 29.764152
slice7/database/img_02576_c0_1303398696447226us.jpg 0.636149 0.603067 -0.325991 0.354055 376.448122 -63.080782 29.805339
slice7/database/img_02577_c0_1303398696513847us.jpg 0.635901 0.603290 -0.325954 0.354154 377.345943 -63.268067 29.845896
slice7/database/img_02578_c0_1303398696580597us.jpg 0.635413 0.603678 -0.326125 0.354211 378.240321 -63.453111 29.884455
slice7/database/img_02579_c0_1303398696713873us.jpg 0.634428 0.604416 -0.327157 0.353767 380.039402 -63.831084 29.965781
slice7/database/img_02580_c0_1303398696780598us.jpg 0.634296 0.604380 -0.327488 0.353759 380.937079 -64.021891 30.003507
slice7/database/img_02581_c0_1303398696847224us.jpg 0.634300 0.604122 -0.327825 0.353880 381.834239 -64.209994 30.042487
slice7/database/img_02582_c0_1303398696980624us.jpg 0.634458 0.603585 -0.329118 0.353312 383.629601 -64.596466 30.118856
slice7/database/img_02583_c0_1303398697047226us.jpg 0.634243 0.603703 -0.329859 0.352805 384.532096 -64.788076 30.158584
slice7/database/img_02584_c0_1303398697113851us.jpg 0.633876 0.603906 -0.330513 0.352505 385.430920 -64.979174 30.195553
slice7/database/img_02585_c0_1303398697247232us.jpg 0.633453 0.603615 -0.331541 0.352798 387.226237 -65.362794 30.259874
slice7/database/img_02586_c0_1303398697313853us.jpg 0.633043 0.603667 -0.332102 0.352916 388.119574 -65.556327 30.294834
slice7/database/img_02587_c0_1303398697380602us.jpg 0.632806 0.603598 -0.332437 0.353145 389.013101 -65.752769 30.324819
slice7/database/img_02588_c0_1303398697513879us.jpg 0.632511 0.603412 -0.333217 0.353257 390.796847 -66.144702 30.391189
slice7/database/img_02589_c0_1303398697580603us.jpg 0.632598 0.603123 -0.333959 0.352894 391.689885 -66.342023 30.424361
slice7/database/img_02590_c0_1303398697647228us.jpg 0.632756 0.602692 -0.334848 0.352503 392.577913 -66.541221 30.455416
slice7/database/img_02591_c0_1303398697780606us.jpg 0.632454 0.602329 -0.336252 0.352330 394.361923 -66.931865 30.519833
slice7/database/img_02592_c0_1303398697847238us.jpg 0.631973 0.602508 -0.337085 0.352090 395.247737 -67.126947 30.547904
slice7/database/img_02593_c0_1303398697913854us.jpg 0.631294 0.602876 -0.337883 0.351914 396.133608 -67.322208 30.575766
slice7/database/img_02594_c0_1303398697980605us.jpg 0.630760 0.603124 -0.338424 0.351927 397.013826 -67.517804 30.601656
slice7/database/img_02595_c0_1303398698113857us.jpg 0.630092 0.603193 -0.339378 0.352087 398.758827 -67.918095 30.648874
slice7/database/img_02596_c0_1303398698180607us.jpg 0.630114 0.602971 -0.339993 0.351833 399.632229 -68.119739 30.672678
slice7/database/img_02597_c0_1303398698247232us.jpg 0.630312 0.602477 -0.340596 0.351742 400.500108 -68.318405 30.695055
slice7/database/img_02598_c0_1303398698380608us.jpg 0.630787 0.601542 -0.341623 0.351496 402.235813 -68.727502 30.743934
slice7/database/img_02599_c0_1303398698447239us.jpg 0.630960 0.601153 -0.342200 0.351289 403.101649 -68.929955 30.764843
slice7/database/img_02600_c0_1303398698513857us.jpg 0.631103 0.600882 -0.342464 0.351238 403.962583 -69.132990 30.784851
slice7/database/img_02601_c0_1303398698580608us.jpg 0.631147 0.600733 -0.342638 0.351244 404.819142 -69.333171 30.802873
slice7/database/img_02602_c0_1303398698713887us.jpg 0.631039 0.600768 -0.342489 0.351524 406.533214 -69.733676 30.840008
slice7/database/img_02603_c0_1303398698780609us.jpg 0.630957 0.600784 -0.342550 0.351583 407.385989 -69.932464 30.861188
slice7/database/img_02604_c0_1303398698847232us.jpg 0.630815 0.600960 -0.342785 0.351308 408.239261 -70.130167 30.882079
slice7/database/img_02605_c0_1303398698980635us.jpg 0.630667 0.601482 -0.343338 0.350139 409.946165 -70.524025 30.917279
slice7/database/img_02606_c0_1303398699047233us.jpg 0.630794 0.601544 -0.343338 0.349804 410.795259 -70.724700 30.934561
slice7/database/img_02607_c0_1303398699113859us.jpg 0.631079 0.601345 -0.343709 0.349267 411.639690 -70.921804 30.950126
slice7/database/img_02608_c0_1303398699247247us.jpg 0.631503 0.601263 -0.344428 0.347931 413.332459 -71.318780 30.984659
slice7/database/img_02609_c0_1303398699313882us.jpg 0.631637 0.601604 -0.344694 0.346834 414.174362 -71.517565 30.999907
slice7/database/img_02610_c0_1303398699380611us.jpg 0.631888 0.601662 -0.344592 0.346377 415.013310 -71.714501 31.014256
slice7/database/img_02611_c0_1303398699447236us.jpg 0.632255 0.601432 -0.344433 0.346265 415.846637 -71.905521 31.025904
slice7/database/img_02612_c0_1303398699580616us.jpg 0.632962 0.600882 -0.343629 0.346727 417.523181 -72.291115 31.041799
slice7/database/img_02613_c0_1303398699647239us.jpg 0.632971 0.601073 -0.343498 0.346508 418.363926 -72.482172 31.050978
slice7/database/img_02614_c0_1303398699713865us.jpg 0.632909 0.601380 -0.343352 0.346233 419.197842 -72.674235 31.063178
slice7/database/img_02615_c0_1303398699847255us.jpg 0.632571 0.602062 -0.343401 0.345617 420.881981 -73.047062 31.090587
slice7/database/img_02616_c0_1303398699913891us.jpg 0.632305 0.602377 -0.343776 0.345182 421.722513 -73.234154 31.104863
slice7/database/img_02617_c0_1303398699980616us.jpg 0.631839 0.602757 -0.344565 0.344585 422.564922 -73.418904 31.116200
slice7/database/img_02618_c0_1303398700047241us.jpg 0.631331 0.603297 -0.344894 0.344241 423.404398 -73.605236 31.123464
slice7/database/img_02619_c0_1303398700180619us.jpg 0.630355 0.603979 -0.345155 0.344572 425.079860 -73.979136 31.138273
slice7/database/img_02620_c0_1303398700247247us.jpg 0.630236 0.603880 -0.345425 0.344693 425.918054 -74.164148 31.143565
slice7/database/img_02621_c0_1303398700313867us.jpg 0.630358 0.603554 -0.345558 0.344906 426.750292 -74.354868 31.148377
slice7/database/img_02622_c0_1303398700380617us.jpg 0.630446 0.603199 -0.345721 0.345205 427.579058 -74.544390 31.154104
slice7/database/img_02623_c0_1303398700513869us.jpg 0.630914 0.602282 -0.346264 0.345406 429.242479 -74.932693 31.166257
slice7/database/img_02624_c0_1303398700580618us.jpg 0.631008 0.601813 -0.346895 0.345419 430.073765 -75.125427 31.175631
slice7/database/img_02625_c0_1303398700647244us.jpg 0.631002 0.601408 -0.347451 0.345577 430.900134 -75.318065 31.183046
slice7/database/img_02626_c0_1303398700780646us.jpg 0.630748 0.601065 -0.348268 0.345813 432.559390 -75.710157 31.196243
slice7/database/img_02627_c0_1303398700847268us.jpg 0.630537 0.600933 -0.348672 0.346020 433.389936 -75.903448 31.202308
slice7/database/img_02628_c0_1303398700913869us.jpg 0.630147 0.601064 -0.349329 0.345841 434.221090 -76.097556 31.207052
slice7/database/img_02629_c0_1303398700980621us.jpg 0.629715 0.601298 -0.349801 0.345744 435.050237 -76.288378 31.213735
slice7/database/img_02630_c0_1303398701113873us.jpg 0.628743 0.601609 -0.350432 0.346334 436.709356 -76.673120 31.222820
slice7/database/img_02631_c0_1303398701180621us.jpg 0.628424 0.601472 -0.350618 0.346960 437.540431 -76.867762 31.220744
slice7/database/img_02632_c0_1303398701247248us.jpg 0.627990 0.601412 -0.351081 0.347382 438.368446 -77.063012 31.220553
slice7/database/img_02633_c0_1303398701313872us.jpg 0.627490 0.601541 -0.351953 0.347181 439.200301 -77.259846 31.225012
slice7/database/img_02634_c0_1303398701447249us.jpg 0.627303 0.601071 -0.354015 0.346233 440.859339 -77.660448 31.235031
slice7/database/img_02635_c0_1303398701513874us.jpg 0.627726 0.600324 -0.354922 0.345835 441.687529 -77.864491 31.234383
slice7/database/img_02636_c0_1303398701580625us.jpg 0.628459 0.599296 -0.355620 0.345568 442.512688 -78.070001 31.234631
slice7/database/img_02637_c0_1303398701713901us.jpg 0.629376 0.597809 -0.356748 0.345315 444.161673 -78.477133 31.231795
slice7/database/img_02638_c0_1303398701780651us.jpg 0.629271 0.597734 -0.357398 0.344960 444.989499 -78.681776 31.228248
slice7/database/img_02639_c0_1303398701847251us.jpg 0.628775 0.598129 -0.357920 0.344641 445.814577 -78.884530 31.223324
slice7/database/img_02640_c0_1303398701913877us.jpg 0.627800 0.599100 -0.358176 0.344465 446.642558 -79.082867 31.215772
slice7/database/img_02641_c0_1303398702047255us.jpg 0.625519 0.601257 -0.357931 0.345110 448.303746 -79.481505 31.191738
slice7/database/img_02642_c0_1303398702113899us.jpg 0.624666 0.601910 -0.357844 0.345606 449.133094 -79.680636 31.177562
slice7/database/img_02643_c0_1303398702180630us.jpg 0.624115 0.602334 -0.357679 0.346035 449.960261 -79.881375 31.165722
slice7/database/img_02644_c0_1303398702247253us.jpg 0.623846 0.602496 -0.357340 0.346587 450.784246 -80.085068 31.153561
slice7/database/img_02645_c0_1303398702380629us.jpg 0.624342 0.602015 -0.356857 0.347028 452.437910 -80.499528 31.133566
slice7/database/img_02646_c0_1303398702447271us.jpg 0.624659 0.601633 -0.356918 0.347056 453.266498 -80.706160 31.126944
slice7/database/img_02647_c0_1303398702513880us.jpg 0.624831 0.601402 -0.357358 0.346694 454.095657 -80.913986 31.119502
slice7/database/img_02648_c0_1303398702580629us.jpg 0.624545 0.601736 -0.357873 0.346098 454.924634 -81.121441 31.112572
slice7/database/img_02649_c0_1303398702713905us.jpg 0.622767 0.603881 -0.358832 0.344571 456.595161 -81.531291 31.094921
slice7/database/img_02650_c0_1303398702780630us.jpg 0.621750 0.605132 -0.358380 0.344682 457.428873 -81.730277 31.080179
slice7/database/img_02651_c0_1303398702913883us.jpg 0.621282 0.605147 -0.358329 0.345552 459.095943 -82.139153 31.051693
slice7/database/img_02652_c0_1303398702980631us.jpg 0.621595 0.604780 -0.357947 0.346029 459.928195 -82.346499 31.037749
slice7/database/img_02653_c0_1303398703047256us.jpg 0.622015 0.604490 -0.357651 0.346086 460.758305 -82.558860 31.024564
slice7/database/img_02654_c0_1303398703180722us.jpg 0.623959 0.602806 -0.358680 0.344455 462.431325 -82.986963 31.004790
slice7/database/img_02655_c0_1303398703247258us.jpg 0.624955 0.601745 -0.359951 0.343176 463.269909 -83.201493 31.000776
slice7/database/img_02656_c0_1303398703313883us.jpg 0.625552 0.601114 -0.360851 0.342247 464.109865 -83.413916 30.993293
slice7/database/img_02657_c0_1303398703380633us.jpg 0.625752 0.600979 -0.361029 0.341931 464.950644 -83.621136 30.981637
slice7/database/img_02658_c0_1303398703513887us.jpg 0.625297 0.601716 -0.359483 0.343095 466.631941 -84.035282 30.944793
slice7/database/img_02659_c0_1303398703647287us.jpg 0.624333 0.602337 -0.359742 0.343488 468.324362 -84.447205 30.909813
slice7/database/img_02660_c0_1303398703713883us.jpg 0.623812 0.602672 -0.360576 0.342973 469.172347 -84.655422 30.898525
slice7/database/img_02661_c0_1303398703780635us.jpg 0.623633 0.602789 -0.361184 0.342451 470.019513 -84.863659 30.883784
slice7/database/img_02662_c0_1303398703847259us.jpg 0.623815 0.602712 -0.361616 0.341800 470.869936 -85.078453 30.867011
slice7/database/img_02663_c0_1303398703980636us.jpg 0.624926 0.601854 -0.362317 0.340537 472.577948 -85.506590 30.831030
slice7/database/img_02664_c0_1303398704047261us.jpg 0.625575 0.601223 -0.362727 0.340024 473.430597 -85.722248 30.811888
slice7/database/img_02665_c0_1303398704113885us.jpg 0.626004 0.600813 -0.362814 0.339867 474.286383 -85.937938 30.790775
slice7/database/img_02666_c0_1303398704247272us.jpg 0.625686 0.601157 -0.362136 0.340566 476.007773 -86.360649 30.738108
slice7/database/img_02667_c0_1303398704313887us.jpg 0.625184 0.601669 -0.361277 0.341495 476.866631 -86.571693 30.712191
slice7/database/img_02668_c0_1303398704380639us.jpg 0.624594 0.602278 -0.360502 0.342319 477.730340 -86.782145 30.687017
slice7/database/img_02669_c0_1303398704447264us.jpg 0.624130 0.602752 -0.360061 0.342793 478.595960 -86.992706 30.663640
slice7/database/img_02670_c0_1303398704580640us.jpg 0.623421 0.603622 -0.360701 0.341880 480.334299 -87.423998 30.625500
slice7/database/img_02671_c0_1303398704647271us.jpg 0.623419 0.603687 -0.361275 0.341162 481.208002 -87.643722 30.610095
slice7/database/img_02672_c0_1303398704713890us.jpg 0.623656 0.603376 -0.361901 0.340614 482.081393 -87.862367 30.590464
slice7/database/img_02673_c0_1303398704780641us.jpg 0.624057 0.602944 -0.362161 0.340368 482.953809 -88.082729 30.569058
slice7/database/img_02674_c0_1303398704913891us.jpg 0.624745 0.602404 -0.361626 0.340630 484.702661 -88.523178 30.520475
slice7/database/img_02675_c0_1303398704980642us.jpg 0.624949 0.602300 -0.361183 0.340912 485.579188 -88.743682 30.497462
slice7/database/img_02676_c0_1303398705047268us.jpg 0.624896 0.602350 -0.361125 0.340982 486.455306 -88.961495 30.478980
slice7/database/img_02677_c0_1303398705180668us.jpg 0.624816 0.602272 -0.361716 0.340638 488.217742 -89.400444 30.447034
slice7/database/img_02678_c0_1303398705247269us.jpg 0.625089 0.602008 -0.361625 0.340701 489.099202 -89.618564 30.424607
slice7/database/img_02679_c0_1303398705313894us.jpg 0.625135 0.601982 -0.361120 0.341199 489.976371 -89.837212 30.408183
slice7/database/img_02680_c0_1303398705447271us.jpg 0.625534 0.601867 -0.359796 0.342068 491.740522 -90.277384 30.373884
slice7/database/img_02681_c0_1303398705513894us.jpg 0.625815 0.601604 -0.359863 0.341945 492.625516 -90.498862 30.358408
slice7/database/img_02682_c0_1303398705580644us.jpg 0.626048 0.601242 -0.360091 0.341916 493.509888 -90.719486 30.343886
slice7/database/img_02683_c0_1303398705647270us.jpg 0.626082 0.601045 -0.360269 0.342014 494.396610 -90.937685 30.330665
slice7/database/img_02684_c0_1303398705780648us.jpg 0.625767 0.601723 -0.359940 0.341743 496.174559 -91.371185 30.297481
slice7/database/img_02685_c0_1303398705847296us.jpg 0.625774 0.602040 -0.359896 0.341219 497.066575 -91.592957 30.281401
slice7/database/img_02686_c0_1303398705913898us.jpg 0.625909 0.602165 -0.359663 0.340997 497.954279 -91.814672 30.266897
slice7/database/img_02687_c0_1303398705980648us.jpg 0.625984 0.602301 -0.359567 0.340719 498.842921 -92.031036 30.250220
slice7/database/img_02688_c0_1303398706113926us.jpg 0.625656 0.603254 -0.358720 0.340528 500.620304 -92.464752 30.214873
slice7/database/img_02689_c0_1303398706180649us.jpg 0.625557 0.603693 -0.359177 0.339448 501.514975 -92.681856 30.198832
slice7/database/img_02690_c0_1303398706247274us.jpg 0.626065 0.602886 -0.361651 0.337313 502.411930 -92.903872 30.188360
slice7/database/img_02691_c0_1303398706313900us.jpg 0.627059 0.602454 -0.361436 0.336466 503.298407 -93.121643 30.175243
slice7/database/img_02692_c0_1303398706447277us.jpg 0.628500 0.602239 -0.357833 0.338011 505.065044 -93.554694 30.124047
slice7/database/img_02693_c0_1303398706513900us.jpg 0.628638 0.602058 -0.357198 0.338747 505.951063 -93.767774 30.104675
slice7/database/img_02694_c0_1303398706580651us.jpg 0.628210 0.602751 -0.356620 0.338918 506.839000 -93.977739 30.088218
slice7/database/img_02695_c0_1303398706713903us.jpg 0.626091 0.605254 -0.356704 0.338288 508.624947 -94.392731 30.057544
slice7/database/img_02696_c0_1303398706780824us.jpg 0.625213 0.606170 -0.356794 0.338177 509.518625 -94.599196 30.040944
slice7/database/img_02697_c0_1303398706847277us.jpg 0.624598 0.606891 -0.356459 0.338375 510.410405 -94.806738 30.023732
slice7/database/img_02698_c0_1303398706981170us.jpg 0.624218 0.607925 -0.355394 0.338340 512.198394 -95.224148 29.983736
slice7/database/img_02699_c0_1303398707047315us.jpg 0.624390 0.607889 -0.355686 0.337782 513.090333 -95.433237 29.967149
slice7/database/img_02700_c0_1303398707180657us.jpg 0.625335 0.607106 -0.356369 0.336719 514.874005 -95.855967 29.937070
slice7/database/img_02701_c0_1303398707247279us.jpg 0.625974 0.606524 -0.356528 0.336412 515.765093 -96.066919 29.919550
slice7/database/img_02702_c0_1303398707313905us.jpg 0.626556 0.605997 -0.356401 0.336411 516.654228 -96.276312 29.902989
slice7/database/img_02703_c0_1303398707380655us.jpg 0.627118 0.605598 -0.355862 0.336655 517.540556 -96.488106 29.884480
slice7/database/img_02704_c0_1303398707513906us.jpg 0.627624 0.605349 -0.355097 0.336965 519.315927 -96.903023 29.855924
slice7/database/img_02705_c0_1303398707580656us.jpg 0.627918 0.605175 -0.355327 0.336490 520.204616 -97.111862 29.842653
slice7/database/img_02706_c0_1303398707647283us.jpg 0.628279 0.604941 -0.355502 0.336052 521.090201 -97.318431 29.829239
slice7/database/img_02707_c0_1303398707780682us.jpg 0.628880 0.604937 -0.355202 0.335250 522.866803 -97.726069 29.797666
slice7/database/img_02708_c0_1303398707847284us.jpg 0.629069 0.604960 -0.355136 0.334925 523.752987 -97.927400 29.783942
slice7/database/img_02709_c0_1303398707913909us.jpg 0.629240 0.605045 -0.354750 0.334858 524.637341 -98.125829 29.769204
slice7/database/img_02710_c0_1303398708047307us.jpg 0.629505 0.605687 -0.353713 0.334297 526.412904 -98.524232 29.732782
slice7/database/img_02711_c0_1303398708113909us.jpg 0.629733 0.605855 -0.353079 0.334233 527.295527 -98.723466 29.714857
slice7/database/img_02712_c0_1303398708180659us.jpg 0.629974 0.606010 -0.352324 0.334294 528.176168 -98.922311 29.697387
slice7/database/img_02713_c0_1303398708247286us.jpg 0.630193 0.606071 -0.351708 0.334418 529.059263 -99.118607 29.680499
slice7/database/img_02714_c0_1303398708380663us.jpg 0.631085 0.605908 -0.350198 0.334618 530.821494 -99.505538 29.654861
slice7/database/img_02715_c0_1303398708447286us.jpg 0.631279 0.606389 -0.350211 0.333365 531.705389 -99.702399 29.642503
slice7/database/img_02716_c0_1303398708513912us.jpg 0.631292 0.606956 -0.350872 0.331606 532.590083 -99.894704 29.634346
slice7/database/img_02717_c0_1303398708647311us.jpg 0.631506 0.607515 -0.352265 0.328688 534.357062 -100.278594 29.613930
slice7/database/img_02718_c0_1303398708713910us.jpg 0.631674 0.607776 -0.351988 0.328177 535.239165 -100.462472 29.594424
slice7/database/img_02719_c0_1303398708780661us.jpg 0.631620 0.608236 -0.351377 0.328085 536.119200 -100.646144 29.574649
slice7/database/img_02720_c0_1303398708913935us.jpg 0.631485 0.609267 -0.349301 0.328647 537.880815 -101.009852 29.525613
slice7/database/img_02721_c0_1303398708980661us.jpg 0.631414 0.609567 -0.348584 0.328988 538.759180 -101.189447 29.504070
slice7/database/img_02722_c0_1303398709047287us.jpg 0.631432 0.609802 -0.347945 0.329197 539.636046 -101.366706 29.487261
slice7/database/img_02723_c0_1303398709180687us.jpg 0.631760 0.609886 -0.348050 0.328298 541.393312 -101.727238 29.458564
slice7/database/img_02724_c0_1303398709247309us.jpg 0.631979 0.609665 -0.348389 0.327927 542.270019 -101.906164 29.446007
slice7/database/img_02725_c0_1303398709313914us.jpg 0.632307 0.609224 -0.348603 0.327887 543.144427 -102.086625 29.431085
slice7/database/img_02726_c0_1303398709447668us.jpg 0.632457 0.608703 -0.348535 0.328635 544.893806 -102.443921 29.396107
slice7/database/img_02727_c0_1303398709513939us.jpg 0.631879 0.608750 -0.348881 0.329293 545.765619 -102.615013 29.380788
slice7/database/img_02728_c0_1303398709580665us.jpg 0.631102 0.608772 -0.349519 0.330066 546.641441 -102.792493 29.362394
slice7/database/img_02729_c0_1303398709780688us.jpg 0.627810 0.609365 -0.350703 0.333971 549.259339 -103.328378 29.314443
slice7/database/img_02730_c0_1303398709913920us.jpg 0.625576 0.608643 -0.353737 0.336272 550.996618 -103.705173 29.297362
slice7/database/img_02731_c0_1303398709980689us.jpg 0.624768 0.607656 -0.356097 0.337068 551.866020 -103.897304 29.285789
slice7/database/img_02732_c0_1303398710047292us.jpg 0.623961 0.606847 -0.357964 0.338040 552.729401 -104.096907 29.274062
slice7/database/img_02733_c0_1303398710113917us.jpg 0.622868 0.606302 -0.359603 0.339293 553.586640 -104.299491 29.260949
slice7/database/img_02734_c0_1303398710247320us.jpg 0.620271 0.605051 -0.363344 0.342283 555.303563 -104.708999 29.229601
slice7/database/img_02735_c0_1303398710313920us.jpg 0.618750 0.604580 -0.365167 0.343925 556.156915 -104.918840 29.211430
slice7/database/img_02736_c0_1303398710380669us.jpg 0.616920 0.604249 -0.366857 0.345990 557.001056 -105.127809 29.191504
slice7/database/img_02737_c0_1303398710513927us.jpg 0.613164 0.603577 -0.371202 0.349191 558.696517 -105.571164 29.151263
slice7/database/img_02738_c0_1303398710580670us.jpg 0.611137 0.603477 -0.372921 0.351081 559.533383 -105.797707 29.130570
slice7/database/img_02739_c0_1303398710647296us.jpg 0.608868 0.602861 -0.375120 0.353728 560.370793 -106.025544 29.106625
slice7/database/img_02740_c0_1303398710780697us.jpg 0.604435 0.600965 -0.378661 0.360714 562.033709 -106.500090 29.060692
slice7/database/img_02741_c0_1303398710847297us.jpg 0.602986 0.598541 -0.381909 0.363732 562.858336 -106.746197 29.041794
slice7/database/img_02742_c0_1303398710913921us.jpg 0.602018 0.595514 -0.386578 0.365369 563.680088 -107.008845 29.031885
slice7/database/img_02743_c0_1303398711048007us.jpg 0.599806 0.591022 -0.394872 0.367427 565.303904 -107.561584 29.010897
slice7/database/img_02744_c0_1303398711113930us.jpg 0.598668 0.588574 -0.398702 0.369073 566.107602 -107.843376 28.992504
slice7/database/img_02745_c0_1303398711180673us.jpg 0.597335 0.585848 -0.402351 0.371600 566.913873 -108.133093 28.967823
slice7/database/img_02746_c0_1303398711247301us.jpg 0.595207 0.583464 -0.404953 0.375915 567.701218 -108.417180 28.933555
slice7/database/img_02747_c0_1303398711380678us.jpg 0.588484 0.580833 -0.409574 0.385447 569.279926 -109.001003 28.863054
slice7/database/img_02748_c0_1303398711447302us.jpg 0.584068 0.580916 -0.413120 0.388245 570.062990 -109.308209 28.833726
slice7/database/img_02749_c0_1303398711513928us.jpg 0.579753 0.581283 -0.416823 0.390199 570.836043 -109.625298 28.806835
