slice7/query/img_04339_c1_1283348135154391us.jpg 0.239527 0.180142 -0.675586 0.673617 358.897243 -61.236741 28.974603
slice7/query/img_04340_c1_1283348135287640us.jpg 0.239346 0.180043 -0.676514 0.672776 360.254111 -61.519357 29.052665
slice7/query/img_04341_c1_1283348135354356us.jpg 0.239081 0.180325 -0.677128 0.672177 360.944435 -61.667817 29.089520
slice7/query/img_04342_c1_1283348135420969us.jpg 0.238739 0.180359 -0.677589 0.671824 361.621472 -61.818252 29.121769
slice7/query/img_04343_c1_1283348135487582us.jpg 0.238508 0.180431 -0.678013 0.671459 362.296013 -61.960654 29.156467
slice7/query/img_04344_c1_1283348135554321us.jpg 0.238262 0.180464 -0.678256 0.671292 362.971687 -62.104407 29.188045
slice7/query/img_04345_c1_1283348135687575us.jpg 0.238362 0.180075 -0.678007 0.671612 364.309540 -62.381160 29.254930
slice7/query/img_04346_c1_1283348135754307us.jpg 0.238110 0.180005 -0.677331 0.672402 364.980909 -62.517628 29.286864
slice7/query/img_04347_c1_1283348135820899us.jpg 0.237869 0.179870 -0.677040 0.672817 365.645597 -62.654037 29.318636
slice7/query/img_04348_c1_1283348135887512us.jpg 0.237178 0.180187 -0.676710 0.673308 366.309639 -62.788190 29.351480
slice7/query/img_04349_c1_1283348135954250us.jpg 0.236619 0.180982 -0.676476 0.673526 366.975732 -62.925979 29.386304
slice7/query/img_04350_c1_1283348136087499us.jpg 0.235245 0.181995 -0.676510 0.673700 368.309445 -63.203713 29.454800
slice7/query/img_04351_c1_1283348136154216us.jpg 0.235199 0.182105 -0.676611 0.673585 368.973531 -63.343833 29.486670
slice7/query/img_04352_c1_1283348136220829us.jpg 0.235110 0.182044 -0.676932 0.673310 369.636771 -63.483440 29.517876
slice7/query/img_04353_c1_1283348136354202us.jpg 0.235538 0.181463 -0.677333 0.672913 370.967317 -63.769783 29.572598
slice7/query/img_04354_c1_1283348136420814us.jpg 0.235506 0.181633 -0.677165 0.673048 371.632581 -63.911145 29.600129
slice7/query/img_04355_c1_1283348136487406us.jpg 0.235377 0.181578 -0.677315 0.672957 372.299261 -64.050456 29.628877
slice7/query/img_04356_c1_1283348136554145us.jpg 0.235533 0.181451 -0.677353 0.672899 372.963753 -64.193803 29.657041
slice7/query/img_04357_c1_1283348136687371us.jpg 0.235097 0.181699 -0.677214 0.673125 374.290303 -64.472827 29.717488
slice7/query/img_04358_c1_1283348136754109us.jpg 0.234845 0.181386 -0.677336 0.673174 374.952295 -64.612596 29.748027
slice7/query/img_04359_c1_1283348136887337us.jpg 0.233979 0.181115 -0.677467 0.673417 376.282640 -64.888753 29.810659
slice7/query/img_04360_c1_1283348137020711us.jpg 0.233347 0.180643 -0.677998 0.673228 377.609177 -65.176021 29.870593
slice7/query/img_04361_c1_1283348137087303us.jpg 0.232930 0.180428 -0.678201 0.673226 378.272031 -65.319633 29.897909
slice7/query/img_04362_c1_1283348137154039us.jpg 0.232528 0.180130 -0.678750 0.672891 378.930075 -65.464551 29.927254
slice7/query/img_04364_c1_1283348137287264us.jpg 0.232050 0.179328 -0.679228 0.672788 380.249713 -65.756897 29.982319
slice7/query/img_04365_c1_1283348137420640us.jpg 0.231304 0.178485 -0.679567 0.672927 381.569561 -66.047236 30.038537
slice7/query/img_04366_c1_1283348137487231us.jpg 0.230655 0.178483 -0.679699 0.673017 382.228247 -66.194517 30.066769
slice7/query/img_04367_c1_1283348137553968us.jpg 0.229940 0.178588 -0.680054 0.672875 382.889491 -66.342843 30.096261
slice7/query/img_04368_c1_1283348137620581us.jpg 0.229187 0.178585 -0.680376 0.672807 383.549973 -66.491725 30.124518
slice7/query/img_04369_c1_1283348137687194us.jpg 0.228546 0.178723 -0.680409 0.672955 384.210892 -66.641447 30.151111
slice7/query/img_04370_c1_1283348137820547us.jpg 0.227507 0.178258 -0.680710 0.673126 385.537359 -66.940361 30.203923
slice7/query/img_04371_c1_1283348137887162us.jpg 0.227169 0.177685 -0.681071 0.673027 386.196568 -67.092249 30.228243
slice7/query/img_04372_c1_1283348137953897us.jpg 0.226778 0.177235 -0.681337 0.673008 386.857029 -67.242144 30.252150
slice7/query/img_04373_c1_1283348138020511us.jpg 0.226458 0.176990 -0.681738 0.672774 387.517843 -67.397441 30.275746
slice7/query/img_04374_c1_1283348138153884us.jpg 0.226093 0.176559 -0.682091 0.672652 388.837943 -67.706838 30.323143
slice7/query/img_04375_c1_1283348138220496us.jpg 0.225989 0.176279 -0.682553 0.672292 389.499829 -67.864549 30.345634
slice7/query/img_04376_c1_1283348138287088us.jpg 0.225937 0.175782 -0.683016 0.671969 390.160678 -68.020038 30.367626
slice7/query/img_04377_c1_1283348138353827us.jpg 0.225602 0.175881 -0.683285 0.671782 390.822071 -68.176120 30.391079
slice7/query/img_04378_c1_1283348138420439us.jpg 0.225338 0.176097 -0.683476 0.671620 391.482781 -68.332451 30.414713
slice7/query/img_04379_c1_1283348138553794us.jpg 0.224917 0.176109 -0.683651 0.671580 392.809371 -68.645203 30.461601
slice7/query/img_04380_c1_1283348138620407us.jpg 0.225053 0.176423 -0.683260 0.671850 393.471576 -68.803916 30.481918
slice7/query/img_04381_c1_1283348138687018us.jpg 0.224845 0.176712 -0.683376 0.671725 394.134632 -68.961449 30.503866
slice7/query/img_04382_c1_1283348138753756us.jpg 0.224643 0.176975 -0.683572 0.671524 394.797746 -69.117077 30.526089
slice7/query/img_04383_c1_1283348138886984us.jpg 0.224308 0.178207 -0.683782 0.671097 396.127516 -69.436018 30.567317
slice7/query/img_04384_c1_1283348138953743us.jpg 0.224080 0.178316 -0.684107 0.670813 396.793587 -69.591552 30.589569
slice7/query/img_04385_c1_1283348139020334us.jpg 0.224048 0.178889 -0.684045 0.670734 397.457710 -69.749101 30.608894
slice7/query/img_04386_c1_1283348139086948us.jpg 0.224023 0.179571 -0.683934 0.670673 398.120489 -69.906253 30.627175
slice7/query/img_04387_c1_1283348139220734us.jpg 0.223919 0.180146 -0.684059 0.670426 399.451026 -70.219652 30.663636
slice7/query/img_04388_c1_1283348139286914us.jpg 0.223985 0.180460 -0.684070 0.670309 400.118153 -70.377402 30.680915
slice7/query/img_04389_c1_1283348139353653us.jpg 0.223968 0.180711 -0.684135 0.670180 400.782499 -70.531834 30.696425
slice7/query/img_04390_c1_1283348139420264us.jpg 0.224061 0.180890 -0.684180 0.670055 401.450369 -70.687661 30.712345
slice7/query/img_04391_c1_1283348139486876us.jpg 0.224313 0.181080 -0.684218 0.669880 402.116250 -70.841869 30.727436
slice7/query/img_04392_c1_1283348139620230us.jpg 0.224402 0.181628 -0.684545 0.669368 403.454618 -71.156023 30.758538
slice7/query/img_04393_c1_1283348139686863us.jpg 0.224607 0.181981 -0.684488 0.669261 404.124176 -71.310917 30.773969
slice7/query/img_04394_c1_1283348139753580us.jpg 0.224911 0.182389 -0.684392 0.669146 404.793720 -71.465078 30.789760
slice7/query/img_04395_c1_1283348139820194us.jpg 0.225270 0.182412 -0.684334 0.669078 405.462002 -71.617447 30.805422
slice7/query/img_04396_c1_1283348139953570us.jpg 0.225104 0.183006 -0.684118 0.669193 406.810244 -71.920650 30.837137
slice7/query/img_04397_c1_1283348140020180us.jpg 0.224815 0.183240 -0.684176 0.669168 407.488705 -72.071788 30.853993
slice7/query/img_04398_c1_1283348140086771us.jpg 0.224578 0.183706 -0.684006 0.669293 408.165842 -72.222764 30.870122
slice7/query/img_04399_c1_1283348140153510us.jpg 0.224442 0.184363 -0.683737 0.669433 408.843682 -72.373709 30.884746
slice7/query/img_04400_c1_1283348140220124us.jpg 0.224466 0.184664 -0.683791 0.669286 409.517316 -72.524981 30.900568
slice7/query/img_04401_c1_1283348140353477us.jpg 0.224343 0.185292 -0.683973 0.668968 410.876394 -72.837376 30.924745
slice7/query/img_04402_c1_1283348140420088us.jpg 0.224156 0.185537 -0.684364 0.668563 411.556837 -72.991324 30.936433
slice7/query/img_04403_c1_1283348140486702us.jpg 0.223993 0.185882 -0.684632 0.668246 412.235764 -73.143734 30.947206
slice7/query/img_04404_c1_1283348140553440us.jpg 0.223725 0.186604 -0.684800 0.667964 412.917905 -73.297196 30.959106
slice7/query/img_04405_c1_1283348140686673us.jpg 0.223788 0.187507 -0.685081 0.667401 414.278061 -73.604490 30.978481
slice7/query/img_04406_c1_1283348140753404us.jpg 0.223926 0.187375 -0.685119 0.667353 414.961617 -73.756134 30.986261
slice7/query/img_04407_c1_1283348140820018us.jpg 0.224280 0.186948 -0.685085 0.667389 415.640747 -73.904943 30.993332
slice7/query/img_04408_c1_1283348140886631us.jpg 0.224567 0.186560 -0.685083 0.667403 416.321339 -74.056792 31.001930
slice7/query/img_04409_c1_1283348141020004us.jpg 0.224429 0.187171 -0.684320 0.668061 417.693646 -74.354968 31.018597
slice7/query/img_04410_c1_1283348141086595us.jpg 0.224410 0.187397 -0.684588 0.667729 418.383113 -74.508902 31.030141
slice7/query/img_04411_c1_1283348141153336us.jpg 0.224301 0.187628 -0.684741 0.667543 419.073154 -74.660145 31.040239
slice7/query/img_04412_c1_1283348141286565us.jpg 0.224244 0.188115 -0.685016 0.667144 420.460955 -74.969084 31.058026
slice7/query/img_04413_c1_1283348141353299us.jpg 0.223997 0.188494 -0.685116 0.667016 421.153676 -75.120244 31.069153
slice7/query/img_04414_c1_1283348141486528us.jpg 0.223069 0.189733 -0.684916 0.667182 422.552726 -75.424100 31.090182
slice7/query/img_04415_c1_1283348141553263us.jpg 0.222630 0.189928 -0.684747 0.667446 423.250225 -75.573003 31.099828
slice7/query/img_04416_c1_1283348141619878us.jpg 0.222351 0.190038 -0.684584 0.667675 423.952193 -75.726996 31.106159
slice7/query/img_04417_c1_1283348141686489us.jpg 0.222129 0.190044 -0.684629 0.667701 424.647395 -75.877225 31.110252
slice7/query/img_04418_c1_1283348141819845us.jpg 0.221892 0.189822 -0.684687 0.667784 426.047660 -76.189931 31.123158
slice7/query/img_04419_c1_1283348141886455us.jpg 0.221832 0.189655 -0.684811 0.667724 426.748295 -76.346617 31.127788
slice7/query/img_04420_c1_1283348141953196us.jpg 0.221796 0.188993 -0.685272 0.667450 427.445785 -76.499161 31.133148
slice7/query/img_04421_c1_1283348142086424us.jpg 0.221397 0.188631 -0.685684 0.667262 428.847232 -76.819131 31.144011
slice7/query/img_04422_c1_1283348142153158us.jpg 0.221170 0.188094 -0.686073 0.667089 429.548662 -76.978497 31.150260
slice7/query/img_04423_c1_1283348142219771us.jpg 0.220690 0.187881 -0.686179 0.667200 430.251085 -77.136569 31.155602
slice7/query/img_04424_c1_1283348142286385us.jpg 0.220502 0.187740 -0.686116 0.667366 430.953171 -77.298586 31.161096
slice7/query/img_04425_c1_1283348142419742us.jpg 0.220126 0.187111 -0.686593 0.667176 432.362141 -77.623917 31.175539
slice7/query/img_04426_c1_1283348142486348us.jpg 0.219773 0.186855 -0.686914 0.667034 433.071384 -77.785474 31.180977
slice7/query/img_04427_c1_1283348142553088us.jpg 0.218968 0.186869 -0.687428 0.666765 433.783096 -77.947640 31.185705
slice7/query/img_04428_c1_1283348142619700us.jpg 0.218778 0.186992 -0.687801 0.666409 434.489960 -78.114909 31.193599
slice7/query/img_04429_c1_1283348142753075us.jpg 0.217518 0.186813 -0.687918 0.666751 435.917520 -78.443062 31.201323
slice7/query/img_04430_c1_1283348142819686us.jpg 0.217255 0.186404 -0.687520 0.667361 436.628436 -78.605074 31.203519
slice7/query/img_04431_c1_1283348142886278us.jpg 0.216780 0.186128 -0.687162 0.667960 437.343255 -78.768589 31.205165
slice7/query/img_04432_c1_1283348142953016us.jpg 0.215827 0.185995 -0.687404 0.668057 438.059133 -78.934614 31.208794
slice7/query/img_04433_c1_1283348143086449us.jpg 0.213925 0.186480 -0.688396 0.667512 439.496570 -79.274898 31.217791
slice7/query/img_04434_c1_1283348143152983us.jpg 0.213325 0.186268 -0.689299 0.666831 440.215052 -79.447190 31.220541
slice7/query/img_04435_c1_1283348143219596us.jpg 0.212934 0.185858 -0.690284 0.666051 440.936886 -79.625160 31.218768
slice7/query/img_04436_c1_1283348143286207us.jpg 0.212639 0.185421 -0.691218 0.665298 441.656428 -79.797740 31.215721
slice7/query/img_04437_c1_1283348143352946us.jpg 0.212695 0.184631 -0.692125 0.664557 442.376022 -79.974604 31.211189
slice7/query/img_04438_c1_1283348143486197us.jpg 0.212280 0.184345 -0.692596 0.664278 443.818730 -80.323190 31.203021
slice7/query/img_04439_c1_1283348143552932us.jpg 0.211795 0.184500 -0.692630 0.664354 444.544818 -80.502157 31.198957
slice7/query/img_04440_c1_1283348143619524us.jpg 0.211070 0.185059 -0.692604 0.664456 445.269930 -80.675100 31.197368
slice7/query/img_04441_c1_1283348143686137us.jpg 0.210312 0.185921 -0.692193 0.664885 445.996983 -80.847880 31.197969
slice7/query/img_04442_c1_1283348143819492us.jpg 0.208980 0.186924 -0.691010 0.666253 447.458205 -81.193451 31.188475
slice7/query/img_04443_c1_1283348143886102us.jpg 0.208615 0.187071 -0.690515 0.666838 448.188389 -81.364721 31.182550
slice7/query/img_04444_c1_1283348143952840us.jpg 0.208334 0.187112 -0.690379 0.667055 448.919254 -81.542532 31.174717
slice7/query/img_04445_c1_1283348144019455us.jpg 0.208277 0.187103 -0.690187 0.667274 449.648971 -81.721777 31.167715
slice7/query/img_04446_c1_1283348144152828us.jpg 0.208510 0.186628 -0.689868 0.667664 451.115558 -82.078611 31.150815
slice7/query/img_04447_c1_1283348144219428us.jpg 0.208844 0.186398 -0.689877 0.667615 451.843009 -82.261118 31.143375
slice7/query/img_04448_c1_1283348144286031us.jpg 0.208733 0.186356 -0.689721 0.667822 452.576211 -82.440700 31.137250
slice7/query/img_04449_c1_1283348144352769us.jpg 0.208266 0.186596 -0.689652 0.667972 453.308974 -82.618126 31.131165
slice7/query/img_04450_c1_1283348144485999us.jpg 0.206529 0.188451 -0.689223 0.668434 454.784438 -82.978928 31.126527
slice7/query/img_04451_c1_1283348144552736us.jpg 0.205320 0.189540 -0.689127 0.668597 455.522329 -83.155008 31.125111
slice7/query/img_04452_c1_1283348144619348us.jpg 0.204640 0.190548 -0.688440 0.669226 456.257740 -83.333608 31.120586
slice7/query/img_04453_c1_1283348144685961us.jpg 0.204304 0.191249 -0.687653 0.669938 456.992033 -83.509729 31.112236
slice7/query/img_04454_c1_1283348144752699us.jpg 0.204446 0.190952 -0.687746 0.669884 457.721282 -83.690988 31.100006
slice7/query/img_04455_c1_1283348144885929us.jpg 0.204801 0.189863 -0.688338 0.669477 459.178082 -84.052615 31.076904
slice7/query/img_04456_c1_1283348144952687us.jpg 0.205241 0.189897 -0.688359 0.669311 459.907067 -84.236297 31.065590
slice7/query/img_04457_c1_1283348145019278us.jpg 0.205523 0.190110 -0.688555 0.668962 460.637667 -84.418066 31.053371
slice7/query/img_04458_c1_1283348145085891us.jpg 0.205356 0.190496 -0.689468 0.667963 461.366154 -84.601655 31.041857
slice7/query/img_04459_c1_1283348145152629us.jpg 0.204971 0.190504 -0.690976 0.666519 462.094374 -84.787065 31.032010
slice7/query/img_04460_c1_1283348145285858us.jpg 0.204223 0.190915 -0.692351 0.665203 463.551307 -85.146321 31.009756
slice7/query/img_04461_c1_1283348145352595us.jpg 0.204040 0.191148 -0.692163 0.665388 464.278940 -85.323824 30.999069
slice7/query/img_04462_c1_1283348145419207us.jpg 0.204506 0.190908 -0.691556 0.665944 465.005812 -85.502210 30.983051
slice7/query/img_04463_c1_1283348145485821us.jpg 0.205094 0.190451 -0.690925 0.666548 465.728253 -85.675766 30.968462
slice7/query/img_04464_c1_1283348145552560us.jpg 0.205375 0.190029 -0.690863 0.666647 466.447474 -85.849703 30.952456
slice7/query/img_04465_c1_1283348145685809us.jpg 0.204283 0.190287 -0.691525 0.666222 467.900665 -86.199298 30.929441
slice7/query/img_04466_c1_1283348145752528us.jpg 0.203294 0.190809 -0.692048 0.665833 468.625257 -86.374828 30.918424
slice7/query/img_04467_c1_1283348145819136us.jpg 0.202755 0.191113 -0.692456 0.665485 469.348108 -86.554140 30.906655
slice7/query/img_04468_c1_1283348145885749us.jpg 0.202496 0.191343 -0.692782 0.665159 470.068393 -86.730817 30.894302
slice7/query/img_04469_c1_1283348145952487us.jpg 0.202428 0.191469 -0.693064 0.664850 470.788371 -86.912839 30.878557
slice7/query/img_04470_c1_1283348146085718us.jpg 0.202486 0.191660 -0.693568 0.664251 472.223067 -87.273110 30.843979
slice7/query/img_04471_c1_1283348146152454us.jpg 0.202332 0.191512 -0.693961 0.663931 472.942370 -87.452314 30.826903
slice7/query/img_04472_c1_1283348146219067us.jpg 0.201927 0.191618 -0.693886 0.664101 473.659676 -87.625975 30.809516
slice7/query/img_04473_c1_1283348146285680us.jpg 0.201769 0.191794 -0.693392 0.664614 474.378236 -87.801686 30.789583
slice7/query/img_04474_c1_1283348146419054us.jpg 0.201889 0.191372 -0.692432 0.665699 475.809471 -88.152983 30.752385
slice7/query/img_04475_c1_1283348146485645us.jpg 0.202301 0.190914 -0.691990 0.666165 476.522543 -88.331265 30.734702
slice7/query/img_04476_c1_1283348146552394us.jpg 0.202553 0.190754 -0.691654 0.666483 477.234623 -88.509935 30.716797
slice7/query/img_04477_c1_1283348146618996us.jpg 0.202462 0.190810 -0.691340 0.666821 477.945877 -88.685102 30.699307
slice7/query/img_04478_c1_1283348146752354us.jpg 0.201824 0.191494 -0.691481 0.666672 479.376642 -89.046742 30.669691
slice7/query/img_04479_c1_1283348146818982us.jpg 0.201745 0.191841 -0.691779 0.666286 480.088051 -89.231935 30.655758
slice7/query/img_04480_c1_1283348146885574us.jpg 0.201490 0.192224 -0.691873 0.666155 480.800091 -89.412923 30.637671
slice7/query/img_04481_c1_1283348146952312us.jpg 0.201380 0.192208 -0.692051 0.666009 481.508379 -89.593009 30.621163
slice7/query/img_04482_c1_1283348147085563us.jpg 0.201882 0.192049 -0.691730 0.666236 482.925981 -89.958179 30.581701
slice7/query/img_04483_c1_1283348147152278us.jpg 0.202286 0.191891 -0.691406 0.666496 483.630674 -90.140654 30.560984
slice7/query/img_04484_c1_1283348147285508us.jpg 0.203252 0.191551 -0.691255 0.666456 485.038053 -90.501580 30.527450
slice7/query/img_04485_c1_1283348147488889us.jpg 0.202979 0.191444 -0.692534 0.665241 487.161586 -91.036460 30.491697
slice7/query/img_04486_c1_1283348147685467us.jpg 0.203861 0.190780 -0.693031 0.664644 489.276287 -91.567824 30.450214
slice7/query/img_04487_c1_1283348147752173us.jpg 0.204599 0.190349 -0.693009 0.664564 489.978233 -91.746130 30.432698
slice7/query/img_04488_c1_1283348147885424us.jpg 0.205106 0.189995 -0.693123 0.664390 491.378702 -92.093684 30.405491
slice7/query/img_04489_c1_1283348147952136us.jpg 0.204878 0.190214 -0.693383 0.664126 492.077979 -92.267633 30.393610
slice7/query/img_04490_c1_1283348148018750us.jpg 0.204448 0.190283 -0.693658 0.663952 492.777517 -92.438384 30.382372
slice7/query/img_04491_c1_1283348148085362us.jpg 0.204140 0.190207 -0.693681 0.664045 493.474474 -92.606768 30.371638
slice7/query/img_04492_c1_1283348148218731us.jpg 0.204545 0.190369 -0.693066 0.664515 494.858200 -92.949960 30.347519
slice7/query/img_04493_c1_1283348148285328us.jpg 0.204636 0.190511 -0.692917 0.664602 495.548452 -93.123653 30.335236
slice7/query/img_04494_c1_1283348148352066us.jpg 0.204797 0.190858 -0.693088 0.664275 496.233873 -93.295810 30.323525
slice7/query/img_04495_c1_1283348148418678us.jpg 0.204668 0.190854 -0.693597 0.663784 496.917646 -93.464516 30.312575
slice7/query/img_04496_c1_1283348148552053us.jpg 0.204978 0.190974 -0.693446 0.663812 498.274097 -93.804272 30.288447
slice7/query/img_04497_c1_1283348148618645us.jpg 0.205029 0.191406 -0.693089 0.664044 498.949563 -93.971180 30.275639
slice7/query/img_04498_c1_1283348148685258us.jpg 0.205165 0.191658 -0.692520 0.664523 499.622194 -94.133063 30.263764
slice7/query/img_04499_c1_1283348148751995us.jpg 0.204935 0.192247 -0.692231 0.664725 500.294881 -94.295442 30.253592
slice7/query/img_04500_c1_1283348148818608us.jpg 0.204112 0.192977 -0.692867 0.664103 500.968076 -94.456916 30.243377
slice7/query/img_04501_c1_1283348148951965us.jpg 0.202335 0.194121 -0.697428 0.659524 502.299943 -94.791258 30.219557
slice7/query/img_04502_c1_1283348149018578us.jpg 0.202370 0.194413 -0.696859 0.660029 502.958990 -94.949764 30.208031
slice7/query/img_04503_c1_1283348149085185us.jpg 0.204254 0.193896 -0.695151 0.661400 503.604583 -95.107175 30.190332
slice7/query/img_04505_c1_1283348149218537us.jpg 0.207544 0.191530 -0.694716 0.661522 504.881236 -95.414193 30.155405
slice7/query/img_04506_c1_1283348149351914us.jpg 0.206291 0.192958 -0.695022 0.661177 506.155845 -95.714442 30.140807
slice7/query/img_04507_c1_1283348149418524us.jpg 0.204736 0.195357 -0.693872 0.662164 506.790843 -95.856026 30.141719
slice7/query/img_04508_c1_1283348149485115us.jpg 0.203621 0.197425 -0.693009 0.662797 507.420306 -96.000328 30.140149
slice7/query/img_04509_c1_1283348149551854us.jpg 0.202965 0.198493 -0.692838 0.662859 508.044060 -96.144448 30.132642
slice7/query/img_04510_c1_1283348149618467us.jpg 0.203086 0.198492 -0.693071 0.662578 508.660091 -96.291748 30.121643
slice7/query/img_04511_c1_1283348149751842us.jpg 0.204899 0.197505 -0.692803 0.662595 509.872101 -96.580710 30.089481
slice7/query/img_04512_c1_1283348149818436us.jpg 0.206108 0.197143 -0.692000 0.663167 510.466849 -96.720259 30.073312
slice7/query/img_04514_c1_1283348149951784us.jpg 0.207167 0.197737 -0.691702 0.662970 511.649340 -97.005500 30.044998
slice7/query/img_04515_c1_1283348150085151us.jpg 0.206443 0.198449 -0.692831 0.661804 512.820634 -97.276898 30.027714
slice7/query/img_04516_c1_1283348150151770us.jpg 0.206126 0.199168 -0.692662 0.661864 513.397445 -97.409585 30.021005
slice7/query/img_04517_c1_1283348150218362us.jpg 0.205902 0.199852 -0.692326 0.662079 513.967938 -97.539670 30.013110
slice7/query/img_04519_c1_1283348150351714us.jpg 0.206535 0.199837 -0.692255 0.661961 515.096793 -97.805831 29.988629
slice7/query/img_04520_c1_1283348150484962us.jpg 0.207752 0.199020 -0.692866 0.661186 516.200077 -98.065260 29.967935
slice7/query/img_04521_c1_1283348150551678us.jpg 0.208387 0.198490 -0.693064 0.660938 516.744525 -98.191867 29.956496
slice7/query/img_04522_c1_1283348150618291us.jpg 0.208923 0.198131 -0.693034 0.660908 517.286081 -98.317776 29.945664
slice7/query/img_04524_c1_1283348150818279us.jpg 0.209101 0.198192 -0.693735 0.660098 518.883759 -98.690450 29.922103
slice7/query/img_04525_c1_1283348150884892us.jpg 0.208711 0.198413 -0.693987 0.659890 519.408661 -98.812032 29.915760
slice7/query/img_04527_c1_1283348151018221us.jpg 0.208380 0.198642 -0.694020 0.659891 520.446996 -99.046303 29.901539
slice7/query/img_04528_c1_1283348151151579us.jpg 0.208733 0.198456 -0.693932 0.659928 521.463487 -99.278711 29.882957
slice7/query/img_04530_c1_1283348151284799us.jpg 0.209011 0.198108 -0.694492 0.659355 522.460102 -99.509962 29.862546
slice7/query/img_04531_c1_1283348151418170us.jpg 0.208927 0.197783 -0.694925 0.659023 523.441531 -99.736670 29.847469
slice7/query/img_04532_c1_1283348151551525us.jpg 0.208868 0.198158 -0.694358 0.659527 524.407175 -99.956054 29.830407
slice7/query/img_04533_c1_1283348151751498us.jpg 0.208922 0.198464 -0.694483 0.659286 525.817944 -100.285006 29.803774
slice7/query/img_04534_c1_1283348152018091us.jpg 0.209593 0.197809 -0.694073 0.659701 527.636970 -100.703679 29.771567
slice7/query/img_04535_c1_1283348152218013us.jpg 0.210675 0.197334 -0.694220 0.659343 528.951382 -101.013963 29.745737
slice7/query/img_04536_c1_1283348152417999us.jpg 0.211594 0.197326 -0.693832 0.659460 530.225787 -101.322672 29.724855
slice7/query/img_04537_c1_1283348152617941us.jpg 0.209976 0.199395 -0.694751 0.658386 531.477038 -101.610118 29.710527
slice7/query/img_04538_c1_1283348152751291us.jpg 0.208691 0.200349 -0.695902 0.657289 532.287348 -101.792732 29.701435
slice7/query/img_04539_c1_1283348152817904us.jpg 0.208642 0.200545 -0.695791 0.657362 532.684586 -101.883335 29.694293
slice7/query/img_04540_c1_1283348152951259us.jpg 0.209054 0.200757 -0.695173 0.657820 533.466868 -102.062307 29.679294
slice7/query/img_04541_c1_1283348153017869us.jpg 0.209201 0.200706 -0.695071 0.657897 533.850098 -102.149902 29.670147
slice7/query/img_04543_c1_1283348153151220us.jpg 0.209818 0.200341 -0.695000 0.657886 534.608198 -102.321299 29.646820
slice7/query/img_04544_c1_1283348153284450us.jpg 0.209963 0.200535 -0.695388 0.657371 535.349068 -102.488422 29.631794
slice7/query/img_04546_c1_1283348153417801us.jpg 0.209468 0.201196 -0.695482 0.657228 536.073463 -102.649580 29.619845
slice7/query/img_04547_c1_1283348153551153us.jpg 0.209279 0.201898 -0.694838 0.657754 536.779776 -102.807025 29.604322
slice7/query/img_04549_c1_1283348153684376us.jpg 0.209368 0.202228 -0.695065 0.657384 537.462568 -102.962049 29.589663
slice7/query/img_04551_c1_1283348153884365us.jpg 0.209042 0.202311 -0.695408 0.657100 538.444229 -103.179714 29.566926
slice7/query/img_04552_c1_1283348153951079us.jpg 0.209105 0.202378 -0.695381 0.657087 538.758399 -103.250161 29.561487
slice7/query/img_04554_c1_1283348154084306us.jpg 0.209231 0.202620 -0.695648 0.656690 539.370511 -103.389203 29.546841
slice7/query/img_04555_c1_1283348154217669us.jpg 0.209235 0.202576 -0.696189 0.656128 539.954145 -103.521238 29.535710
slice7/query/img_04558_c1_1283348154417622us.jpg 0.209122 0.202690 -0.696292 0.656020 540.787350 -103.707425 29.516721
slice7/query/img_04559_c1_1283348154550998us.jpg 0.209425 0.202517 -0.696560 0.655692 541.308794 -103.823172 29.504032
slice7/query/img_04562_c1_1283348154750938us.jpg 0.209718 0.202061 -0.697148 0.655113 542.043389 -103.989706 29.487857
slice7/query/img_04564_c1_1283348154950926us.jpg 0.209709 0.202210 -0.696999 0.655230 542.723824 -104.142747 29.471451
slice7/query/img_04568_c1_1283348155284100us.jpg 0.210366 0.202226 -0.697304 0.654689 543.733160 -104.375702 29.452048
slice7/query/img_04570_c1_1283348155417447us.jpg 0.210305 0.202109 -0.697485 0.654552 544.091039 -104.455280 29.443897
slice7/query/img_04574_c1_1283348155750761us.jpg 0.210676 0.201799 -0.697766 0.654229 544.867519 -104.636698 29.423942
slice7/query/img_04578_c1_1283348156083955us.jpg 0.211020 0.201422 -0.698000 0.653985 545.501685 -104.781295 29.410220
slice7/query/img_04585_c1_1283348156683850us.jpg 0.211489 0.200546 -0.698173 0.653918 546.327845 -104.964953 29.390428
slice7/query/img_04594_c1_1283348157550445us.jpg 0.212524 0.199698 -0.697852 0.654184 546.930716 -105.102233 29.376505
slice7/query/img_04712_c1_1283348168281805us.jpg 0.220990 0.190170 -0.694382 0.657900 547.594352 -105.256309 29.330727
slice7/query/img_04716_c1_1283348168615121us.jpg 0.219416 0.191523 -0.693982 0.658456 548.180300 -105.383632 29.326335
slice7/query/img_04720_c1_1283348168948437us.jpg 0.218030 0.191938 -0.695429 0.657268 548.954228 -105.563051 29.309758
slice7/query/img_04722_c1_1283348169148404us.jpg 0.217039 0.191502 -0.695810 0.657320 549.494455 -105.684656 29.299695
slice7/query/img_04726_c1_1283348169414980us.jpg 0.215006 0.190571 -0.696515 0.657512 550.301195 -105.869346 29.286430
slice7/query/img_04728_c1_1283348169614948us.jpg 0.213814 0.189079 -0.696729 0.658105 550.960211 -106.020779 29.272329
slice7/query/img_04730_c1_1283348169748297us.jpg 0.213403 0.188026 -0.696837 0.658425 551.425262 -106.135325 29.261646
slice7/query/img_04732_c1_1283348169948263us.jpg 0.212069 0.186180 -0.697571 0.658604 552.170037 -106.318915 29.247377
slice7/query/img_04735_c1_1283348170215998us.jpg 0.208115 0.184766 -0.697993 0.659814 553.241564 -106.576532 29.231975
slice7/query/img_04736_c1_1283348170281475us.jpg 0.207104 0.184471 -0.698155 0.660044 553.518750 -106.645780 29.228645
slice7/query/img_04738_c1_1283348170414804us.jpg 0.205471 0.183489 -0.698523 0.660439 554.090135 -106.789688 29.219246
slice7/query/img_04740_c1_1283348170614770us.jpg 0.202886 0.181254 -0.699165 0.661175 554.974844 -107.015003 29.203564
slice7/query/img_04742_c1_1283348170748120us.jpg 0.200977 0.180181 -0.699245 0.661966 555.582588 -107.177284 29.189749
slice7/query/img_04744_c1_1283348170948088us.jpg 0.198983 0.177059 -0.700168 0.662435 556.526734 -107.436079 29.167057
slice7/query/img_04745_c1_1283348171014701us.jpg 0.197614 0.175968 -0.701350 0.661885 556.848091 -107.526720 29.159909
slice7/query/img_04747_c1_1283348171148050us.jpg 0.194274 0.175453 -0.702111 0.662204 557.507627 -107.708693 29.148160
slice7/query/img_04748_c1_1283348171281278us.jpg 0.191521 0.174864 -0.701075 0.664256 558.182320 -107.895660 29.136336
slice7/query/img_04750_c1_1283348171414629us.jpg 0.189276 0.173106 -0.700853 0.665593 558.865726 -108.092643 29.123226
slice7/query/img_04751_c1_1283348171549320us.jpg 0.188410 0.169079 -0.700697 0.667037 559.552461 -108.296040 29.098926
slice7/query/img_04753_c1_1283348171681206us.jpg 0.186920 0.165532 -0.700302 0.668758 560.254281 -108.505989 29.075012
slice7/query/img_04754_c1_1283348171747944us.jpg 0.185471 0.164406 -0.700428 0.669306 560.614051 -108.617537 29.068253
slice7/query/img_04755_c1_1283348171881194us.jpg 0.182103 0.161060 -0.703523 0.667798 561.343033 -108.855044 29.053549
slice7/query/img_04757_c1_1283348172014567us.jpg 0.177888 0.159215 -0.707714 0.664941 562.087354 -109.112999 29.045660
slice7/query/img_04759_c1_1283348172214494us.jpg 0.173449 0.157693 -0.708974 0.665134 563.234858 -109.519783 29.024748
slice7/query/img_04761_c1_1283348172347838us.jpg 0.171660 0.154995 -0.709761 0.665394 564.006341 -109.805082 28.996921
slice7/query/img_04763_c1_1283348172547809us.jpg 0.168385 0.149609 -0.711096 0.666038 565.190019 -110.245928 28.951645
slice7/query/img_04765_c1_1283348172681030us.jpg 0.163968 0.148410 -0.709662 0.668931 566.006038 -110.539034 28.934848
slice7/query/img_04766_c1_1283348172747769us.jpg 0.162266 0.147357 -0.708864 0.670423 566.413170 -110.690185 28.923675
slice7/query/img_04767_c1_1283348172880998us.jpg 0.159428 0.143702 -0.709899 0.670803 567.239320 -111.009788 28.897399
slice7/query/img_04768_c1_1283348172947755us.jpg 0.158087 0.141406 -0.711427 0.669988 567.648120 -111.175213 28.881233
slice7/query/img_04770_c1_1283348173080960us.jpg 0.154498 0.138143 -0.714129 0.668631 568.485379 -111.525004 28.850073
slice7/query/img_04772_c1_1283348173280927us.jpg 0.148014 0.137205 -0.714224 0.670187 569.761556 -112.059260 28.823378
slice7/query/img_04773_c1_1283348173347669us.jpg 0.146303 0.135517 -0.713847 0.671307 570.188029 -112.237937 28.809658
slice7/query/img_04775_c1_1283348173480889us.jpg 0.143443 0.129383 -0.713813 0.673168 571.028810 -112.596573 28.777496
