slice7/query/img_02519_c1_1284563468998916us.jpg 0.237699 0.180917 -0.674908 0.674735 359.342141 -61.128333 29.028304
slice7/query/img_02520_c1_1284563469065527us.jpg 0.236528 0.181279 -0.674713 0.675245 360.245356 -61.311765 29.082354
slice7/query/img_02521_c1_1284563469132275us.jpg 0.235810 0.181718 -0.674831 0.675259 361.144870 -61.498071 29.134250
slice7/query/img_02522_c1_1284563469265925us.jpg 0.234920 0.182177 -0.676120 0.674156 362.950056 -61.879023 29.232407
slice7/query/img_02523_c1_1284563469332231us.jpg 0.235194 0.182053 -0.676780 0.673431 363.853570 -62.073642 29.276472
slice7/query/img_02524_c1_1284563469398844us.jpg 0.235585 0.181634 -0.677153 0.673032 364.754818 -62.265774 29.318702
slice7/query/img_02525_c1_1284563469465456us.jpg 0.235728 0.181156 -0.676983 0.673282 365.652910 -62.453443 29.359074
slice7/query/img_02526_c1_1284563469598811us.jpg 0.234167 0.181572 -0.676584 0.674116 367.456220 -62.830011 29.453019
slice7/query/img_02527_c1_1284563469665423us.jpg 0.232880 0.182349 -0.676040 0.674897 368.364530 -63.017253 29.499379
slice7/query/img_02528_c1_1284563469732160us.jpg 0.231749 0.182875 -0.675739 0.675445 369.268486 -63.204387 29.543823
slice7/query/img_02529_c1_1284563469798773us.jpg 0.231132 0.183147 -0.675628 0.675694 370.172025 -63.395251 29.586325
slice7/query/img_02530_c1_1284563469932149us.jpg 0.231445 0.182349 -0.676270 0.675160 371.973932 -63.788123 29.663043
slice7/query/img_02531_c1_1284563469998739us.jpg 0.231648 0.181836 -0.676760 0.674738 372.877004 -63.985071 29.699785
slice7/query/img_02532_c1_1284563470065358us.jpg 0.231922 0.181323 -0.677309 0.674230 373.775975 -64.182379 29.738071
slice7/query/img_02533_c1_1284563470198724us.jpg 0.231966 0.180367 -0.678193 0.673583 375.579451 -64.580182 29.812882
slice7/query/img_02534_c1_1284563470265316us.jpg 0.231682 0.180444 -0.678336 0.673516 376.483414 -64.780351 29.854369
slice7/query/img_02535_c1_1284563470332054us.jpg 0.231395 0.180409 -0.678396 0.673563 377.385260 -64.978313 29.893815
slice7/query/img_02536_c1_1284563470465288us.jpg 0.230706 0.181147 -0.678667 0.673329 379.193280 -65.380862 29.977388
slice7/query/img_02537_c1_1284563470532021us.jpg 0.230627 0.181163 -0.678887 0.673130 380.091465 -65.583451 30.017032
slice7/query/img_02538_c1_1284563470665248us.jpg 0.229952 0.181514 -0.679295 0.672854 381.900085 -65.991248 30.095710
slice7/query/img_02539_c1_1284563470798603us.jpg 0.229022 0.182326 -0.679977 0.672263 383.706182 -66.398336 30.171706
slice7/query/img_02540_c1_1284563470865211us.jpg 0.228356 0.182786 -0.680138 0.672202 384.608135 -66.598676 30.210095
slice7/query/img_02541_c1_1284563470998564us.jpg 0.227487 0.182974 -0.680444 0.672136 386.409360 -66.998720 30.280396
slice7/query/img_02542_c1_1284563471065176us.jpg 0.227209 0.182935 -0.680552 0.672131 387.306909 -67.200281 30.312975
slice7/query/img_02543_c1_1284563471131914us.jpg 0.226953 0.182961 -0.680671 0.672090 388.201517 -67.400523 30.345359
slice7/query/img_02544_c1_1284563471265145us.jpg 0.226783 0.183060 -0.681045 0.671742 389.985828 -67.803749 30.410339
slice7/query/img_02545_c1_1284563471331881us.jpg 0.226468 0.183219 -0.681526 0.671316 390.876196 -68.004630 30.441734
slice7/query/img_02546_c1_1284563471398491us.jpg 0.226099 0.183631 -0.681958 0.670889 391.763595 -68.206433 30.471686
slice7/query/img_02547_c1_1284563471465105us.jpg 0.225915 0.183849 -0.682293 0.670551 392.645539 -68.407173 30.502276
slice7/query/img_02548_c1_1284563471598461us.jpg 0.224935 0.184302 -0.682147 0.670904 394.410535 -68.801700 30.562417
slice7/query/img_02549_c1_1284563471665070us.jpg 0.224257 0.184560 -0.682139 0.671068 395.291158 -68.998993 30.590928
slice7/query/img_02550_c1_1284563471731810us.jpg 0.223632 0.184908 -0.682061 0.671261 396.165716 -69.193620 30.618669
slice7/query/img_02551_c1_1284563471865060us.jpg 0.222635 0.185681 -0.682179 0.671259 397.911384 -69.587724 30.673180
slice7/query/img_02552_c1_1284563471931775us.jpg 0.222293 0.185916 -0.682333 0.671150 398.781910 -69.785604 30.696031
slice7/query/img_02553_c1_1284563471998436us.jpg 0.222069 0.185894 -0.682837 0.670718 399.645321 -69.983083 30.719238
slice7/query/img_02554_c1_1284563472131764us.jpg 0.221501 0.185886 -0.683386 0.670348 401.372382 -70.375779 30.761426
slice7/query/img_02555_c1_1284563472198358us.jpg 0.221306 0.185654 -0.683707 0.670150 402.230313 -70.571344 30.780199
slice7/query/img_02556_c1_1284563472264966us.jpg 0.221155 0.185636 -0.683911 0.669997 403.085252 -70.767364 30.799867
slice7/query/img_02557_c1_1284563472331705us.jpg 0.220977 0.185809 -0.684086 0.669829 403.935370 -70.963231 30.818866
slice7/query/img_02558_c1_1284563472464952us.jpg 0.220878 0.186225 -0.684007 0.669827 405.632723 -71.355296 30.856828
slice7/query/img_02559_c1_1284563472531667us.jpg 0.220691 0.186186 -0.684052 0.669853 406.479493 -71.548481 30.874378
slice7/query/img_02560_c1_1284563472598281us.jpg 0.220432 0.186198 -0.684089 0.669897 407.323036 -71.741033 30.892866
slice7/query/img_02561_c1_1284563472664894us.jpg 0.220087 0.186414 -0.684071 0.669969 408.162655 -71.930400 30.913107
slice7/query/img_02562_c1_1284563472798269us.jpg 0.219046 0.187665 -0.683848 0.670188 409.843532 -72.309859 30.951361
slice7/query/img_02563_c1_1284563472864859us.jpg 0.218929 0.187765 -0.684125 0.669916 410.678103 -72.503346 30.966639
slice7/query/img_02564_c1_1284563472931597us.jpg 0.218741 0.187898 -0.684560 0.669496 411.508093 -72.693321 30.982920
slice7/query/img_02565_c1_1284563472998211us.jpg 0.218709 0.187932 -0.685051 0.668995 412.335266 -72.887489 30.996744
slice7/query/img_02566_c1_1284563473131586us.jpg 0.218292 0.189059 -0.685691 0.668156 413.989731 -73.274022 31.025734
slice7/query/img_02567_c1_1284563473198176us.jpg 0.218501 0.189030 -0.685870 0.667913 414.813039 -73.464050 31.035535
slice7/query/img_02568_c1_1284563473264789us.jpg 0.218982 0.188553 -0.685984 0.667772 415.631070 -73.651119 31.043987
slice7/query/img_02569_c1_1284563473398164us.jpg 0.219531 0.187724 -0.686250 0.667553 417.269176 -74.020840 31.066963
slice7/query/img_02570_c1_1284563473464755us.jpg 0.219465 0.188082 -0.686130 0.667597 418.090079 -74.207570 31.077510
slice7/query/img_02571_c1_1284563473531491us.jpg 0.219415 0.188254 -0.686073 0.667623 418.908457 -74.392832 31.089567
slice7/query/img_02572_c1_1284563473598105us.jpg 0.219452 0.188525 -0.686094 0.667514 419.724325 -74.578959 31.103186
slice7/query/img_02573_c1_1284563473731460us.jpg 0.218442 0.189624 -0.686059 0.667569 421.356922 -74.946606 31.130287
slice7/query/img_02574_c1_1284563473798072us.jpg 0.218000 0.190515 -0.686153 0.667363 422.169905 -75.131955 31.144017
slice7/query/img_02575_c1_1284563473864682us.jpg 0.217585 0.190990 -0.686025 0.667495 422.979986 -75.312363 31.155447
slice7/query/img_02576_c1_1284563473931421us.jpg 0.217126 0.191282 -0.685864 0.667726 423.787704 -75.490678 31.164616
slice7/query/img_02577_c1_1284563474064650us.jpg 0.216873 0.191348 -0.685814 0.667840 425.401005 -75.850383 31.178611
slice7/query/img_02578_c1_1284563474131386us.jpg 0.217199 0.191206 -0.685982 0.667603 426.202069 -76.034036 31.182657
slice7/query/img_02579_c1_1284563474197999us.jpg 0.217563 0.191009 -0.686120 0.667399 427.001109 -76.216772 31.186967
slice7/query/img_02580_c1_1284563474264614us.jpg 0.217938 0.190870 -0.686356 0.667074 427.794945 -76.398430 31.189729
slice7/query/img_02581_c1_1284563474397966us.jpg 0.218104 0.190929 -0.686812 0.666533 429.389196 -76.763135 31.201044
slice7/query/img_02582_c1_1284563474464577us.jpg 0.218115 0.190953 -0.687007 0.666322 430.182940 -76.944652 31.206235
slice7/query/img_02583_c1_1284563474531315us.jpg 0.218014 0.191077 -0.686969 0.666359 430.973784 -77.123836 31.212785
slice7/query/img_02584_c1_1284563474664545us.jpg 0.217806 0.191402 -0.686943 0.666359 432.550148 -77.483213 31.225884
slice7/query/img_02585_c1_1284563474731282us.jpg 0.217438 0.191580 -0.687063 0.666305 433.336629 -77.660887 31.232079
slice7/query/img_02586_c1_1284563474797893us.jpg 0.216792 0.192066 -0.687149 0.666287 434.123140 -77.838833 31.238706
slice7/query/img_02587_c1_1284563474864507us.jpg 0.216101 0.192455 -0.687254 0.666291 434.907193 -78.014088 31.245106
slice7/query/img_02588_c1_1284563474997887us.jpg 0.215086 0.192332 -0.686664 0.667262 436.471885 -78.362518 31.253434
slice7/query/img_02589_c1_1284563475064472us.jpg 0.214697 0.191770 -0.686392 0.667829 437.248532 -78.536743 31.255951
slice7/query/img_02590_c1_1284563475131210us.jpg 0.213904 0.191652 -0.686352 0.668158 438.024113 -78.710298 31.259464
slice7/query/img_02591_c1_1284563475264441us.jpg 0.211534 0.191997 -0.687351 0.667787 439.578383 -79.067857 31.266102
slice7/query/img_02592_c1_1284563475331177us.jpg 0.210908 0.191832 -0.688095 0.667265 440.350658 -79.249028 31.266942
slice7/query/img_02593_c1_1284563475397788us.jpg 0.210414 0.191331 -0.689124 0.666503 441.120883 -79.433052 31.263647
slice7/query/img_02594_c1_1284563475464401us.jpg 0.210312 0.190704 -0.690161 0.665642 441.887239 -79.620092 31.258759
slice7/query/img_02595_c1_1284563475597778us.jpg 0.209913 0.189208 -0.691584 0.664717 443.413586 -79.991074 31.247698
slice7/query/img_02596_c1_1284563475664366us.jpg 0.209239 0.189330 -0.691871 0.664596 444.176597 -80.175303 31.243952
slice7/query/img_02597_c1_1284563475731104us.jpg 0.208152 0.189629 -0.691900 0.664822 444.938113 -80.358403 31.241605
slice7/query/img_02598_c1_1284563475797718us.jpg 0.206915 0.190056 -0.691747 0.665245 445.695883 -80.541356 31.239273
slice7/query/img_02599_c1_1284563475931093us.jpg 0.204375 0.191113 -0.690406 0.667118 447.213909 -80.904572 31.232761
slice7/query/img_02600_c1_1284563475997682us.jpg 0.203465 0.190813 -0.689868 0.668038 447.970177 -81.085284 31.226183
slice7/query/img_02601_c1_1284563476064297us.jpg 0.202821 0.190396 -0.689370 0.668866 448.722522 -81.266844 31.217396
slice7/query/img_02602_c1_1284563476197657us.jpg 0.202003 0.189173 -0.688957 0.669886 450.226687 -81.637669 31.198863
slice7/query/img_02603_c1_1284563476264262us.jpg 0.201940 0.188621 -0.688932 0.670086 450.976968 -81.827886 31.188676
slice7/query/img_02604_c1_1284563476330999us.jpg 0.201786 0.187888 -0.689165 0.670099 451.725612 -82.017498 31.179388
slice7/query/img_02605_c1_1284563476397615us.jpg 0.201672 0.187308 -0.689474 0.669978 452.472004 -82.209217 31.171556
slice7/query/img_02606_c1_1284563476530967us.jpg 0.200464 0.187485 -0.689718 0.670039 453.969521 -82.589920 31.160214
slice7/query/img_02607_c1_1284563476597599us.jpg 0.199453 0.188065 -0.689749 0.670146 454.716638 -82.780667 31.154719
slice7/query/img_02608_c1_1284563476664190us.jpg 0.198298 0.189098 -0.689559 0.670394 455.461698 -82.971068 31.149688
slice7/query/img_02609_c1_1284563476797547us.jpg 0.197253 0.190465 -0.688266 0.671643 456.946426 -83.354501 31.135127
slice7/query/img_02610_c1_1284563476864157us.jpg 0.197131 0.190492 -0.687909 0.672037 457.685738 -83.543483 31.121990
slice7/query/img_02611_c1_1284563476930895us.jpg 0.197344 0.189971 -0.688254 0.671768 458.421718 -83.734580 31.107310
slice7/query/img_02612_c1_1284563477064125us.jpg 0.199175 0.189755 -0.688415 0.671123 459.896601 -84.122616 31.079269
slice7/query/img_02613_c1_1284563477130861us.jpg 0.200240 0.189990 -0.688714 0.670433 460.632715 -84.316260 31.065347
slice7/query/img_02614_c1_1284563477197473us.jpg 0.200767 0.190242 -0.689739 0.669150 461.367443 -84.508866 31.052872
slice7/query/img_02615_c1_1284563477332357us.jpg 0.200935 0.191470 -0.691861 0.666553 462.836137 -84.891889 31.032298
slice7/query/img_02616_c1_1284563477397439us.jpg 0.200959 0.192392 -0.691986 0.666150 463.570464 -85.080303 31.021953
slice7/query/img_02617_c1_1284563477530813us.jpg 0.202029 0.193549 -0.690687 0.666840 465.038666 -85.443713 30.992702
slice7/query/img_02618_c1_1284563477597401us.jpg 0.202747 0.193621 -0.689738 0.667582 465.768503 -85.620454 30.976050
slice7/query/img_02619_c1_1284563477664015us.jpg 0.203410 0.193786 -0.689225 0.667863 466.497277 -85.798964 30.961623
slice7/query/img_02620_c1_1284563477798276us.jpg 0.202904 0.194772 -0.689535 0.667409 467.962439 -86.154043 30.937971
slice7/query/img_02621_c1_1284563477863980us.jpg 0.202349 0.195827 -0.689746 0.667052 468.695962 -86.332092 30.927707
slice7/query/img_02622_c1_1284563477930718us.jpg 0.202122 0.196383 -0.690124 0.666565 469.426963 -86.508937 30.914461
slice7/query/img_02623_c1_1284563477997331us.jpg 0.202232 0.196744 -0.690525 0.666010 470.155176 -86.685216 30.899599
slice7/query/img_02624_c1_1284563478130684us.jpg 0.202751 0.197587 -0.691126 0.664978 471.612336 -87.041739 30.865156
slice7/query/img_02625_c1_1284563478197295us.jpg 0.202849 0.198035 -0.691288 0.664647 472.340160 -87.217850 30.846244
slice7/query/img_02626_c1_1284563478263910us.jpg 0.202907 0.198513 -0.691338 0.664434 473.066090 -87.391620 30.828101
slice7/query/img_02627_c1_1284563478397283us.jpg 0.202794 0.199344 -0.690721 0.664862 474.518611 -87.733318 30.790811
slice7/query/img_02628_c1_1284563478463874us.jpg 0.202730 0.199808 -0.690105 0.665381 475.242474 -87.900933 30.773688
slice7/query/img_02629_c1_1284563478530617us.jpg 0.202996 0.199700 -0.689474 0.665987 475.961356 -88.067325 30.753897
slice7/query/img_02630_c1_1284563478663843us.jpg 0.203583 0.199529 -0.688425 0.666943 477.399097 -88.402348 30.715243
slice7/query/img_02631_c1_1284563478730578us.jpg 0.203524 0.199786 -0.688280 0.667034 478.115982 -88.570764 30.699730
slice7/query/img_02632_c1_1284563478797190us.jpg 0.203367 0.200323 -0.688354 0.666844 478.831439 -88.739635 30.686290
slice7/query/img_02633_c1_1284563478863804us.jpg 0.202984 0.200943 -0.688568 0.666553 479.545485 -88.907442 30.673192
slice7/query/img_02634_c1_1284563478997180us.jpg 0.202454 0.201539 -0.688901 0.666190 480.972335 -89.243995 30.640997
slice7/query/img_02635_c1_1284563479063769us.jpg 0.202400 0.201567 -0.688877 0.666223 481.679029 -89.408605 30.624436
slice7/query/img_02636_c1_1284563479197123us.jpg 0.202651 0.201135 -0.688404 0.666766 483.088224 -89.738322 30.585403
slice7/query/img_02637_c1_1284563479263734us.jpg 0.202875 0.200876 -0.688029 0.667162 483.790103 -89.903103 30.566096
slice7/query/img_02638_c1_1284563479330472us.jpg 0.203017 0.200478 -0.687902 0.667371 484.486240 -90.066661 30.547787
slice7/query/img_02639_c1_1284563479463701us.jpg 0.202503 0.199953 -0.688291 0.667283 485.878099 -90.392163 30.516835
slice7/query/img_02640_c1_1284563479530459us.jpg 0.202057 0.199561 -0.688818 0.666992 486.569958 -90.554036 30.504543
slice7/query/img_02641_c1_1284563479597051us.jpg 0.201587 0.199258 -0.689233 0.666796 487.259852 -90.717737 30.490542
slice7/query/img_02642_c1_1284563479663663us.jpg 0.201287 0.198854 -0.689532 0.666697 487.945814 -90.879092 30.476647
slice7/query/img_02643_c1_1284563479797040us.jpg 0.201166 0.197425 -0.689852 0.666828 489.312725 -91.199656 30.448854
slice7/query/img_02644_c1_1284563479863631us.jpg 0.201228 0.196843 -0.689839 0.666994 489.992015 -91.360034 30.436360
slice7/query/img_02645_c1_1284563479930366us.jpg 0.201295 0.196227 -0.689919 0.667073 490.666209 -91.520313 30.425855
slice7/query/img_02646_c1_1284563479996979us.jpg 0.201058 0.195767 -0.690127 0.667065 491.339792 -91.683426 30.414426
slice7/query/img_02647_c1_1284563480130335us.jpg 0.199643 0.195410 -0.690463 0.667247 492.683441 -92.008151 30.390593
slice7/query/img_02648_c1_1284563480196944us.jpg 0.198927 0.195160 -0.690581 0.667411 493.351361 -92.171575 30.377395
slice7/query/img_02649_c1_1284563480263558us.jpg 0.198497 0.194959 -0.690482 0.667701 494.012287 -92.333639 30.366345
slice7/query/img_02650_c1_1284563480330296us.jpg 0.198004 0.195002 -0.690543 0.667772 494.670839 -92.496128 30.357663
slice7/query/img_02651_c1_1284563480463547us.jpg 0.197033 0.194746 -0.691179 0.667476 495.971950 -92.824527 30.332426
slice7/query/img_02652_c1_1284563480530261us.jpg 0.196227 0.194631 -0.691685 0.667223 496.615200 -92.985787 30.321833
slice7/query/img_02653_c1_1284563480596874us.jpg 0.195617 0.194312 -0.692031 0.667135 497.250365 -93.145213 30.310324
slice7/query/img_02654_c1_1284563480663487us.jpg 0.195145 0.194133 -0.692105 0.667250 497.879111 -93.303962 30.300504
slice7/query/img_02655_c1_1284563480796864us.jpg 0.194575 0.194352 -0.691340 0.668144 499.119825 -93.620941 30.278379
slice7/query/img_02656_c1_1284563480863469us.jpg 0.194701 0.194092 -0.690990 0.668545 499.729750 -93.776467 30.265965
slice7/query/img_02657_c1_1284563480930201us.jpg 0.194456 0.194034 -0.691157 0.668461 500.333901 -93.931186 30.255133
slice7/query/img_02659_c1_1284563481130179us.jpg 0.191815 0.192816 -0.699279 0.661088 502.122165 -94.413998 30.214537
slice7/query/img_02660_c1_1284563481196771us.jpg 0.193378 0.192655 -0.698014 0.662016 502.702624 -94.567546 30.201265
slice7/query/img_02661_c1_1284563481263382us.jpg 0.196276 0.192693 -0.694359 0.664989 503.273025 -94.714188 30.183555
slice7/query/img_02662_c1_1284563481330120us.jpg 0.200543 0.191657 -0.691776 0.666705 503.832345 -94.863782 30.157002
slice7/query/img_02663_c1_1284563481463372us.jpg 0.203211 0.189308 -0.693843 0.664417 504.953471 -95.155839 30.117534
slice7/query/img_02664_c1_1284563481530089us.jpg 0.201583 0.190913 -0.694252 0.664026 505.515736 -95.290702 30.114988
slice7/query/img_02665_c1_1284563481596699us.jpg 0.199124 0.194707 -0.692937 0.665039 506.076122 -95.420421 30.122876
slice7/query/img_02666_c1_1284563481663311us.jpg 0.197042 0.198859 -0.691117 0.666323 506.629377 -95.547634 30.131965
slice7/query/img_02667_c1_1284563481796667us.jpg 0.196279 0.202699 -0.689991 0.666558 507.712582 -95.804905 30.124552
slice7/query/img_02668_c1_1284563481863277us.jpg 0.197362 0.202185 -0.690573 0.665791 508.239251 -95.933084 30.110038
slice7/query/img_02669_c1_1284563481930016us.jpg 0.198845 0.201377 -0.690972 0.665181 508.759924 -96.060382 30.093643
slice7/query/img_02670_c1_1284563482063263us.jpg 0.202280 0.200636 -0.690036 0.665341 509.784512 -96.310814 30.058942
slice7/query/img_02671_c1_1284563482196625us.jpg 0.204247 0.200902 -0.688900 0.665837 510.794596 -96.548189 30.033784
slice7/query/img_02672_c1_1284563482329965us.jpg 0.203489 0.202669 -0.688642 0.665800 511.795640 -96.776969 30.020388
slice7/query/img_02673_c1_1284563482396558us.jpg 0.202961 0.203537 -0.688488 0.665855 512.288598 -96.886924 30.016675
slice7/query/img_02674_c1_1284563482463170us.jpg 0.202732 0.204139 -0.688206 0.666033 512.775799 -96.994774 30.011070
slice7/query/img_02675_c1_1284563482597291us.jpg 0.203428 0.204560 -0.687618 0.666298 513.741263 -97.217059 29.990464
slice7/query/img_02676_c1_1284563482663136us.jpg 0.204181 0.204232 -0.687768 0.666013 514.216280 -97.326074 29.977219
slice7/query/img_02678_c1_1284563482796487us.jpg 0.206061 0.202966 -0.688418 0.665149 515.154386 -97.544401 29.949618
slice7/query/img_02679_c1_1284563482929861us.jpg 0.207026 0.202699 -0.688333 0.665019 516.082540 -97.755752 29.931191
slice7/query/img_02681_c1_1284563483063065us.jpg 0.207371 0.202193 -0.687989 0.665421 517.002479 -97.959300 29.915781
slice7/query/img_02682_c1_1284563483129803us.jpg 0.207239 0.202006 -0.687829 0.665685 517.457429 -98.058333 29.909572
slice7/query/img_02683_c1_1284563483263034us.jpg 0.206805 0.202203 -0.687791 0.665799 518.361535 -98.260833 29.896999
slice7/query/img_02685_c1_1284563483396382us.jpg 0.206347 0.201568 -0.688824 0.665066 519.255497 -98.464798 29.881177
slice7/query/img_02686_c1_1284563483462995us.jpg 0.206212 0.201360 -0.689199 0.664782 519.696593 -98.565796 29.873811
slice7/query/img_02687_c1_1284563483596371us.jpg 0.205958 0.200835 -0.689135 0.665087 520.575138 -98.764894 29.858708
slice7/query/img_02688_c1_1284563483662981us.jpg 0.205929 0.200313 -0.689028 0.665363 521.007023 -98.860492 29.850787
slice7/query/img_02690_c1_1284563483796312us.jpg 0.205255 0.199274 -0.688980 0.665933 521.874499 -99.057660 29.831906
slice7/query/img_02691_c1_1284563483929687us.jpg 0.204887 0.198395 -0.688821 0.666473 522.736597 -99.255527 29.815414
slice7/query/img_02692_c1_1284563483996298us.jpg 0.204822 0.197654 -0.688785 0.666750 523.166281 -99.354556 29.806485
slice7/query/img_02693_c1_1284563484062889us.jpg 0.204760 0.196846 -0.688696 0.667100 523.595793 -99.453561 29.797452
slice7/query/img_02695_c1_1284563484262858us.jpg 0.204203 0.196097 -0.688898 0.667283 524.896367 -99.764117 29.772358
slice7/query/img_02696_c1_1284563484329597us.jpg 0.204200 0.195911 -0.689249 0.666976 525.329454 -99.869834 29.764641
slice7/query/img_02697_c1_1284563484396206us.jpg 0.204193 0.195559 -0.689448 0.666876 525.761356 -99.974219 29.755468
slice7/query/img_02699_c1_1284563484596176us.jpg 0.205099 0.195557 -0.688910 0.667154 527.066123 -100.290575 29.730583
slice7/query/img_02701_c1_1284563484729522us.jpg 0.205862 0.195553 -0.688802 0.667031 527.939363 -100.499441 29.711049
slice7/query/img_02702_c1_1284563484796135us.jpg 0.206372 0.195635 -0.688600 0.667059 528.374346 -100.602413 29.702733
slice7/query/img_02703_c1_1284563484929510us.jpg 0.207498 0.195864 -0.689517 0.665694 529.248005 -100.812726 29.687528
slice7/query/img_02704_c1_1284563484996100us.jpg 0.208600 0.195563 -0.689550 0.665404 529.685334 -100.917326 29.678586
slice7/query/img_02706_c1_1284563485129452us.jpg 0.209458 0.196764 -0.688154 0.666225 530.567853 -101.120135 29.667166
slice7/query/img_02707_c1_1284563485262701us.jpg 0.209698 0.198153 -0.688115 0.665777 531.463421 -101.325595 29.654877
slice7/query/img_02708_c1_1284563485329417us.jpg 0.209499 0.198727 -0.688840 0.664919 531.914716 -101.427908 29.650215
slice7/query/img_02710_c1_1284563485462643us.jpg 0.208883 0.199954 -0.688973 0.664607 532.832400 -101.631060 29.639086
slice7/query/img_02711_c1_1284563485595996us.jpg 0.209727 0.201405 -0.687822 0.665096 533.761703 -101.838034 29.621088
slice7/query/img_02713_c1_1284563485795983us.jpg 0.211739 0.201719 -0.688309 0.663858 535.182085 -102.156746 29.581513
slice7/query/img_02715_c1_1284563485929311us.jpg 0.212737 0.202531 -0.687873 0.663743 536.145016 -102.365408 29.561482
slice7/query/img_02716_c1_1284563486062560us.jpg 0.213257 0.203456 -0.687112 0.664082 537.121706 -102.570868 29.542254
slice7/query/img_02718_c1_1284563486195889us.jpg 0.213723 0.204327 -0.686556 0.664240 538.109766 -102.778784 29.526986
slice7/query/img_02719_c1_1284563486329812us.jpg 0.213847 0.204295 -0.686442 0.664328 539.113024 -102.988269 29.507373
slice7/query/img_02720_c1_1284563486395876us.jpg 0.213623 0.204369 -0.686490 0.664327 539.620120 -103.095696 29.497168
slice7/query/img_02721_c1_1284563486462468us.jpg 0.213394 0.204440 -0.686593 0.664272 540.130106 -103.204213 29.485001
slice7/query/img_02722_c1_1284563486529206us.jpg 0.213198 0.204202 -0.686878 0.664113 540.640936 -103.313318 29.473239
slice7/query/img_02723_c1_1284563486662456us.jpg 0.212941 0.202913 -0.687625 0.663818 541.671340 -103.533222 29.450469
slice7/query/img_02724_c1_1284563486729172us.jpg 0.212769 0.202449 -0.687736 0.663900 542.190702 -103.644732 29.439337
slice7/query/img_02725_c1_1284563486862403us.jpg 0.212412 0.201151 -0.688058 0.664075 543.239735 -103.868250 29.418958
slice7/query/img_02726_c1_1284563486995756us.jpg 0.211232 0.200576 -0.688036 0.664648 544.307603 -104.096338 29.400391
slice7/query/img_02727_c1_1284563487062364us.jpg 0.210595 0.200213 -0.688237 0.664751 544.844080 -104.212029 29.391918
slice7/query/img_02728_c1_1284563487129100us.jpg 0.209920 0.199595 -0.688548 0.664829 545.383135 -104.328580 29.381310
slice7/query/img_02729_c1_1284563487195715us.jpg 0.209229 0.198989 -0.688909 0.664854 545.924770 -104.448121 29.372370
slice7/query/img_02730_c1_1284563487329089us.jpg 0.208315 0.197837 -0.689130 0.665256 547.014883 -104.691562 29.351337
slice7/query/img_02731_c1_1284563487395679us.jpg 0.208070 0.196920 -0.689263 0.665466 547.562422 -104.816033 29.339601
slice7/query/img_02732_c1_1284563487462291us.jpg 0.207764 0.196072 -0.689274 0.665801 548.113693 -104.942042 29.327891
slice7/query/img_02733_c1_1284563487529033us.jpg 0.207504 0.195240 -0.689267 0.666133 548.664170 -105.067693 29.317492
slice7/query/img_02734_c1_1284563487662278us.jpg 0.206125 0.193713 -0.690430 0.665803 549.780245 -105.331607 29.297772
slice7/query/img_02735_c1_1284563487728994us.jpg 0.205153 0.193042 -0.691171 0.665530 550.340426 -105.466311 29.289164
slice7/query/img_02736_c1_1284563487795611us.jpg 0.204236 0.192710 -0.691692 0.665366 550.899653 -105.602879 29.281038
slice7/query/img_02737_c1_1284563487929925us.jpg 0.203387 0.191510 -0.692080 0.665569 552.032669 -105.880474 29.262754
slice7/query/img_02739_c1_1284563488062185us.jpg 0.202874 0.190111 -0.692414 0.665780 553.179483 -106.165547 29.238189
slice7/query/img_02740_c1_1284563488128925us.jpg 0.202193 0.189381 -0.692930 0.665658 553.754712 -106.308271 29.228165
slice7/query/img_02741_c1_1284563488262173us.jpg 0.200238 0.188780 -0.693001 0.666345 554.917813 -106.599695 29.210200
slice7/query/img_02742_c1_1284563488328890us.jpg 0.199157 0.188885 -0.692650 0.667004 555.502305 -106.743971 29.203303
slice7/query/img_02743_c1_1284563488395502us.jpg 0.198087 0.188607 -0.692357 0.667705 556.090084 -106.892231 29.191659
slice7/query/img_02744_c1_1284563488462115us.jpg 0.197384 0.188055 -0.692315 0.668113 556.677835 -107.042387 29.181648
slice7/query/img_02745_c1_1284563488595490us.jpg 0.195530 0.187264 -0.693315 0.667843 557.861787 -107.351502 29.160240
slice7/query/img_02746_c1_1284563488662083us.jpg 0.194897 0.186891 -0.693229 0.668222 558.458622 -107.510204 29.147119
slice7/query/img_02747_c1_1284563488728818us.jpg 0.193929 0.186457 -0.693090 0.668769 559.054115 -107.668051 29.134611
slice7/query/img_02748_c1_1284563488795432us.jpg 0.193538 0.185725 -0.692657 0.669534 559.651957 -107.827873 29.120415
slice7/query/img_02749_c1_1284563488928806us.jpg 0.192347 0.183499 -0.691360 0.671827 560.850714 -108.139855 29.092076
slice7/query/img_02750_c1_1284563488995399us.jpg 0.190888 0.182598 -0.691198 0.672655 561.447926 -108.298974 29.081046
slice7/query/img_02751_c1_1284563489062009us.jpg 0.188720 0.181503 -0.692188 0.672546 562.044413 -108.460984 29.071611
slice7/query/img_02753_c1_1284563489261997us.jpg 0.181941 0.178929 -0.697999 0.669089 563.847387 -108.983004 29.046099
slice7/query/img_02754_c1_1284563489328714us.jpg 0.180326 0.178170 -0.699273 0.668398 564.445970 -109.169633 29.029775
slice7/query/img_02755_c1_1284563489395326us.jpg 0.179280 0.175823 -0.700879 0.667617 565.038909 -109.359344 29.008890
slice7/query/img_02756_c1_1284563489461939us.jpg 0.177966 0.172727 -0.702433 0.667144 565.629270 -109.547365 28.986115
slice7/query/img_02757_c1_1284563489595295us.jpg 0.174108 0.167624 -0.702040 0.669872 566.812822 -109.911610 28.946036
slice7/query/img_02758_c1_1284563489661906us.jpg 0.171504 0.165682 -0.700274 0.672869 567.404368 -110.090959 28.927057
slice7/query/img_02759_c1_1284563489728643us.jpg 0.168650 0.163261 -0.698723 0.675787 567.991552 -110.273877 28.914804
slice7/query/img_02761_c1_1284563489928636us.jpg 0.156066 0.159116 -0.699945 0.678529 569.765061 -110.869359 28.882397
slice7/query/img_02762_c1_1284563489995224us.jpg 0.152049 0.157571 -0.702049 0.677628 570.356592 -111.089113 28.870251
slice7/query/img_02763_c1_1284563490061834us.jpg 0.149113 0.153756 -0.704104 0.677024 570.940599 -111.311935 28.847294
slice7/query/img_02764_c1_1284563490128572us.jpg 0.146815 0.148167 -0.705891 0.676911 571.517753 -111.538966 28.816807
slice7/query/img_02765_c1_1284563490261802us.jpg 0.141518 0.136624 -0.707737 0.678539 572.662696 -112.002052 28.750186
