slice7/query/img_02829_c1_1285949917227742us.jpg 0.238575 0.181679 -0.673300 0.675827 358.563298 -61.000630 28.962142
slice7/query/img_02830_c1_1285949917294352us.jpg 0.237739 0.182605 -0.672854 0.676316 359.392473 -61.170501 29.012828
slice7/query/img_02831_c1_1285949917361090us.jpg 0.237199 0.182976 -0.672911 0.676349 360.222869 -61.344886 29.058959
slice7/query/img_02832_c1_1285949917494319us.jpg 0.236104 0.183653 -0.673566 0.675896 361.903292 -61.698028 29.149259
slice7/query/img_02833_c1_1285949917561055us.jpg 0.235856 0.183730 -0.674271 0.675258 362.750240 -61.875025 29.194289
slice7/query/img_02834_c1_1285949917627667us.jpg 0.235864 0.183843 -0.674655 0.674841 363.597491 -62.055461 29.234898
slice7/query/img_02835_c1_1285949917694281us.jpg 0.235894 0.183680 -0.674719 0.674812 364.447968 -62.230730 29.275319
slice7/query/img_02836_c1_1285949917894276us.jpg 0.233958 0.183207 -0.674104 0.676227 367.041041 -62.745269 29.405917
slice7/query/img_02837_c1_1285949918427550us.jpg 0.231537 0.182280 -0.676160 0.675257 373.985574 -64.254986 29.755560
slice7/query/img_02838_c1_1285949918494140us.jpg 0.231175 0.182029 -0.676320 0.675289 374.869477 -64.445159 29.793876
slice7/query/img_02839_c1_1285949918560879us.jpg 0.230783 0.181575 -0.676402 0.675462 375.751116 -64.635310 29.832270
slice7/query/img_02840_c1_1285949918627491us.jpg 0.230661 0.181077 -0.676230 0.675810 376.630407 -64.827848 29.870692
slice7/query/img_02841_c1_1285949918827476us.jpg 0.229832 0.180259 -0.676726 0.675815 379.298288 -65.425355 29.985502
slice7/query/img_02842_c1_1285949919027455us.jpg 0.229209 0.179376 -0.678243 0.674740 381.972071 -66.040261 30.095775
slice7/query/img_02843_c1_1285949919094033us.jpg 0.228623 0.179417 -0.678586 0.674583 382.865515 -66.245261 30.132010
slice7/query/img_02844_c1_1285949919227388us.jpg 0.226661 0.180133 -0.678660 0.674980 384.668678 -66.647976 30.208356
slice7/query/img_02845_c1_1285949919294022us.jpg 0.225856 0.180442 -0.678550 0.675277 385.569546 -66.852828 30.242814
slice7/query/img_02846_c1_1285949919360736us.jpg 0.225086 0.180164 -0.678668 0.675491 386.472371 -67.055105 30.276157
slice7/query/img_02847_c1_1285949919427350us.jpg 0.224559 0.179872 -0.678907 0.675504 387.373578 -67.260288 30.306958
slice7/query/img_02848_c1_1285949919560724us.jpg 0.224242 0.179196 -0.679575 0.675117 389.184369 -67.681129 30.372191
slice7/query/img_02849_c1_1285949919627335us.jpg 0.224148 0.178933 -0.679850 0.674940 390.092073 -67.893313 30.402137
slice7/query/img_02850_c1_1285949919693927us.jpg 0.223908 0.178934 -0.680311 0.674555 390.998538 -68.104757 30.432380
slice7/query/img_02851_c1_1285949919760667us.jpg 0.223668 0.179029 -0.680700 0.674218 391.906490 -68.324500 30.463208
slice7/query/img_02852_c1_1285949919893895us.jpg 0.223298 0.179433 -0.681144 0.673784 393.731046 -68.756041 30.525807
slice7/query/img_02853_c1_1285949919960630us.jpg 0.223060 0.180056 -0.681246 0.673593 394.651909 -68.969357 30.557151
slice7/query/img_02854_c1_1285949920027244us.jpg 0.222771 0.180787 -0.681410 0.673327 395.573254 -69.183465 30.586041
slice7/query/img_02855_c1_1285949920160598us.jpg 0.222894 0.182227 -0.681575 0.672731 397.422528 -69.613613 30.641316
slice7/query/img_02856_c1_1285949920227209us.jpg 0.223016 0.182920 -0.681707 0.672369 398.346931 -69.829061 30.666952
slice7/query/img_02857_c1_1285949920293821us.jpg 0.223178 0.183787 -0.681913 0.671869 399.275803 -70.046570 30.692255
slice7/query/img_02858_c1_1285949920360560us.jpg 0.223387 0.184386 -0.682149 0.671396 400.204267 -70.261072 30.713985
slice7/query/img_02859_c1_1285949920493806us.jpg 0.223792 0.185478 -0.682136 0.670974 402.074080 -70.685253 30.757264
slice7/query/img_02860_c1_1285949920560527us.jpg 0.224146 0.185985 -0.681997 0.670857 403.010014 -70.897002 30.778174
slice7/query/img_02861_c1_1285949920627136us.jpg 0.224434 0.186579 -0.681908 0.670685 403.947500 -71.106426 30.797703
slice7/query/img_02862_c1_1285949920693750us.jpg 0.224631 0.187177 -0.681714 0.670651 404.885311 -71.316703 30.818179
slice7/query/img_02863_c1_1285949920827148us.jpg 0.224471 0.187663 -0.681275 0.671015 406.775409 -71.724074 30.862507
slice7/query/img_02864_c1_1285949920893715us.jpg 0.223890 0.188029 -0.681005 0.671379 407.720913 -71.926949 30.883938
slice7/query/img_02865_c1_1285949921027090us.jpg 0.222178 0.189101 -0.680576 0.672082 409.620254 -72.336184 30.930900
slice7/query/img_02866_c1_1285949921093685us.jpg 0.221472 0.189577 -0.680513 0.672244 410.566024 -72.546100 30.952640
slice7/query/img_02867_c1_1285949921160418us.jpg 0.220783 0.189729 -0.680725 0.672213 411.512612 -72.756602 30.969138
slice7/query/img_02868_c1_1285949921293668us.jpg 0.219468 0.189651 -0.682034 0.671339 413.409231 -73.182151 31.005706
slice7/query/img_02869_c1_1285949921360383us.jpg 0.218903 0.189816 -0.682508 0.670995 414.361184 -73.395831 31.021397
slice7/query/img_02870_c1_1285949921426996us.jpg 0.218850 0.189272 -0.682910 0.670757 415.311187 -73.613150 31.031429
slice7/query/img_02871_c1_1285949921493611us.jpg 0.218846 0.188407 -0.683175 0.670731 416.262074 -73.828524 31.040939
slice7/query/img_02872_c1_1285949921626963us.jpg 0.217904 0.186893 -0.683567 0.671062 418.180878 -74.256640 31.059096
slice7/query/img_02873_c1_1285949921693576us.jpg 0.217452 0.186619 -0.683524 0.671330 419.139215 -74.477097 31.073772
slice7/query/img_02874_c1_1285949921760315us.jpg 0.216640 0.186656 -0.683486 0.671620 420.101620 -74.696953 31.087075
slice7/query/img_02875_c1_1285949921826927us.jpg 0.215695 0.186923 -0.683525 0.671811 421.061087 -74.915586 31.102284
slice7/query/img_02876_c1_1285949921960282us.jpg 0.213474 0.187338 -0.684058 0.671861 422.985753 -75.361565 31.134797
slice7/query/img_02877_c1_1285949922026891us.jpg 0.212639 0.187238 -0.684234 0.671975 423.949294 -75.585828 31.143765
slice7/query/img_02878_c1_1285949922093505us.jpg 0.211944 0.186950 -0.684325 0.672182 424.911723 -75.811917 31.153308
slice7/query/img_02879_c1_1285949922160243us.jpg 0.211748 0.186630 -0.684436 0.672219 425.871831 -76.044795 31.158744
slice7/query/img_02880_c1_1285949922293475us.jpg 0.212012 0.185861 -0.684944 0.671832 427.801234 -76.509753 31.169101
slice7/query/img_02881_c1_1285949922360229us.jpg 0.212120 0.185525 -0.685486 0.671338 428.766147 -76.749309 31.174334
slice7/query/img_02882_c1_1285949922426821us.jpg 0.212354 0.185201 -0.685985 0.670844 429.732290 -76.987584 31.179729
slice7/query/img_02883_c1_1285949922493436us.jpg 0.212306 0.185049 -0.686568 0.670304 430.700000 -77.225968 31.186478
slice7/query/img_02884_c1_1285949922626788us.jpg 0.212339 0.185190 -0.687127 0.669681 432.642274 -77.699635 31.203300
slice7/query/img_02885_c1_1285949922693399us.jpg 0.212189 0.185676 -0.687188 0.669532 433.617283 -77.937329 31.212095
slice7/query/img_02886_c1_1285949922760137us.jpg 0.211826 0.186587 -0.687324 0.669254 434.595759 -78.171450 31.220627
slice7/query/img_02887_c1_1285949922826750us.jpg 0.211563 0.187180 -0.687512 0.668979 435.574776 -78.407712 31.226448
slice7/query/img_02888_c1_1285949922961473us.jpg 0.212140 0.187379 -0.687220 0.669040 437.530077 -78.878084 31.232172
slice7/query/img_02889_c1_1285949923026737us.jpg 0.212048 0.187954 -0.687337 0.668788 438.512224 -79.115446 31.236561
slice7/query/img_02890_c1_1285949923093328us.jpg 0.211600 0.188666 -0.687729 0.668325 439.499947 -79.350161 31.237662
slice7/query/img_02891_c1_1285949923160066us.jpg 0.211590 0.189441 -0.688235 0.667588 440.485080 -79.589858 31.238937
slice7/query/img_02892_c1_1285949923226680us.jpg 0.211760 0.189869 -0.689136 0.666482 441.469120 -79.830588 31.237065
slice7/query/img_02893_c1_1285949923360036us.jpg 0.212659 0.189999 -0.690658 0.664582 443.447642 -80.306186 31.228613
slice7/query/img_02894_c1_1285949923426644us.jpg 0.212903 0.190635 -0.691076 0.663886 444.437723 -80.541368 31.222942
slice7/query/img_02895_c1_1285949923493258us.jpg 0.212811 0.191396 -0.691140 0.663630 445.432486 -80.773376 31.218452
slice7/query/img_02896_c1_1285949923559995us.jpg 0.212445 0.192226 -0.690738 0.663926 446.429120 -81.000886 31.213132
slice7/query/img_02897_c1_1285949923693245us.jpg 0.211099 0.193759 -0.688842 0.665877 448.428309 -81.454689 31.203786
slice7/query/img_02898_c1_1285949923759982us.jpg 0.210167 0.194419 -0.687853 0.667000 449.429693 -81.677261 31.198698
slice7/query/img_02899_c1_1285949923826573us.jpg 0.209685 0.194933 -0.686930 0.667953 450.428291 -81.902067 31.191110
slice7/query/img_02900_c1_1285949923893186us.jpg 0.209422 0.195628 -0.686150 0.668633 451.423149 -82.133519 31.183496
slice7/query/img_02901_c1_1285949924027787us.jpg 0.209232 0.195501 -0.686234 0.668644 453.424646 -82.587808 31.169694
slice7/query/img_02902_c1_1285949924093174us.jpg 0.209043 0.196021 -0.686590 0.668184 454.414841 -82.824627 31.158585
slice7/query/img_02903_c1_1285949924159891us.jpg 0.208272 0.196874 -0.687119 0.667631 455.410764 -83.055790 31.154328
slice7/query/img_02904_c1_1285949924226503us.jpg 0.207404 0.198054 -0.686981 0.667694 456.404758 -83.287059 31.147145
slice7/query/img_02905_c1_1285949924293116us.jpg 0.206602 0.198493 -0.686534 0.668272 457.393810 -83.512710 31.138887
slice7/query/img_02906_c1_1285949924426472us.jpg 0.205027 0.198018 -0.686027 0.669418 459.369349 -83.963448 31.113220
slice7/query/img_02907_c1_1285949924493084us.jpg 0.204960 0.197402 -0.685244 0.670421 460.350704 -84.190982 31.097019
slice7/query/img_02908_c1_1285949924559819us.jpg 0.204622 0.197117 -0.685121 0.670734 461.332184 -84.421011 31.081810
slice7/query/img_02909_c1_1285949924626433us.jpg 0.204025 0.197088 -0.685861 0.670168 462.311826 -84.656366 31.067435
slice7/query/img_02910_c1_1285949924760510us.jpg 0.202992 0.196433 -0.688839 0.667614 464.272723 -85.130395 31.037119
slice7/query/img_02911_c1_1285949924826420us.jpg 0.202950 0.195664 -0.689737 0.666926 465.249594 -85.366621 31.018929
slice7/query/img_02912_c1_1285949924893010us.jpg 0.202767 0.195193 -0.689854 0.666998 466.222780 -85.601921 30.999794
slice7/query/img_02913_c1_1285949924959749us.jpg 0.202538 0.194459 -0.689633 0.667511 467.192638 -85.836290 30.980289
slice7/query/img_02914_c1_1285949925092976us.jpg 0.200134 0.193833 -0.689664 0.668385 469.139566 -86.299351 30.946674
slice7/query/img_02915_c1_1285949925159733us.jpg 0.198936 0.194208 -0.689630 0.668669 470.110178 -86.535760 30.930186
slice7/query/img_02916_c1_1285949925226326us.jpg 0.198142 0.194504 -0.689749 0.668696 471.078722 -86.776694 30.911281
slice7/query/img_02917_c1_1285949925292940us.jpg 0.197578 0.194539 -0.690420 0.668160 472.046060 -87.015352 30.889441
slice7/query/img_02918_c1_1285949925426294us.jpg 0.197369 0.193617 -0.692293 0.666549 473.976266 -87.496568 30.834333
slice7/query/img_02919_c1_1285949925492903us.jpg 0.197848 0.193226 -0.692819 0.665974 474.933732 -87.744800 30.806428
slice7/query/img_02920_c1_1285949925559643us.jpg 0.198527 0.192803 -0.692670 0.666050 475.888409 -87.988158 30.778022
slice7/query/img_02921_c1_1285949925626256us.jpg 0.199098 0.192414 -0.692133 0.666550 476.843638 -88.227831 30.749134
slice7/query/img_02922_c1_1285949925692876us.jpg 0.199835 0.192290 -0.691197 0.667336 477.794368 -88.468261 30.723155
slice7/query/img_02923_c1_1285949925826224us.jpg 0.199614 0.193360 -0.690159 0.668167 479.706338 -88.946497 30.683817
slice7/query/img_02924_c1_1285949925892834us.jpg 0.199243 0.194087 -0.690119 0.668107 480.659151 -89.188119 30.663525
slice7/query/img_02925_c1_1285949925959571us.jpg 0.198898 0.194850 -0.690263 0.667840 481.611914 -89.430186 30.642761
slice7/query/img_02926_c1_1285949926026185us.jpg 0.199006 0.195116 -0.690344 0.667646 482.562471 -89.671401 30.619020
slice7/query/img_02927_c1_1285949926159559us.jpg 0.200180 0.194854 -0.690078 0.667647 484.463465 -90.150903 30.566340
slice7/query/img_02928_c1_1285949926226150us.jpg 0.200654 0.194688 -0.690159 0.667469 485.411136 -90.390116 30.542153
slice7/query/img_02929_c1_1285949926292763us.jpg 0.201012 0.194497 -0.690320 0.667251 486.354534 -90.625440 30.521394
slice7/query/img_02930_c1_1285949926359502us.jpg 0.200810 0.194207 -0.690862 0.666835 487.299582 -90.856414 30.503743
slice7/query/img_02931_c1_1285949926492731us.jpg 0.200627 0.193648 -0.691053 0.666855 489.190863 -91.315408 30.465486
slice7/query/img_02932_c1_1285949926559467us.jpg 0.200844 0.193341 -0.690700 0.667243 490.132291 -91.549511 30.447710
slice7/query/img_02933_c1_1285949926626081us.jpg 0.201185 0.192929 -0.690143 0.667836 491.072313 -91.783970 30.427077
slice7/query/img_02934_c1_1285949926759433us.jpg 0.200853 0.192131 -0.690410 0.667891 492.951654 -92.250432 30.397736
slice7/query/img_02935_c1_1285949926826045us.jpg 0.200535 0.191485 -0.690724 0.667847 493.892096 -92.485026 30.379719
slice7/query/img_02936_c1_1285949926892658us.jpg 0.200337 0.191324 -0.690609 0.668071 494.828431 -92.720882 30.363921
slice7/query/img_02937_c1_1285949926959397us.jpg 0.200027 0.191365 -0.690525 0.668239 495.765545 -92.958142 30.345786
slice7/query/img_02938_c1_1285949927092644us.jpg 0.199512 0.190946 -0.690827 0.668201 497.641527 -93.436663 30.309245
slice7/query/img_02939_c1_1285949927159361us.jpg 0.199382 0.190621 -0.690816 0.668344 498.574455 -93.674971 30.290552
slice7/query/img_02940_c1_1285949927225974us.jpg 0.199359 0.190391 -0.690450 0.668794 499.507884 -93.911142 30.274244
slice7/query/img_02941_c1_1285949927359349us.jpg 0.198550 0.190903 -0.691358 0.667951 501.375887 -94.393615 30.238159
slice7/query/img_02942_c1_1285949927425940us.jpg 0.197902 0.191029 -0.694126 0.665231 502.309204 -94.641846 30.220390
slice7/query/img_02943_c1_1285949927492552us.jpg 0.199176 0.190380 -0.694477 0.664670 503.235977 -94.885302 30.196470
slice7/query/img_02944_c1_1285949927559290us.jpg 0.202973 0.190110 -0.694292 0.663791 504.157892 -95.134101 30.164548
slice7/query/img_02945_c1_1285949927692521us.jpg 0.209059 0.191807 -0.694023 0.661692 506.017251 -95.613748 30.110967
slice7/query/img_02946_c1_1285949927759256us.jpg 0.210602 0.194154 -0.693510 0.661056 506.949330 -95.842993 30.095313
slice7/query/img_02947_c1_1285949927825874us.jpg 0.210971 0.196831 -0.692628 0.661071 507.883160 -96.062167 30.085293
slice7/query/img_02948_c1_1285949927959286us.jpg 0.210575 0.201289 -0.689789 0.662821 509.753923 -96.476440 30.068723
slice7/query/img_02949_c1_1285949928025833us.jpg 0.210918 0.202870 -0.687537 0.664568 510.685687 -96.674987 30.055384
slice7/query/img_02950_c1_1285949928092446us.jpg 0.210864 0.204315 -0.686000 0.665730 511.618016 -96.873678 30.041169
slice7/query/img_02951_c1_1285949928159184us.jpg 0.211003 0.205459 -0.685345 0.666008 512.549877 -97.073362 30.027328
slice7/query/img_02952_c1_1285949928292433us.jpg 0.212009 0.205913 -0.685946 0.664929 514.409631 -97.472649 29.992427
slice7/query/img_02953_c1_1285949928359149us.jpg 0.212998 0.205525 -0.686731 0.663922 515.335667 -97.675255 29.973876
slice7/query/img_02954_c1_1285949928425763us.jpg 0.213940 0.205094 -0.687344 0.663117 516.259410 -97.874525 29.952380
slice7/query/img_02955_c1_1285949928559114us.jpg 0.215470 0.204216 -0.687638 0.662588 518.109239 -98.266612 29.916625
slice7/query/img_02956_c1_1285949928625748us.jpg 0.215391 0.204194 -0.687508 0.662755 519.034401 -98.457773 29.900944
slice7/query/img_02957_c1_1285949928692340us.jpg 0.214826 0.204302 -0.687681 0.662725 519.959780 -98.650233 29.889376
slice7/query/img_02958_c1_1285949928759078us.jpg 0.214324 0.204524 -0.687440 0.663070 520.882460 -98.840851 29.878085
slice7/query/img_02959_c1_1285949928892306us.jpg 0.213073 0.204794 -0.686944 0.663903 522.727715 -99.216514 29.851206
slice7/query/img_02960_c1_1285949928959042us.jpg 0.212528 0.204480 -0.686927 0.664192 523.649773 -99.407867 29.836537
slice7/query/img_02961_c1_1285949929025656us.jpg 0.212024 0.204050 -0.686951 0.664460 524.567712 -99.600631 29.817809
slice7/query/img_02962_c1_1285949929159031us.jpg 0.211428 0.203179 -0.686999 0.664868 526.398581 -99.993327 29.783659
slice7/query/img_02963_c1_1285949929225642us.jpg 0.211360 0.202394 -0.686970 0.665158 527.311135 -100.191920 29.766014
slice7/query/img_02964_c1_1285949929292234us.jpg 0.211164 0.201641 -0.687150 0.665263 528.220837 -100.389472 29.749190
slice7/query/img_02965_c1_1285949929358973us.jpg 0.211034 0.200806 -0.688121 0.664553 529.128061 -100.589717 29.732531
slice7/query/img_02966_c1_1285949929492199us.jpg 0.209668 0.199922 -0.688820 0.664528 530.935900 -100.992000 29.709526
slice7/query/img_02967_c1_1285949929558937us.jpg 0.208844 0.200243 -0.688654 0.664863 531.836831 -101.193644 29.697753
slice7/query/img_02968_c1_1285949929625550us.jpg 0.206900 0.200931 -0.689262 0.664633 532.740085 -101.392797 29.689697
slice7/query/img_02969_c1_1285949929758904us.jpg 0.203754 0.201197 -0.689450 0.665329 534.530974 -101.781364 29.666097
slice7/query/img_02970_c1_1285949929825514us.jpg 0.202312 0.201332 -0.689087 0.666104 535.425155 -101.979250 29.650591
slice7/query/img_02971_c1_1285949929892130us.jpg 0.201426 0.201258 -0.688647 0.666850 536.314405 -102.182637 29.633585
slice7/query/img_02972_c1_1285949929958872us.jpg 0.201265 0.200422 -0.688582 0.667217 537.197093 -102.386418 29.611878
slice7/query/img_02973_c1_1285949930092093us.jpg 0.201764 0.197653 -0.689535 0.666908 538.953578 -102.804993 29.566709
slice7/query/img_02974_c1_1285949930158831us.jpg 0.201541 0.196530 -0.690408 0.666404 539.831878 -103.018238 29.545414
slice7/query/img_02975_c1_1285949930225445us.jpg 0.201294 0.195680 -0.691106 0.666005 540.705161 -103.230918 29.526677
slice7/query/img_02976_c1_1285949930358800us.jpg 0.200198 0.194675 -0.692293 0.665397 542.447633 -103.653292 29.494976
slice7/query/img_02977_c1_1285949930425409us.jpg 0.199801 0.194119 -0.692532 0.665430 543.315084 -103.867012 29.477137
slice7/query/img_02978_c1_1285949930492024us.jpg 0.199291 0.193548 -0.692757 0.665514 544.179435 -104.078351 29.459913
slice7/query/img_02979_c1_1285949930626206us.jpg 0.198152 0.192391 -0.693134 0.665798 545.906588 -104.500202 29.424292
slice7/query/img_02980_c1_1285949930691992us.jpg 0.197608 0.191812 -0.693504 0.665741 546.765424 -104.715215 29.407318
slice7/query/img_02981_c1_1285949930758726us.jpg 0.197428 0.191179 -0.693541 0.665938 547.615654 -104.930924 29.390670
slice7/query/img_02982_c1_1285949930825338us.jpg 0.197373 0.190392 -0.693515 0.666207 548.468822 -105.150459 29.374104
slice7/query/img_02983_c1_1285949930958692us.jpg 0.196650 0.188837 -0.694368 0.665975 550.162336 -105.586249 29.344133
slice7/query/img_02984_c1_1285949931025303us.jpg 0.195998 0.188146 -0.695504 0.665176 551.008459 -105.807083 29.327141
slice7/query/img_02985_c1_1285949931158674us.jpg 0.195693 0.187014 -0.696124 0.664937 552.690035 -106.253189 29.294027
slice7/query/img_02986_c1_1285949931225269us.jpg 0.195359 0.186674 -0.696095 0.665161 553.529455 -106.475069 29.278000
slice7/query/img_02987_c1_1285949931291882us.jpg 0.194880 0.186317 -0.696270 0.665219 554.361719 -106.700097 29.262912
slice7/query/img_02988_c1_1285949931425237us.jpg 0.192971 0.185581 -0.695963 0.666301 556.024289 -107.141596 29.234793
slice7/query/img_02989_c1_1285949931491848us.jpg 0.191813 0.185191 -0.695734 0.666983 556.848148 -107.362270 29.224283
slice7/query/img_02990_c1_1285949931625202us.jpg 0.188370 0.185003 -0.695421 0.668342 558.492811 -107.814847 29.192176
slice7/query/img_02991_c1_1285949931691832us.jpg 0.186416 0.184925 -0.694855 0.669498 559.313215 -108.047845 29.173663
slice7/query/img_02992_c1_1285949931758550us.jpg 0.185606 0.183382 -0.693647 0.671398 560.121757 -108.278971 29.149819
slice7/query/img_02993_c1_1285949931825164us.jpg 0.184250 0.181311 -0.693054 0.672945 560.927488 -108.500974 29.125698
slice7/query/img_02994_c1_1285949931958539us.jpg 0.179368 0.176159 -0.696260 0.672322 562.542114 -108.964161 29.103881
slice7/query/img_02995_c1_1285949932025131us.jpg 0.176626 0.174650 -0.698048 0.671588 563.345117 -109.220989 29.081566
slice7/query/img_02996_c1_1285949932091740us.jpg 0.173430 0.174112 -0.698988 0.671582 564.145954 -109.478086 29.058335
slice7/query/img_02997_c1_1285949932158478us.jpg 0.170878 0.172657 -0.700381 0.671161 564.934948 -109.736632 29.039962
slice7/query/img_02998_c1_1285949932291705us.jpg 0.164970 0.166318 -0.702666 0.671851 566.511075 -110.243656 28.986373
slice7/query/img_02999_c1_1285949932358443us.jpg 0.161575 0.161912 -0.701979 0.674465 567.291898 -110.497356 28.958314
slice7/query/img_03000_c1_1285949932425057us.jpg 0.157443 0.158000 -0.700912 0.677473 568.063029 -110.756240 28.934933
slice7/query/img_03001_c1_1285949932558432us.jpg 0.145809 0.153955 -0.699549 0.682399 569.604814 -111.294866 28.896159
slice7/query/img_03002_c1_1285949932625043us.jpg 0.139342 0.152735 -0.699096 0.684485 570.369673 -111.577570 28.880757
slice7/query/img_03003_c1_1285949932691634us.jpg 0.134325 0.148941 -0.699275 0.686140 571.117065 -111.867113 28.859119
