slice7/query/img_01728_c1_1287503958012081us.jpg 0.228158 0.171401 -0.678354 0.677054 358.848036 -61.150338 28.988830
slice7/query/img_01729_c1_1287503958145435us.jpg 0.228251 0.172801 -0.678868 0.676150 360.571769 -61.557662 29.084603
slice7/query/img_01730_c1_1287503958212067us.jpg 0.229006 0.173713 -0.679452 0.675074 361.436277 -61.769005 29.128121
slice7/query/img_01731_c1_1287503958278782us.jpg 0.229732 0.174640 -0.680355 0.673678 362.298927 -61.978340 29.172241
slice7/query/img_01732_c1_1287503958345396us.jpg 0.230710 0.175604 -0.681064 0.672374 363.159197 -62.182846 29.215685
slice7/query/img_01733_c1_1287503958478749us.jpg 0.233622 0.176874 -0.681415 0.670679 364.885277 -62.580849 29.297974
slice7/query/img_01734_c1_1287503958545363us.jpg 0.234586 0.177589 -0.680779 0.670799 365.752822 -62.771538 29.338221
slice7/query/img_01735_c1_1287503958611973us.jpg 0.234590 0.178885 -0.679945 0.671299 366.620104 -62.957025 29.381060
slice7/query/img_01736_c1_1287503958678711us.jpg 0.234185 0.180963 -0.678813 0.672029 367.482073 -63.137795 29.429653
slice7/query/img_01737_c1_1287503958811961us.jpg 0.233068 0.184337 -0.677000 0.673328 369.213859 -63.501042 29.521638
slice7/query/img_01738_c1_1287503958878675us.jpg 0.232966 0.185166 -0.676537 0.673601 370.078944 -63.680608 29.561703
slice7/query/img_01739_c1_1287503958945288us.jpg 0.232966 0.185539 -0.676416 0.673620 370.944028 -63.860858 29.599377
slice7/query/img_01740_c1_1287503959011901us.jpg 0.233558 0.185696 -0.676503 0.673284 371.806574 -64.043013 29.636693
slice7/query/img_01741_c1_1287503959145252us.jpg 0.234671 0.185746 -0.676990 0.672393 373.531751 -64.412150 29.709150
slice7/query/img_01742_c1_1287503959211866us.jpg 0.235352 0.185493 -0.677299 0.671914 374.390808 -64.594651 29.744854
slice7/query/img_01743_c1_1287503959278603us.jpg 0.235240 0.185258 -0.677550 0.671765 375.252488 -64.771122 29.783624
slice7/query/img_01744_c1_1287503959345216us.jpg 0.234893 0.185247 -0.677464 0.671975 376.112968 -64.947008 29.823180
slice7/query/img_01745_c1_1287503959478572us.jpg 0.232767 0.185049 -0.676951 0.673285 377.839365 -65.296166 29.905879
slice7/query/img_01746_c1_1287503959545183us.jpg 0.231460 0.185048 -0.676625 0.674064 378.701730 -65.471567 29.946045
slice7/query/img_01747_c1_1287503959611793us.jpg 0.230215 0.184696 -0.676779 0.674432 379.561961 -65.652602 29.984433
slice7/query/img_01748_c1_1287503959678531us.jpg 0.229662 0.184263 -0.676880 0.674637 380.415015 -65.837414 30.020243
slice7/query/img_01749_c1_1287503959811760us.jpg 0.228630 0.182666 -0.678073 0.674224 382.136373 -66.213452 30.094392
slice7/query/img_01750_c1_1287503959878495us.jpg 0.227903 0.182422 -0.678883 0.673721 382.995863 -66.408956 30.130140
slice7/query/img_01751_c1_1287503959945108us.jpg 0.227374 0.182222 -0.679651 0.673179 383.855058 -66.602367 30.162826
slice7/query/img_01752_c1_1287503960078466us.jpg 0.226752 0.181901 -0.680384 0.672736 385.579797 -66.991240 30.229215
slice7/query/img_01753_c1_1287503960145092us.jpg 0.226664 0.181450 -0.680588 0.672680 386.436512 -67.188632 30.259665
slice7/query/img_01754_c1_1287503960211685us.jpg 0.226330 0.181199 -0.680606 0.672843 387.297691 -67.384740 30.289913
slice7/query/img_01755_c1_1287503960278423us.jpg 0.226004 0.181120 -0.680636 0.672943 388.157805 -67.581946 30.322080
slice7/query/img_01756_c1_1287503960411673us.jpg 0.226495 0.181190 -0.680725 0.672669 389.875189 -67.989147 30.382684
slice7/query/img_01757_c1_1287503960478388us.jpg 0.226712 0.181274 -0.681193 0.672099 390.736185 -68.191253 30.411953
slice7/query/img_01758_c1_1287503960611638us.jpg 0.227087 0.181891 -0.682091 0.670894 392.468656 -68.590544 30.470452
slice7/query/img_01759_c1_1287503960678353us.jpg 0.227231 0.182213 -0.682256 0.670591 393.334297 -68.789519 30.500753
slice7/query/img_01760_c1_1287503960744965us.jpg 0.227153 0.183047 -0.682210 0.670437 394.199672 -68.989675 30.531076
slice7/query/img_01761_c1_1287503960878340us.jpg 0.226636 0.184809 -0.681968 0.670374 395.937025 -69.383349 30.589314
slice7/query/img_01762_c1_1287503960944951us.jpg 0.226460 0.185351 -0.681779 0.670476 396.806485 -69.575261 30.616858
slice7/query/img_01763_c1_1287503961011542us.jpg 0.226156 0.186070 -0.681613 0.670549 397.675989 -69.768227 30.643325
slice7/query/img_01764_c1_1287503961078280us.jpg 0.226001 0.186914 -0.681371 0.670612 398.546326 -69.958306 30.668003
slice7/query/img_01765_c1_1287503961211528us.jpg 0.226165 0.187899 -0.681665 0.669982 400.289154 -70.342666 30.713187
slice7/query/img_01766_c1_1287503961278245us.jpg 0.226332 0.188270 -0.681889 0.669594 401.160110 -70.532101 30.734716
slice7/query/img_01767_c1_1287503961411494us.jpg 0.226745 0.188765 -0.682281 0.668915 402.902476 -70.911350 30.776460
slice7/query/img_01768_c1_1287503961478235us.jpg 0.226776 0.189056 -0.682391 0.668710 403.775952 -71.102210 30.795963
slice7/query/img_01769_c1_1287503961544822us.jpg 0.226775 0.189604 -0.682178 0.668772 404.648834 -71.289999 30.816542
slice7/query/img_01770_c1_1287503961611435us.jpg 0.226891 0.190098 -0.681790 0.668988 405.517579 -71.475763 30.837793
slice7/query/img_01771_c1_1287503961744811us.jpg 0.226069 0.190776 -0.681352 0.669520 407.264978 -71.842005 30.879534
slice7/query/img_01772_c1_1287503961811399us.jpg 0.225448 0.191280 -0.681137 0.669804 408.134847 -72.025201 30.900115
slice7/query/img_01773_c1_1287503961878137us.jpg 0.224707 0.192037 -0.680820 0.670159 409.005120 -72.209500 30.921110
slice7/query/img_01774_c1_1287503962011364us.jpg 0.223474 0.192646 -0.680821 0.670394 410.738298 -72.576066 30.961462
slice7/query/img_01775_c1_1287503962078123us.jpg 0.223094 0.192664 -0.681159 0.670173 411.600437 -72.761677 30.979219
slice7/query/img_01776_c1_1287503962144715us.jpg 0.222838 0.192503 -0.681780 0.669673 412.462254 -72.951353 30.995022
slice7/query/img_01777_c1_1287503962211327us.jpg 0.222105 0.192892 -0.682246 0.669330 413.326070 -73.139392 31.011096
slice7/query/img_01778_c1_1287503962344702us.jpg 0.221361 0.192645 -0.683027 0.668851 415.054810 -73.512926 31.037714
slice7/query/img_01779_c1_1287503962411312us.jpg 0.221574 0.191884 -0.683252 0.668769 415.916955 -73.705241 31.046910
slice7/query/img_01780_c1_1287503962478029us.jpg 0.221654 0.190980 -0.683435 0.668815 416.773757 -73.896758 31.056835
slice7/query/img_01781_c1_1287503962544642us.jpg 0.221612 0.190512 -0.683521 0.668874 417.627319 -74.089450 31.070050
slice7/query/img_01782_c1_1287503962677996us.jpg 0.220403 0.190271 -0.683418 0.669447 419.362954 -74.467100 31.097411
slice7/query/img_01783_c1_1287503962744606us.jpg 0.219983 0.190596 -0.683392 0.669519 420.225793 -74.666142 31.114074
slice7/query/img_01784_c1_1287503962877979us.jpg 0.218053 0.190806 -0.683980 0.669490 421.966686 -75.051293 31.143308
slice7/query/img_01785_c1_1287503962944573us.jpg 0.217230 0.190717 -0.684046 0.669716 422.834604 -75.245722 31.155195
slice7/query/img_01786_c1_1287503963011183us.jpg 0.216260 0.190599 -0.684168 0.669939 423.702039 -75.441056 31.166254
slice7/query/img_01787_c1_1287503963144537us.jpg 0.214909 0.189999 -0.684255 0.670455 425.437654 -75.831763 31.180821
slice7/query/img_01788_c1_1287503963211147us.jpg 0.214580 0.189485 -0.684529 0.670426 426.306251 -76.031975 31.187294
slice7/query/img_01789_c1_1287503963277885us.jpg 0.214519 0.188969 -0.684707 0.670409 427.171336 -76.237341 31.190687
slice7/query/img_01790_c1_1287503963344498us.jpg 0.214263 0.188432 -0.685251 0.670087 428.037312 -76.443545 31.194807
slice7/query/img_01791_c1_1287503963477872us.jpg 0.213547 0.187429 -0.686243 0.669581 429.771941 -76.859137 31.206381
slice7/query/img_01792_c1_1287503963544464us.jpg 0.213055 0.187077 -0.686589 0.669481 430.636065 -77.069088 31.212698
slice7/query/img_01793_c1_1287503963611076us.jpg 0.212698 0.186928 -0.686693 0.669529 431.502418 -77.280125 31.220088
slice7/query/img_01794_c1_1287503963744450us.jpg 0.211551 0.186532 -0.686953 0.669737 433.231398 -77.700371 31.232129
slice7/query/img_01795_c1_1287503963811060us.jpg 0.210707 0.186718 -0.687071 0.669830 434.100218 -77.907302 31.240598
slice7/query/img_01796_c1_1287503963877778us.jpg 0.209800 0.186983 -0.687248 0.669860 434.971488 -78.119161 31.246968
slice7/query/img_01797_c1_1287503963944390us.jpg 0.209244 0.186818 -0.687304 0.670022 435.842948 -78.329168 31.250362
slice7/query/img_01798_c1_1287503964077743us.jpg 0.208493 0.186001 -0.687104 0.670688 437.578814 -78.753537 31.251312
slice7/query/img_01799_c1_1287503964144354us.jpg 0.207761 0.186024 -0.687518 0.670485 438.448284 -78.970681 31.256003
slice7/query/img_01800_c1_1287503964210968us.jpg 0.206926 0.186080 -0.688130 0.670100 439.320206 -79.185569 31.257973
slice7/query/img_01801_c1_1287503964344344us.jpg 0.205666 0.186337 -0.689741 0.668758 441.061867 -79.627453 31.258323
slice7/query/img_01802_c1_1287503964410954us.jpg 0.205489 0.186456 -0.690767 0.667720 441.929090 -79.854622 31.254778
slice7/query/img_01803_c1_1287503964477669us.jpg 0.205258 0.186247 -0.691716 0.666866 442.798203 -80.077293 31.249668
slice7/query/img_01804_c1_1287503964544283us.jpg 0.204944 0.185909 -0.692425 0.666321 443.663752 -80.300453 31.243464
slice7/query/img_01805_c1_1287503964677635us.jpg 0.203417 0.187151 -0.692816 0.666034 445.393925 -80.741298 31.235687
slice7/query/img_01806_c1_1287503964744247us.jpg 0.202610 0.187979 -0.692293 0.666591 446.258179 -80.958992 31.231794
slice7/query/img_01807_c1_1287503964810860us.jpg 0.201732 0.188623 -0.691415 0.667586 447.120450 -81.172151 31.225038
slice7/query/img_01808_c1_1287503964877598us.jpg 0.201064 0.188732 -0.690681 0.668516 447.979023 -81.386209 31.219334
slice7/query/img_01809_c1_1287503965010826us.jpg 0.199873 0.188878 -0.689185 0.670373 449.700444 -81.812131 31.202939
slice7/query/img_01810_c1_1287503965077562us.jpg 0.199853 0.188875 -0.688613 0.670967 450.556129 -82.031525 31.193769
slice7/query/img_01811_c1_1287503965144174us.jpg 0.200112 0.188454 -0.688434 0.671193 451.409881 -82.252567 31.183390
slice7/query/img_01812_c1_1287503965277531us.jpg 0.200526 0.188135 -0.688641 0.670945 453.118738 -82.696742 31.164135
slice7/query/img_01813_c1_1287503965344140us.jpg 0.200152 0.188456 -0.688859 0.670743 453.971907 -82.915891 31.157071
slice7/query/img_01814_c1_1287503965410752us.jpg 0.199267 0.189315 -0.689008 0.670612 454.826860 -83.135651 31.152464
slice7/query/img_01815_c1_1287503965477490us.jpg 0.198369 0.190295 -0.688868 0.670745 455.678965 -83.352472 31.147282
slice7/query/img_01816_c1_1287503965610719us.jpg 0.197112 0.191125 -0.687515 0.672266 457.379123 -83.780148 31.126925
slice7/query/img_01817_c1_1287503965677460us.jpg 0.197118 0.190694 -0.687484 0.672419 458.221498 -83.996653 31.112007
slice7/query/img_01818_c1_1287503965744068us.jpg 0.197358 0.190651 -0.687521 0.672322 459.065864 -84.211316 31.098366
slice7/query/img_01819_c1_1287503965810681us.jpg 0.198378 0.191105 -0.687193 0.672228 459.906585 -84.432806 31.084543
slice7/query/img_01820_c1_1287503965944036us.jpg 0.199766 0.191903 -0.688832 0.669908 461.588636 -84.879073 31.057400
slice7/query/img_01821_c1_1287503966010644us.jpg 0.200127 0.192118 -0.690590 0.667926 462.426493 -85.102106 31.042041
slice7/query/img_01822_c1_1287503966077383us.jpg 0.200357 0.192501 -0.692053 0.666231 463.263903 -85.322901 31.027371
slice7/query/img_01823_c1_1287503966143996us.jpg 0.200660 0.193060 -0.692627 0.665380 464.104489 -85.540469 31.012738
slice7/query/img_01824_c1_1287503966277349us.jpg 0.202448 0.193480 -0.691254 0.666144 465.774744 -85.959924 30.975068
slice7/query/img_01825_c1_1287503966343960us.jpg 0.202893 0.193530 -0.690388 0.666892 466.610791 -86.160599 30.958142
slice7/query/img_01826_c1_1287503966410575us.jpg 0.202592 0.193811 -0.690076 0.667225 467.446250 -86.359306 30.944465
slice7/query/img_01827_c1_1287503966543929us.jpg 0.201592 0.195835 -0.690188 0.666821 469.115127 -86.769114 30.920347
slice7/query/img_01828_c1_1287503966610557us.jpg 0.201342 0.196693 -0.690449 0.666373 469.948191 -86.973641 30.904335
slice7/query/img_01829_c1_1287503966810500us.jpg 0.202271 0.197920 -0.691938 0.664181 472.446197 -87.584843 30.843591
slice7/query/img_01830_c1_1287503966943885us.jpg 0.203111 0.198257 -0.692203 0.663548 474.103970 -87.984531 30.797742
slice7/query/img_01831_c1_1287503967010466us.jpg 0.203326 0.198606 -0.691576 0.664031 474.930106 -88.177740 30.776176
slice7/query/img_01832_c1_1287503967143818us.jpg 0.203750 0.198559 -0.689534 0.666036 476.582539 -88.560092 30.733517
slice7/query/img_01833_c1_1287503967210456us.jpg 0.203884 0.198545 -0.688557 0.667009 477.407981 -88.752030 30.714319
slice7/query/img_01834_c1_1287503967277167us.jpg 0.203784 0.198730 -0.688072 0.667485 478.230886 -88.943534 30.696506
slice7/query/img_01835_c1_1287503967343781us.jpg 0.203339 0.199509 -0.687925 0.667539 479.055192 -89.136299 30.682509
slice7/query/img_01836_c1_1287503967477134us.jpg 0.202469 0.200461 -0.688436 0.666991 480.702496 -89.525611 30.646255
slice7/query/img_01837_c1_1287503967543767us.jpg 0.202283 0.200627 -0.688641 0.666786 481.521760 -89.720697 30.625685
slice7/query/img_01838_c1_1287503967677121us.jpg 0.202536 0.199954 -0.688743 0.666806 483.158043 -90.110260 30.581262
slice7/query/img_01839_c1_1287503967743717us.jpg 0.202893 0.199604 -0.688343 0.667216 483.971613 -90.303046 30.558323
slice7/query/img_01840_c1_1287503967810322us.jpg 0.202976 0.199371 -0.688053 0.667559 484.785174 -90.497448 30.537155
slice7/query/img_01841_c1_1287503967877059us.jpg 0.202837 0.199347 -0.688021 0.667641 485.596371 -90.691139 30.519213
slice7/query/img_01842_c1_1287503968010309us.jpg 0.201899 0.199083 -0.689032 0.666962 487.217321 -91.069005 30.490036
slice7/query/img_01843_c1_1287503968077024us.jpg 0.201593 0.198925 -0.689392 0.666729 488.028711 -91.262180 30.472983
slice7/query/img_01844_c1_1287503968143637us.jpg 0.201499 0.198591 -0.689703 0.666536 488.835011 -91.455193 30.455616
slice7/query/img_01845_c1_1287503968210250us.jpg 0.201805 0.198130 -0.689764 0.666517 489.636860 -91.647851 30.438115
slice7/query/img_01846_c1_1287503968343624us.jpg 0.202321 0.197121 -0.689718 0.666707 491.232732 -92.031100 30.405306
slice7/query/img_01847_c1_1287503968410214us.jpg 0.201941 0.197010 -0.689905 0.666662 492.030218 -92.222754 30.390090
slice7/query/img_01848_c1_1287503968476953us.jpg 0.201532 0.196847 -0.690186 0.666543 492.820698 -92.414382 30.377479
slice7/query/img_01849_c1_1287503968611191us.jpg 0.200706 0.196718 -0.690249 0.666764 494.398724 -92.793278 30.350398
slice7/query/img_01850_c1_1287503968676938us.jpg 0.200272 0.197083 -0.690211 0.666826 495.177998 -92.982303 30.340896
slice7/query/img_01851_c1_1287503968743529us.jpg 0.199814 0.197504 -0.690286 0.666762 495.953788 -93.170829 30.329616
slice7/query/img_01852_c1_1287503968810142us.jpg 0.199539 0.197499 -0.690532 0.666591 496.725398 -93.360786 30.315975
slice7/query/img_01853_c1_1287503968943502us.jpg 0.198907 0.197020 -0.690847 0.666596 498.255211 -93.732969 30.286653
slice7/query/img_01854_c1_1287503969010127us.jpg 0.198721 0.197047 -0.690410 0.667095 499.012041 -93.915501 30.271708
slice7/query/img_01855_c1_1287503969076844us.jpg 0.198592 0.196988 -0.689975 0.667601 499.764676 -94.097346 30.258541
slice7/query/img_01856_c1_1287503969143463us.jpg 0.197995 0.197506 -0.689817 0.667789 500.511586 -94.278197 30.247414
slice7/query/img_01857_c1_1287503969276831us.jpg 0.195086 0.198207 -0.693308 0.664815 501.998821 -94.648840 30.219691
slice7/query/img_01858_c1_1287503969343421us.jpg 0.195519 0.197854 -0.693644 0.664443 502.726956 -94.831575 30.204625
slice7/query/img_01859_c1_1287503969410035us.jpg 0.197327 0.197395 -0.692500 0.665238 503.448288 -95.012429 30.181859
slice7/query/img_01860_c1_1287503969476773us.jpg 0.199800 0.196170 -0.691615 0.665782 504.159235 -95.193927 30.156662
slice7/query/img_01861_c1_1287503969610022us.jpg 0.201415 0.195846 -0.692205 0.664777 505.582785 -95.547948 30.124524
slice7/query/img_01862_c1_1287503969676737us.jpg 0.201059 0.197091 -0.692079 0.664648 506.290767 -95.719688 30.116408
slice7/query/img_01863_c1_1287503969743350us.jpg 0.200185 0.199218 -0.691518 0.664862 506.996305 -95.887665 30.111933
slice7/query/img_01864_c1_1287503969876724us.jpg 0.198721 0.202116 -0.690505 0.665478 508.388362 -96.213282 30.094475
slice7/query/img_01865_c1_1287503969943318us.jpg 0.198497 0.202928 -0.690103 0.665716 509.073813 -96.374108 30.082127
slice7/query/img_01866_c1_1287503970009927us.jpg 0.198850 0.203423 -0.689397 0.666190 509.751587 -96.532805 30.067627
slice7/query/img_01867_c1_1287503970076666us.jpg 0.199537 0.203921 -0.688727 0.666525 510.419229 -96.689396 30.053119
slice7/query/img_01868_c1_1287503970209892us.jpg 0.199984 0.205588 -0.689172 0.665418 511.741643 -97.001790 30.029912
slice7/query/img_01869_c1_1287503970276628us.jpg 0.200109 0.206099 -0.690072 0.664289 512.389628 -97.154029 30.018874
slice7/query/img_01870_c1_1287503970343242us.jpg 0.200143 0.206582 -0.690620 0.663559 513.029270 -97.303660 30.007144
slice7/query/img_01871_c1_1287503970476598us.jpg 0.200864 0.207810 -0.690132 0.663466 514.281741 -97.593406 29.981907
slice7/query/img_01873_c1_1287503970609819us.jpg 0.201567 0.208205 -0.689995 0.663271 515.499876 -97.869546 29.956214
slice7/query/img_01874_c1_1287503970676557us.jpg 0.202048 0.208334 -0.689918 0.663164 516.094230 -98.002646 29.944249
slice7/query/img_01875_c1_1287503970809787us.jpg 0.203225 0.208278 -0.689834 0.662909 517.255049 -98.263668 29.919628
slice7/query/img_01876_c1_1287503970876521us.jpg 0.203657 0.208533 -0.689924 0.662603 517.821031 -98.391320 29.909474
slice7/query/img_01878_c1_1287503971076488us.jpg 0.203512 0.209672 -0.691262 0.660891 519.465018 -98.754621 29.881192
slice7/query/img_01879_c1_1287503971143098us.jpg 0.203462 0.209974 -0.691191 0.660886 519.993076 -98.869689 29.874245
slice7/query/img_01881_c1_1287503971343066us.jpg 0.204584 0.210209 -0.690061 0.661644 521.513384 -99.195574 29.846261
slice7/query/img_01882_c1_1287503971409677us.jpg 0.204592 0.210434 -0.690421 0.661195 522.000446 -99.303056 29.836092
slice7/query/img_01884_c1_1287503971609664us.jpg 0.205051 0.210487 -0.690464 0.660991 523.403391 -99.604272 29.807590
slice7/query/img_01886_c1_1287503971742992us.jpg 0.204840 0.211075 -0.690208 0.661135 524.292162 -99.794621 29.792965
slice7/query/img_01887_c1_1287503971809605us.jpg 0.204838 0.211281 -0.690178 0.661102 524.720089 -99.886121 29.784964
slice7/query/img_01888_c1_1287503971942979us.jpg 0.204840 0.211207 -0.689943 0.661371 525.546168 -100.060361 29.768380
slice7/query/img_01890_c1_1287503972076307us.jpg 0.204885 0.210912 -0.689682 0.661723 526.333028 -100.225538 29.753990
slice7/query/img_01891_c1_1287503972209553us.jpg 0.205379 0.210661 -0.689450 0.661891 527.084481 -100.386355 29.737983
slice7/query/img_01893_c1_1287503972342883us.jpg 0.205318 0.210182 -0.689671 0.661832 527.801321 -100.538625 29.722228
slice7/query/img_01894_c1_1287503972476237us.jpg 0.205369 0.210186 -0.689474 0.662021 528.479082 -100.684122 29.711861
slice7/query/img_01896_c1_1287503972676223us.jpg 0.205691 0.208671 -0.690829 0.660986 529.423837 -100.893001 29.692479
slice7/query/img_01897_c1_1287503972742832us.jpg 0.205948 0.208397 -0.689823 0.662043 529.719036 -100.954258 29.686838
slice7/query/img_01900_c1_1287503973009412us.jpg 0.203218 0.210873 -0.689481 0.662459 530.824366 -101.185142 29.678568
slice7/query/img_01901_c1_1287503973076127us.jpg 0.203213 0.210798 -0.690051 0.661890 531.075990 -101.241690 29.672547
slice7/query/img_01903_c1_1287503973276092us.jpg 0.202947 0.210398 -0.691901 0.660166 531.776987 -101.401860 29.659396
slice7/query/img_01907_c1_1287503973609283us.jpg 0.200981 0.211447 -0.690685 0.661703 532.774787 -101.607491 29.647726
slice7/query/img_01910_c1_1287503973876006us.jpg 0.201855 0.210459 -0.691093 0.661326 533.410173 -101.747946 29.625333
slice7/query/img_01914_c1_1287503974209175us.jpg 0.202332 0.209656 -0.691168 0.661357 534.039947 -101.886932 29.609490
slice7/query/img_01920_c1_1287503974742527us.jpg 0.202382 0.209303 -0.691625 0.660976 534.741010 -102.042445 29.595211
slice7/query/img_02070_c1_1287503987740121us.jpg 0.210809 0.201696 -0.689005 0.663439 535.366755 -102.204365 29.594581
slice7/query/img_02078_c1_1287503988406625us.jpg 0.213715 0.198093 -0.688709 0.663902 535.932429 -102.329842 29.573749
slice7/query/img_02083_c1_1287503988806551us.jpg 0.213062 0.198433 -0.688291 0.664443 536.628550 -102.479251 29.563735
slice7/query/img_02086_c1_1287503989073254us.jpg 0.213174 0.198814 -0.688612 0.663960 537.239668 -102.621850 29.551351
slice7/query/img_02089_c1_1287503989339830us.jpg 0.213255 0.198369 -0.688027 0.664674 537.976414 -102.780989 29.534565
slice7/query/img_02091_c1_1287503989539817us.jpg 0.213116 0.198241 -0.687797 0.664994 538.612325 -102.919698 29.523259
slice7/query/img_02094_c1_1287503989739758us.jpg 0.212973 0.198829 -0.688726 0.663903 539.323469 -103.086666 29.509485
slice7/query/img_02096_c1_1287503989939721us.jpg 0.211660 0.199812 -0.689472 0.663252 540.086817 -103.255405 29.495401
slice7/query/img_02098_c1_1287503990139689us.jpg 0.210376 0.201057 -0.688685 0.664101 540.882900 -103.423170 29.483982
slice7/query/img_02100_c1_1287503990273037us.jpg 0.210815 0.200673 -0.689095 0.663653 541.429261 -103.548547 29.470062
slice7/query/img_02102_c1_1287503990473023us.jpg 0.212241 0.199088 -0.690224 0.662502 542.276380 -103.743542 29.444985
slice7/query/img_02103_c1_1287503990539613us.jpg 0.212430 0.198689 -0.690299 0.662483 542.567616 -103.808718 29.438548
slice7/query/img_02105_c1_1287503990739578us.jpg 0.211889 0.199257 -0.689155 0.663675 543.478427 -104.003736 29.424228
slice7/query/img_02107_c1_1287503990872928us.jpg 0.211717 0.199785 -0.689218 0.663506 544.107556 -104.143922 29.414100
slice7/query/img_02109_c1_1287503991072895us.jpg 0.211396 0.199587 -0.690051 0.662802 545.074758 -104.358722 29.393328
slice7/query/img_02110_c1_1287503991139505us.jpg 0.211251 0.199579 -0.689999 0.662904 545.402067 -104.429114 29.387452
slice7/query/img_02112_c1_1287503991339475us.jpg 0.212042 0.198780 -0.689831 0.663067 546.410987 -104.655162 29.365326
slice7/query/img_02113_c1_1287503991406083us.jpg 0.212586 0.198032 -0.689855 0.663091 546.756593 -104.732529 29.357005
slice7/query/img_02115_c1_1287503991606051us.jpg 0.212192 0.197167 -0.689387 0.663962 547.835335 -104.971556 29.338928
slice7/query/img_02116_c1_1287503991672804us.jpg 0.212084 0.197087 -0.688966 0.664457 548.203338 -105.053244 29.332979
slice7/query/img_02118_c1_1287503991806011us.jpg 0.211488 0.196339 -0.689393 0.664425 548.958101 -105.224187 29.317390
slice7/query/img_02119_c1_1287503991939384us.jpg 0.210093 0.195307 -0.690579 0.663940 549.731673 -105.401272 29.305019
slice7/query/img_02120_c1_1287503992005974us.jpg 0.209325 0.195118 -0.691013 0.663787 550.124500 -105.491024 29.301157
slice7/query/img_02122_c1_1287503992205938us.jpg 0.208508 0.194120 -0.691996 0.663313 551.336102 -105.778261 29.283236
slice7/query/img_02124_c1_1287503992339288us.jpg 0.208051 0.192822 -0.691893 0.663942 552.166795 -105.976184 29.266966
slice7/query/img_02125_c1_1287503992472663us.jpg 0.207199 0.192558 -0.691602 0.664587 553.016459 -106.176567 29.253790
slice7/query/img_02126_c1_1287503992539252us.jpg 0.206497 0.192081 -0.692084 0.664442 553.449695 -106.279583 29.247686
slice7/query/img_02128_c1_1287503992739218us.jpg 0.203690 0.191629 -0.692189 0.665329 554.781007 -106.595196 29.230902
slice7/query/img_02130_c1_1287503992872567us.jpg 0.202524 0.191179 -0.691951 0.666062 555.688654 -106.815249 29.215891
slice7/query/img_02131_c1_1287503992939180us.jpg 0.202087 0.190410 -0.692148 0.666211 556.145855 -106.929234 29.205477
slice7/query/img_02132_c1_1287503993072593us.jpg 0.200707 0.189297 -0.692722 0.666348 557.078815 -107.162181 29.186723
slice7/query/img_02133_c1_1287503993139144us.jpg 0.199689 0.189554 -0.693091 0.666198 557.551413 -107.281968 29.178320
slice7/query/img_02134_c1_1287503993205757us.jpg 0.198830 0.189147 -0.693304 0.666348 558.028540 -107.403898 29.167545
slice7/query/img_02135_c1_1287503993339129us.jpg 0.197257 0.188500 -0.692977 0.667338 558.995775 -107.647837 29.151400
slice7/query/img_02136_c1_1287503993405742us.jpg 0.197067 0.187607 -0.692447 0.668195 559.481128 -107.774597 29.138331
slice7/query/img_02137_c1_1287503993472462us.jpg 0.197148 0.186464 -0.691601 0.669367 559.970276 -107.899217 29.124328
slice7/query/img_02139_c1_1287503993672444us.jpg 0.194405 0.184036 -0.690845 0.671617 561.473137 -108.285890 29.098160
slice7/query/img_02140_c1_1287503993739036us.jpg 0.192831 0.183192 -0.692340 0.670762 561.980209 -108.423749 29.091037
slice7/query/img_02142_c1_1287503993939004us.jpg 0.188328 0.180584 -0.698589 0.666255 563.535421 -108.867100 29.060279
slice7/query/img_02143_c1_1287503994005616us.jpg 0.187572 0.180292 -0.699427 0.665668 564.055166 -109.023053 29.048523
slice7/query/img_02145_c1_1287503994205579us.jpg 0.186215 0.175062 -0.702475 0.664233 565.640096 -109.494408 28.986385
slice7/query/img_02146_c1_1287503994272318us.jpg 0.184123 0.174050 -0.702144 0.665432 566.175176 -109.646392 28.970590
slice7/query/img_02147_c1_1287503994338927us.jpg 0.181833 0.173120 -0.700570 0.667958 566.710229 -109.797319 28.958374
slice7/query/img_02148_c1_1287503994405541us.jpg 0.178920 0.172237 -0.698921 0.670695 567.242631 -109.948101 28.947764
slice7/query/img_02149_c1_1287503994538915us.jpg 0.173134 0.168095 -0.697126 0.675117 568.308625 -110.261516 28.924551
slice7/query/img_02150_c1_1287503994605505us.jpg 0.169637 0.166299 -0.697325 0.676244 568.848011 -110.429786 28.914752
slice7/query/img_02151_c1_1287503994672243us.jpg 0.165762 0.164528 -0.698691 0.676228 569.386192 -110.610095 28.904969
slice7/query/img_02152_c1_1287503994805474us.jpg 0.158474 0.160296 -0.703789 0.673701 570.469380 -110.998298 28.880616
slice7/query/img_02153_c1_1287503994872216us.jpg 0.156055 0.155650 -0.706164 0.672869 571.006652 -111.199814 28.855428
slice7/query/img_02154_c1_1287503994938820us.jpg 0.154065 0.150176 -0.707547 0.673119 571.539723 -111.404671 28.825583
slice7/query/img_02155_c1_1287503995005432us.jpg 0.152209 0.144056 -0.707741 0.674672 572.070650 -111.610137 28.792527
