slice7/query/img_03017_c1_1288106493976812us.jpg 0.237030 0.172919 -0.678322 0.673643 356.898173 -60.625488 28.859507
slice7/query/img_03018_c1_1288106494043426us.jpg 0.237218 0.173465 -0.677728 0.674035 357.888285 -60.853480 28.918611
slice7/query/img_03019_c1_1288106494176780us.jpg 0.235906 0.175494 -0.676447 0.675255 359.869979 -61.291277 29.043861
slice7/query/img_03020_c1_1288106494243392us.jpg 0.234920 0.176676 -0.676221 0.675517 360.866315 -61.502903 29.107263
slice7/query/img_03021_c1_1288106494310005us.jpg 0.234385 0.177697 -0.676356 0.675300 361.862135 -61.723731 29.164320
slice7/query/img_03022_c1_1288106494443381us.jpg 0.234313 0.179377 -0.677292 0.673942 363.858824 -62.161321 29.271868
slice7/query/img_03023_c1_1288106494509994us.jpg 0.234926 0.179498 -0.677591 0.673395 364.855591 -62.377296 29.316307
slice7/query/img_03024_c1_1288106494576710us.jpg 0.235826 0.179045 -0.677832 0.672959 365.847454 -62.594656 29.358720
slice7/query/img_03025_c1_1288106494643322us.jpg 0.236089 0.179045 -0.677886 0.672812 366.845586 -62.810635 29.404614
slice7/query/img_03026_c1_1288106494776681us.jpg 0.234980 0.180290 -0.677327 0.673430 368.849571 -63.225671 29.505592
slice7/query/img_03027_c1_1288106494843288us.jpg 0.234283 0.181307 -0.676800 0.673929 369.848360 -63.438698 29.555740
slice7/query/img_03028_c1_1288106494909901us.jpg 0.233806 0.182127 -0.676329 0.674346 370.847941 -63.649582 29.602320
slice7/query/img_03029_c1_1288106494976640us.jpg 0.233972 0.182547 -0.676167 0.674339 371.845360 -63.863702 29.648208
slice7/query/img_03030_c1_1288106495109893us.jpg 0.234551 0.182625 -0.676424 0.673858 373.838996 -64.282857 29.736350
slice7/query/img_03031_c1_1288106495176606us.jpg 0.234951 0.182423 -0.676838 0.673358 374.833614 -64.494456 29.777135
slice7/query/img_03032_c1_1288106495243219us.jpg 0.235281 0.182166 -0.677186 0.672961 375.828473 -64.705113 29.819727
slice7/query/img_03033_c1_1288106495309832us.jpg 0.235422 0.182003 -0.677640 0.672499 376.817289 -64.914011 29.863010
slice7/query/img_03034_c1_1288106495443207us.jpg 0.234558 0.182514 -0.678068 0.672232 378.800044 -65.331315 29.954999
slice7/query/img_03035_c1_1288106495509802us.jpg 0.234300 0.183019 -0.678089 0.672162 379.788304 -65.542075 30.002096
slice7/query/img_03036_c1_1288106495576538us.jpg 0.233832 0.183380 -0.677956 0.672361 380.772058 -65.749428 30.047350
slice7/query/img_03037_c1_1288106495776507us.jpg 0.232055 0.184390 -0.677709 0.672949 383.728562 -66.381503 30.178590
slice7/query/img_03038_c1_1288106495909767us.jpg 0.230855 0.184940 -0.677843 0.673076 385.695604 -66.799254 30.259454
slice7/query/img_03039_c1_1288106495976469us.jpg 0.230500 0.184424 -0.678221 0.672959 386.677153 -67.009428 30.295843
slice7/query/img_03040_c1_1288106496043082us.jpg 0.230203 0.184068 -0.678756 0.672618 387.653570 -67.223098 30.330528
slice7/query/img_03041_c1_1288106496109696us.jpg 0.229998 0.183597 -0.679156 0.672414 388.632317 -67.435275 30.364222
slice7/query/img_03042_c1_1288106496243071us.jpg 0.229365 0.183307 -0.679561 0.672300 390.592308 -67.863587 30.431567
slice7/query/img_03043_c1_1288106496309663us.jpg 0.228993 0.183436 -0.679850 0.672100 391.571590 -68.081711 30.465749
slice7/query/img_03044_c1_1288106496376400us.jpg 0.228455 0.183612 -0.680074 0.672008 392.547391 -68.297942 30.498062
slice7/query/img_03045_c1_1288106496443014us.jpg 0.228060 0.183731 -0.680113 0.672070 393.520847 -68.514051 30.530526
slice7/query/img_03046_c1_1288106496576389us.jpg 0.226464 0.184292 -0.680211 0.672356 395.473013 -68.943500 30.599767
slice7/query/img_03047_c1_1288106496642981us.jpg 0.225322 0.184901 -0.680276 0.672507 396.447329 -69.156087 30.628449
slice7/query/img_03048_c1_1288106496709593us.jpg 0.224585 0.185630 -0.680432 0.672395 397.414768 -69.371786 30.658666
slice7/query/img_03049_c1_1288106496842950us.jpg 0.223202 0.186696 -0.681251 0.671731 399.349447 -69.810989 30.711265
slice7/query/img_03050_c1_1288106496909580us.jpg 0.222900 0.186731 -0.681734 0.671332 400.311308 -70.026154 30.734109
slice7/query/img_03051_c1_1288106496976298us.jpg 0.222474 0.186908 -0.682266 0.670883 401.272372 -70.240883 30.756672
slice7/query/img_03052_c1_1288106497109547us.jpg 0.223101 0.186521 -0.683068 0.669966 403.179401 -70.673273 30.798485
slice7/query/img_03053_c1_1288106497176285us.jpg 0.223431 0.186665 -0.683225 0.669655 404.133059 -70.892049 30.819196
slice7/query/img_03054_c1_1288106497242878us.jpg 0.223730 0.186823 -0.683222 0.669514 405.079642 -71.104186 30.838384
slice7/query/img_03055_c1_1288106497309491us.jpg 0.224113 0.187232 -0.683019 0.669480 406.022392 -71.317511 30.860111
slice7/query/img_03056_c1_1288106497443170us.jpg 0.223813 0.187870 -0.682762 0.669663 407.912871 -71.731599 30.907467
slice7/query/img_03057_c1_1288106497509460us.jpg 0.223323 0.188526 -0.682575 0.669833 408.855662 -71.934788 30.930335
slice7/query/img_03058_c1_1288106497576196us.jpg 0.222698 0.189321 -0.682321 0.670076 409.794912 -72.139209 30.952712
slice7/query/img_03059_c1_1288106497642812us.jpg 0.222230 0.189977 -0.682141 0.670228 410.730598 -72.348080 30.973639
slice7/query/img_03060_c1_1288106497776183us.jpg 0.221405 0.190218 -0.682809 0.669753 412.595547 -72.760953 31.011827
slice7/query/img_03061_c1_1288106497842778us.jpg 0.221031 0.190531 -0.683297 0.669290 413.523878 -72.962250 31.026829
slice7/query/img_03062_c1_1288106497976151us.jpg 0.220872 0.190592 -0.683924 0.668684 415.377646 -73.374277 31.048943
slice7/query/img_03063_c1_1288106498042744us.jpg 0.221051 0.189864 -0.684290 0.668457 416.299308 -73.577344 31.060059
slice7/query/img_03064_c1_1288106498109356us.jpg 0.221298 0.189302 -0.684560 0.668259 417.216086 -73.781859 31.068817
slice7/query/img_03065_c1_1288106498176093us.jpg 0.221425 0.188916 -0.684938 0.667938 418.128601 -73.987609 31.078298
slice7/query/img_03066_c1_1288106498309324us.jpg 0.221189 0.189161 -0.684934 0.667951 419.962730 -74.395728 31.105312
slice7/query/img_03067_c1_1288106498376059us.jpg 0.220626 0.189521 -0.684655 0.668321 420.875434 -74.596432 31.116744
slice7/query/img_03068_c1_1288106498442673us.jpg 0.219646 0.189621 -0.684605 0.668667 421.789843 -74.792723 31.133131
slice7/query/img_03069_c1_1288106498576040us.jpg 0.218065 0.189835 -0.684135 0.669604 423.610410 -75.195650 31.156906
slice7/query/img_03070_c1_1288106498642639us.jpg 0.217566 0.189805 -0.683940 0.669974 424.522107 -75.399099 31.168177
slice7/query/img_03071_c1_1288106498709252us.jpg 0.217314 0.189818 -0.683838 0.670156 425.432822 -75.605839 31.174727
slice7/query/img_03072_c1_1288106498775996us.jpg 0.217413 0.189539 -0.684035 0.670002 426.341147 -75.813036 31.178448
slice7/query/img_03073_c1_1288106498909243us.jpg 0.218002 0.188321 -0.685192 0.668971 428.157428 -76.235675 31.182550
slice7/query/img_03074_c1_1288106498975963us.jpg 0.218220 0.187505 -0.685911 0.668392 429.066093 -76.446437 31.188733
slice7/query/img_03075_c1_1288106499042572us.jpg 0.218084 0.187089 -0.686423 0.668027 429.977285 -76.657248 31.195383
slice7/query/img_03076_c1_1288106499109185us.jpg 0.217637 0.187038 -0.686536 0.668071 430.886497 -76.866837 31.200020
slice7/query/img_03077_c1_1288106499242540us.jpg 0.216581 0.187256 -0.686272 0.668625 432.712586 -77.288836 31.213503
slice7/query/img_03078_c1_1288106499309153us.jpg 0.215767 0.187553 -0.686213 0.668865 433.623994 -77.500059 31.219236
slice7/query/img_03079_c1_1288106499375889us.jpg 0.214906 0.188145 -0.686002 0.669192 434.540216 -77.710500 31.225306
slice7/query/img_03080_c1_1288106499442504us.jpg 0.214272 0.188406 -0.685912 0.669414 435.455535 -77.919132 31.231009
slice7/query/img_03081_c1_1288106499509118us.jpg 0.213754 0.188196 -0.685503 0.670058 436.374659 -78.125061 31.234349
slice7/query/img_03082_c1_1288106499642473us.jpg 0.212783 0.187475 -0.685535 0.670536 438.207024 -78.549580 31.245326
slice7/query/img_03083_c1_1288106499709083us.jpg 0.211827 0.187790 -0.686005 0.670270 439.125184 -78.771114 31.247089
slice7/query/img_03084_c1_1288106499775822us.jpg 0.211106 0.187885 -0.686776 0.669681 440.043282 -78.992951 31.247916
slice7/query/img_03085_c1_1288106499842436us.jpg 0.210678 0.188049 -0.687635 0.668888 440.963692 -79.217421 31.247009
slice7/query/img_03086_c1_1288106499975812us.jpg 0.210572 0.187359 -0.689959 0.666718 442.804619 -79.670279 31.241006
slice7/query/img_03087_c1_1288106500042402us.jpg 0.210670 0.186701 -0.691025 0.665767 443.725092 -79.895816 31.235472
slice7/query/img_03088_c1_1288106500109015us.jpg 0.210195 0.186601 -0.691727 0.665216 444.649998 -80.121568 31.229139
slice7/query/img_03089_c1_1288106500175755us.jpg 0.209317 0.187216 -0.691781 0.665263 445.574633 -80.343993 31.221336
slice7/query/img_03090_c1_1288106500309010us.jpg 0.207037 0.189231 -0.690413 0.666827 447.426875 -80.783237 31.212975
slice7/query/img_03091_c1_1288106500375720us.jpg 0.206262 0.189561 -0.689230 0.668195 448.353498 -81.002733 31.204859
slice7/query/img_03092_c1_1288106500442334us.jpg 0.205623 0.189740 -0.688260 0.669340 449.277256 -81.224987 31.196559
slice7/query/img_03093_c1_1288106500508948us.jpg 0.205307 0.189629 -0.687263 0.670492 450.205281 -81.443532 31.186005
slice7/query/img_03094_c1_1288106500642304us.jpg 0.205366 0.189022 -0.686684 0.671238 452.061061 -81.891213 31.166712
slice7/query/img_03095_c1_1288106500708936us.jpg 0.205635 0.188708 -0.686912 0.671011 452.987096 -82.124494 31.156528
slice7/query/img_03096_c1_1288106500775654us.jpg 0.205540 0.188879 -0.687477 0.670412 453.917349 -82.361954 31.148902
slice7/query/img_03097_c1_1288106500842268us.jpg 0.204979 0.189589 -0.688069 0.669777 454.846564 -82.594620 31.144197
slice7/query/img_03098_c1_1288106500975623us.jpg 0.202891 0.191672 -0.688253 0.669631 456.711560 -83.053358 31.128521
slice7/query/img_03099_c1_1288106501042256us.jpg 0.201972 0.192245 -0.687777 0.670233 457.644961 -83.279848 31.116339
slice7/query/img_03100_c1_1288106501108847us.jpg 0.201424 0.192358 -0.687121 0.671038 458.574795 -83.507516 31.101226
slice7/query/img_03101_c1_1288106501175586us.jpg 0.201411 0.192100 -0.686492 0.671759 459.503700 -83.733042 31.086465
slice7/query/img_03102_c1_1288106501308836us.jpg 0.202479 0.191751 -0.685803 0.672241 461.358897 -84.195528 31.054703
slice7/query/img_03103_c1_1288106501375553us.jpg 0.202526 0.191896 -0.686783 0.671184 462.289705 -84.431746 31.037228
slice7/query/img_03104_c1_1288106501442166us.jpg 0.202465 0.192119 -0.688347 0.669534 463.224794 -84.672108 31.023022
slice7/query/img_03105_c1_1288106501508781us.jpg 0.202015 0.191887 -0.689737 0.668305 464.165329 -84.891625 31.002758
slice7/query/img_03106_c1_1288106501642138us.jpg 0.202989 0.192037 -0.690106 0.667585 466.028763 -85.359112 30.964930
slice7/query/img_03107_c1_1288106501708768us.jpg 0.203130 0.192230 -0.689359 0.668259 466.955432 -85.588145 30.945455
slice7/query/img_03108_c1_1288106501775485us.jpg 0.202909 0.191983 -0.688904 0.668866 467.887603 -85.814817 30.927214
slice7/query/img_03109_c1_1288106501842099us.jpg 0.202094 0.192236 -0.688668 0.669283 468.823411 -86.036976 30.909024
slice7/query/img_03110_c1_1288106501976357us.jpg 0.201104 0.194257 -0.688469 0.669202 470.696057 -86.496005 30.872096
slice7/query/img_03111_c1_1288106502042065us.jpg 0.200930 0.194975 -0.689042 0.668456 471.630834 -86.730505 30.850089
slice7/query/img_03112_c1_1288106502108679us.jpg 0.200945 0.195138 -0.689841 0.667579 472.564525 -86.964879 30.823427
slice7/query/img_03113_c1_1288106502175419us.jpg 0.200779 0.195419 -0.690714 0.666643 473.498956 -87.195419 30.801383
slice7/query/img_03114_c1_1288106502308647us.jpg 0.201176 0.195152 -0.690767 0.666547 475.365911 -87.647672 30.745304
slice7/query/img_03115_c1_1288106502375384us.jpg 0.201728 0.194857 -0.689937 0.667325 476.295438 -87.872749 30.717552
slice7/query/img_03116_c1_1288106502441998us.jpg 0.202190 0.194339 -0.689023 0.668280 477.225800 -88.092809 30.692635
slice7/query/img_03117_c1_1288106502575373us.jpg 0.202436 0.195007 -0.687234 0.669852 479.092117 -88.537503 30.645338
slice7/query/img_03118_c1_1288106502641993us.jpg 0.201922 0.195771 -0.687110 0.669912 480.025520 -88.763532 30.628145
slice7/query/img_03119_c1_1288106502708580us.jpg 0.201507 0.196336 -0.687303 0.669673 480.962884 -88.994350 30.608885
slice7/query/img_03120_c1_1288106502775319us.jpg 0.201398 0.196532 -0.687710 0.669230 481.896163 -89.225969 30.584424
slice7/query/img_03121_c1_1288106502908549us.jpg 0.202122 0.196277 -0.688128 0.668657 483.766805 -89.684755 30.531876
slice7/query/img_03122_c1_1288106502975285us.jpg 0.202770 0.196119 -0.688017 0.668621 484.700763 -89.911909 30.505149
slice7/query/img_03123_c1_1288106503041899us.jpg 0.203281 0.195728 -0.688050 0.668546 485.634873 -90.135977 30.481055
slice7/query/img_03124_c1_1288106503176549us.jpg 0.203789 0.195371 -0.688658 0.667870 487.502151 -90.582690 30.446547
slice7/query/img_03125_c1_1288106503241867us.jpg 0.203903 0.195388 -0.688926 0.667554 488.434267 -90.807332 30.430661
slice7/query/img_03126_c1_1288106503308478us.jpg 0.204130 0.195451 -0.688941 0.667451 489.364818 -91.028680 30.414855
slice7/query/img_03127_c1_1288106503441839us.jpg 0.204945 0.195364 -0.688514 0.667667 491.230064 -91.469729 30.381685
slice7/query/img_03128_c1_1288106503508447us.jpg 0.205207 0.195144 -0.688546 0.667618 492.161927 -91.693155 30.365210
slice7/query/img_03129_c1_1288106503575184us.jpg 0.205315 0.195268 -0.688677 0.667413 493.089381 -91.916541 30.350310
slice7/query/img_03130_c1_1288106503708432us.jpg 0.205466 0.195277 -0.688533 0.667513 494.948783 -92.353263 30.322878
slice7/query/img_03131_c1_1288106503775150us.jpg 0.205442 0.195841 -0.688189 0.667709 495.875231 -92.573743 30.308146
slice7/query/img_03132_c1_1288106503841764us.jpg 0.205265 0.196154 -0.688234 0.667625 496.802628 -92.792768 30.293993
slice7/query/img_03133_c1_1288106503908378us.jpg 0.205344 0.196208 -0.688269 0.667549 497.728288 -93.009466 30.278044
slice7/query/img_03134_c1_1288106504041753us.jpg 0.205720 0.196392 -0.687682 0.667985 499.576381 -93.442306 30.247334
slice7/query/img_03135_c1_1288106504108344us.jpg 0.205932 0.196536 -0.687408 0.668159 500.497810 -93.660498 30.230424
slice7/query/img_03136_c1_1288106504175083us.jpg 0.205216 0.196278 -0.689340 0.666462 501.422413 -93.882160 30.212115
slice7/query/img_03137_c1_1288106504308335us.jpg 0.204625 0.194166 -0.693475 0.662964 503.264980 -94.331079 30.174199
slice7/query/img_03138_c1_1288106504375054us.jpg 0.207231 0.194516 -0.691642 0.663965 504.180334 -94.555923 30.145303
slice7/query/img_03139_c1_1288106504441664us.jpg 0.208531 0.194330 -0.690477 0.664825 505.093808 -94.771272 30.125942
slice7/query/img_03140_c1_1288106504508278us.jpg 0.207826 0.193133 -0.690032 0.665855 506.006401 -94.977917 30.109254
slice7/query/img_03141_c1_1288106504641951us.jpg 0.202633 0.194568 -0.687997 0.669136 507.846415 -95.376064 30.105426
slice7/query/img_03142_c1_1288106504708267us.jpg 0.200054 0.196697 -0.686098 0.671236 508.767420 -95.582899 30.100355
slice7/query/img_03143_c1_1288106504774985us.jpg 0.198921 0.197879 -0.684668 0.672685 509.680899 -95.795729 30.091685
slice7/query/img_03144_c1_1288106504841598us.jpg 0.199256 0.197738 -0.684247 0.673055 510.588574 -96.016385 30.071512
slice7/query/img_03145_c1_1288106504974956us.jpg 0.201040 0.195123 -0.687460 0.670007 512.403468 -96.467382 30.022127
slice7/query/img_03146_c1_1288106505041565us.jpg 0.202265 0.194107 -0.689238 0.668104 513.306061 -96.701525 29.996795
slice7/query/img_03147_c1_1288106505174940us.jpg 0.203541 0.193626 -0.690230 0.666830 515.117481 -97.149997 29.950974
slice7/query/img_03148_c1_1288106505241553us.jpg 0.204041 0.193646 -0.690008 0.666902 516.019235 -97.370305 29.935381
slice7/query/img_03149_c1_1288106505308146us.jpg 0.204429 0.193705 -0.689456 0.667336 516.921156 -97.587933 29.920152
slice7/query/img_03150_c1_1288106505374886us.jpg 0.204668 0.193653 -0.688863 0.667890 517.824389 -97.800180 29.907529
slice7/query/img_03151_c1_1288106505508114us.jpg 0.204662 0.194272 -0.688402 0.668188 519.631764 -98.237346 29.877064
slice7/query/img_03152_c1_1288106505574851us.jpg 0.204700 0.194659 -0.688671 0.667786 520.533460 -98.455637 29.864217
slice7/query/img_03153_c1_1288106505708104us.jpg 0.205386 0.195256 -0.689282 0.666770 522.335708 -98.891967 29.830331
slice7/query/img_03154_c1_1288106505774817us.jpg 0.205724 0.195183 -0.689852 0.666097 523.236646 -99.108600 29.812537
slice7/query/img_03155_c1_1288106505841432us.jpg 0.206212 0.195045 -0.690205 0.665620 524.137867 -99.323177 29.795679
slice7/query/img_03156_c1_1288106505908046us.jpg 0.206428 0.195084 -0.690344 0.665399 525.037050 -99.534697 29.778561
slice7/query/img_03157_c1_1288106506041422us.jpg 0.206839 0.195527 -0.689427 0.666091 526.835198 -99.957681 29.743926
slice7/query/img_03158_c1_1288106506108013us.jpg 0.207097 0.195492 -0.688923 0.666542 527.730811 -100.165879 29.727851
slice7/query/img_03159_c1_1288106506174752us.jpg 0.207242 0.195395 -0.688535 0.666926 528.627740 -100.372974 29.713734
slice7/query/img_03160_c1_1288106506241366us.jpg 0.206943 0.194496 -0.689761 0.666015 529.519497 -100.585919 29.696961
slice7/query/img_03161_c1_1288106506374749us.jpg 0.209095 0.196494 -0.689577 0.664946 531.308150 -101.015093 29.668733
slice7/query/img_03162_c1_1288106506441333us.jpg 0.209642 0.196843 -0.689580 0.664668 532.200812 -101.224263 29.656047
slice7/query/img_03163_c1_1288106506507948us.jpg 0.209304 0.197703 -0.690378 0.663690 533.094194 -101.427622 29.645094
slice7/query/img_03164_c1_1288106506641303us.jpg 0.208782 0.199558 -0.690519 0.663152 534.881922 -101.838131 29.617011
slice7/query/img_03165_c1_1288106506707936us.jpg 0.208783 0.200958 -0.689763 0.663515 535.772355 -102.035989 29.603204
slice7/query/img_03166_c1_1288106506774653us.jpg 0.209064 0.202054 -0.688768 0.664127 536.663409 -102.232340 29.586188
slice7/query/img_03167_c1_1288106506841267us.jpg 0.209633 0.202629 -0.687992 0.664577 537.549705 -102.424288 29.567349
slice7/query/img_03168_c1_1288106506907882us.jpg 0.210439 0.202463 -0.687766 0.664607 538.435674 -102.615608 29.546723
slice7/query/img_03169_c1_1288106507041257us.jpg 0.212000 0.201925 -0.688220 0.663804 540.209691 -103.005101 29.507212
slice7/query/img_03170_c1_1288106507107849us.jpg 0.212245 0.202177 -0.688563 0.663293 541.093235 -103.198661 29.490752
slice7/query/img_03171_c1_1288106507174587us.jpg 0.212356 0.202303 -0.688868 0.662903 541.977401 -103.392608 29.474881
slice7/query/img_03172_c1_1288106507241200us.jpg 0.212308 0.202271 -0.689046 0.662742 542.858472 -103.582081 29.458174
slice7/query/img_03173_c1_1288106507374899us.jpg 0.212361 0.201939 -0.688952 0.662925 544.619009 -103.967788 29.426785
slice7/query/img_03174_c1_1288106507441189us.jpg 0.211685 0.201780 -0.688835 0.663310 545.500220 -104.158097 29.412006
slice7/query/img_03175_c1_1288106507507781us.jpg 0.210879 0.201359 -0.688672 0.663864 546.377019 -104.345637 29.397943
slice7/query/img_03176_c1_1288106507641139us.jpg 0.209393 0.199784 -0.688140 0.665361 548.129940 -104.724163 29.367143
slice7/query/img_03177_c1_1288106507707754us.jpg 0.208555 0.198628 -0.687731 0.666392 548.999675 -104.912436 29.352056
slice7/query/img_03178_c1_1288106507774489us.jpg 0.207343 0.197544 -0.687893 0.666925 549.873533 -105.110343 29.336390
slice7/query/img_03179_c1_1288106507841104us.jpg 0.205775 0.196132 -0.688661 0.667034 550.741032 -105.304255 29.321915
slice7/query/img_03180_c1_1288106507974464us.jpg 0.202393 0.193655 -0.690358 0.667039 552.476660 -105.710028 29.297700
slice7/query/img_03181_c1_1288106508041069us.jpg 0.200777 0.192492 -0.690803 0.667403 553.340216 -105.922103 29.285373
slice7/query/img_03182_c1_1288106508107683us.jpg 0.198765 0.191203 -0.691338 0.667821 554.202507 -106.132846 29.271677
slice7/query/img_03183_c1_1288106508241037us.jpg 0.194069 0.188350 -0.691740 0.669594 555.919888 -106.559577 29.247510
slice7/query/img_03184_c1_1288106508307655us.jpg 0.191405 0.186900 -0.691379 0.671139 556.776503 -106.778885 29.233541
slice7/query/img_03185_c1_1288106508374389us.jpg 0.188225 0.185359 -0.691049 0.672803 557.627320 -106.997996 29.219788
slice7/query/img_03186_c1_1288106508441003us.jpg 0.184707 0.183807 -0.690848 0.674409 558.474806 -107.223376 29.205540
slice7/query/img_03187_c1_1288106508574362us.jpg 0.178586 0.179035 -0.690695 0.677491 560.162178 -107.691394 29.170712
slice7/query/img_03188_c1_1288106508640997us.jpg 0.175064 0.175186 -0.690293 0.679822 560.998129 -107.931857 29.153571
slice7/query/img_03189_c1_1288106508707585us.jpg 0.171304 0.170798 -0.690544 0.681639 561.832647 -108.181783 29.132835
slice7/query/img_03190_c1_1288106508774324us.jpg 0.166966 0.166446 -0.692834 0.681469 562.661133 -108.447307 29.114481
slice7/query/img_03191_c1_1288106508907574us.jpg 0.157772 0.159585 -0.698459 0.679556 564.320620 -109.018644 29.078169
slice7/query/img_03192_c1_1288106508974296us.jpg 0.153954 0.156635 -0.700968 0.678533 565.143548 -109.318767 29.055922
slice7/query/img_03193_c1_1288106509040905us.jpg 0.149963 0.152853 -0.703152 0.678029 565.959235 -109.628088 29.027144
slice7/query/img_03194_c1_1288106509107519us.jpg 0.146214 0.148408 -0.704355 0.678587 566.770563 -109.933493 28.991781
slice7/query/img_03195_c1_1288106509240895us.jpg 0.138759 0.138403 -0.703612 0.683024 568.372278 -110.559946 28.926086
slice7/query/img_03196_c1_1288106509307487us.jpg 0.133028 0.135197 -0.702831 0.685605 569.173496 -110.884955 28.901686
slice7/query/img_03197_c1_1288106509374225us.jpg 0.126535 0.133722 -0.701906 0.688067 569.972333 -111.218927 28.878162
