slice7/query/img_03557_c1_1288792634861131us.jpg 0.227972 0.183343 -0.679659 0.672665 390.642920 -68.221432 30.422588
slice7/query/img_03558_c1_1288792634927763us.jpg 0.227422 0.183735 -0.680179 0.672218 391.551868 -68.423690 30.454963
slice7/query/img_03559_c1_1288792634994355us.jpg 0.227626 0.183407 -0.680599 0.671814 392.459386 -68.627261 30.484554
slice7/query/img_03560_c1_1288792635061093us.jpg 0.226873 0.183708 -0.680616 0.671969 393.362450 -68.831687 30.517361
slice7/query/img_03561_c1_1288792635194343us.jpg 0.226103 0.183561 -0.681075 0.671803 395.188995 -69.225451 30.576719
slice7/query/img_03562_c1_1288792635261057us.jpg 0.225744 0.183878 -0.681161 0.671750 396.100306 -69.425934 30.604127
slice7/query/img_03563_c1_1288792635327669us.jpg 0.225122 0.184076 -0.681119 0.671947 397.005904 -69.624917 30.631619
slice7/query/img_03564_c1_1288792635461025us.jpg 0.224644 0.185003 -0.680976 0.671998 398.816516 -70.026906 30.682474
slice7/query/img_03565_c1_1288792635527634us.jpg 0.224235 0.185539 -0.681011 0.671951 399.721912 -70.234247 30.708025
slice7/query/img_03566_c1_1288792635594245us.jpg 0.224398 0.185755 -0.681642 0.671196 400.626955 -70.444549 30.728823
slice7/query/img_03567_c1_1288792635727598us.jpg 0.223602 0.186110 -0.681972 0.671028 402.445211 -70.853272 30.772557
slice7/query/img_03568_c1_1288792635794209us.jpg 0.223757 0.185427 -0.682422 0.670709 403.360260 -71.057372 30.791166
slice7/query/img_03569_c1_1288792635860947us.jpg 0.223671 0.185317 -0.682606 0.670580 404.273886 -71.267071 30.811564
slice7/query/img_03570_c1_1288792635994175us.jpg 0.223135 0.184945 -0.682414 0.671057 406.099966 -71.677794 30.852394
slice7/query/img_03571_c1_1288792636060910us.jpg 0.220549 0.186869 -0.680475 0.673344 407.010934 -71.889136 30.889274
slice7/query/img_03572_c1_1288792636194138us.jpg 0.222033 0.185024 -0.682724 0.671085 408.846623 -72.301473 30.914303
slice7/query/img_03573_c1_1288792636260892us.jpg 0.221861 0.185077 -0.682943 0.670905 409.758451 -72.512145 30.933946
slice7/query/img_03574_c1_1288792636327487us.jpg 0.221554 0.185061 -0.683282 0.670665 410.665246 -72.725801 30.951993
slice7/query/img_03575_c1_1288792636460841us.jpg 0.220238 0.184921 -0.684060 0.670345 412.489883 -73.146759 30.989037
slice7/query/img_03576_c1_1288792636527451us.jpg 0.221481 0.184344 -0.685834 0.668278 413.399970 -73.364051 30.996081
slice7/query/img_03577_c1_1288792636661602us.jpg 0.222383 0.183482 -0.686406 0.667628 415.219135 -73.785536 31.015926
slice7/query/img_03578_c1_1288792636727434us.jpg 0.221837 0.183277 -0.686431 0.667840 416.127650 -73.995450 31.026218
