slice7/query/img_02916_c1_1289589892232477us.jpg 0.237775 0.178821 -0.675074 0.675101 358.280603 -60.914080 28.953721
slice7/query/img_02917_c1_1289589892299218us.jpg 0.236604 0.179337 -0.674485 0.675963 359.209325 -61.105682 29.010405
slice7/query/img_02918_c1_1289589892432445us.jpg 0.234128 0.180940 -0.674251 0.676631 361.045334 -61.495167 29.119685
slice7/query/img_02919_c1_1289589892499181us.jpg 0.233111 0.181485 -0.674733 0.676356 361.961448 -61.690081 29.173138
slice7/query/img_02920_c1_1289589892565795us.jpg 0.232678 0.181638 -0.675457 0.675742 362.876241 -61.888381 29.219790
slice7/query/img_02921_c1_1289589892632408us.jpg 0.232710 0.181683 -0.676219 0.674955 363.781845 -62.089006 29.265377
slice7/query/img_02922_c1_1289589892765782us.jpg 0.233158 0.180502 -0.676616 0.674720 365.603931 -62.480659 29.348833
slice7/query/img_02923_c1_1289589892832373us.jpg 0.233100 0.179988 -0.676591 0.674902 366.506500 -62.677056 29.391403
slice7/query/img_02924_c1_1289589892899111us.jpg 0.232202 0.180149 -0.676463 0.675297 367.411576 -62.868870 29.438699
slice7/query/img_02925_c1_1289589893033517us.jpg 0.229955 0.181197 -0.675812 0.676437 369.226372 -63.254113 29.531569
slice7/query/img_02926_c1_1289589893099098us.jpg 0.229354 0.181348 -0.675771 0.676641 370.132530 -63.450043 29.574693
slice7/query/img_02927_c1_1289589893165689us.jpg 0.229030 0.181114 -0.675840 0.676744 371.038213 -63.648646 29.614100
slice7/query/img_02928_c1_1289589893232303us.jpg 0.229116 0.180710 -0.676218 0.676446 371.942043 -63.849589 29.651684
slice7/query/img_02929_c1_1289589893365657us.jpg 0.229459 0.179800 -0.677236 0.675553 373.745636 -64.251904 29.729195
slice7/query/img_02930_c1_1289589893432268us.jpg 0.229809 0.179324 -0.677830 0.674965 374.645009 -64.457637 29.767178
slice7/query/img_02931_c1_1289589893499005us.jpg 0.229902 0.178950 -0.678262 0.674598 375.548290 -64.660722 29.806009
slice7/query/img_02932_c1_1289589893565619us.jpg 0.229920 0.178663 -0.678524 0.674404 376.451489 -64.860571 29.845407
slice7/query/img_02933_c1_1289589893698992us.jpg 0.229653 0.178460 -0.678683 0.674389 378.263516 -65.265650 29.925783
slice7/query/img_02934_c1_1289589893765583us.jpg 0.229093 0.178881 -0.678801 0.674350 379.172923 -65.469119 29.966834
slice7/query/img_02935_c1_1289589893832196us.jpg 0.228863 0.179113 -0.678814 0.674353 380.079506 -65.674630 30.006019
slice7/query/img_02936_c1_1289589893898934us.jpg 0.228889 0.179340 -0.678926 0.674171 380.982808 -65.879084 30.046567
slice7/query/img_02937_c1_1289589894032185us.jpg 0.228475 0.179525 -0.679445 0.673739 382.806026 -66.283990 30.125173
slice7/query/img_02938_c1_1289589894098899us.jpg 0.228234 0.180083 -0.679875 0.673238 383.719280 -66.492169 30.163367
slice7/query/img_02939_c1_1289589894165512us.jpg 0.228123 0.180718 -0.680075 0.672903 384.631259 -66.698082 30.199590
slice7/query/img_02940_c1_1289589894298868us.jpg 0.228529 0.181034 -0.680267 0.672487 386.459749 -67.104543 30.267130
slice7/query/img_02941_c1_1289589894365477us.jpg 0.228331 0.181379 -0.680285 0.672443 387.375495 -67.306767 30.300985
slice7/query/img_02942_c1_1289589894432090us.jpg 0.228371 0.181865 -0.680210 0.672374 388.291904 -67.510331 30.333883
slice7/query/img_02943_c1_1289589894565465us.jpg 0.229192 0.182004 -0.680135 0.672133 390.122452 -67.916133 30.398234
slice7/query/img_02944_c1_1289589894632059us.jpg 0.229064 0.182694 -0.680354 0.671767 391.037146 -68.118435 30.431585
slice7/query/img_02945_c1_1289589894698793us.jpg 0.229181 0.183241 -0.680727 0.671200 391.947971 -68.325230 30.463468
slice7/query/img_02946_c1_1289589894765407us.jpg 0.229377 0.183607 -0.680890 0.670868 392.858865 -68.529023 30.495860
slice7/query/img_02947_c1_1289589894898781us.jpg 0.228729 0.184640 -0.680758 0.670939 394.689701 -68.923954 30.558585
slice7/query/img_02948_c1_1289589894965371us.jpg 0.228166 0.185389 -0.680594 0.671091 395.602626 -69.120224 30.590052
slice7/query/img_02949_c1_1289589895031984us.jpg 0.227496 0.185999 -0.680435 0.671310 396.519650 -69.314409 30.619880
slice7/query/img_02950_c1_1289589895166705us.jpg 0.226984 0.187012 -0.680181 0.671460 398.344523 -69.704743 30.676997
slice7/query/img_02951_c1_1289589895231950us.jpg 0.226463 0.187483 -0.680307 0.671377 399.264190 -69.902999 30.702840
slice7/query/img_02952_c1_1289589895298687us.jpg 0.226156 0.187733 -0.680664 0.671048 400.179493 -70.101868 30.726899
slice7/query/img_02953_c1_1289589895365301us.jpg 0.226109 0.187856 -0.680991 0.670698 401.091347 -70.300189 30.747539
slice7/query/img_02954_c1_1289589895498674us.jpg 0.225873 0.187815 -0.681625 0.670145 402.914846 -70.697749 30.789875
slice7/query/img_02955_c1_1289589895565264us.jpg 0.225577 0.187980 -0.681754 0.670067 403.827284 -70.895648 30.810040
slice7/query/img_02956_c1_1289589895631879us.jpg 0.225270 0.188127 -0.681752 0.670131 404.736767 -71.092670 30.830025
slice7/query/img_02957_c1_1289589895765254us.jpg 0.224444 0.187821 -0.681391 0.670861 406.558954 -71.477609 30.872352
slice7/query/img_02958_c1_1289589895831844us.jpg 0.223720 0.187705 -0.681295 0.671233 407.471831 -71.672277 30.892927
slice7/query/img_02959_c1_1289589895898582us.jpg 0.222845 0.187929 -0.681170 0.671588 408.379773 -71.868963 30.915423
slice7/query/img_02960_c1_1289589895965194us.jpg 0.222093 0.188035 -0.681222 0.671755 409.286697 -72.068223 30.937064
slice7/query/img_02961_c1_1289589896098571us.jpg 0.220772 0.188011 -0.681519 0.671896 411.103423 -72.469755 30.978090
slice7/query/img_02962_c1_1289589896165160us.jpg 0.220262 0.187673 -0.682032 0.671636 412.009395 -72.672681 30.994271
slice7/query/img_02963_c1_1289589896231772us.jpg 0.219742 0.187723 -0.682635 0.671180 412.910319 -72.882500 31.008887
slice7/query/img_02964_c1_1289589896365150us.jpg 0.218538 0.187483 -0.683652 0.670605 414.729252 -73.293071 31.038643
slice7/query/img_02965_c1_1289589896431739us.jpg 0.218387 0.186907 -0.683872 0.670590 415.634047 -73.502486 31.046994
slice7/query/img_02966_c1_1289589896498475us.jpg 0.218445 0.186146 -0.684150 0.670500 416.535159 -73.711135 31.056233
slice7/query/img_02967_c1_1289589896565089us.jpg 0.218012 0.185716 -0.684416 0.670488 417.438070 -73.920005 31.067284
slice7/query/img_02968_c1_1289589896698462us.jpg 0.216874 0.185560 -0.684665 0.670646 419.241374 -74.336484 31.090995
slice7/query/img_02969_c1_1289589896765054us.jpg 0.216205 0.185773 -0.684711 0.670757 420.141654 -74.545176 31.104705
slice7/query/img_02970_c1_1289589896831668us.jpg 0.215486 0.186273 -0.684698 0.670863 421.038043 -74.755386 31.118696
slice7/query/img_02971_c1_1289589896965042us.jpg 0.213222 0.186745 -0.685090 0.671054 422.838688 -75.172513 31.145731
slice7/query/img_02972_c1_1289589897031638us.jpg 0.212273 0.186823 -0.685110 0.671313 423.731864 -75.381968 31.157328
slice7/query/img_02973_c1_1289589897098371us.jpg 0.211743 0.186723 -0.685182 0.671435 424.622960 -75.593302 31.167291
slice7/query/img_02974_c1_1289589897231602us.jpg 0.211415 0.186425 -0.685445 0.671352 426.403838 -76.022398 31.178306
slice7/query/img_02975_c1_1289589897298335us.jpg 0.211642 0.186103 -0.685753 0.671056 427.288994 -76.240384 31.182799
slice7/query/img_02976_c1_1289589897364948us.jpg 0.211862 0.185840 -0.686074 0.670732 428.172339 -76.457205 31.185106
slice7/query/img_02977_c1_1289589897498307us.jpg 0.212005 0.185249 -0.686911 0.669992 429.932467 -76.888782 31.193894
slice7/query/img_02978_c1_1289589897564913us.jpg 0.211825 0.185171 -0.687169 0.669806 430.810917 -77.105585 31.200183
slice7/query/img_02979_c1_1289589897631527us.jpg 0.211608 0.185348 -0.687170 0.669825 431.686553 -77.319690 31.205710
slice7/query/img_02980_c1_1289589897764883us.jpg 0.210891 0.185607 -0.687245 0.669902 433.435888 -77.746181 31.218491
slice7/query/img_02981_c1_1289589897831490us.jpg 0.210161 0.186272 -0.687289 0.669902 434.310737 -77.955508 31.227729
slice7/query/img_02982_c1_1289589897898229us.jpg 0.209488 0.186793 -0.687400 0.669854 435.183147 -78.167020 31.235239
slice7/query/img_02983_c1_1289589898031477us.jpg 0.209326 0.186862 -0.687007 0.670289 436.916087 -78.588692 31.242903
slice7/query/img_02984_c1_1289589898098197us.jpg 0.209234 0.186528 -0.686944 0.670475 437.779786 -78.799335 31.242854
slice7/query/img_02985_c1_1289589898164807us.jpg 0.208543 0.186972 -0.687263 0.670239 438.642291 -79.013159 31.246248
slice7/query/img_02986_c1_1289589898231419us.jpg 0.207995 0.187234 -0.687658 0.669931 439.504722 -79.225855 31.247847
slice7/query/img_02987_c1_1289589898364772us.jpg 0.207014 0.187749 -0.689028 0.668682 441.231712 -79.653958 31.246871
slice7/query/img_02988_c1_1289589898431385us.jpg 0.207152 0.187506 -0.690012 0.667692 442.088258 -79.868939 31.242490
slice7/query/img_02989_c1_1289589898498122us.jpg 0.207379 0.187567 -0.690745 0.666846 442.944107 -80.084799 31.236332
slice7/query/img_02990_c1_1289589898631375us.jpg 0.207111 0.187450 -0.691509 0.666170 444.655778 -80.509023 31.224188
slice7/query/img_02991_c1_1289589898698109us.jpg 0.206586 0.188040 -0.691530 0.666145 445.509270 -80.720208 31.219725
slice7/query/img_02992_c1_1289589898764700us.jpg 0.205937 0.188699 -0.691050 0.666658 446.365116 -80.925568 31.215615
slice7/query/img_02993_c1_1289589898831314us.jpg 0.205312 0.189432 -0.690219 0.667503 447.218402 -81.129648 31.209968
slice7/query/img_02994_c1_1289589898964687us.jpg 0.204267 0.189956 -0.688557 0.669388 448.921122 -81.539882 31.194202
slice7/query/img_02995_c1_1289589899031278us.jpg 0.204027 0.190064 -0.687850 0.670158 449.771230 -81.745449 31.186258
slice7/query/img_02996_c1_1289589899098016us.jpg 0.204112 0.189942 -0.687293 0.670738 450.618189 -81.953848 31.177507
slice7/query/img_02997_c1_1289589899231246us.jpg 0.204378 0.189635 -0.687033 0.671009 452.316656 -82.373099 31.159666
slice7/query/img_02998_c1_1289589899297982us.jpg 0.204583 0.189482 -0.687229 0.670789 453.162723 -82.583800 31.152126
slice7/query/img_02999_c1_1289589899364594us.jpg 0.204174 0.190021 -0.687342 0.670646 454.009648 -82.795052 31.144960
slice7/query/img_03000_c1_1289589899431207us.jpg 0.203354 0.190823 -0.687400 0.670608 454.858060 -83.004256 31.139897
slice7/query/img_03001_c1_1289589899564560us.jpg 0.201536 0.193041 -0.686182 0.671769 456.560991 -83.417688 31.129750
slice7/query/img_03002_c1_1289589899631172us.jpg 0.200880 0.193169 -0.685576 0.672546 457.407938 -83.620442 31.119524
slice7/query/img_03003_c1_1289589899697910us.jpg 0.200806 0.192661 -0.685549 0.672741 458.251621 -83.827904 31.106225
slice7/query/img_03004_c1_1289589899831144us.jpg 0.201446 0.191937 -0.685614 0.672691 459.942982 -84.246730 31.078359
slice7/query/img_03005_c1_1289589899897897us.jpg 0.201969 0.191964 -0.685750 0.672387 460.788455 -84.458463 31.064438
slice7/query/img_03006_c1_1289589899964488us.jpg 0.202060 0.191932 -0.686755 0.671344 461.634712 -84.675876 31.049597
slice7/query/img_03007_c1_1289589900031102us.jpg 0.201929 0.191733 -0.688308 0.669848 462.482160 -84.891988 31.035872
slice7/query/img_03008_c1_1289589900164457us.jpg 0.201542 0.191647 -0.690304 0.667931 464.182282 -85.321259 31.007574
slice7/query/img_03009_c1_1289589900231066us.jpg 0.201866 0.191708 -0.689993 0.668138 465.029516 -85.532374 30.990511
slice7/query/img_03010_c1_1289589900297805us.jpg 0.202049 0.191629 -0.689245 0.668877 465.878116 -85.743411 30.973351
slice7/query/img_03011_c1_1289589900364418us.jpg 0.201910 0.191666 -0.688628 0.669544 466.722845 -85.948927 30.955968
slice7/query/img_03012_c1_1289589900497770us.jpg 0.200211 0.192331 -0.688899 0.669584 468.418082 -86.363326 30.929352
slice7/query/img_03013_c1_1289589900564387us.jpg 0.199415 0.192919 -0.689159 0.669385 469.263377 -86.573572 30.915666
slice7/query/img_03014_c1_1289589900630996us.jpg 0.198845 0.193326 -0.689473 0.669113 470.108775 -86.784944 30.900232
slice7/query/img_03015_c1_1289589900764372us.jpg 0.198307 0.193837 -0.690314 0.668257 471.797867 -87.211332 30.860289
slice7/query/img_03016_c1_1289589900830983us.jpg 0.198181 0.193620 -0.690933 0.667718 472.638644 -87.421482 30.836927
slice7/query/img_03017_c1_1289589900897698us.jpg 0.198126 0.193515 -0.691324 0.667360 473.481317 -87.632706 30.813741
slice7/query/img_03018_c1_1289589900964311us.jpg 0.197836 0.193513 -0.691252 0.667521 474.319147 -87.841684 30.790031
slice7/query/img_03019_c1_1289589901097666us.jpg 0.197815 0.192853 -0.690045 0.668966 475.994522 -88.253321 30.741743
slice7/query/img_03020_c1_1289589901164298us.jpg 0.197934 0.192426 -0.689084 0.670043 476.828974 -88.459015 30.719640
slice7/query/img_03021_c1_1289589901230889us.jpg 0.197970 0.192334 -0.688314 0.670850 477.661677 -88.666306 30.699451
slice7/query/img_03022_c1_1289589901297629us.jpg 0.197728 0.192473 -0.687915 0.671291 478.494318 -88.875691 30.681254
slice7/query/img_03023_c1_1289589901430860us.jpg 0.196503 0.193026 -0.688510 0.670882 480.167419 -89.288073 30.646808
slice7/query/img_03024_c1_1289589901497593us.jpg 0.196012 0.193262 -0.689013 0.670440 480.999351 -89.500571 30.629663
slice7/query/img_03025_c1_1289589901564207us.jpg 0.195679 0.193287 -0.689402 0.670131 481.830784 -89.711613 30.610355
slice7/query/img_03026_c1_1289589901697563us.jpg 0.196321 0.192502 -0.689524 0.670043 483.487910 -90.132288 30.565340
slice7/query/img_03027_c1_1289589901764171us.jpg 0.197001 0.192311 -0.689292 0.670137 484.315183 -90.343338 30.543882
slice7/query/img_03028_c1_1289589901830784us.jpg 0.197514 0.192225 -0.689227 0.670078 485.138018 -90.554310 30.525112
slice7/query/img_03029_c1_1289589901897522us.jpg 0.197906 0.192208 -0.689564 0.669620 485.963671 -90.771021 30.509798
slice7/query/img_03030_c1_1289589902030771us.jpg 0.198126 0.191918 -0.690917 0.668242 487.615532 -91.180620 30.483509
slice7/query/img_03031_c1_1289589902097487us.jpg 0.198563 0.191674 -0.691210 0.667879 488.439916 -91.387066 30.465135
slice7/query/img_03032_c1_1289589902164100us.jpg 0.199305 0.191254 -0.691151 0.667840 489.263478 -91.592654 30.449162
slice7/query/img_03033_c1_1289589902297455us.jpg 0.201520 0.190339 -0.690444 0.668167 490.910280 -92.012904 30.415085
slice7/query/img_03034_c1_1289589902364070us.jpg 0.202003 0.190244 -0.690349 0.668147 491.735770 -92.220775 30.399340
slice7/query/img_03035_c1_1289589902430679us.jpg 0.202204 0.190153 -0.690559 0.667895 492.561603 -92.428097 30.387013
slice7/query/img_03036_c1_1289589902497417us.jpg 0.202312 0.190393 -0.690774 0.667571 493.390058 -92.636060 30.377994
slice7/query/img_03037_c1_1289589902630679us.jpg 0.203053 0.190762 -0.690452 0.667574 495.050527 -93.046758 30.354880
slice7/query/img_03038_c1_1289589902697380us.jpg 0.203359 0.191245 -0.690189 0.667615 495.883954 -93.257937 30.339188
slice7/query/img_03039_c1_1289589902763994us.jpg 0.203588 0.191516 -0.690308 0.667345 496.716207 -93.469745 30.323273
slice7/query/img_03040_c1_1289589902830608us.jpg 0.203977 0.191624 -0.690398 0.667101 497.548166 -93.677235 30.308589
slice7/query/img_03041_c1_1289589902963980us.jpg 0.204433 0.191822 -0.689724 0.667602 499.223163 -94.078397 30.277621
slice7/query/img_03042_c1_1289589903030571us.jpg 0.204712 0.192255 -0.688822 0.668323 500.059743 -94.282071 30.260619
slice7/query/img_03043_c1_1289589903097310us.jpg 0.204283 0.193195 -0.688646 0.668365 500.901596 -94.487332 30.247283
slice7/query/img_03044_c1_1289589903230558us.jpg 0.202873 0.194743 -0.690284 0.666653 502.594202 -94.892177 30.219439
slice7/query/img_03045_c1_1289589903297274us.jpg 0.203521 0.194355 -0.689952 0.666912 503.438703 -95.096672 30.198761
slice7/query/img_03046_c1_1289589903363888us.jpg 0.204919 0.193018 -0.689477 0.667364 504.279651 -95.302361 30.174293
slice7/query/img_03047_c1_1289589903430500us.jpg 0.205470 0.192244 -0.689536 0.667356 505.121960 -95.508056 30.152787
slice7/query/img_03048_c1_1289589903563875us.jpg 0.205796 0.193289 -0.689032 0.667475 506.821198 -95.913803 30.129297
slice7/query/img_03049_c1_1289589903630466us.jpg 0.205136 0.194161 -0.689033 0.667424 507.675963 -96.120572 30.119298
slice7/query/img_03050_c1_1289589903697204us.jpg 0.204477 0.194866 -0.689081 0.667371 508.527673 -96.323608 30.104823
slice7/query/img_03051_c1_1289589903830436us.jpg 0.204461 0.195092 -0.687934 0.668492 510.233625 -96.724679 30.074869
slice7/query/img_03052_c1_1289589903897171us.jpg 0.204552 0.195545 -0.686815 0.669481 511.087662 -96.926224 30.060938
slice7/query/img_03053_c1_1289589903963782us.jpg 0.204254 0.196145 -0.686353 0.669870 511.944442 -97.129483 30.044722
slice7/query/img_03054_c1_1289589904030397us.jpg 0.203821 0.196663 -0.686625 0.669572 512.800884 -97.329054 30.029603
slice7/query/img_03055_c1_1289589904163772us.jpg 0.203756 0.196750 -0.687906 0.668250 514.513156 -97.735714 29.997708
slice7/query/img_03056_c1_1289589904297175us.jpg 0.204344 0.195973 -0.689079 0.667089 516.221005 -98.145670 29.964363
slice7/query/img_03057_c1_1289589904363732us.jpg 0.204993 0.195637 -0.689223 0.666840 517.072133 -98.351282 29.945094
slice7/query/img_03058_c1_1289589904430324us.jpg 0.205747 0.195234 -0.689138 0.666814 517.923458 -98.557694 29.925795
slice7/query/img_03059_c1_1289589904563685us.jpg 0.206019 0.195296 -0.689650 0.666182 519.627356 -98.960477 29.892287
slice7/query/img_03060_c1_1289589904630308us.jpg 0.205949 0.195325 -0.690010 0.665823 520.477849 -99.158568 29.877023
slice7/query/img_03061_c1_1289589904697027us.jpg 0.206121 0.195735 -0.689929 0.665733 521.328177 -99.358320 29.862104
slice7/query/img_03062_c1_1289589904763647us.jpg 0.206267 0.196107 -0.689776 0.665736 522.178375 -99.556073 29.846923
slice7/query/img_03063_c1_1289589904897015us.jpg 0.206801 0.196769 -0.689431 0.665732 523.876985 -99.951696 29.811213
slice7/query/img_03064_c1_1289589904963605us.jpg 0.207101 0.196948 -0.689339 0.665682 524.724695 -100.145854 29.795622
slice7/query/img_03065_c1_1289589905030218us.jpg 0.207585 0.197552 -0.689113 0.665586 525.574900 -100.341956 29.780276
slice7/query/img_03066_c1_1289589905096957us.jpg 0.208187 0.197809 -0.688829 0.665616 526.423198 -100.537067 29.762792
slice7/query/img_03067_c1_1289589905230205us.jpg 0.209514 0.198123 -0.688273 0.665681 528.122027 -100.926911 29.727480
slice7/query/img_03068_c1_1289589905296921us.jpg 0.210564 0.197961 -0.688052 0.665626 528.969942 -101.122616 29.711600
slice7/query/img_03069_c1_1289589905363535us.jpg 0.211654 0.198289 -0.687649 0.665599 529.816471 -101.324453 29.696755
slice7/query/img_03070_c1_1289589905496889us.jpg 0.212934 0.199429 -0.688000 0.664487 531.517143 -101.701148 29.674997
slice7/query/img_03071_c1_1289589905563504us.jpg 0.212785 0.201383 -0.688732 0.663186 532.368201 -101.892396 29.666582
slice7/query/img_03072_c1_1289589905630112us.jpg 0.212848 0.202865 -0.689375 0.662045 533.223477 -102.083930 29.654494
slice7/query/img_03073_c1_1289589905696851us.jpg 0.213169 0.204076 -0.689707 0.661223 534.077820 -102.267221 29.640017
slice7/query/img_03074_c1_1289589905830100us.jpg 0.214498 0.205232 -0.689214 0.660950 535.788867 -102.629176 29.597519
slice7/query/img_03075_c1_1289589905896816us.jpg 0.215406 0.205671 -0.688361 0.661407 536.641735 -102.801805 29.577162
slice7/query/img_03076_c1_1289589905963428us.jpg 0.216155 0.206146 -0.687342 0.662073 537.495808 -102.974968 29.557834
slice7/query/img_03077_c1_1289589906030042us.jpg 0.216786 0.206460 -0.686517 0.662625 538.348551 -103.148270 29.539554
slice7/query/img_03078_c1_1289589906163400us.jpg 0.216760 0.207139 -0.686049 0.662907 540.066501 -103.492965 29.506931
slice7/query/img_03079_c1_1289589906230006us.jpg 0.216440 0.207625 -0.686355 0.662542 540.926938 -103.662412 29.494396
slice7/query/img_03080_c1_1289589906296745us.jpg 0.216469 0.207509 -0.686846 0.662060 541.783597 -103.834115 29.478029
slice7/query/img_03081_c1_1289589906429996us.jpg 0.216957 0.207006 -0.687633 0.661241 543.499408 -104.180217 29.444259
slice7/query/img_03082_c1_1289589906496731us.jpg 0.217414 0.206469 -0.687852 0.661031 544.356447 -104.350945 29.424522
slice7/query/img_03083_c1_1289589906563325us.jpg 0.217302 0.206348 -0.687997 0.660954 545.212582 -104.522985 29.408004
slice7/query/img_03084_c1_1289589906696679us.jpg 0.216531 0.205594 -0.688327 0.661099 546.922197 -104.863101 29.378356
slice7/query/img_03085_c1_1289589906763288us.jpg 0.216062 0.205351 -0.687911 0.661760 547.775402 -105.033448 29.364396
slice7/query/img_03086_c1_1289589906829901us.jpg 0.215636 0.204762 -0.687247 0.662771 548.626045 -105.203333 29.350737
slice7/query/img_03087_c1_1289589906963254us.jpg 0.213962 0.203483 -0.687257 0.663696 550.329383 -105.549160 29.322631
slice7/query/img_03088_c1_1289589907029886us.jpg 0.212600 0.202696 -0.688102 0.663499 551.177733 -105.729066 29.311821
slice7/query/img_03089_c1_1289589907096604us.jpg 0.211641 0.202056 -0.688652 0.663430 552.021750 -105.914534 29.300234
slice7/query/img_03090_c1_1289589907229833us.jpg 0.209873 0.200367 -0.689257 0.663875 553.714085 -106.285257 29.277762
slice7/query/img_03091_c1_1289589907296572us.jpg 0.208579 0.199528 -0.689632 0.664146 554.560864 -106.473309 29.263407
slice7/query/img_03092_c1_1289589907363182us.jpg 0.206990 0.198515 -0.689916 0.664653 555.403455 -106.660526 29.251538
slice7/query/img_03093_c1_1289589907496557us.jpg 0.203604 0.196778 -0.689563 0.666578 557.087527 -107.034940 29.224185
slice7/query/img_03094_c1_1289589907563168us.jpg 0.201136 0.196475 -0.689511 0.667470 557.925471 -107.228756 29.213632
slice7/query/img_03095_c1_1289589907629759us.jpg 0.198576 0.195530 -0.688882 0.669162 558.762212 -107.420851 29.200642
slice7/query/img_03096_c1_1289589907696497us.jpg 0.195736 0.193855 -0.688814 0.670554 559.595473 -107.620223 29.187274
slice7/query/img_03097_c1_1289589907829746us.jpg 0.192055 0.189293 -0.687667 0.674090 561.255511 -108.025233 29.153627
slice7/query/img_03098_c1_1289589907896463us.jpg 0.189202 0.185879 -0.687936 0.675570 562.082146 -108.234080 29.137043
slice7/query/img_03099_c1_1289589907963075us.jpg 0.185315 0.182514 -0.689977 0.675484 562.905298 -108.456025 29.120983
slice7/query/img_03100_c1_1289589908096434us.jpg 0.176114 0.176868 -0.694858 0.674443 564.546416 -108.916917 29.092632
slice7/query/img_03101_c1_1289589908163043us.jpg 0.171640 0.174018 -0.696797 0.674338 565.359978 -109.166504 29.075084
slice7/query/img_03102_c1_1289589908229654us.jpg 0.166736 0.170489 -0.698283 0.674932 566.171817 -109.416997 29.050001
slice7/query/img_03103_c1_1289589908296396us.jpg 0.162301 0.165830 -0.699447 0.675968 566.971842 -109.670471 29.022908
slice7/query/img_03104_c1_1289589908429647us.jpg 0.153492 0.153789 -0.699253 0.681054 568.552842 -110.188134 28.964500
slice7/query/img_03105_c1_1289589908496356us.jpg 0.147264 0.149507 -0.698562 0.684085 569.345687 -110.461442 28.936587
slice7/query/img_03106_c1_1289589908562969us.jpg 0.140157 0.146522 -0.698663 0.686117 570.133693 -110.752131 28.916283
slice7/query/img_03107_c1_1289589908696343us.jpg 0.127553 0.137125 -0.701109 0.688022 571.686487 -111.378228 28.851703
