slice7/query/img_02968_c1_1290444898690439us.jpg 0.236831 0.179474 -0.674634 0.675699 358.851928 -61.011255 28.977959
slice7/query/img_02969_c1_1290444898823686us.jpg 0.235384 0.181011 -0.673951 0.676476 360.631525 -61.373754 29.077709
slice7/query/img_02970_c1_1290444898890424us.jpg 0.234862 0.181589 -0.674090 0.676364 361.522256 -61.560101 29.127232
slice7/query/img_02971_c1_1290444898957014us.jpg 0.234604 0.182209 -0.674390 0.675988 362.414527 -61.751672 29.175442
slice7/query/img_02972_c1_1290444899023626us.jpg 0.234805 0.182407 -0.674834 0.675421 363.294690 -61.942230 29.217893
slice7/query/img_02973_c1_1290444899090364us.jpg 0.235008 0.182763 -0.674936 0.675152 364.183457 -62.129610 29.261121
slice7/query/img_02974_c1_1290444899223612us.jpg 0.235599 0.182273 -0.674977 0.675038 365.958431 -62.500891 29.348919
slice7/query/img_02975_c1_1290444899290327us.jpg 0.235399 0.182514 -0.674848 0.675172 366.842900 -62.683986 29.392999
slice7/query/img_02976_c1_1290444899423557us.jpg 0.233365 0.184267 -0.674185 0.676063 368.634625 -63.047556 29.484464
slice7/query/img_02977_c1_1290444899490289us.jpg 0.232718 0.184625 -0.673915 0.676458 369.527042 -63.230582 29.529824
slice7/query/img_02978_c1_1290444899623537us.jpg 0.232304 0.184638 -0.673788 0.676722 371.314550 -63.601304 29.611815
slice7/query/img_02979_c1_1290444899690253us.jpg 0.232439 0.184415 -0.674056 0.676470 372.208466 -63.791341 29.652462
slice7/query/img_02980_c1_1290444899756865us.jpg 0.232828 0.184396 -0.674312 0.676086 373.096842 -63.986154 29.691785
slice7/query/img_02981_c1_1290444899890220us.jpg 0.232911 0.183854 -0.674876 0.675642 374.886291 -64.370667 29.772061
slice7/query/img_02982_c1_1290444899956829us.jpg 0.232602 0.183550 -0.675154 0.675553 375.782499 -64.559956 29.811476
slice7/query/img_02983_c1_1290444900023440us.jpg 0.232517 0.183254 -0.675244 0.675574 376.680370 -64.751836 29.851203
slice7/query/img_02984_c1_1290444900156791us.jpg 0.231596 0.183361 -0.675352 0.675753 378.477897 -65.133852 29.934241
slice7/query/img_02985_c1_1290444900223402us.jpg 0.231425 0.183568 -0.675681 0.675426 379.373990 -65.331292 29.972173
slice7/query/img_02986_c1_1290444900290140us.jpg 0.231364 0.183406 -0.675916 0.675256 380.269177 -65.526118 30.009350
slice7/query/img_02987_c1_1290444900423369us.jpg 0.230425 0.183033 -0.676493 0.675100 382.074137 -65.909024 30.085515
slice7/query/img_02988_c1_1290444900490101us.jpg 0.229745 0.183170 -0.676715 0.675072 382.973737 -66.105716 30.124554
slice7/query/img_02989_c1_1290444900556714us.jpg 0.228773 0.183790 -0.676824 0.675124 383.876921 -66.302246 30.166041
slice7/query/img_02990_c1_1290444900623327us.jpg 0.228024 0.184224 -0.676812 0.675272 384.776303 -66.497658 30.204027
slice7/query/img_02991_c1_1290444900757261us.jpg 0.227187 0.183907 -0.677054 0.675398 386.578505 -66.889384 30.270660
slice7/query/img_02992_c1_1290444900823291us.jpg 0.226908 0.183544 -0.677334 0.675309 387.479678 -67.087025 30.304026
slice7/query/img_02993_c1_1290444900890028us.jpg 0.226726 0.183443 -0.677633 0.675098 388.379557 -67.288337 30.337024
slice7/query/img_02994_c1_1290444900956640us.jpg 0.226522 0.183187 -0.677924 0.674944 389.278592 -67.489759 30.370351
slice7/query/img_02995_c1_1290444901090151us.jpg 0.225990 0.183154 -0.678694 0.674358 391.084805 -67.899443 30.431753
slice7/query/img_02996_c1_1290444901156604us.jpg 0.225569 0.183090 -0.679272 0.673933 391.991000 -68.099991 30.464827
slice7/query/img_02997_c1_1290444901223216us.jpg 0.225088 0.183140 -0.679661 0.673688 392.895215 -68.302822 30.496673
slice7/query/img_02998_c1_1290444901289952us.jpg 0.224829 0.182933 -0.679597 0.673895 393.797767 -68.502003 30.526142
slice7/query/img_02999_c1_1290444901356565us.jpg 0.224232 0.183376 -0.679585 0.673986 394.701235 -68.707451 30.556835
slice7/query/img_03000_c1_1290444901489915us.jpg 0.222784 0.184011 -0.679673 0.674205 396.515521 -69.116620 30.618161
slice7/query/img_03001_c1_1290444901556528us.jpg 0.222222 0.184279 -0.679841 0.674148 397.421990 -69.320421 30.643768
slice7/query/img_03002_c1_1290444901623140us.jpg 0.221710 0.184522 -0.680014 0.674075 398.328541 -69.527482 30.669100
slice7/query/img_03003_c1_1290444901756513us.jpg 0.221268 0.184648 -0.680908 0.673283 400.140294 -69.940231 30.718017
slice7/query/img_03004_c1_1290444901823124us.jpg 0.220993 0.184491 -0.681643 0.672672 401.049041 -70.148358 30.740043
slice7/query/img_03005_c1_1290444901889840us.jpg 0.220908 0.184388 -0.682165 0.672200 401.956588 -70.359594 30.759598
slice7/query/img_03006_c1_1290444901956452us.jpg 0.221062 0.184168 -0.682608 0.671759 402.861103 -70.570989 30.777721
slice7/query/img_03007_c1_1290444902089842us.jpg 0.220944 0.184189 -0.682924 0.671471 404.675322 -70.989477 30.818245
slice7/query/img_03008_c1_1290444902156437us.jpg 0.220874 0.184183 -0.682777 0.671645 405.581575 -71.195115 30.839565
slice7/query/img_03009_c1_1290444902223028us.jpg 0.220670 0.184212 -0.682523 0.671962 406.491026 -71.400847 30.859651
slice7/query/img_03010_c1_1290444902289765us.jpg 0.220369 0.184234 -0.682452 0.672127 407.401132 -71.607941 30.882330
slice7/query/img_03011_c1_1290444902423015us.jpg 0.219328 0.184857 -0.682292 0.672458 409.227457 -72.016115 30.925685
slice7/query/img_03012_c1_1290444902489729us.jpg 0.218917 0.185450 -0.682347 0.672374 410.138884 -72.223008 30.947995
slice7/query/img_03013_c1_1290444902556341us.jpg 0.218738 0.185640 -0.682582 0.672141 411.047626 -72.432823 30.966067
slice7/query/img_03014_c1_1290444902622953us.jpg 0.218610 0.185664 -0.683079 0.671671 411.959136 -72.643828 30.982088
slice7/query/img_03015_c1_1290444902756309us.jpg 0.218055 0.186625 -0.684238 0.670404 413.787919 -73.075867 31.015556
slice7/query/img_03016_c1_1290444902822920us.jpg 0.217824 0.186986 -0.684494 0.670117 414.704292 -73.289070 31.027536
slice7/query/img_03017_c1_1290444902889654us.jpg 0.218162 0.186637 -0.684729 0.669864 415.617323 -73.498806 31.037334
slice7/query/img_03018_c1_1290444902956265us.jpg 0.218523 0.186180 -0.684868 0.669732 416.531900 -73.710172 31.045732
slice7/query/img_03019_c1_1290444903089640us.jpg 0.218808 0.185832 -0.685145 0.669452 418.366642 -74.132851 31.068148
slice7/query/img_03020_c1_1290444903156230us.jpg 0.218815 0.186005 -0.685044 0.669505 419.289046 -74.346321 31.080867
slice7/query/img_03021_c1_1290444903222840us.jpg 0.218685 0.186365 -0.684868 0.669627 420.210575 -74.555629 31.094051
slice7/query/img_03022_c1_1290444903289578us.jpg 0.218351 0.187081 -0.684837 0.669569 421.131832 -74.770006 31.108296
slice7/query/img_03023_c1_1290444903356191us.jpg 0.217646 0.187790 -0.685000 0.669433 422.052976 -74.980136 31.122619
slice7/query/img_03024_c1_1290444903489564us.jpg 0.216345 0.188638 -0.685032 0.669583 423.896702 -75.400679 31.148033
slice7/query/img_03025_c1_1290444903556155us.jpg 0.215913 0.188826 -0.684854 0.669851 424.819396 -75.611014 31.156872
slice7/query/img_03026_c1_1290444903622767us.jpg 0.215818 0.188951 -0.684734 0.669969 425.740018 -75.820907 31.163362
slice7/query/img_03027_c1_1290444903757080us.jpg 0.216529 0.188795 -0.685029 0.669483 427.579057 -76.253628 31.172856
slice7/query/img_03028_c1_1290444903822731us.jpg 0.216961 0.188600 -0.685340 0.669079 428.498960 -76.470851 31.174652
slice7/query/img_03029_c1_1290444903889466us.jpg 0.217140 0.188297 -0.685898 0.668535 429.419248 -76.682336 31.181270
slice7/query/img_03030_c1_1290444903956079us.jpg 0.217027 0.188255 -0.686335 0.668134 430.342154 -76.897956 31.187837
slice7/query/img_03031_c1_1290444904022691us.jpg 0.216889 0.188290 -0.686425 0.668077 431.261508 -77.112587 31.193976
slice7/query/img_03032_c1_1290444904156049us.jpg 0.216407 0.188500 -0.686522 0.668074 433.103135 -77.538684 31.208190
slice7/query/img_03033_c1_1290444904222674us.jpg 0.215908 0.189065 -0.686523 0.668076 434.026648 -77.751890 31.215935
slice7/query/img_03034_c1_1290444904289391us.jpg 0.215438 0.189819 -0.686419 0.668120 434.949992 -77.965706 31.224269
slice7/query/img_03035_c1_1290444904356004us.jpg 0.214884 0.190302 -0.686259 0.668326 435.874711 -78.175948 31.231941
slice7/query/img_03036_c1_1290444904489377us.jpg 0.214367 0.189551 -0.685664 0.669315 437.729637 -78.588123 31.236825
slice7/query/img_03037_c1_1290444904555966us.jpg 0.213440 0.189783 -0.685929 0.669273 438.656685 -78.803266 31.240784
slice7/query/img_03038_c1_1290444904622579us.jpg 0.212759 0.189965 -0.686430 0.668926 439.582081 -79.022543 31.245263
slice7/query/img_03039_c1_1290444904755952us.jpg 0.211656 0.190117 -0.688209 0.667402 441.438992 -79.456681 31.245141
slice7/query/img_03040_c1_1290444904822542us.jpg 0.211436 0.189639 -0.689252 0.666531 442.364636 -79.676756 31.240856
slice7/query/img_03041_c1_1290444904889279us.jpg 0.211402 0.189260 -0.690269 0.665596 443.289970 -79.899243 31.235511
slice7/query/img_03042_c1_1290444905022526us.jpg 0.210204 0.189222 -0.691264 0.664954 445.150779 -80.341226 31.226059
slice7/query/img_03043_c1_1290444905089243us.jpg 0.208770 0.190079 -0.691063 0.665369 446.080030 -80.560950 31.222709
slice7/query/img_03044_c1_1290444905155854us.jpg 0.207481 0.190802 -0.690408 0.666246 447.009688 -80.778561 31.219695
slice7/query/img_03045_c1_1290444905222467us.jpg 0.206263 0.191540 -0.689588 0.667260 447.934257 -81.000852 31.215902
slice7/query/img_03046_c1_1290444905355834us.jpg 0.204301 0.191743 -0.687914 0.669529 449.784753 -81.433458 31.199817
slice7/query/img_03047_c1_1290444905422429us.jpg 0.203991 0.191314 -0.687275 0.670403 450.706492 -81.654375 31.189110
slice7/query/img_03048_c1_1290444905489166us.jpg 0.204150 0.190615 -0.687065 0.670769 451.624619 -81.880215 31.177602
slice7/query/img_03049_c1_1290444905622394us.jpg 0.204374 0.189625 -0.687667 0.670364 453.462684 -82.337053 31.163005
slice7/query/img_03050_c1_1290444905689130us.jpg 0.203840 0.189732 -0.688210 0.669938 454.383427 -82.567989 31.156479
slice7/query/img_03051_c1_1290444905755741us.jpg 0.202742 0.190027 -0.688793 0.669590 455.303681 -82.797846 31.153299
slice7/query/img_03052_c1_1290444905889111us.jpg 0.200255 0.191290 -0.688240 0.670545 457.143983 -83.249135 31.140326
slice7/query/img_03053_c1_1290444905955705us.jpg 0.199169 0.191362 -0.687714 0.671388 458.057427 -83.472093 31.129154
slice7/query/img_03054_c1_1290444906089082us.jpg 0.198409 0.190099 -0.686891 0.672813 459.879205 -83.923657 31.104139
slice7/query/img_03055_c1_1290444906155688us.jpg 0.198518 0.189726 -0.686792 0.672987 460.786653 -84.157937 31.088453
slice7/query/img_03056_c1_1290444906222279us.jpg 0.198470 0.189310 -0.687584 0.672309 461.695050 -84.394837 31.073466
slice7/query/img_03057_c1_1290444906289017us.jpg 0.198305 0.189017 -0.689199 0.670785 462.600145 -84.636787 31.060342
slice7/query/img_03058_c1_1290444906422246us.jpg 0.198003 0.188562 -0.692139 0.667969 464.414843 -85.114320 31.031471
slice7/query/img_03059_c1_1290444906488979us.jpg 0.198336 0.188250 -0.692403 0.667685 465.317083 -85.348051 31.013268
slice7/query/img_03060_c1_1290444906622549us.jpg 0.198278 0.187692 -0.691249 0.669053 467.122146 -85.810284 30.979946
slice7/query/img_03061_c1_1290444906688943us.jpg 0.197497 0.187563 -0.690848 0.669735 468.023159 -86.035454 30.962277
slice7/query/img_03062_c1_1290444906755555us.jpg 0.196545 0.188046 -0.690820 0.669908 468.923667 -86.266841 30.950355
slice7/query/img_03063_c1_1290444906822168us.jpg 0.195902 0.188716 -0.690938 0.669786 469.822212 -86.501486 30.937189
slice7/query/img_03064_c1_1290444906955519us.jpg 0.195240 0.189579 -0.692059 0.668577 471.619317 -86.971818 30.905048
slice7/query/img_03065_c1_1290444907022131us.jpg 0.195349 0.189620 -0.692947 0.667613 472.513469 -87.212632 30.882307
slice7/query/img_03066_c1_1290444907088867us.jpg 0.195414 0.189727 -0.693780 0.666698 473.405592 -87.447875 30.858656
slice7/query/img_03067_c1_1290444907155480us.jpg 0.195715 0.189525 -0.694239 0.666189 474.296973 -87.681478 30.833942
slice7/query/img_03068_c1_1290444907288860us.jpg 0.196772 0.189207 -0.693489 0.666749 476.079584 -88.145725 30.784430
slice7/query/img_03069_c1_1290444907355444us.jpg 0.197562 0.188844 -0.692522 0.667623 476.966126 -88.374812 30.759658
slice7/query/img_03070_c1_1290444907422059us.jpg 0.197852 0.189132 -0.691590 0.668421 477.854404 -88.601516 30.738951
slice7/query/img_03071_c1_1290444907488793us.jpg 0.197777 0.189747 -0.690934 0.668947 478.744201 -88.823687 30.720690
slice7/query/img_03072_c1_1290444907622021us.jpg 0.197043 0.191304 -0.690932 0.668723 480.532272 -89.269346 30.685339
slice7/query/img_03073_c1_1290444907755393us.jpg 0.197487 0.192145 -0.691768 0.667485 482.311194 -89.727431 30.647983
slice7/query/img_03074_c1_1290444907822002us.jpg 0.198457 0.192008 -0.691883 0.667117 483.199179 -89.956078 30.622688
slice7/query/img_03075_c1_1290444907888717us.jpg 0.199300 0.191935 -0.691822 0.666951 484.087643 -90.179649 30.598723
slice7/query/img_03076_c1_1290444907955331us.jpg 0.200286 0.192155 -0.691634 0.666786 484.969125 -90.402490 30.577441
slice7/query/img_03077_c1_1290444908088705us.jpg 0.201405 0.192496 -0.692036 0.665934 486.741224 -90.848371 30.546349
slice7/query/img_03078_c1_1290444908155296us.jpg 0.201765 0.192872 -0.692163 0.665584 487.624379 -91.068905 30.529140
slice7/query/img_03079_c1_1290444908221906us.jpg 0.202240 0.193089 -0.692160 0.665379 488.507403 -91.289501 30.511445
slice7/query/img_03080_c1_1290444908288644us.jpg 0.202741 0.193219 -0.691748 0.665618 489.390347 -91.502612 30.492803
slice7/query/img_03081_c1_1290444908421893us.jpg 0.204317 0.192865 -0.690896 0.666123 491.155839 -91.936285 30.460282
slice7/query/img_03082_c1_1290444908488627us.jpg 0.204688 0.192808 -0.690899 0.666023 492.040561 -92.152864 30.442978
slice7/query/img_03083_c1_1290444908555218us.jpg 0.204913 0.192910 -0.691141 0.665673 492.919755 -92.371305 30.427323
slice7/query/img_03084_c1_1290444908621831us.jpg 0.205108 0.193011 -0.691326 0.665392 493.798621 -92.584620 30.413067
slice7/query/img_03085_c1_1290444908755204us.jpg 0.205546 0.193822 -0.690941 0.665420 495.559831 -93.020884 30.385388
slice7/query/img_03086_c1_1290444908821815us.jpg 0.205494 0.194254 -0.690771 0.665487 496.442367 -93.233597 30.368423
slice7/query/img_03087_c1_1290444908888531us.jpg 0.205551 0.194267 -0.690838 0.665396 497.320398 -93.445023 30.353115
slice7/query/img_03088_c1_1290444908955143us.jpg 0.205632 0.194295 -0.690633 0.665576 498.198424 -93.653879 30.336226
slice7/query/img_03089_c1_1290444909021757us.jpg 0.205648 0.194444 -0.690261 0.665913 499.073557 -93.863666 30.321625
slice7/query/img_03090_c1_1290444909155112us.jpg 0.205424 0.195153 -0.689423 0.666642 500.826094 -94.278223 30.293277
slice7/query/img_03091_c1_1290444909221719us.jpg 0.203776 0.195609 -0.691884 0.664462 501.703354 -94.496245 30.278327
slice7/query/img_03092_c1_1290444909288457us.jpg 0.204077 0.196229 -0.693637 0.662355 502.575748 -94.714825 30.261167
slice7/query/img_03093_c1_1290444909355070us.jpg 0.204558 0.195832 -0.693014 0.662976 503.446874 -94.925065 30.240955
slice7/query/img_03094_c1_1290444909421682us.jpg 0.206401 0.193625 -0.691621 0.664506 504.308505 -95.135569 30.209788
slice7/query/img_03095_c1_1290444909555057us.jpg 0.207776 0.192475 -0.690929 0.665131 506.044863 -95.549587 30.171647
slice7/query/img_03096_c1_1290444909621645us.jpg 0.207522 0.193504 -0.690352 0.665511 506.913563 -95.752379 30.161372
slice7/query/img_03097_c1_1290444909688383us.jpg 0.206392 0.195191 -0.689707 0.666039 507.787626 -95.949888 30.151821
slice7/query/img_03098_c1_1290444909821609us.jpg 0.204196 0.197890 -0.688484 0.667183 509.538217 -96.347787 30.132608
slice7/query/img_03099_c1_1290444909888345us.jpg 0.204539 0.198182 -0.687616 0.667886 510.403091 -96.547751 30.115711
slice7/query/img_03100_c1_1290444909954957us.jpg 0.204923 0.198347 -0.687173 0.668176 511.269499 -96.751439 30.097950
slice7/query/img_03101_c1_1290444910021570us.jpg 0.205219 0.198424 -0.687468 0.667758 512.136217 -96.954222 30.078548
slice7/query/img_03102_c1_1290444910154943us.jpg 0.206402 0.198186 -0.688701 0.666192 513.866265 -97.361972 30.041010
slice7/query/img_03103_c1_1290444910221533us.jpg 0.207040 0.198213 -0.689159 0.665512 514.727190 -97.568283 30.023048
slice7/query/img_03104_c1_1290444910288271us.jpg 0.207642 0.198177 -0.689384 0.665102 515.591350 -97.770438 30.004729
slice7/query/img_03105_c1_1290444910354883us.jpg 0.208419 0.198023 -0.689378 0.664911 516.451422 -97.971683 29.986154
slice7/query/img_03106_c1_1290444910488237us.jpg 0.210097 0.198130 -0.689044 0.664697 518.171405 -98.371009 29.957651
slice7/query/img_03107_c1_1290444910554845us.jpg 0.210304 0.198541 -0.689122 0.664428 519.033840 -98.568481 29.943096
slice7/query/img_03108_c1_1290444910688198us.jpg 0.210839 0.199461 -0.689651 0.663433 520.758003 -98.960555 29.912650
slice7/query/img_03109_c1_1290444910754810us.jpg 0.211220 0.199958 -0.689698 0.663114 521.620692 -99.153062 29.896920
slice7/query/img_03110_c1_1290444910821421us.jpg 0.211713 0.200424 -0.689770 0.662741 522.480787 -99.345046 29.879613
slice7/query/img_03111_c1_1290444910954772us.jpg 0.212933 0.200953 -0.689942 0.662010 524.200222 -99.724302 29.846427
slice7/query/img_03112_c1_1290444911021382us.jpg 0.213423 0.201404 -0.689726 0.661941 525.058637 -99.911772 29.830124
slice7/query/img_03113_c1_1290444911088120us.jpg 0.213865 0.201995 -0.689391 0.661966 525.917000 -100.097350 29.815327
slice7/query/img_03114_c1_1290444911154732us.jpg 0.214362 0.202462 -0.688814 0.662264 526.773683 -100.280658 29.800147
slice7/query/img_03115_c1_1290444911288104us.jpg 0.215439 0.203015 -0.688000 0.662591 528.486366 -100.645437 29.769360
slice7/query/img_03116_c1_1290444911421309us.jpg 0.217072 0.202878 -0.688438 0.661645 530.190888 -101.007123 29.741723
slice7/query/img_03117_c1_1290444911488045us.jpg 0.216811 0.203810 -0.687748 0.662160 531.044762 -101.184405 29.732437
slice7/query/img_03118_c1_1290444911621274us.jpg 0.213801 0.204888 -0.687924 0.662624 532.752394 -101.535548 29.711654
slice7/query/img_03119_c1_1290444911688029us.jpg 0.212013 0.205138 -0.687812 0.663237 533.600825 -101.705661 29.699815
slice7/query/img_03120_c1_1290444911754621us.jpg 0.210336 0.205407 -0.687545 0.663965 534.447691 -101.877182 29.686247
slice7/query/img_03121_c1_1290444911887973us.jpg 0.208204 0.205521 -0.686674 0.665501 536.139759 -102.232047 29.650950
slice7/query/img_03122_c1_1290444911954605us.jpg 0.208074 0.204793 -0.686716 0.665722 536.978731 -102.415863 29.629456
slice7/query/img_03123_c1_1290444912021196us.jpg 0.208173 0.203485 -0.687126 0.665670 537.816848 -102.599465 29.606682
slice7/query/img_03124_c1_1290444912087933us.jpg 0.208407 0.201957 -0.687801 0.665365 538.650799 -102.788329 29.584659
slice7/query/img_03125_c1_1290444912221161us.jpg 0.207803 0.200007 -0.689239 0.664653 540.317380 -103.177043 29.548320
slice7/query/img_03126_c1_1290444912287899us.jpg 0.206934 0.199594 -0.689866 0.664399 541.150414 -103.368611 29.533786
slice7/query/img_03127_c1_1290444912354510us.jpg 0.206284 0.199070 -0.690353 0.664252 541.980532 -103.560436 29.519230
slice7/query/img_03128_c1_1290444912421120us.jpg 0.205457 0.198634 -0.690631 0.664349 542.809849 -103.754166 29.503419
slice7/query/img_03129_c1_1290444912554472us.jpg 0.204462 0.197562 -0.690931 0.664665 544.459258 -104.140107 29.468433
slice7/query/img_03130_c1_1290444912621084us.jpg 0.203956 0.197067 -0.691224 0.664662 545.280791 -104.336506 29.451772
slice7/query/img_03131_c1_1290444912754438us.jpg 0.202803 0.195595 -0.692014 0.664628 546.916108 -104.724209 29.415607
slice7/query/img_03132_c1_1290444912821053us.jpg 0.202315 0.194988 -0.692003 0.664966 547.728533 -104.917984 29.397387
slice7/query/img_03133_c1_1290444912887784us.jpg 0.202143 0.194153 -0.691808 0.665466 548.539439 -105.112199 29.378564
slice7/query/img_03134_c1_1290444912954396us.jpg 0.201903 0.193395 -0.691959 0.665602 549.344396 -105.307749 29.362212
slice7/query/img_03135_c1_1290444913087768us.jpg 0.200239 0.192117 -0.693522 0.664848 550.951886 -105.707220 29.334192
slice7/query/img_03136_c1_1290444913154379us.jpg 0.199614 0.191591 -0.694215 0.664465 551.759559 -105.906090 29.319857
slice7/query/img_03137_c1_1290444913220972us.jpg 0.199349 0.191102 -0.694463 0.664425 552.555034 -106.109538 29.305614
slice7/query/img_03138_c1_1290444913287710us.jpg 0.198827 0.190756 -0.694528 0.664614 553.350475 -106.310800 29.291400
slice7/query/img_03139_c1_1290444913420956us.jpg 0.197521 0.189717 -0.695072 0.664732 554.941789 -106.713109 29.262186
slice7/query/img_03140_c1_1290444913487694us.jpg 0.196766 0.189140 -0.694976 0.665220 555.734745 -106.914096 29.246358
slice7/query/img_03141_c1_1290444913554285us.jpg 0.195742 0.188986 -0.694485 0.666078 556.521406 -107.114428 29.232596
slice7/query/img_03142_c1_1290444913620897us.jpg 0.194296 0.188527 -0.694368 0.666754 557.302604 -107.314745 29.220834
slice7/query/img_03143_c1_1290444913754249us.jpg 0.191431 0.188901 -0.694190 0.667660 558.863744 -107.727234 29.197263
slice7/query/img_03144_c1_1290444913820858us.jpg 0.190002 0.188117 -0.693539 0.668966 559.638139 -107.931608 29.181087
slice7/query/img_03145_c1_1290444913887596us.jpg 0.188748 0.186479 -0.692456 0.670898 560.407021 -108.135321 29.162931
slice7/query/img_03146_c1_1290444913954210us.jpg 0.187204 0.184376 -0.692019 0.672361 561.169627 -108.340168 29.148087
slice7/query/img_03147_c1_1290444914087582us.jpg 0.181717 0.178723 -0.695003 0.672316 562.689050 -108.762830 29.118503
slice7/query/img_03148_c1_1290444914154172us.jpg 0.178654 0.176998 -0.696969 0.671557 563.451571 -108.986378 29.104219
slice7/query/img_03149_c1_1290444914220785us.jpg 0.175418 0.175971 -0.698508 0.671080 564.205756 -109.223015 29.091406
slice7/query/img_03150_c1_1290444914354419us.jpg 0.170433 0.171613 -0.702151 0.669690 565.692573 -109.699182 29.050184
slice7/query/img_03151_c1_1290444914420772us.jpg 0.167644 0.168103 -0.703393 0.669982 566.432272 -109.940131 29.023502
slice7/query/img_03152_c1_1290444914487485us.jpg 0.164743 0.163862 -0.703277 0.671871 567.165302 -110.178096 28.994837
slice7/query/img_03153_c1_1290444914554097us.jpg 0.161380 0.159517 -0.702256 0.674794 567.894089 -110.415028 28.967550
slice7/query/img_03154_c1_1290444914688008us.jpg 0.151401 0.154016 -0.700442 0.680248 569.346550 -110.906767 28.928058
slice7/query/img_03155_c1_1290444914754062us.jpg 0.145314 0.152447 -0.700484 0.681884 570.071248 -111.166315 28.914660
slice7/query/img_03156_c1_1290444914887412us.jpg 0.135178 0.145379 -0.701835 0.684119 571.498079 -111.713094 28.866812
slice7/query/img_03157_c1_1290444914954027us.jpg 0.131672 0.138757 -0.703529 0.684439 572.192751 -111.989864 28.819119
