slice7/query/img_03636_c1_1292959254394241us.jpg 0.231808 0.175515 -0.675742 0.677371 359.102866 -61.014104 29.009614
slice7/query/img_03637_c1_1292959254527619us.jpg 0.230859 0.175739 -0.676339 0.677042 360.741205 -61.375796 29.097058
slice7/query/img_03638_c1_1292959254594266us.jpg 0.230758 0.176021 -0.676700 0.676641 361.556978 -61.562173 29.143296
slice7/query/img_03639_c1_1292959254660993us.jpg 0.230658 0.176399 -0.677261 0.676016 362.373121 -61.751918 29.186644
slice7/query/img_03640_c1_1292959254727618us.jpg 0.230762 0.176993 -0.677630 0.675455 363.189160 -61.940043 29.228301
slice7/query/img_03641_c1_1292959254860996us.jpg 0.231873 0.177056 -0.677939 0.674748 364.829085 -62.310906 29.307908
slice7/query/img_03642_c1_1292959254927642us.jpg 0.232097 0.177030 -0.677680 0.674938 365.647614 -62.491491 29.346631
slice7/query/img_03643_c1_1292959254994245us.jpg 0.232052 0.177375 -0.677487 0.675056 366.466342 -62.674767 29.386582
slice7/query/img_03644_c1_1292959255060996us.jpg 0.231322 0.178410 -0.677170 0.675352 367.286861 -62.852920 29.430552
slice7/query/img_03645_c1_1292959255194250us.jpg 0.230163 0.180245 -0.676347 0.676085 368.937876 -63.210116 29.517293
slice7/query/img_03646_c1_1292959255260999us.jpg 0.230016 0.180846 -0.676237 0.676085 369.764075 -63.390472 29.557875
slice7/query/img_03647_c1_1292959255327622us.jpg 0.230353 0.181020 -0.676358 0.675803 370.589273 -63.572957 29.595399
slice7/query/img_03648_c1_1292959255394248us.jpg 0.230746 0.180876 -0.676759 0.675306 371.412293 -63.753524 29.629347
slice7/query/img_03649_c1_1292959255461000us.jpg 0.231288 0.180890 -0.677018 0.674857 372.237054 -63.939970 29.664404
slice7/query/img_03650_c1_1292959255594254us.jpg 0.232230 0.180902 -0.677539 0.674007 373.889277 -64.301419 29.733583
slice7/query/img_03651_c1_1292959255661021us.jpg 0.232504 0.180918 -0.677588 0.673858 374.714090 -64.483843 29.769442
slice7/query/img_03652_c1_1292959255727625us.jpg 0.232570 0.180814 -0.677724 0.673727 375.540536 -64.664152 29.805910
slice7/query/img_03653_c1_1292959255794251us.jpg 0.232388 0.181387 -0.677550 0.673810 376.367986 -64.843435 29.844423
slice7/query/img_03654_c1_1292959255927629us.jpg 0.231843 0.182243 -0.677219 0.674100 378.028136 -65.201967 29.925075
slice7/query/img_03655_c1_1292959256061006us.jpg 0.231491 0.182574 -0.677552 0.673797 379.694472 -65.565711 29.999815
slice7/query/img_03656_c1_1292959256127629us.jpg 0.231424 0.182649 -0.677700 0.673650 380.524841 -65.749383 30.035737
slice7/query/img_03657_c1_1292959256194255us.jpg 0.231470 0.182655 -0.677717 0.673616 381.358008 -65.929239 30.069204
slice7/query/img_03658_c1_1292959256327653us.jpg 0.230700 0.182802 -0.678359 0.673194 383.033038 -66.290410 30.139964
slice7/query/img_03659_c1_1292959256394278us.jpg 0.229967 0.183217 -0.678558 0.673131 383.873987 -66.472427 30.175890
slice7/query/img_03660_c1_1292959256461007us.jpg 0.229066 0.183674 -0.678593 0.673279 384.714111 -66.652210 30.209634
slice7/query/img_03661_c1_1292959256527632us.jpg 0.228373 0.183942 -0.678430 0.673605 385.554605 -66.831349 30.243523
slice7/query/img_03662_c1_1292959256661012us.jpg 0.227863 0.183144 -0.678669 0.673754 387.232377 -67.195237 30.304707
slice7/query/img_03663_c1_1292959256727655us.jpg 0.227526 0.183031 -0.678774 0.673793 388.072622 -67.380000 30.334245
slice7/query/img_03664_c1_1292959256794259us.jpg 0.227444 0.182568 -0.679090 0.673629 388.914002 -67.567081 30.363916
slice7/query/img_03665_c1_1292959256861009us.jpg 0.227350 0.182465 -0.679240 0.673537 389.756476 -67.750361 30.391107
slice7/query/img_03666_c1_1292959256994263us.jpg 0.226913 0.182727 -0.680383 0.672458 391.445576 -68.128230 30.451234
slice7/query/img_03667_c1_1292959257061010us.jpg 0.226738 0.182664 -0.680744 0.672170 392.287356 -68.322195 30.481111
slice7/query/img_03668_c1_1292959257194285us.jpg 0.225956 0.182820 -0.680869 0.672264 393.983931 -68.697351 30.539286
slice7/query/img_03669_c1_1292959257261013us.jpg 0.225125 0.183224 -0.680711 0.672593 394.834458 -68.884936 30.569073
slice7/query/img_03670_c1_1292959257394285us.jpg 0.223685 0.184356 -0.680423 0.673055 396.539634 -69.259133 30.623578
slice7/query/img_03671_c1_1292959257461034us.jpg 0.223345 0.184538 -0.680565 0.672974 397.389175 -69.449723 30.647862
slice7/query/img_03672_c1_1292959257527640us.jpg 0.223087 0.184921 -0.680752 0.672765 398.241333 -69.642744 30.671693
slice7/query/img_03673_c1_1292959257594264us.jpg 0.222940 0.185174 -0.681153 0.672339 399.092836 -69.833462 30.693721
slice7/query/img_03674_c1_1292959257727642us.jpg 0.222829 0.185224 -0.682288 0.671210 400.798861 -70.221531 30.735320
slice7/query/img_03675_c1_1292959257794267us.jpg 0.222783 0.185136 -0.682646 0.670885 401.653308 -70.413374 30.753777
slice7/query/img_03676_c1_1292959257861017us.jpg 0.222760 0.185213 -0.682852 0.670662 402.504907 -70.606528 30.773977
slice7/query/img_03677_c1_1292959257994290us.jpg 0.222652 0.185617 -0.682720 0.670720 404.212791 -70.993493 30.810677
slice7/query/img_03678_c1_1292959258061018us.jpg 0.222645 0.186061 -0.682380 0.670946 405.066898 -71.186076 30.830451
slice7/query/img_03679_c1_1292959258127643us.jpg 0.222790 0.186002 -0.682245 0.671051 405.921370 -71.375934 30.849197
slice7/query/img_03680_c1_1292959258261041us.jpg 0.222429 0.186319 -0.682197 0.671132 407.637408 -71.750233 30.890111
slice7/query/img_03681_c1_1292959258394274us.jpg 0.221684 0.187432 -0.682246 0.671018 409.355825 -72.132286 30.932364
slice7/query/img_03682_c1_1292959258461023us.jpg 0.221368 0.187926 -0.682314 0.670915 410.216218 -72.323956 30.951185
slice7/query/img_03683_c1_1292959258527648us.jpg 0.221060 0.188056 -0.682668 0.670621 411.076066 -72.515472 30.968720
slice7/query/img_03684_c1_1292959258661047us.jpg 0.220685 0.188318 -0.683539 0.669783 412.794579 -72.904981 31.000432
slice7/query/img_03685_c1_1292959258727650us.jpg 0.220224 0.189127 -0.683740 0.669502 413.654571 -73.099432 31.016229
slice7/query/img_03686_c1_1292959258794275us.jpg 0.219933 0.189629 -0.683833 0.669359 414.514742 -73.293505 31.027630
slice7/query/img_03687_c1_1292959258861026us.jpg 0.220299 0.189367 -0.684094 0.669047 415.370966 -73.489165 31.037904
slice7/query/img_03688_c1_1292959258994280us.jpg 0.220825 0.187906 -0.684533 0.668837 417.099511 -73.870357 31.053792
slice7/query/img_03689_c1_1292959259061028us.jpg 0.220794 0.187831 -0.684529 0.668872 417.963947 -74.065418 31.063880
slice7/query/img_03690_c1_1292959259127652us.jpg 0.220789 0.188062 -0.684449 0.668891 418.828691 -74.262175 31.076288
slice7/query/img_03691_c1_1292959259194278us.jpg 0.220652 0.188393 -0.684397 0.668896 419.692053 -74.455011 31.091025
slice7/query/img_03692_c1_1292959259327658us.jpg 0.219669 0.189167 -0.684365 0.669033 421.428606 -74.840634 31.115510
slice7/query/img_03693_c1_1292959259394280us.jpg 0.218950 0.189751 -0.684464 0.669002 422.297107 -75.032961 31.129660
slice7/query/img_03694_c1_1292959259461029us.jpg 0.218267 0.190342 -0.684288 0.669238 423.164360 -75.224461 31.142431
slice7/query/img_03695_c1_1292959259527654us.jpg 0.217743 0.190636 -0.684003 0.669617 424.031535 -75.418899 31.151298
slice7/query/img_03696_c1_1292959259662278us.jpg 0.217166 0.190545 -0.683857 0.669978 425.770813 -75.806814 31.165811
slice7/query/img_03697_c1_1292959259727677us.jpg 0.217209 0.190452 -0.684023 0.669821 426.638298 -76.006758 31.170349
slice7/query/img_03698_c1_1292959259794281us.jpg 0.217748 0.189976 -0.684408 0.669388 427.504868 -76.207516 31.174121
slice7/query/img_03699_c1_1292959259861031us.jpg 0.217978 0.189616 -0.684940 0.668871 428.373401 -76.408382 31.179836
slice7/query/img_03700_c1_1292959259927657us.jpg 0.217948 0.189529 -0.685314 0.668522 429.241642 -76.607444 31.186123
slice7/query/img_03701_c1_1292959260061038us.jpg 0.217241 0.189277 -0.686060 0.668059 430.984243 -77.003784 31.201107
slice7/query/img_03702_c1_1292959260127661us.jpg 0.216975 0.189291 -0.686072 0.668128 431.855747 -77.202725 31.209658
slice7/query/img_03703_c1_1292959260194285us.jpg 0.216560 0.189195 -0.686076 0.668286 432.724085 -77.400961 31.215691
slice7/query/img_03704_c1_1292959260327682us.jpg 0.215262 0.189834 -0.685872 0.668734 434.469016 -77.794151 31.230528
slice7/query/img_03705_c1_1292959260394308us.jpg 0.214495 0.190255 -0.685821 0.668913 435.341770 -77.988996 31.239354
slice7/query/img_03706_c1_1292959260461036us.jpg 0.214278 0.190484 -0.685483 0.669264 436.210505 -78.189039 31.244969
slice7/query/img_03707_c1_1292959260527662us.jpg 0.213690 0.190425 -0.685229 0.669729 437.079975 -78.388459 31.248241
slice7/query/img_03708_c1_1292959260661041us.jpg 0.211629 0.190786 -0.685919 0.669574 438.817548 -78.787073 31.258773
slice7/query/img_03709_c1_1292959260727685us.jpg 0.210476 0.191125 -0.686630 0.669112 439.683925 -78.990941 31.262744
slice7/query/img_03710_c1_1292959260794288us.jpg 0.209954 0.191479 -0.687296 0.668490 440.546680 -79.197539 31.264676
slice7/query/img_03711_c1_1292959260861040us.jpg 0.209484 0.191302 -0.688258 0.667698 441.409901 -79.402479 31.261928
slice7/query/img_03712_c1_1292959260927664us.jpg 0.209671 0.190953 -0.689208 0.666759 442.266401 -79.614477 31.258419
slice7/query/img_03713_c1_1292959261061043us.jpg 0.209774 0.189995 -0.690858 0.665291 443.977349 -80.034218 31.246988
slice7/query/img_03714_c1_1292959261127688us.jpg 0.208995 0.190258 -0.691082 0.665228 444.833723 -80.238303 31.240989
slice7/query/img_03715_c1_1292959261194291us.jpg 0.207794 0.190728 -0.691253 0.665292 445.689388 -80.441276 31.238514
slice7/query/img_03716_c1_1292959261261041us.jpg 0.206642 0.191774 -0.690662 0.665963 446.543461 -80.644207 31.235404
slice7/query/img_03717_c1_1292959261394297us.jpg 0.204578 0.192417 -0.688920 0.668216 448.248204 -81.041224 31.224133
slice7/query/img_03718_c1_1292959261461043us.jpg 0.204124 0.192325 -0.688030 0.669297 449.097211 -81.240490 31.216161
slice7/query/img_03719_c1_1292959261527669us.jpg 0.203841 0.191855 -0.687343 0.670223 449.944098 -81.441109 31.204878
slice7/query/img_03720_c1_1292959261594295us.jpg 0.203824 0.191528 -0.686904 0.670773 450.788512 -81.650251 31.196139
slice7/query/img_03721_c1_1292959261727674us.jpg 0.203939 0.190392 -0.687237 0.670720 452.474952 -82.064971 31.177109
slice7/query/img_03722_c1_1292959261794296us.jpg 0.203955 0.190288 -0.687562 0.670411 453.316196 -82.277748 31.171321
slice7/query/img_03723_c1_1292959261861046us.jpg 0.203300 0.190333 -0.688040 0.670107 454.160432 -82.486514 31.164024
slice7/query/img_03724_c1_1292959261927672us.jpg 0.202334 0.190873 -0.688296 0.669983 455.001652 -82.698645 31.157001
slice7/query/img_03725_c1_1292959262061072us.jpg 0.200416 0.192157 -0.687529 0.670979 456.680837 -83.111752 31.145461
slice7/query/img_03726_c1_1292959262127673us.jpg 0.199482 0.192542 -0.686828 0.671865 457.519249 -83.315856 31.136560
slice7/query/img_03727_c1_1292959262194299us.jpg 0.199110 0.192211 -0.686504 0.672400 458.357234 -83.522750 31.123670
slice7/query/img_03728_c1_1292959262261049us.jpg 0.199128 0.191774 -0.686377 0.672650 459.192769 -83.730928 31.107960
slice7/query/img_03729_c1_1292959262394302us.jpg 0.200461 0.190704 -0.686199 0.672740 460.861938 -84.152449 31.077050
slice7/query/img_03730_c1_1292959262461052us.jpg 0.200535 0.190789 -0.687100 0.671773 461.696475 -84.369728 31.064761
slice7/query/img_03731_c1_1292959262527676us.jpg 0.200339 0.190932 -0.688562 0.670293 462.531537 -84.590237 31.052162
slice7/query/img_03732_c1_1292959262594302us.jpg 0.199910 0.190978 -0.690029 0.668897 463.366869 -84.804110 31.037830
slice7/query/img_03733_c1_1292959262727699us.jpg 0.199872 0.191155 -0.690717 0.668147 465.035064 -85.226013 31.008938
slice7/query/img_03734_c1_1292959262794303us.jpg 0.199897 0.191552 -0.689824 0.668949 465.868094 -85.433872 30.991693
slice7/query/img_03735_c1_1292959262861054us.jpg 0.199781 0.191911 -0.688752 0.669984 466.699891 -85.639521 30.977198
slice7/query/img_03736_c1_1292959262927679us.jpg 0.199602 0.191570 -0.688428 0.670468 467.528095 -85.842913 30.961897
slice7/query/img_03737_c1_1292959263061078us.jpg 0.198485 0.191809 -0.688802 0.670347 469.195143 -86.257620 30.935530
slice7/query/img_03738_c1_1292959263127680us.jpg 0.198092 0.192625 -0.689107 0.669915 470.027310 -86.468337 30.919831
slice7/query/img_03739_c1_1292959263261059us.jpg 0.198295 0.193348 -0.690599 0.668108 471.687675 -86.896920 30.880534
slice7/query/img_03740_c1_1292959263327683us.jpg 0.198452 0.193132 -0.691614 0.667073 472.518384 -87.106991 30.858809
slice7/query/img_03741_c1_1292959263461084us.jpg 0.198518 0.192991 -0.692234 0.666451 474.178318 -87.524177 30.815558
slice7/query/img_03742_c1_1292959263527684us.jpg 0.198436 0.193268 -0.691450 0.667209 475.009062 -87.727776 30.794971
slice7/query/img_03743_c1_1292959263661082us.jpg 0.198800 0.192880 -0.689262 0.669473 476.665224 -88.135966 30.749700
slice7/query/img_03744_c1_1292959263727685us.jpg 0.199090 0.192981 -0.688308 0.670338 477.492984 -88.342043 30.728192
slice7/query/img_03745_c1_1292959263861588us.jpg 0.198822 0.193742 -0.687884 0.670634 479.155704 -88.751206 30.692057
slice7/query/img_03746_c1_1292959263927710us.jpg 0.198712 0.194016 -0.688426 0.670030 479.986096 -88.960978 30.676971
slice7/query/img_03747_c1_1292959263994313us.jpg 0.198503 0.194320 -0.688988 0.669427 480.817348 -89.169128 30.658195
slice7/query/img_03748_c1_1292959264061063us.jpg 0.198647 0.194417 -0.689308 0.669026 481.647190 -89.382044 30.638082
slice7/query/img_03749_c1_1292959264194337us.jpg 0.198874 0.194091 -0.689237 0.669126 483.311022 -89.790358 30.594132
slice7/query/img_03750_c1_1292959264261066us.jpg 0.199312 0.194125 -0.688740 0.669498 484.139044 -89.999946 30.572041
slice7/query/img_03751_c1_1292959264327689us.jpg 0.199633 0.193757 -0.688471 0.669786 484.969981 -90.203646 30.552746
slice7/query/img_03752_c1_1292959264394314us.jpg 0.199752 0.193864 -0.688344 0.669849 485.800606 -90.409580 30.535337
slice7/query/img_03753_c1_1292959264527714us.jpg 0.199594 0.193819 -0.689315 0.668910 487.464029 -90.825185 30.505986
slice7/query/img_03754_c1_1292959264594317us.jpg 0.199987 0.193790 -0.689650 0.668456 488.295153 -91.035739 30.490760
slice7/query/img_03755_c1_1292959264661067us.jpg 0.200361 0.193512 -0.689773 0.668298 489.123518 -91.244694 30.470779
slice7/query/img_03756_c1_1292959264794319us.jpg 0.201900 0.192781 -0.689453 0.668375 490.779312 -91.652865 30.439201
slice7/query/img_03757_c1_1292959264861069us.jpg 0.202206 0.192602 -0.689397 0.668393 491.609863 -91.860741 30.422328
slice7/query/img_03758_c1_1292959264927693us.jpg 0.202032 0.192809 -0.689398 0.668385 492.441407 -92.065606 30.407676
slice7/query/img_03759_c1_1292959264994318us.jpg 0.201929 0.192921 -0.689473 0.668306 493.269805 -92.271517 30.395526
slice7/query/img_03760_c1_1292959265128223us.jpg 0.201559 0.193528 -0.688850 0.668884 494.935396 -92.673540 30.372371
slice7/query/img_03761_c1_1292959265194326us.jpg 0.201400 0.194088 -0.688731 0.668893 495.763979 -92.877456 30.361642
slice7/query/img_03762_c1_1292959265261070us.jpg 0.201210 0.194516 -0.688797 0.668758 496.594917 -93.079416 30.347407
slice7/query/img_03763_c1_1292959265327696us.jpg 0.201262 0.194457 -0.689032 0.668518 497.421808 -93.284849 30.331425
slice7/query/img_03764_c1_1292959265461320us.jpg 0.201632 0.194262 -0.688572 0.668936 499.076519 -93.681016 30.298483
slice7/query/img_03765_c1_1292959265527887us.jpg 0.201731 0.194211 -0.687973 0.669537 499.901839 -93.878276 30.285257
slice7/query/img_03766_c1_1292959265594510us.jpg 0.201291 0.194703 -0.687648 0.669860 500.727293 -94.075357 30.270287
slice7/query/img_03767_c1_1292959265661259us.jpg 0.199723 0.194825 -0.690151 0.667717 501.551994 -94.279007 30.253918
slice7/query/img_03768_c1_1292959265794534us.jpg 0.198797 0.193960 -0.693111 0.665174 503.194617 -94.694043 30.223615
slice7/query/img_03769_c1_1292959265861283us.jpg 0.201366 0.192945 -0.691121 0.666765 504.008085 -94.904190 30.193163
slice7/query/img_03770_c1_1292959265927887us.jpg 0.203019 0.192508 -0.690431 0.667105 504.822671 -95.108199 30.167698
slice7/query/img_03771_c1_1292959265994513us.jpg 0.203687 0.191050 -0.690189 0.667570 505.633642 -95.310172 30.145055
slice7/query/img_03772_c1_1292959266127890us.jpg 0.200573 0.192827 -0.689055 0.669172 507.273739 -95.697796 30.130769
slice7/query/img_03773_c1_1292959266194534us.jpg 0.198380 0.194860 -0.687769 0.670558 508.092990 -95.895339 30.128230
slice7/query/img_03774_c1_1292959266261264us.jpg 0.196554 0.196337 -0.686830 0.671627 508.911791 -96.091052 30.120886
slice7/query/img_03775_c1_1292959266327890us.jpg 0.196226 0.196660 -0.686288 0.672183 509.724268 -96.290364 30.107571
slice7/query/img_03776_c1_1292959266461287us.jpg 0.197474 0.195304 -0.686602 0.671892 511.347458 -96.696688 30.064469
slice7/query/img_03777_c1_1292959266527893us.jpg 0.198308 0.194865 -0.687376 0.670982 512.156322 -96.903567 30.043205
slice7/query/img_03778_c1_1292959266594518us.jpg 0.198755 0.194647 -0.688345 0.669918 512.965058 -97.109321 30.024317
slice7/query/img_03779_c1_1292959266727918us.jpg 0.199848 0.194823 -0.689177 0.668685 514.577426 -97.520091 29.989196
slice7/query/img_03780_c1_1292959266794542us.jpg 0.200151 0.194950 -0.689324 0.668406 515.382212 -97.721454 29.972244
slice7/query/img_03781_c1_1292959266861271us.jpg 0.200848 0.195102 -0.689197 0.668283 516.184430 -97.926261 29.957113
slice7/query/img_03782_c1_1292959267061308us.jpg 0.203069 0.195906 -0.688562 0.668031 518.597257 -98.515572 29.905510
slice7/query/img_03783_c1_1292959267327935us.jpg 0.206156 0.197835 -0.689933 0.665097 521.810163 -99.295548 29.838818
slice7/query/img_03784_c1_1292959267394531us.jpg 0.206859 0.198638 -0.689771 0.664807 522.612666 -99.482450 29.823731
slice7/query/img_03785_c1_1292959267461277us.jpg 0.207676 0.199098 -0.689702 0.664486 523.413102 -99.667796 29.809097
slice7/query/img_03786_c1_1292959267594973us.jpg 0.208998 0.200639 -0.688871 0.664471 525.015179 -100.026030 29.778366
slice7/query/img_03787_c1_1292959267727925us.jpg 0.210430 0.202150 -0.687824 0.664645 526.611061 -100.377810 29.750132
slice7/query/img_03788_c1_1292959267794530us.jpg 0.211375 0.202769 -0.687329 0.664668 527.403728 -100.553704 29.735004
slice7/query/img_03789_c1_1292959267861281us.jpg 0.212147 0.203230 -0.686983 0.664640 528.195231 -100.727378 29.721056
slice7/query/img_03790_c1_1292959267994538us.jpg 0.213998 0.203625 -0.686573 0.664349 529.780460 -101.068415 29.695193
slice7/query/img_03791_c1_1292959268061284us.jpg 0.214436 0.204017 -0.686210 0.664462 530.570466 -101.240492 29.683402
slice7/query/img_03792_c1_1292959268127910us.jpg 0.213990 0.205336 -0.686046 0.664370 531.360660 -101.408772 29.676152
slice7/query/img_03793_c1_1292959268261292us.jpg 0.211362 0.207548 -0.687113 0.663419 532.947361 -101.735365 29.660052
slice7/query/img_03794_c1_1292959268327934us.jpg 0.210310 0.208151 -0.687074 0.663605 533.735330 -101.898825 29.647357
slice7/query/img_03795_c1_1292959268394538us.jpg 0.209498 0.208367 -0.686707 0.664174 534.517922 -102.061550 29.631356
slice7/query/img_03796_c1_1292959268527919us.jpg 0.209135 0.208084 -0.685742 0.665373 536.083302 -102.377164 29.595164
slice7/query/img_03797_c1_1292959268594541us.jpg 0.209280 0.207371 -0.685678 0.665617 536.858001 -102.541587 29.575603
slice7/query/img_03798_c1_1292959268661293us.jpg 0.209350 0.206665 -0.685770 0.665719 537.632453 -102.702650 29.555651
slice7/query/img_03799_c1_1292959268794565us.jpg 0.208863 0.205354 -0.686490 0.665535 539.175268 -103.034175 29.522710
slice7/query/img_03800_c1_1292959268861296us.jpg 0.208128 0.205309 -0.686767 0.665494 539.944199 -103.202300 29.508635
slice7/query/img_03801_c1_1292959268927918us.jpg 0.207365 0.205216 -0.687102 0.665415 540.711275 -103.369638 29.493172
slice7/query/img_03802_c1_1292959269061301us.jpg 0.206457 0.204259 -0.687866 0.665202 542.236395 -103.706769 29.463390
slice7/query/img_03803_c1_1292959269127925us.jpg 0.206359 0.203352 -0.688104 0.665264 542.995995 -103.877139 29.444025
slice7/query/img_03804_c1_1292959269194546us.jpg 0.206294 0.202566 -0.688227 0.665397 543.752248 -104.045467 29.425658
slice7/query/img_03805_c1_1292959269261297us.jpg 0.205974 0.202114 -0.688322 0.665535 544.507232 -104.213444 29.408271
slice7/query/img_03806_c1_1292959269394554us.jpg 0.204664 0.200769 -0.689205 0.665433 546.012180 -104.557393 29.375702
slice7/query/img_03807_c1_1292959269461299us.jpg 0.203980 0.200173 -0.689499 0.665518 546.760700 -104.728594 29.360585
slice7/query/img_03808_c1_1292959269527924us.jpg 0.203420 0.199353 -0.689520 0.665913 547.502077 -104.898615 29.345782
slice7/query/img_03809_c1_1292959269661305us.jpg 0.202462 0.197618 -0.688981 0.667279 548.979939 -105.244566 29.315213
slice7/query/img_03810_c1_1292959269727930us.jpg 0.201598 0.196528 -0.689429 0.667400 549.715894 -105.418439 29.302264
slice7/query/img_03811_c1_1292959269794553us.jpg 0.200206 0.195751 -0.690335 0.667111 550.449588 -105.594597 29.288129
slice7/query/img_03812_c1_1292959269861304us.jpg 0.198932 0.195301 -0.691207 0.666721 551.177897 -105.774427 29.274121
slice7/query/img_03813_c1_1292959269994579us.jpg 0.196796 0.193742 -0.692054 0.666931 552.628387 -106.132839 29.247191
slice7/query/img_03814_c1_1292959270061328us.jpg 0.195937 0.192696 -0.692168 0.667368 553.348423 -106.313845 29.230283
slice7/query/img_03815_c1_1292959270127931us.jpg 0.194736 0.191347 -0.692604 0.667655 554.065560 -106.493915 29.213812
slice7/query/img_03816_c1_1292959270194557us.jpg 0.193207 0.190251 -0.692790 0.668220 554.777465 -106.675952 29.197063
slice7/query/img_03817_c1_1292959270327958us.jpg 0.189810 0.188499 -0.692196 0.670302 556.196755 -107.036919 29.167248
slice7/query/img_03818_c1_1292959270394560us.jpg 0.187889 0.187430 -0.691989 0.671356 556.901924 -107.220021 29.153416
slice7/query/img_03819_c1_1292959270461311us.jpg 0.185490 0.186768 -0.692313 0.671874 557.605093 -107.405855 29.140604
slice7/query/img_03820_c1_1292959270527936us.jpg 0.183040 0.185329 -0.692506 0.672744 558.302208 -107.594908 29.124809
slice7/query/img_03821_c1_1292959270661336us.jpg 0.179378 0.182539 -0.692182 0.674824 559.690344 -107.986945 29.091243
slice7/query/img_03822_c1_1292959270727938us.jpg 0.177982 0.180082 -0.691495 0.676556 560.377915 -108.181132 29.069975
slice7/query/img_03823_c1_1292959270794563us.jpg 0.175883 0.177389 -0.691411 0.677901 561.061810 -108.376710 29.050928
slice7/query/img_03824_c1_1292959270861315us.jpg 0.173495 0.174159 -0.692006 0.678746 561.739321 -108.581198 29.030500
slice7/query/img_03825_c1_1292959270994589us.jpg 0.167084 0.168363 -0.696841 0.676867 563.097454 -109.014777 28.995366
slice7/query/img_03826_c1_1292959271061316us.jpg 0.164329 0.167270 -0.697936 0.676684 563.772955 -109.242697 28.979672
slice7/query/img_03827_c1_1292959271127944us.jpg 0.162030 0.166159 -0.698925 0.676492 564.444227 -109.478763 28.958617
slice7/query/img_03828_c1_1292959271261449us.jpg 0.158493 0.159945 -0.702429 0.675197 565.779064 -109.954795 28.899135
slice7/query/img_03829_c1_1292959271327966us.jpg 0.156706 0.156546 -0.703149 0.675661 566.440928 -110.191088 28.871477
slice7/query/img_03830_c1_1292959271394571us.jpg 0.154701 0.153087 -0.702068 0.678036 567.105736 -110.423068 28.841716
slice7/query/img_03831_c1_1292959271461321us.jpg 0.151678 0.150779 -0.700629 0.680719 567.766520 -110.657698 28.818510
slice7/query/img_03832_c1_1292959271595403us.jpg 0.143653 0.147642 -0.699487 0.684312 569.090357 -111.144032 28.780273
slice7/query/img_03833_c1_1292959271661345us.jpg 0.138709 0.147912 -0.699647 0.685110 569.751809 -111.398770 28.767847
slice7/query/img_03834_c1_1292959271727949us.jpg 0.135456 0.147579 -0.699650 0.685830 570.408289 -111.660986 28.747856
slice7/query/img_03835_c1_1292959271794575us.jpg 0.132754 0.144945 -0.700290 0.686267 571.051615 -111.926993 28.722045
slice7/query/img_03836_c1_1292959271927954us.jpg 0.129310 0.133870 -0.703229 0.686169 572.329907 -112.477987 28.651656
