slice7/query/img_02897_c1_1299250786979356us.jpg 0.237833 0.180388 -0.674699 0.675038 357.923176 -61.023835 28.917045
slice7/query/img_02898_c1_1299250787112640us.jpg 0.236224 0.181410 -0.674004 0.676023 359.726141 -61.387961 29.026381
slice7/query/img_02899_c1_1299250787179380us.jpg 0.235380 0.182014 -0.674075 0.676085 360.627408 -61.572445 29.074506
slice7/query/img_02900_c1_1299250787246002us.jpg 0.235135 0.182232 -0.674667 0.675520 361.519233 -61.779956 29.128065
slice7/query/img_02901_c1_1299250787312605us.jpg 0.234906 0.182512 -0.675286 0.674905 362.415353 -61.969967 29.173620
slice7/query/img_02902_c1_1299250787379355us.jpg 0.234979 0.182727 -0.675953 0.674153 363.301697 -62.168045 29.218265
slice7/query/img_02903_c1_1299250787512609us.jpg 0.236133 0.181857 -0.676415 0.673522 365.108662 -62.547640 29.292033
slice7/query/img_02904_c1_1299250787579380us.jpg 0.236101 0.181486 -0.676141 0.673909 366.005980 -62.736290 29.334537
slice7/query/img_02905_c1_1299250787645982us.jpg 0.235504 0.181773 -0.675794 0.674388 366.907339 -62.922182 29.379686
slice7/query/img_02906_c1_1299250787712607us.jpg 0.234180 0.182592 -0.675161 0.675261 367.816739 -63.100674 29.425298
slice7/query/img_02907_c1_1299250787846009us.jpg 0.232700 0.184259 -0.674550 0.675930 369.623983 -63.479766 29.521708
slice7/query/img_02908_c1_1299250787912613us.jpg 0.232466 0.184150 -0.674601 0.675989 370.529753 -63.665715 29.560311
slice7/query/img_02909_c1_1299250787979365us.jpg 0.232228 0.184385 -0.674684 0.675925 371.432360 -63.860766 29.599405
slice7/query/img_02910_c1_1299250788045983us.jpg 0.232591 0.184059 -0.675109 0.675463 372.334737 -64.058152 29.639723
slice7/query/img_02911_c1_1299250788179385us.jpg 0.233802 0.183324 -0.676042 0.674311 374.139350 -64.457857 29.720426
slice7/query/img_02912_c1_1299250788246008us.jpg 0.234058 0.183097 -0.676456 0.673870 375.043631 -64.657389 29.758490
slice7/query/img_02913_c1_1299250788312610us.jpg 0.234041 0.183146 -0.676550 0.673768 375.950497 -64.855256 29.799817
slice7/query/img_02914_c1_1299250788379360us.jpg 0.234029 0.183028 -0.676665 0.673688 376.857073 -65.053805 29.839849
slice7/query/img_02915_c1_1299250788512612us.jpg 0.232707 0.184224 -0.676559 0.673926 378.679581 -65.440679 29.927634
slice7/query/img_02916_c1_1299250788579386us.jpg 0.232355 0.184449 -0.676724 0.673820 379.588338 -65.637672 29.969129
slice7/query/img_02917_c1_1299250788645986us.jpg 0.232177 0.184737 -0.676817 0.673710 380.493606 -65.836745 30.008858
slice7/query/img_02918_c1_1299250788712612us.jpg 0.232449 0.184494 -0.677052 0.673446 381.396746 -66.034560 30.047241
slice7/query/img_02919_c1_1299250788779363us.jpg 0.232044 0.184859 -0.677240 0.673297 382.304112 -66.231202 30.082955
slice7/query/img_02920_c1_1299250788912620us.jpg 0.230648 0.185954 -0.677883 0.672828 384.120915 -66.621030 30.164670
slice7/query/img_02921_c1_1299250788979387us.jpg 0.230637 0.186333 -0.677871 0.672739 385.025939 -66.818815 30.201270
slice7/query/img_02922_c1_1299250789045991us.jpg 0.230308 0.186344 -0.677954 0.672765 385.931974 -67.011203 30.236404
slice7/query/img_02923_c1_1299250789112615us.jpg 0.230076 0.186731 -0.678023 0.672667 386.828352 -67.207991 30.270495
slice7/query/img_02924_c1_1299250789245996us.jpg 0.229537 0.186428 -0.678240 0.672717 388.644278 -67.591652 30.340735
slice7/query/img_02925_c1_1299250789312621us.jpg 0.229473 0.186300 -0.678336 0.672677 389.547185 -67.786423 30.373576
slice7/query/img_02926_c1_1299250789379390us.jpg 0.229560 0.186256 -0.678619 0.672374 390.449449 -67.983938 30.405208
slice7/query/img_02927_c1_1299250789445992us.jpg 0.229377 0.186622 -0.679051 0.671899 391.351216 -68.184095 30.438016
slice7/query/img_02928_c1_1299250789512616us.jpg 0.229422 0.186619 -0.679480 0.671451 392.251187 -68.383178 30.470647
slice7/query/img_02929_c1_1299250789646018us.jpg 0.228869 0.186843 -0.679944 0.671107 394.059398 -68.772887 30.535756
slice7/query/img_02930_c1_1299250789712619us.jpg 0.228142 0.187159 -0.680029 0.671180 394.966205 -68.967215 30.568924
slice7/query/img_02931_c1_1299250789779369us.jpg 0.227172 0.187861 -0.680032 0.671310 395.873044 -69.157779 30.600274
slice7/query/img_02932_c1_1299250789845992us.jpg 0.226747 0.188251 -0.679912 0.671467 396.773240 -69.354682 30.628891
slice7/query/img_02933_c1_1299250789979375us.jpg 0.226398 0.188994 -0.679925 0.671362 398.571612 -69.754754 30.683360
slice7/query/img_02934_c1_1299250790046019us.jpg 0.226040 0.189139 -0.680294 0.671068 399.477103 -69.950120 30.707365
slice7/query/img_02935_c1_1299250790112620us.jpg 0.225649 0.189147 -0.680661 0.670825 400.381792 -70.144065 30.728545
slice7/query/img_02936_c1_1299250790179370us.jpg 0.225590 0.188983 -0.681110 0.670436 401.281878 -70.342624 30.748437
slice7/query/img_02937_c1_1299250790313471us.jpg 0.225326 0.188963 -0.681776 0.669853 403.085095 -70.750148 30.791468
slice7/query/img_02938_c1_1299250790379376us.jpg 0.225280 0.189046 -0.681884 0.669735 403.985758 -70.949064 30.810607
slice7/query/img_02939_c1_1299250790445997us.jpg 0.225158 0.189149 -0.681710 0.669924 404.887630 -71.148352 30.828195
slice7/query/img_02940_c1_1299250790512622us.jpg 0.225111 0.189074 -0.681678 0.669994 405.787357 -71.347026 30.848446
slice7/query/img_02941_c1_1299250790646002us.jpg 0.224513 0.189154 -0.681530 0.670322 407.592507 -71.737022 30.890076
slice7/query/img_02942_c1_1299250790712624us.jpg 0.224125 0.189456 -0.681506 0.670392 408.493876 -71.934384 30.911476
slice7/query/img_02943_c1_1299250790779382us.jpg 0.223405 0.189943 -0.681616 0.670381 409.398713 -72.128950 30.934221
slice7/query/img_02944_c1_1299250790846000us.jpg 0.222874 0.190277 -0.681752 0.670325 410.302663 -72.326233 30.953449
slice7/query/img_02945_c1_1299250790979379us.jpg 0.222078 0.190111 -0.682409 0.669968 412.106190 -72.724467 30.987124
slice7/query/img_02946_c1_1299250791046025us.jpg 0.221455 0.190307 -0.682851 0.669669 413.010041 -72.926316 31.003215
slice7/query/img_02947_c1_1299250791112625us.jpg 0.220776 0.190738 -0.683239 0.669374 413.912617 -73.126790 31.020863
slice7/query/img_02948_c1_1299250791179376us.jpg 0.220262 0.190904 -0.683379 0.669353 414.814398 -73.327015 31.033384
slice7/query/img_02949_c1_1299250791312656us.jpg 0.220315 0.189113 -0.683974 0.669236 416.623719 -73.729684 31.053978
slice7/query/img_02950_c1_1299250791379404us.jpg 0.220237 0.188571 -0.684155 0.669230 417.523252 -73.930348 31.063794
slice7/query/img_02951_c1_1299250791446003us.jpg 0.219849 0.188355 -0.684436 0.669131 418.425830 -74.136483 31.075125
slice7/query/img_02952_c1_1299250791512628us.jpg 0.219531 0.188357 -0.684457 0.669214 419.328415 -74.343617 31.087112
slice7/query/img_02953_c1_1299250791579379us.jpg 0.218824 0.188626 -0.684456 0.669370 420.230530 -74.546446 31.099000
slice7/query/img_02954_c1_1299250791712632us.jpg 0.216917 0.188731 -0.684885 0.669523 422.039362 -74.945571 31.126944
slice7/query/img_02955_c1_1299250791779379us.jpg 0.215933 0.188740 -0.684891 0.669832 422.942114 -75.150137 31.138145
slice7/query/img_02956_c1_1299250791846005us.jpg 0.215259 0.188633 -0.684774 0.670198 423.843241 -75.355591 31.150495
slice7/query/img_02957_c1_1299250791912631us.jpg 0.214655 0.188562 -0.684517 0.670674 424.743294 -75.562800 31.155006
slice7/query/img_02958_c1_1299250792046032us.jpg 0.214541 0.188025 -0.684883 0.670488 426.543738 -75.994804 31.168290
slice7/query/img_02959_c1_1299250792112631us.jpg 0.214626 0.187264 -0.685352 0.670194 427.445365 -76.208139 31.171293
slice7/query/img_02960_c1_1299250792179382us.jpg 0.214922 0.186908 -0.685839 0.669701 428.342658 -76.428544 31.176352
slice7/query/img_02961_c1_1299250792246008us.jpg 0.215039 0.186312 -0.686398 0.669257 429.242077 -76.648975 31.179738
slice7/query/img_02962_c1_1299250792379389us.jpg 0.214678 0.185942 -0.687094 0.668761 431.045863 -77.093564 31.193208
slice7/query/img_02963_c1_1299250792512657us.jpg 0.214003 0.185754 -0.687243 0.668876 432.858353 -77.529844 31.208256
slice7/query/img_02964_c1_1299250792579384us.jpg 0.213576 0.186063 -0.687366 0.668800 433.766525 -77.752307 31.216044
slice7/query/img_02965_c1_1299250792646010us.jpg 0.212987 0.186726 -0.687255 0.668917 434.679948 -77.970663 31.221487
slice7/query/img_02966_c1_1299250792779410us.jpg 0.212251 0.186897 -0.687329 0.669028 436.505456 -78.410490 31.232060
slice7/query/img_02967_c1_1299250792846034us.jpg 0.212095 0.186707 -0.687253 0.669208 437.419080 -78.629656 31.234507
slice7/query/img_02968_c1_1299250792912636us.jpg 0.211348 0.186731 -0.687424 0.669262 438.334290 -78.848399 31.236079
slice7/query/img_02969_c1_1299250792979387us.jpg 0.210561 0.187059 -0.687901 0.668928 439.251027 -79.071508 31.242102
slice7/query/img_02970_c1_1299250793112664us.jpg 0.209466 0.187561 -0.689340 0.667649 441.086209 -79.519361 31.245374
slice7/query/img_02971_c1_1299250793179390us.jpg 0.209460 0.187517 -0.690251 0.666721 442.004247 -79.746623 31.241567
slice7/query/img_02972_c1_1299250793246016us.jpg 0.209759 0.187456 -0.691099 0.665766 442.917868 -79.980639 31.234396
slice7/query/img_02973_c1_1299250793312638us.jpg 0.209858 0.187505 -0.691730 0.665065 443.833941 -80.211419 31.228756
slice7/query/img_02974_c1_1299250793379388us.jpg 0.209723 0.187671 -0.692299 0.664468 444.751549 -80.440862 31.221405
slice7/query/img_02975_c1_1299250793512665us.jpg 0.208699 0.189391 -0.691739 0.664886 446.593717 -80.884574 31.206402
slice7/query/img_02976_c1_1299250793579414us.jpg 0.207996 0.190388 -0.690915 0.665678 447.514687 -81.106444 31.202502
slice7/query/img_02977_c1_1299250793646015us.jpg 0.207579 0.190976 -0.689879 0.666713 448.435875 -81.324720 31.194989
slice7/query/img_02978_c1_1299250793712641us.jpg 0.207078 0.191219 -0.688956 0.667752 449.360879 -81.542024 31.186364
slice7/query/img_02979_c1_1299250793779391us.jpg 0.207183 0.191468 -0.687978 0.668656 450.280740 -81.762236 31.178159
slice7/query/img_02980_c1_1299250793912667us.jpg 0.207970 0.191618 -0.686907 0.669470 452.123222 -82.210969 31.159476
slice7/query/img_02981_c1_1299250793979415us.jpg 0.208208 0.191469 -0.686977 0.669367 453.048959 -82.434229 31.151651
slice7/query/img_02982_c1_1299250794046017us.jpg 0.208140 0.191674 -0.687401 0.668894 453.973137 -82.658352 31.144679
slice7/query/img_02983_c1_1299250794112643us.jpg 0.207628 0.192569 -0.687772 0.668414 454.899906 -82.884751 31.138978
slice7/query/img_02984_c1_1299250794246042us.jpg 0.206140 0.194814 -0.687268 0.668743 456.759484 -83.329795 31.130285
slice7/query/img_02985_c1_1299250794312644us.jpg 0.205099 0.195440 -0.686662 0.669502 457.690303 -83.549162 31.118896
slice7/query/img_02986_c1_1299250794379394us.jpg 0.204536 0.195285 -0.686251 0.670140 458.615249 -83.769035 31.104409
slice7/query/img_02987_c1_1299250794512651us.jpg 0.205169 0.194552 -0.685544 0.670883 460.471729 -84.217904 31.080068
slice7/query/img_02988_c1_1299250794579396us.jpg 0.205504 0.194578 -0.685794 0.670518 461.401924 -84.446369 31.063523
slice7/query/img_02989_c1_1299250794646021us.jpg 0.205366 0.194366 -0.687245 0.669135 462.334899 -84.674990 31.051349
slice7/query/img_02990_c1_1299250794712646us.jpg 0.205375 0.194336 -0.688923 0.667413 463.268909 -84.910125 31.037964
slice7/query/img_02991_c1_1299250794846027us.jpg 0.205446 0.194158 -0.690864 0.665433 465.144051 -85.365668 31.007070
slice7/query/img_02992_c1_1299250794912651us.jpg 0.205757 0.193935 -0.690564 0.665714 466.080090 -85.590274 30.989044
slice7/query/img_02993_c1_1299250794979399us.jpg 0.205470 0.193518 -0.689975 0.666534 467.014726 -85.812736 30.970665
slice7/query/img_02994_c1_1299250795046022us.jpg 0.204452 0.193478 -0.689609 0.667237 467.954336 -86.031563 30.955723
slice7/query/img_02995_c1_1299250795179424us.jpg 0.202440 0.194391 -0.689138 0.668071 469.834520 -86.478634 30.927177
slice7/query/img_02996_c1_1299250795246024us.jpg 0.201966 0.195057 -0.689266 0.667888 470.773118 -86.711320 30.910499
slice7/query/img_02997_c1_1299250795312649us.jpg 0.201726 0.195547 -0.689844 0.667220 471.711118 -86.948888 30.892734
slice7/query/img_02998_c1_1299250795446053us.jpg 0.201619 0.195251 -0.691889 0.665219 473.592757 -87.417489 30.843942
slice7/query/img_02999_c1_1299250795512673us.jpg 0.201778 0.194739 -0.692512 0.664672 474.533697 -87.650994 30.816506
slice7/query/img_03000_c1_1299250795579401us.jpg 0.201982 0.194241 -0.692514 0.664754 475.472682 -87.884448 30.790201
slice7/query/img_03001_c1_1299250795646026us.jpg 0.202296 0.193705 -0.691756 0.665604 476.411168 -88.117616 30.763481
slice7/query/img_03002_c1_1299250795779414us.jpg 0.202302 0.193302 -0.689508 0.668048 478.290733 -88.578273 30.719747
slice7/query/img_03003_c1_1299250795846027us.jpg 0.201507 0.193888 -0.688817 0.668830 479.235940 -88.808050 30.701663
slice7/query/img_03004_c1_1299250795912653us.jpg 0.200778 0.194320 -0.688695 0.669050 480.179279 -89.046685 30.683032
slice7/query/img_03005_c1_1299250796046033us.jpg 0.199742 0.194747 -0.689440 0.668467 482.070456 -89.517404 30.641479
slice7/query/img_03006_c1_1299250796112658us.jpg 0.199881 0.194196 -0.689877 0.668136 483.017009 -89.754456 30.616868
slice7/query/img_03007_c1_1299250796179403us.jpg 0.200252 0.193510 -0.690175 0.667916 483.958649 -89.995734 30.590445
slice7/query/img_03008_c1_1299250796246030us.jpg 0.200969 0.192809 -0.690277 0.667798 484.901737 -90.235016 30.570231
slice7/query/img_03009_c1_1299250796379414us.jpg 0.201115 0.192158 -0.690857 0.667342 486.789043 -90.714888 30.534651
slice7/query/img_03010_c1_1299250796446055us.jpg 0.200983 0.191952 -0.691369 0.666910 487.733090 -90.956875 30.518048
slice7/query/img_03011_c1_1299250796512655us.jpg 0.201047 0.191725 -0.691602 0.666715 488.677200 -91.197148 30.501800
slice7/query/img_03012_c1_1299250796579406us.jpg 0.201434 0.191292 -0.691495 0.666833 489.625518 -91.438512 30.482605
slice7/query/img_03013_c1_1299250796712661us.jpg 0.202350 0.190486 -0.691148 0.667146 491.515648 -91.919491 30.448627
slice7/query/img_03014_c1_1299250796779410us.jpg 0.202433 0.190327 -0.691447 0.666857 492.461716 -92.162670 30.432415
slice7/query/img_03015_c1_1299250796846033us.jpg 0.202498 0.190174 -0.691723 0.666594 493.407677 -92.403856 30.414774
slice7/query/img_03016_c1_1299250796912658us.jpg 0.202535 0.190069 -0.691793 0.666540 494.354433 -92.642298 30.399833
slice7/query/img_03017_c1_1299250797046126us.jpg 0.202045 0.191078 -0.691697 0.666500 496.252778 -93.118192 30.375438
slice7/query/img_03018_c1_1299250797112692us.jpg 0.201721 0.191428 -0.691837 0.666352 497.198460 -93.359022 30.358916
slice7/query/img_03019_c1_1299250797179409us.jpg 0.201996 0.191426 -0.691880 0.666225 498.142072 -93.600585 30.341337
slice7/query/img_03020_c1_1299250797246035us.jpg 0.202259 0.191358 -0.691794 0.666254 499.085217 -93.837163 30.323334
slice7/query/img_03021_c1_1299250797312660us.jpg 0.202636 0.191680 -0.691209 0.666654 500.030284 -94.070655 30.304880
slice7/query/img_03022_c1_1299250797446042us.jpg 0.201016 0.192820 -0.693568 0.664362 501.920784 -94.548582 30.268028
slice7/query/img_03023_c1_1299250797512697us.jpg 0.202079 0.193431 -0.694711 0.662665 502.865443 -94.790682 30.247719
slice7/query/img_03024_c1_1299250797579414us.jpg 0.204043 0.193912 -0.694252 0.662403 503.802713 -95.033238 30.222222
slice7/query/img_03025_c1_1299250797646038us.jpg 0.206190 0.193050 -0.693311 0.662976 504.734062 -95.270263 30.194668
slice7/query/img_03026_c1_1299250797779449us.jpg 0.208159 0.193539 -0.692642 0.662918 506.610669 -95.734589 30.156640
slice7/query/img_03027_c1_1299250797846039us.jpg 0.208216 0.194958 -0.692091 0.663059 507.550567 -95.956640 30.144832
slice7/query/img_03028_c1_1299250797912664us.jpg 0.207858 0.196939 -0.691424 0.663282 508.490238 -96.176488 30.135018
slice7/query/img_03029_c1_1299250797979415us.jpg 0.207622 0.198422 -0.690529 0.663846 509.431093 -96.391498 30.122804
slice7/query/img_03030_c1_1299250798046040us.jpg 0.207850 0.199363 -0.689192 0.664882 510.365575 -96.603376 30.105583
slice7/query/img_03031_c1_1299250798179423us.jpg 0.208567 0.201619 -0.687447 0.665782 512.230323 -97.033392 30.071165
slice7/query/img_03032_c1_1299250798246042us.jpg 0.209198 0.202249 -0.687578 0.665258 513.163769 -97.245598 30.053882
slice7/query/img_03033_c1_1299250798312666us.jpg 0.210085 0.202430 -0.688116 0.664366 514.095700 -97.459306 30.036143
slice7/query/img_03034_c1_1299250798379417us.jpg 0.210982 0.202443 -0.688637 0.663538 515.026281 -97.670743 30.015090
slice7/query/img_03035_c1_1299250798512700us.jpg 0.212750 0.201987 -0.689156 0.662573 516.880686 -98.084783 29.973873
slice7/query/img_03036_c1_1299250798579417us.jpg 0.213452 0.201858 -0.688905 0.662647 517.805657 -98.291961 29.956093
slice7/query/img_03037_c1_1299250798646044us.jpg 0.213642 0.201991 -0.688636 0.662825 518.729655 -98.495364 29.938479
slice7/query/img_03038_c1_1299250798712669us.jpg 0.213396 0.202305 -0.688575 0.662873 519.656515 -98.692676 29.923738
slice7/query/img_03039_c1_1299250798846070us.jpg 0.212959 0.202979 -0.688398 0.662990 521.501984 -99.090927 29.896025
slice7/query/img_03040_c1_1299250798912697us.jpg 0.212666 0.203321 -0.688328 0.663052 522.426249 -99.286540 29.881189
slice7/query/img_03041_c1_1299250798979419us.jpg 0.212491 0.203336 -0.688427 0.663001 523.346756 -99.485338 29.864369
slice7/query/img_03042_c1_1299250799046044us.jpg 0.212562 0.203164 -0.688463 0.662994 524.265954 -99.683207 29.848405
slice7/query/img_03043_c1_1299250799179424us.jpg 0.212444 0.202980 -0.688454 0.663097 526.101053 -100.078502 29.813728
slice7/query/img_03044_c1_1299250799246069us.jpg 0.212671 0.202592 -0.688364 0.663236 527.013738 -100.277022 29.795438
slice7/query/img_03045_c1_1299250799312755us.jpg 0.212767 0.202222 -0.688104 0.663588 527.925005 -100.476280 29.778233
slice7/query/img_03046_c1_1299250799379431us.jpg 0.212936 0.201582 -0.688059 0.663776 528.835503 -100.671861 29.762922
slice7/query/img_03047_c1_1299250799512686us.jpg 0.212840 0.200365 -0.688563 0.663652 530.650314 -101.078327 29.734137
slice7/query/img_03048_c1_1299250799579425us.jpg 0.212189 0.201214 -0.688446 0.663725 531.559246 -101.277450 29.723256
slice7/query/img_03049_c1_1299250799646048us.jpg 0.210820 0.202191 -0.688667 0.663635 532.468642 -101.480761 29.714352
slice7/query/img_03050_c1_1299250799712674us.jpg 0.209233 0.202310 -0.688894 0.663866 533.372970 -101.674605 29.701790
slice7/query/img_03051_c1_1299250799846072us.jpg 0.206448 0.202614 -0.688923 0.664614 535.177601 -102.080430 29.667587
slice7/query/img_03052_c1_1299250799912687us.jpg 0.205395 0.202577 -0.688661 0.665223 536.077333 -102.283776 29.652113
slice7/query/img_03053_c1_1299250799979435us.jpg 0.205003 0.202103 -0.688387 0.665771 536.975559 -102.488733 29.631185
slice7/query/img_03054_c1_1299250800046051us.jpg 0.205049 0.201031 -0.688458 0.666009 537.867689 -102.691109 29.608484
slice7/query/img_03055_c1_1299250800112684us.jpg 0.205022 0.199736 -0.688898 0.665951 538.757861 -102.894685 29.585775
slice7/query/img_03056_c1_1299250800246077us.jpg 0.204555 0.197634 -0.690180 0.665394 540.537177 -103.318179 29.549203
slice7/query/img_03057_c1_1299250800312679us.jpg 0.203711 0.197278 -0.690733 0.665185 541.427392 -103.523996 29.531902
slice7/query/img_03058_c1_1299250800379438us.jpg 0.203067 0.196637 -0.691281 0.665002 542.309925 -103.736626 29.514054
slice7/query/img_03059_c1_1299250800512689us.jpg 0.201639 0.195633 -0.691910 0.665079 544.072787 -104.161723 29.478279
slice7/query/img_03060_c1_1299250800579438us.jpg 0.200787 0.194965 -0.692344 0.665081 544.945965 -104.379328 29.459031
slice7/query/img_03061_c1_1299250800646055us.jpg 0.199849 0.194377 -0.692730 0.665134 545.816735 -104.593968 29.445195
slice7/query/img_03062_c1_1299250800780060us.jpg 0.197825 0.192344 -0.693557 0.665469 547.552680 -105.022050 29.414438
slice7/query/img_03063_c1_1299250800846057us.jpg 0.196863 0.191186 -0.693440 0.666208 548.416155 -105.239679 29.398114
slice7/query/img_03064_c1_1299250800912686us.jpg 0.195812 0.189965 -0.693270 0.667044 549.270100 -105.456263 29.376751
slice7/query/img_03065_c1_1299250800979437us.jpg 0.194182 0.188839 -0.693842 0.667246 550.124332 -105.678530 29.364501
slice7/query/img_03066_c1_1299250801113263us.jpg 0.190641 0.186264 -0.695824 0.666926 551.819250 -106.130292 29.338197
slice7/query/img_03067_c1_1299250801179463us.jpg 0.188850 0.184939 -0.696203 0.667409 552.656972 -106.361327 29.323851
slice7/query/img_03068_c1_1299250801246058us.jpg 0.187036 0.183366 -0.696540 0.668002 553.495889 -106.590833 29.307111
slice7/query/img_03069_c1_1299250801379439us.jpg 0.183676 0.180392 -0.697069 0.669191 555.155009 -107.070544 29.269137
slice7/query/img_03070_c1_1299250801446059us.jpg 0.181935 0.178940 -0.697007 0.670120 555.979834 -107.310997 29.248859
slice7/query/img_03071_c1_1299250801512735us.jpg 0.180151 0.177063 -0.697102 0.671002 556.800249 -107.552163 29.229432
slice7/query/img_03072_c1_1299250801579438us.jpg 0.177892 0.175747 -0.697766 0.671261 557.616115 -107.797220 29.210967
slice7/query/img_03073_c1_1299250801712694us.jpg 0.173458 0.174349 -0.698041 0.672498 559.241353 -108.301302 29.171175
slice7/query/img_03074_c1_1299250801846063us.jpg 0.170357 0.168772 -0.698207 0.674538 560.838142 -108.813536 29.127527
slice7/query/img_03075_c1_1299250801912695us.jpg 0.168994 0.165104 -0.699324 0.674632 561.635721 -109.077846 29.100505
slice7/query/img_03076_c1_1299250801979442us.jpg 0.166831 0.163075 -0.700952 0.673974 562.426731 -109.349386 29.079781
slice7/query/img_03077_c1_1299250802112712us.jpg 0.162016 0.161371 -0.703354 0.673055 564.015695 -109.875273 29.049394
slice7/query/img_03078_c1_1299250802179455us.jpg 0.159422 0.159880 -0.704508 0.672823 564.807861 -110.156447 29.024369
slice7/query/img_03079_c1_1299250802246063us.jpg 0.157365 0.157748 -0.705644 0.672620 565.584748 -110.435016 29.000071
slice7/query/img_03080_c1_1299250802312689us.jpg 0.154996 0.155589 -0.705813 0.673496 566.358171 -110.703750 28.963825
slice7/query/img_03081_c1_1299250802446091us.jpg 0.150550 0.150010 -0.704601 0.677029 567.896743 -111.271870 28.899814
slice7/query/img_03082_c1_1299250802579463us.jpg 0.144695 0.146895 -0.704777 0.678804 569.438451 -111.867486 28.847845
slice7/query/img_03083_c1_1299250802712715us.jpg 0.138340 0.144298 -0.704469 0.681002 570.958443 -112.473003 28.791980
