slice7/database/img_02560_c1_1303398695047258us.jpg 0.235219 0.172838 -0.677492 0.675133 357.308253 -60.830293 28.876740
slice7/database/img_02561_c1_1303398695180637us.jpg 0.233904 0.174894 -0.675962 0.676591 359.087686 -61.219465 28.984972
slice7/database/img_02562_c1_1303398695247264us.jpg 0.233192 0.175846 -0.675692 0.676860 359.975397 -61.413529 29.038215
slice7/database/img_02563_c1_1303398695313883us.jpg 0.232548 0.176831 -0.675808 0.676709 360.865432 -61.609903 29.088460
slice7/database/img_02564_c1_1303398695380634us.jpg 0.232584 0.177412 -0.676270 0.676084 361.750583 -61.806914 29.136998
slice7/database/img_02565_c1_1303398695513889us.jpg 0.233162 0.178181 -0.677385 0.674564 363.527015 -62.198569 29.227097
slice7/database/img_02566_c1_1303398695580635us.jpg 0.233888 0.178020 -0.677704 0.674035 364.420595 -62.394045 29.267546
slice7/database/img_02567_c1_1303398695647260us.jpg 0.234533 0.177815 -0.677685 0.673884 365.309819 -62.583110 29.308519
slice7/database/img_02568_c1_1303398695780640us.jpg 0.234136 0.178472 -0.676956 0.674580 367.104301 -62.957115 29.397288
slice7/database/img_02569_c1_1303398695847286us.jpg 0.233140 0.179640 -0.676227 0.675346 367.999040 -63.141626 29.444846
slice7/database/img_02570_c1_1303398695913886us.jpg 0.232380 0.180504 -0.675598 0.676007 368.899420 -63.324940 29.489712
slice7/database/img_02571_c1_1303398695980637us.jpg 0.231915 0.181180 -0.675357 0.676226 369.796136 -63.514215 29.533716
slice7/database/img_02572_c1_1303398696113891us.jpg 0.231920 0.181703 -0.675446 0.675995 371.584855 -63.886318 29.619518
slice7/database/img_02573_c1_1303398696180637us.jpg 0.232399 0.181748 -0.675853 0.675412 372.478128 -64.077898 29.659427
slice7/database/img_02574_c1_1303398696247262us.jpg 0.233007 0.181495 -0.676228 0.674895 373.372467 -64.269565 29.696857
slice7/database/img_02575_c1_1303398696380664us.jpg 0.233579 0.181113 -0.677123 0.673901 375.162479 -64.652096 29.774782
slice7/database/img_02576_c1_1303398696447287us.jpg 0.233546 0.181010 -0.677217 0.673846 376.057627 -64.837815 29.815464
slice7/database/img_02577_c1_1303398696513890us.jpg 0.233269 0.181033 -0.677078 0.674076 376.954846 -65.025146 29.857190
slice7/database/img_02578_c1_1303398696580640us.jpg 0.232751 0.181352 -0.676772 0.674476 377.848611 -65.209895 29.898449
slice7/database/img_02579_c1_1303398696713892us.jpg 0.231382 0.182161 -0.676636 0.674866 379.646102 -65.587510 29.983609
slice7/database/img_02580_c1_1303398696780641us.jpg 0.231003 0.182200 -0.676640 0.674981 380.542827 -65.778123 30.022078
slice7/database/img_02581_c1_1303398696847266us.jpg 0.230813 0.181985 -0.676928 0.674815 381.439103 -65.966000 30.059860
slice7/database/img_02582_c1_1303398696980644us.jpg 0.230071 0.182024 -0.677775 0.674207 383.232693 -66.352013 30.133897
slice7/database/img_02583_c1_1303398697047268us.jpg 0.229134 0.182399 -0.678181 0.674017 384.133802 -66.543418 30.174045
slice7/database/img_02584_c1_1303398697113893us.jpg 0.228409 0.182758 -0.678402 0.673943 385.031842 -66.734356 30.211795
slice7/database/img_02585_c1_1303398697247291us.jpg 0.227248 0.182386 -0.678625 0.674212 386.823015 -67.116945 30.277033
slice7/database/img_02586_c1_1303398697313894us.jpg 0.226723 0.182403 -0.678809 0.674199 387.715121 -67.310283 30.312081
slice7/database/img_02587_c1_1303398697380644us.jpg 0.226311 0.182197 -0.678792 0.674410 388.607078 -67.506166 30.342798
slice7/database/img_02588_c1_1303398697513896us.jpg 0.225566 0.182081 -0.679067 0.674414 390.388439 -67.897783 30.409515
slice7/database/img_02589_c1_1303398697580645us.jpg 0.225036 0.182080 -0.679569 0.674085 391.280388 -68.094721 30.441382
slice7/database/img_02590_c1_1303398697647271us.jpg 0.224579 0.182142 -0.680115 0.673670 392.167506 -68.293745 30.470961
slice7/database/img_02591_c1_1303398697780672us.jpg 0.223144 0.181879 -0.680981 0.673344 393.947230 -68.683407 30.534225
slice7/database/img_02592_c1_1303398697847279us.jpg 0.222143 0.182266 -0.681083 0.673467 394.831346 -68.878008 30.564008
slice7/database/img_02593_c1_1303398697913898us.jpg 0.221053 0.182547 -0.681150 0.673682 395.715197 -69.072852 30.593897
slice7/database/img_02594_c1_1303398697980647us.jpg 0.220134 0.182613 -0.681131 0.673983 396.593161 -69.268030 30.621751
slice7/database/img_02595_c1_1303398698113922us.jpg 0.219106 0.182844 -0.681123 0.674264 398.336064 -69.667693 30.671098
slice7/database/img_02596_c1_1303398698180648us.jpg 0.218570 0.182843 -0.681461 0.674097 399.208178 -69.868823 30.694327
slice7/database/img_02597_c1_1303398698247273us.jpg 0.218175 0.182640 -0.681906 0.673830 400.074764 -70.067245 30.715580
slice7/database/img_02598_c1_1303398698380675us.jpg 0.217801 0.182006 -0.683089 0.672924 401.807718 -70.475828 30.759449
slice7/database/img_02599_c1_1303398698447297us.jpg 0.217411 0.181740 -0.683549 0.672654 402.672052 -70.677819 30.778763
slice7/database/img_02600_c1_1303398698513901us.jpg 0.217325 0.181552 -0.683869 0.672408 403.532336 -70.880724 30.797354
slice7/database/img_02601_c1_1303398698580651us.jpg 0.217172 0.181494 -0.683939 0.672402 404.388423 -71.080822 30.815417
slice7/database/img_02602_c1_1303398698713910us.jpg 0.217249 0.181213 -0.683858 0.672535 406.101770 -71.481350 30.852467
slice7/database/img_02603_c1_1303398698780654us.jpg 0.217121 0.181255 -0.683966 0.672455 406.954549 -71.679904 30.873476
slice7/database/img_02604_c1_1303398698847278us.jpg 0.216834 0.181479 -0.684130 0.672320 407.807646 -71.877584 30.894365
slice7/database/img_02605_c1_1303398698980662us.jpg 0.216226 0.182558 -0.684205 0.672147 409.515587 -72.271709 30.931139
slice7/database/img_02606_c1_1303398699047279us.jpg 0.216106 0.182982 -0.684348 0.671925 410.365763 -72.472654 30.948323
slice7/database/img_02607_c1_1303398699113904us.jpg 0.216133 0.183138 -0.684659 0.671557 411.210786 -72.669800 30.962740
slice7/database/img_02608_c1_1303398699247287us.jpg 0.216144 0.183754 -0.685566 0.670459 412.905107 -73.067424 30.993578
slice7/database/img_02609_c1_1303398699313911us.jpg 0.216082 0.184708 -0.685809 0.669968 413.749295 -73.266680 31.008499
slice7/database/img_02610_c1_1303398699380656us.jpg 0.216357 0.185329 -0.685978 0.669535 414.590757 -73.464192 31.021926
slice7/database/img_02611_c1_1303398699447281us.jpg 0.216945 0.185307 -0.686044 0.669283 415.425595 -73.655579 31.032268
slice7/database/img_02612_c1_1303398699580682us.jpg 0.217974 0.184783 -0.685777 0.669367 417.103339 -74.041456 31.046987
slice7/database/img_02613_c1_1303398699647281us.jpg 0.217919 0.185315 -0.685526 0.669495 417.945299 -74.232804 31.057758
slice7/database/img_02614_c1_1303398699713907us.jpg 0.218207 0.185820 -0.685408 0.669382 418.781234 -74.425337 31.070301
slice7/database/img_02615_c1_1303398699847386us.jpg 0.218019 0.186672 -0.685228 0.669391 420.467128 -74.798628 31.099356
slice7/database/img_02616_c1_1303398699913909us.jpg 0.217633 0.186983 -0.685459 0.669193 421.307413 -74.985800 31.113532
slice7/database/img_02617_c1_1303398699980658us.jpg 0.216738 0.187693 -0.685520 0.669222 422.149588 -75.170245 31.127046
slice7/database/img_02618_c1_1303398700047284us.jpg 0.216104 0.188236 -0.685254 0.669547 422.988756 -75.356498 31.137082
slice7/database/img_02619_c1_1303398700180684us.jpg 0.215365 0.188537 -0.684867 0.670096 424.663021 -75.729983 31.155038
slice7/database/img_02620_c1_1303398700247291us.jpg 0.214906 0.188499 -0.684835 0.670287 425.499856 -75.915025 31.161305
slice7/database/img_02621_c1_1303398700313912us.jpg 0.214900 0.188206 -0.684880 0.670326 426.331318 -76.105401 31.165726
slice7/database/img_02622_c1_1303398700380661us.jpg 0.215006 0.187794 -0.685023 0.670261 427.159389 -76.294591 31.170545
slice7/database/img_02623_c1_1303398700513921us.jpg 0.214763 0.187293 -0.685483 0.670009 428.820999 -76.682566 31.180972
slice7/database/img_02624_c1_1303398700580661us.jpg 0.214541 0.186892 -0.686006 0.669656 429.650794 -76.875026 31.187920
slice7/database/img_02625_c1_1303398700647286us.jpg 0.214327 0.186499 -0.686362 0.669469 430.475335 -77.067147 31.193826
slice7/database/img_02626_c1_1303398700780667us.jpg 0.213849 0.186127 -0.686684 0.669396 432.132444 -77.458787 31.206374
slice7/database/img_02627_c1_1303398700847290us.jpg 0.213440 0.185874 -0.686893 0.669382 432.961411 -77.651777 31.212180
slice7/database/img_02628_c1_1303398700913913us.jpg 0.212702 0.186112 -0.687056 0.669383 433.791517 -77.845466 31.217647
slice7/database/img_02629_c1_1303398700980663us.jpg 0.212085 0.186351 -0.687222 0.669343 434.619492 -78.036079 31.225147
slice7/database/img_02630_c1_1303398701113939us.jpg 0.211013 0.186214 -0.687155 0.669788 436.275428 -78.419952 31.236426
slice7/database/img_02631_c1_1303398701180687us.jpg 0.210560 0.185676 -0.686877 0.670364 437.104093 -78.613973 31.235991
slice7/database/img_02632_c1_1303398701247290us.jpg 0.209938 0.185460 -0.686830 0.670668 437.929968 -78.808717 31.237218
slice7/database/img_02633_c1_1303398701313916us.jpg 0.208851 0.185564 -0.687286 0.670511 438.759263 -79.004876 31.241733
slice7/database/img_02634_c1_1303398701447301us.jpg 0.207462 0.185855 -0.688705 0.669405 440.415667 -79.404823 31.248427
slice7/database/img_02635_c1_1303398701513917us.jpg 0.207087 0.185589 -0.689591 0.668682 441.242302 -79.608722 31.244281
slice7/database/img_02636_c1_1303398701580666us.jpg 0.207158 0.185087 -0.690643 0.667713 442.066437 -79.813807 31.239394
slice7/database/img_02637_c1_1303398701713921us.jpg 0.207023 0.184452 -0.691999 0.666525 443.713602 -80.220546 31.230432
slice7/database/img_02638_c1_1303398701780669us.jpg 0.206530 0.184467 -0.692387 0.666271 444.540294 -80.424868 31.226070
slice7/database/img_02639_c1_1303398701847293us.jpg 0.205973 0.184998 -0.692462 0.666219 445.365246 -80.627484 31.222230
slice7/database/img_02640_c1_1303398701913919us.jpg 0.205015 0.185857 -0.691962 0.666794 446.193095 -80.825755 31.219338
slice7/database/img_02641_c1_1303398702047320us.jpg 0.203310 0.186947 -0.690115 0.668923 447.852620 -81.223946 31.207712
slice7/database/img_02642_c1_1303398702113921us.jpg 0.202692 0.187127 -0.689307 0.669892 448.680861 -81.422924 31.198444
slice7/database/img_02643_c1_1303398702180670us.jpg 0.202298 0.187134 -0.688751 0.670581 449.506837 -81.623102 31.189798
slice7/database/img_02644_c1_1303398702247296us.jpg 0.202391 0.187107 -0.688250 0.671074 450.331012 -81.826907 31.179752
slice7/database/img_02645_c1_1303398702380696us.jpg 0.203173 0.186483 -0.688001 0.671267 451.985011 -82.241444 31.158802
slice7/database/img_02646_c1_1303398702447297us.jpg 0.203267 0.186162 -0.688244 0.671079 452.813076 -82.447798 31.150854
slice7/database/img_02647_c1_1303398702513922us.jpg 0.203117 0.186268 -0.688520 0.670812 453.642128 -82.655703 31.142519
slice7/database/img_02648_c1_1303398702580673us.jpg 0.202627 0.186966 -0.688615 0.670668 454.471537 -82.863326 31.136486
slice7/database/img_02649_c1_1303398702713928us.jpg 0.200522 0.189529 -0.687963 0.671250 456.143595 -83.273472 31.127617
slice7/database/img_02650_c1_1303398702780673us.jpg 0.199885 0.190359 -0.686944 0.672248 456.977798 -83.472484 31.119213
slice7/database/img_02651_c1_1303398702913961us.jpg 0.199520 0.189925 -0.686477 0.672956 458.642813 -83.880699 31.093139
slice7/database/img_02652_c1_1303398702980674us.jpg 0.199932 0.189203 -0.686398 0.673118 459.474263 -84.087814 31.078353
slice7/database/img_02653_c1_1303398703047300us.jpg 0.200717 0.188986 -0.686361 0.672983 460.305710 -84.300684 31.063662
slice7/database/img_02654_c1_1303398703180741us.jpg 0.201200 0.188937 -0.688246 0.670924 461.979823 -84.729151 31.034524
slice7/database/img_02655_c1_1303398703247327us.jpg 0.201044 0.188933 -0.689989 0.669179 462.818230 -84.943831 31.022985
slice7/database/img_02656_c1_1303398703313926us.jpg 0.200806 0.189182 -0.691198 0.667932 463.658592 -85.156332 31.010951
slice7/database/img_02657_c1_1303398703380676us.jpg 0.200596 0.189245 -0.691558 0.667604 464.498686 -85.363407 30.998094
slice7/database/img_02658_c1_1303398703513962us.jpg 0.201321 0.189089 -0.690077 0.668961 466.181456 -85.777817 30.966359
slice7/database/img_02659_c1_1303398703647328us.jpg 0.200513 0.189179 -0.689502 0.669771 467.871907 -86.189271 30.935465
slice7/database/img_02660_c1_1303398703713937us.jpg 0.199658 0.189748 -0.689859 0.669497 468.719368 -86.397300 30.924606
slice7/database/img_02661_c1_1303398703780682us.jpg 0.199131 0.190177 -0.690097 0.669288 469.566301 -86.605482 30.910037
slice7/database/img_02662_c1_1303398703847305us.jpg 0.198798 0.190675 -0.690516 0.668812 470.417333 -86.820468 30.892470
slice7/database/img_02663_c1_1303398703980706us.jpg 0.198910 0.190865 -0.691713 0.667487 472.126184 -87.248890 30.851168
slice7/database/img_02664_c1_1303398704047305us.jpg 0.199121 0.190779 -0.692446 0.666688 472.979146 -87.464535 30.828190
slice7/database/img_02665_c1_1303398704113931us.jpg 0.199431 0.190457 -0.692777 0.666343 473.834911 -87.680405 30.804843
slice7/database/img_02666_c1_1303398704247309us.jpg 0.199477 0.190129 -0.691946 0.667286 475.555429 -88.102797 30.755506
slice7/database/img_02667_c1_1303398704313963us.jpg 0.199873 0.189769 -0.690925 0.668327 476.414346 -88.313868 30.733196
slice7/database/img_02668_c1_1303398704380682us.jpg 0.199913 0.189648 -0.689968 0.669337 477.277786 -88.524218 30.712117
slice7/database/img_02669_c1_1303398704447307us.jpg 0.199724 0.189791 -0.689239 0.670104 478.143330 -88.734570 30.692574
slice7/database/img_02670_c1_1303398704580709us.jpg 0.198977 0.190912 -0.688988 0.670266 479.882404 -89.166052 30.657351
slice7/database/img_02671_c1_1303398704647308us.jpg 0.198504 0.191328 -0.689476 0.669786 480.756318 -89.385840 30.641205
slice7/database/img_02672_c1_1303398704713942us.jpg 0.198138 0.191653 -0.689928 0.669336 481.629594 -89.604527 30.620614
slice7/database/img_02673_c1_1303398704780684us.jpg 0.198237 0.191517 -0.690281 0.668981 482.502037 -89.824943 30.597353
slice7/database/img_02674_c1_1303398704913966us.jpg 0.199032 0.190995 -0.690149 0.669030 484.251340 -90.265461 30.547353
slice7/database/img_02675_c1_1303398704980685us.jpg 0.199477 0.190607 -0.689934 0.669230 485.128047 -90.486072 30.524237
slice7/database/img_02676_c1_1303398705047311us.jpg 0.199578 0.190500 -0.689967 0.669196 486.004108 -90.703871 30.505298
slice7/database/img_02677_c1_1303398705180690us.jpg 0.199147 0.190512 -0.690705 0.668560 487.765608 -91.142450 30.470925
slice7/database/img_02678_c1_1303398705247311us.jpg 0.199181 0.190417 -0.690648 0.668635 488.646869 -91.360740 30.448721
slice7/database/img_02679_c1_1303398705313938us.jpg 0.199704 0.190043 -0.690598 0.668638 489.524300 -91.579460 30.431158
slice7/database/img_02680_c1_1303398705447316us.jpg 0.201061 0.189062 -0.690256 0.668862 491.289154 -92.019892 30.394937
slice7/database/img_02681_c1_1303398705513969us.jpg 0.201266 0.188881 -0.690571 0.668527 492.174324 -92.241235 30.377686
slice7/database/img_02682_c1_1303398705580688us.jpg 0.201310 0.188716 -0.690937 0.668182 493.058552 -92.461669 30.361305
slice7/database/img_02683_c1_1303398705647313us.jpg 0.201304 0.188401 -0.691143 0.668060 493.944261 -92.679841 30.346914
slice7/database/img_02684_c1_1303398705780717us.jpg 0.201100 0.188980 -0.690742 0.668371 495.723184 -93.113541 30.316234
slice7/database/img_02685_c1_1303398705847315us.jpg 0.201014 0.189497 -0.690793 0.668198 496.616404 -93.335665 30.300488
slice7/database/img_02686_c1_1303398705913949us.jpg 0.201419 0.189532 -0.690950 0.667904 497.505246 -93.557702 30.284426
slice7/database/img_02687_c1_1303398705980691us.jpg 0.201506 0.189824 -0.690830 0.667919 498.394940 -93.774293 30.268545
slice7/database/img_02688_c1_1303398706113945us.jpg 0.202037 0.190589 -0.689926 0.668475 500.175462 -94.208815 30.236534
slice7/database/img_02689_c1_1303398706180714us.jpg 0.201428 0.191673 -0.690142 0.668126 501.071600 -94.426307 30.221514
slice7/database/img_02690_c1_1303398706247317us.jpg 0.200060 0.192343 -0.692186 0.666227 501.966954 -94.647974 30.205151
slice7/database/img_02691_c1_1303398706313949us.jpg 0.200852 0.192672 -0.692876 0.665176 502.856290 -94.866437 30.187463
slice7/database/img_02692_c1_1303398706447343us.jpg 0.204316 0.191666 -0.691364 0.665984 504.629076 -95.301123 30.135682
slice7/database/img_02693_c1_1303398706513946us.jpg 0.204861 0.191147 -0.691001 0.666342 505.514989 -95.514184 30.116529
slice7/database/img_02694_c1_1303398706580693us.jpg 0.205078 0.191284 -0.690448 0.666810 506.403708 -95.724110 30.102158
slice7/database/img_02695_c1_1303398706713979us.jpg 0.203503 0.193449 -0.689141 0.668019 508.191311 -96.139523 30.081629
slice7/database/img_02696_c1_1303398706780838us.jpg 0.202780 0.194198 -0.688530 0.668650 509.085086 -96.346003 30.069678
slice7/database/img_02697_c1_1303398706847320us.jpg 0.202581 0.194533 -0.687961 0.669199 509.977390 -96.553542 30.055764
slice7/database/img_02698_c1_1303398706981197us.jpg 0.203015 0.195317 -0.686864 0.669965 511.768377 -96.971650 30.020300
slice7/database/img_02699_c1_1303398707047360us.jpg 0.202931 0.195822 -0.687145 0.669555 512.661451 -97.180974 30.002848
slice7/database/img_02700_c1_1303398707180721us.jpg 0.203257 0.195887 -0.688395 0.668152 514.446112 -97.604230 29.966706
slice7/database/img_02701_c1_1303398707247345us.jpg 0.203583 0.195757 -0.688838 0.667634 515.337680 -97.815326 29.946486
slice7/database/img_02702_c1_1303398707313948us.jpg 0.204050 0.195402 -0.689195 0.667226 516.227304 -98.024753 29.927171
slice7/database/img_02703_c1_1303398707380698us.jpg 0.204952 0.195009 -0.689215 0.667044 517.114754 -98.236807 29.906614
slice7/database/img_02704_c1_1303398707513985us.jpg 0.205839 0.194817 -0.689252 0.666790 518.891753 -98.652070 29.875857
slice7/database/img_02705_c1_1303398707580699us.jpg 0.205908 0.194994 -0.689678 0.666276 519.781407 -98.861336 29.860746
slice7/database/img_02706_c1_1303398707647325us.jpg 0.206120 0.195214 -0.690031 0.665780 520.668012 -99.068103 29.845477
slice7/database/img_02707_c1_1303398707780705us.jpg 0.206565 0.195902 -0.690155 0.665312 522.447503 -99.476434 29.812894
slice7/database/img_02708_c1_1303398707847326us.jpg 0.206769 0.196261 -0.690282 0.665010 523.335111 -99.678284 29.798554
slice7/database/img_02709_c1_1303398707913952us.jpg 0.207204 0.196413 -0.690221 0.664893 524.221019 -99.877003 29.783320
slice7/database/img_02710_c1_1303398708047639us.jpg 0.207964 0.197109 -0.689708 0.664982 526.000203 -100.276434 29.747854
slice7/database/img_02711_c1_1303398708113951us.jpg 0.208620 0.197383 -0.689283 0.665137 526.885297 -100.476142 29.730835
slice7/database/img_02712_c1_1303398708180703us.jpg 0.209259 0.197646 -0.688900 0.665254 527.768343 -100.675236 29.714257
slice7/database/img_02713_c1_1303398708247328us.jpg 0.209872 0.197539 -0.688605 0.665399 528.652621 -100.872087 29.697135
slice7/database/img_02714_c1_1303398708380729us.jpg 0.211523 0.197342 -0.688309 0.665241 530.418498 -101.259838 29.669557
slice7/database/img_02715_c1_1303398708447329us.jpg 0.211594 0.198602 -0.688427 0.664720 531.306040 -101.457412 29.657281
slice7/database/img_02716_c1_1303398708513953us.jpg 0.211110 0.200231 -0.688989 0.663803 532.193765 -101.650404 29.648533
slice7/database/img_02717_c1_1303398708647336us.jpg 0.210510 0.202543 -0.690277 0.661951 533.965316 -102.035504 29.624727
slice7/database/img_02718_c1_1303398708713956us.jpg 0.210722 0.203080 -0.690205 0.661794 534.849579 -102.219855 29.605555
slice7/database/img_02719_c1_1303398708780706us.jpg 0.211187 0.203445 -0.689909 0.661843 535.731729 -102.403887 29.586344
slice7/database/img_02720_c1_1303398708913967us.jpg 0.212442 0.203712 -0.688237 0.663098 537.497140 -102.768392 29.542632
slice7/database/img_02721_c1_1303398708980757us.jpg 0.212903 0.203685 -0.687732 0.663482 538.376562 -102.948277 29.522406
slice7/database/img_02722_c1_1303398709047332us.jpg 0.213400 0.203592 -0.687475 0.663618 539.254435 -103.125681 29.505573
slice7/database/img_02723_c1_1303398709180714us.jpg 0.213438 0.204409 -0.687872 0.662943 541.013970 -103.486713 29.475582
slice7/database/img_02724_c1_1303398709247339us.jpg 0.213436 0.204502 -0.688367 0.662401 541.891073 -103.665722 29.460935
slice7/database/img_02725_c1_1303398709313960us.jpg 0.213530 0.204268 -0.688826 0.661966 542.765235 -103.846101 29.443549
slice7/database/img_02726_c1_1303398709447678us.jpg 0.213622 0.203415 -0.688889 0.662132 544.512273 -104.203165 29.407631
slice7/database/img_02727_c1_1303398709513973us.jpg 0.213140 0.202995 -0.688811 0.662499 545.381803 -104.373561 29.393300
slice7/database/img_02728_c1_1303398709580710us.jpg 0.212151 0.202444 -0.688671 0.663130 546.253634 -104.550183 29.377309
slice7/database/img_02729_c1_1303398709780714us.jpg 0.209333 0.199895 -0.687475 0.666033 548.857510 -105.082808 29.338768
slice7/database/img_02730_c1_1303398709913969us.jpg 0.205859 0.197786 -0.688502 0.666684 550.580569 -105.456231 29.322713
slice7/database/img_02731_c1_1303398709980713us.jpg 0.203490 0.196631 -0.689623 0.666594 551.440692 -105.646163 29.309958
slice7/database/img_02732_c1_1303398710047338us.jpg 0.201634 0.195243 -0.690487 0.666672 552.295981 -105.843754 29.297027
slice7/database/img_02733_c1_1303398710113963us.jpg 0.199853 0.193977 -0.690984 0.667063 553.145470 -106.044494 29.284244
slice7/database/img_02734_c1_1303398710247344us.jpg 0.195688 0.190915 -0.691872 0.668259 554.843879 -106.449134 29.255226
slice7/database/img_02735_c1_1303398710313965us.jpg 0.193409 0.189360 -0.692181 0.669045 555.687467 -106.656287 29.239116
slice7/database/img_02736_c1_1303398710380715us.jpg 0.191084 0.188005 -0.692055 0.670224 556.522141 -106.862614 29.223517
slice7/database/img_02737_c1_1303398710513979us.jpg 0.185433 0.185254 -0.692527 0.672087 558.196712 -107.300021 29.190238
slice7/database/img_02738_c1_1303398710580717us.jpg 0.182875 0.183990 -0.692330 0.673337 559.023817 -107.523476 29.174457
slice7/database/img_02739_c1_1303398710647341us.jpg 0.179743 0.181770 -0.692210 0.674905 559.847766 -107.747238 29.155514
slice7/database/img_02740_c1_1303398710780723us.jpg 0.174202 0.175495 -0.691743 0.678488 561.481060 -108.212285 29.117496
slice7/database/img_02741_c1_1303398710847366us.jpg 0.171077 0.171755 -0.693008 0.678950 562.288381 -108.452793 29.096005
slice7/database/img_02742_c1_1303398710913968us.jpg 0.167254 0.168225 -0.695695 0.678037 563.092116 -108.709306 29.078978
slice7/database/img_02743_c1_1303398711048027us.jpg 0.160097 0.163735 -0.700426 0.675990 564.687535 -109.252398 29.047510
slice7/database/img_02744_c1_1303398711113999us.jpg 0.156562 0.160825 -0.702421 0.675447 565.475661 -109.528447 29.024930
slice7/database/img_02745_c1_1303398711180718us.jpg 0.152938 0.157059 -0.704046 0.675471 566.263787 -109.811330 28.996781
slice7/database/img_02746_c1_1303398711247343us.jpg 0.149720 0.152674 -0.704227 0.677008 567.032600 -110.088151 28.964011
slice7/database/img_02747_c1_1303398711380744us.jpg 0.141717 0.144366 -0.702765 0.682053 568.571857 -110.655257 28.907144
slice7/database/img_02748_c1_1303398711447345us.jpg 0.136200 0.142367 -0.702267 0.684107 569.337426 -110.954638 28.888477
slice7/database/img_02749_c1_1303398711513970us.jpg 0.130884 0.141231 -0.701965 0.685688 570.095854 -111.264704 28.871668
